SMILES,MW,HBA,HBD,nRot,nRing,nHet,TPSA,LogP,StereoCenters
C#CC(=O)C1=NN=N1,107.07200000000002,4,0,1,1,4,54.15,-0.032,0
NC1C(=O)COC1=NO,130.103,5,2,0,1,5,84.91000000000001,-1.2993,1
COC1=NC(=N)N=C1O,127.103,2,2,0,1,5,78.03,-0.06383000000000005,0
N=C1C=NCOC(=N)N1,126.119,4,3,0,1,5,81.32,-0.45346000000000014,0
NC1=CN=C(N)C1=O,111.104,4,2,0,1,4,81.47,-1.2735999999999998,0
CNC1=NC(N)=NC1=O,126.119,4,2,0,1,5,79.84,-1.5408,0
Nc1conc1CO,114.104,4,2,1,1,4,72.28,-0.2508999999999998,0
COc1n[nH]ncc1=O,127.10299999999998,4,1,1,1,5,67.87,-0.8265,0
O=CC1=NC(=O)OCN1,128.087,4,1,1,1,5,67.76,-0.7189000000000001,0
N=CN1C=NC1C(=O)O,127.10299999999997,3,2,2,1,5,76.75,-0.6519299999999999,1
N=C(N)c1ccnnn1,123.119,4,2,1,1,5,88.54,-0.84433,0
CC(=O)c1nnc(O)o1,128.087,5,1,1,1,5,76.22,-0.022200000000000053,0
N=c1ccn(C(N)=O)[nH]1,126.119,3,3,0,1,5,87.66,-0.7775299999999998,0
O=c1ncn(CCO)[nH]1,129.119,4,2,2,1,5,70.91,-1.4363000000000004,0
Nc1cnc(N)n1C=O,126.119,5,2,1,1,5,86.92999999999998,-0.9142000000000001,0
O=C1N=C(CO)NC1=O,128.087,3,2,1,1,5,78.75999999999999,-1.9663999999999997,0
N=C1NC=NC(=O)CO1,127.103,3,2,0,1,5,74.54,-0.9041300000000001,0
Nc1cc(O)n(C=O)c1,126.11499999999998,4,2,1,1,4,68.25,-0.18579999999999985,0
N=C1NC(=O)OC=CO1,128.087,4,2,0,1,5,71.41000000000001,0.14877000000000018,0
N=c1oc(=O)[nH]n1C=O,129.075,5,2,1,1,6,91.85,-1.71283,0
NC(=O)n1ccc(=O)o1,128.087,4,1,0,1,5,78.23,-0.6318999999999999,0
NC(C=O)c1ncon1,127.103,5,1,2,1,5,82.01,-0.7317000000000002,1
N#CC(N)n1nccn1,123.11899999999999,5,1,1,1,5,80.52,-0.7410200000000005,1
N=C1COC(=N)N=CO1,127.103,4,2,0,1,5,78.52,-0.026460000000000095,0
NC=C1C=NC(N)=N1,110.12,4,2,0,1,4,76.75999999999999,-0.8143999999999998,0
CC(=O)n1cncc1O,126.11499999999998,4,1,0,1,4,55.120000000000005,0.24879999999999997,0
CNC1=NC(=O)N=C1N,126.119,3,2,0,1,5,79.84,-0.9049,0
N=C1COCC(=NO)O1,130.103,5,2,0,1,5,74.9,-0.20183000000000012,0
N=C1NC(=N)C(=O)CO1,127.103,4,3,0,1,5,86.03000000000002,-0.91266,0
NC1=NC(=O)C(C=O)=N1,125.08699999999997,4,1,1,1,5,84.88,-1.5188,0
N=c1cnc(N)nn1O,127.10700000000001,6,3,0,1,6,100.81000000000002,-1.42293,0
N#Cc1cnnoc1=N,122.08699999999999,5,1,0,1,5,86.56,-0.57925,0
COC1=NC(=N)N=C1O,127.103,2,2,0,1,5,78.03,-0.06383000000000005,0
N=CN1C(=N)OCOC1=O,143.10199999999998,5,2,1,1,6,86.47,-0.04546,0
NC(=O)c1cnoc1N,127.103,4,2,1,1,5,95.14,-0.6443000000000001,0
COc1cnoc(=N)n1,127.103,5,1,1,1,5,72.0,-0.44233000000000006,0
CNC1=NC(=O)N=C1N,126.119,3,2,0,1,5,79.84,-0.9049,0
CC1=NC(=N)NC1=O,111.10399999999998,2,2,0,1,4,65.31,-0.4881300000000001,0
COC1=CC(=O)OC1=O,128.083,4,0,1,1,4,52.6,-0.39990000000000014,0
CC1=NC(=N)N=C1O,111.10399999999998,1,2,0,1,4,68.8,0.3521700000000001,0
COc1cnc(N)n1N,128.13500000000002,5,2,1,1,5,79.09,-0.8123000000000002,0
N=C1OCC(=O)OC1=N,128.087,5,2,0,1,5,83.22999999999999,-0.48566000000000015,0
N=CN=C1OCC(=N)O1,127.10299999999998,4,2,1,1,5,78.52,-0.026460000000000095,0
CN=c1[n-]ncnc1N,124.127,4,1,0,1,5,78.26,-1.4535000000000002,0
N=CC1=NC(=O)C(N)=N1,124.10300000000001,4,2,1,1,5,91.66,-1.06813,0
CNC1=NCOC(=O)CN1,143.146,5,2,0,1,5,62.720000000000006,-1.3342999999999998,0
N#CCc1nc(N)no1,124.10300000000001,5,1,1,1,5,88.73,-0.28212000000000004,0
N=CN1C(=N)NC1C=O,126.11899999999997,3,3,2,1,5,80.04,-1.0415600000000003,1
N=C(O)C1=NNC1=N,112.092,3,4,1,1,5,92.32,-0.5418600000000002,0
NC(=O)Cc1cnoc1N,141.12999999999997,4,2,2,1,5,95.14,-0.7154000000000003,0
CC1(C(=N)N)COCN1,129.163,3,3,1,1,4,71.13000000000001,-0.7416299999999998,1
N=C1NC(=O)OC1=N,113.076,4,3,0,1,5,86.03,-0.3192599999999998,0
Cc1nc(N)n[nH]c1=N,125.135,4,3,0,1,5,91.44,-0.82521,0
NC1=NOC(=O)C1=NO,129.07500000000002,6,2,0,1,6,97.27000000000001,-1.3544,0
C#Cc1nn[nH]c(=N)n1,121.103,4,2,0,1,5,78.31,-1.33953,0
Cn1cnc(=N)[nH]c1=O,126.11899999999999,4,2,0,1,5,74.53,-1.4121299999999999,0
N=c1[nH]nc(O)cc1N,126.11899999999999,4,4,0,1,5,98.78,-0.8230300000000004,0
N=C1CC(C=O)N=CO1,126.11499999999998,4,1,1,1,4,62.510000000000005,-0.020230000000000192,1
N=C1NC(=O)C(=O)OCO1,144.08599999999998,5,2,0,1,6,88.48000000000002,-1.43173,0
COC1=NC(=N)N=C1N,126.11900000000001,3,2,0,1,5,83.82,-0.66313,0
N=C1OC(N)=NC1=O,113.07600000000001,4,2,0,1,5,88.53,-1.1648300000000003,0
N=C1CNC1OC(N)=O,129.119,4,3,1,1,5,88.19999999999999,-0.9692300000000003,1
N=C1N=NC=C(N)C1=O,124.103,4,2,0,1,5,91.66,-0.2013299999999999,0
Cn1nc(CO)nc1N,128.135,5,2,1,1,5,76.96,-1.1104,0
N=CN=C1OC=NC1=O,125.08699999999997,3,1,1,1,5,74.87,-0.42293000000000003,0
O=Cc1noc(CO)n1,128.087,5,1,2,1,5,76.22,-0.6256000000000002,0
CC(N)(O)C1=NC=N1,113.12,4,2,1,1,4,70.97,-0.9060000000000001,1
Cc1nnc(N)c(=O)o1,127.103,5,1,0,1,5,82.01,-0.6795800000000001,0
N=C1OC=NC1NC=O,127.10299999999998,4,2,2,1,5,74.53999999999999,-0.9057300000000001,1
N=C1NCOC(=O)O1,116.076,4,2,0,1,5,71.41,-0.36493,0
N=C1NCCOC(=N)O1,129.119,4,3,0,1,5,78.19000000000001,-0.50766,0
Cc1n[nH]c(=N)nc1O,126.11899999999999,4,3,0,1,5,85.65,-0.7018100000000002,0
N#CC(N)C1=NC(C=O)=N1,136.11399999999998,5,1,2,1,5,91.60000000000001,-1.15322,1
N=COC1NCOC1=O,130.10299999999998,5,2,2,1,5,71.41,-0.9599300000000002,1
CNc1n[nH]nc1C=O,126.11899999999999,4,2,2,1,5,70.67,-0.34110000000000035,0
O=C1N=CC(O)=C1O,113.07199999999997,3,2,0,1,4,69.89,-0.07499999999999996,0
N=CN1C(=N)C(=O)C1N,126.11899999999999,4,3,1,1,5,94.03,-1.2597600000000002,1
CN=C1N=C(N)C=[N+]1[O-],126.119,3,1,0,1,5,76.80999999999999,-1.0758999999999999,0
Nc1ncc(=O)oc1N,127.103,5,2,0,1,5,95.14,-0.8008000000000002,0
N=C1OCC(=O)C1=NO,128.087,5,2,0,1,5,82.74,-0.60683,0
NC1=NCC(=O)C(=O)O1,128.087,5,1,0,1,5,81.75,-1.573,0
O=CC(=O)C1OC1=O,114.05599999999998,4,0,2,1,4,63.74,-1.3202000000000003,1
N=C1N=C(C(=N)O)O1,113.07599999999998,3,3,1,1,5,89.52000000000001,-0.11485999999999996,0
N=CN1CC(=N)NCO1,128.135,3,3,1,1,5,72.2,-0.6349600000000002,0
CC1=NCONC(=O)C1=O,142.11399999999998,4,1,0,1,5,67.75999999999999,-0.9647000000000001,0
COc1c[nH]c(=N)nn1,126.119,4,2,1,1,5,74.65,-0.7072300000000002,0
N=C1NCC(=O)OCCO1,144.13,4,2,0,1,5,71.41000000000001,-0.9158300000000001,0
N=C1CC(=N)OC(=O)N1,127.10299999999998,4,3,0,1,5,86.03,0.0708399999999999,0
CC(=O)c1nnc(N)o1,127.10300000000001,5,1,1,1,5,82.01,-0.14559999999999984,0
N=c1occ(C(N)=O)o1,128.08700000000002,4,2,1,1,5,93.22000000000001,-0.5490299999999999,0
O=C1N=C(CO)C(CO)=N1,142.11399999999998,3,2,2,1,5,82.25,-1.0134,0
N=CN1OC(=O)C1=NO,129.07500000000002,5,2,1,1,6,85.98,-0.8450300000000002,0
CCN1CNC(=O)N1,115.13599999999998,2,2,1,1,4,44.370000000000005,-0.5064,0
N=C1COC(N)=C(O)N1,129.119,4,4,0,1,5,91.36,-0.7732299999999999,0
N=C1COC(=O)C(N)O1,130.103,5,2,0,1,5,85.4,-1.1781300000000001,1
N=C1NN=C1CC=NO,126.11899999999999,4,3,2,1,5,80.83,-0.22703000000000023,0
N=C1NC(=O)C(=O)CO1,128.087,4,2,0,1,5,79.25000000000001,-1.36333,0
COc1n[nH]nc1C=N,126.11899999999999,4,2,2,1,5,74.65,-0.1890300000000002,0
CC1OC(=N)C(=O)O1,115.08799999999998,4,1,0,1,4,59.379999999999995,-0.11693000000000014,1
N=C1OC(=N)C(C=O)O1,128.087,5,2,1,1,5,83.23,-0.48726000000000025,1
N#CC(=O)n1cncn1,122.08699999999999,5,0,0,1,5,71.57,-0.55812,0
CN1C(=N)N=C1CN,112.13600000000001,2,2,1,1,4,65.47,-0.7762300000000002,0
Cn1ncnc1NC=N,125.13499999999999,4,2,2,1,5,66.59,-0.16593000000000008,0
N=C1OCC(=O)C(=O)O1,129.071,5,1,0,1,5,76.45,-0.9363300000000001,0
NC(=O)C1N=CC=NN1,126.11899999999999,4,2,1,1,5,79.84,-1.5424000000000002,1
N=C(O)C1=NC(O)=N1,113.076,3,3,1,1,5,89.03,-0.1522300000000002,0
N=C1COC(=O)C(=N)O1,128.087,5,2,0,1,5,83.23,-0.48566000000000015,0
N=C(N)OC1C=NCO1,129.119,4,2,1,1,5,80.69000000000001,-0.7189300000000001,1
N=C1OC(=O)OC1=N,114.05999999999999,5,2,0,1,5,83.22999999999999,0.10774,0
Cc1ncnc(=O)n1O,127.10299999999998,5,1,0,1,5,68.01,-0.8159800000000001,0
NC1=C(O)C(C=O)=N1,112.088,4,2,1,1,4,75.68,-0.6742999999999999,0
CN=C1NC(CN)=[N+]1[O-],128.13500000000002,3,2,1,1,5,76.47999999999999,-1.5570999999999995,0
N=CN1CC(=O)NCO1,129.119,3,2,1,1,5,65.42,-1.0856299999999999,0
N=C1NCC(=O)N=CO1,127.103,3,2,0,1,5,74.54,-0.9041300000000001,0
N=C1N=C(C(=N)O)O1,113.07599999999998,3,3,1,1,5,89.52000000000001,-0.11485999999999996,0
COc1cnoc(=O)n1,128.087,5,0,1,1,5,65.22,-0.5616000000000001,0
CC1OC(=N)C(=NO)O1,130.10299999999998,5,2,0,1,5,74.9,0.1441699999999999,1
N=CN1CN=C(CO)N1,128.135,4,3,2,1,5,71.71000000000001,-1.23803,0
Nc1n[nH]nc1C=CO,126.11899999999997,4,3,1,1,5,87.82000000000001,-0.08440000000000053,0
N=C1CNC(=N)OC=N1,126.11899999999999,3,3,0,1,5,81.32000000000001,-0.4534600000000004,0
CN=C1C=NC(N)=[N+]1[O-],126.119,4,1,0,1,5,76.80999999999999,-1.0758999999999999,0
N=CN1C=C1NCO,113.11999999999999,3,3,3,1,4,59.120000000000005,-0.7526299999999999,0
N=C1N=C(O)C(C=O)=N1,125.08699999999997,2,2,1,1,5,85.86999999999999,-0.4688300000000001,0
N=C1N=C(CO)N=C1C=O,139.11399999999998,4,2,2,1,5,85.87,-0.9920300000000002,0
O=CC(O)c1conn1,128.087,5,1,2,1,5,76.22,-0.6980999999999999,1
COc1nn[nH]c1N=O,128.091,5,1,2,1,6,80.23,0.21119999999999978,0
N=C1NC(=O)C(=O)CO1,128.087,4,2,0,1,5,79.25000000000001,-1.36333,0
N=C1NC(=N)C(N)O1,114.108,4,4,0,1,5,94.98,-1.19696,1
O=CNN1CC(=O)O1,116.076,4,1,2,1,5,58.64,-1.5787999999999998,0
N=CC1=C(N)C(=O)N=C1,123.115,3,2,1,1,4,79.3,-0.5402300000000002,0
CC(=O)C1=NC(=N)O1,112.088,3,1,1,1,4,62.510000000000005,-0.06112999999999996,0
CNc1nn[c-](C=O)n1,125.11099999999999,5,1,2,1,5,67.77000000000001,-0.5553000000000001,0
CNc1nc[nH]c(=N)n1,125.13499999999999,4,3,1,1,5,77.45,-0.6741300000000003,0
N=C1NC(CO)=C1N,113.12,3,4,1,1,4,82.13,-1.27053,0
N=C1N=C(N)N=C1N,111.10800000000002,4,3,0,1,5,100.61,-1.3508300000000002,0
CC(=O)n1cnn1C=O,127.103,5,0,1,1,5,56.89,-0.617,0
COC1=NC=NC1=N,111.104,3,1,0,1,4,57.800000000000004,0.05046999999999996,0
N=C1N=C(CO)N=C1N,126.119,4,3,1,1,5,94.82,-1.2747300000000001,0
Nc1cc(CO)nnc1O,141.13000000000002,5,3,1,1,5,92.26,-0.7433000000000002,0
Cc1noc(=O)n1C=O,128.087,5,0,1,1,5,65.1,-0.81698,0
N=CN1OC(=N)C1C=O,127.10299999999998,4,2,2,1,5,77.24000000000001,-0.6145600000000002,1
CC1=NC(N)=NC1=N,110.12,3,2,0,1,4,74.59,-0.24712999999999996,0
N=c1occ(C(=O)O)o1,129.071,4,2,1,1,5,87.43,0.05027000000000004,0
N=C1OCC(=O)OC1=N,128.087,5,2,0,1,5,83.22999999999999,-0.48566000000000015,0
N#Cc1[nH]nnc1CO,124.103,4,2,1,1,5,85.59,-0.8313200000000003,0
NC1=NN=C1CCO,113.11999999999999,4,2,2,1,4,70.97,-0.9043999999999999,0
N=c1nc(CO)nco1,127.10299999999998,5,2,1,1,5,83.0,-0.9586300000000001,0
CCC(=O)C1=NN=C1N,125.13100000000001,4,1,2,1,4,67.81,-0.3076999999999998,0
CC1=NC(=N)N=C1O,111.10399999999998,1,2,0,1,4,68.8,0.3521700000000001,0
N=COC1C(=N)OC1=O,128.087,5,2,2,1,5,83.22999999999999,-0.48725999999999997,1
N=C1OCOC(=N)C1=N,127.103,5,3,0,1,5,90.00999999999999,-0.034989999999999966,0
N=C1NC(=O)N=C1CN,126.11900000000001,3,3,1,1,5,91.33,-0.91343,0
N=C1COC(=O)C(=O)O1,129.071,5,1,0,1,5,76.45,-0.9363300000000001,0
CNC1=NC(=O)N=C1O,127.10299999999998,2,2,0,1,5,74.05,-0.3055999999999999,0
N=C1NCC(=O)C(O)O1,130.10299999999998,4,3,0,1,5,82.41000000000001,-1.5715300000000003,1
N=C1OC(=N)C(=N)O1,113.076,5,3,0,1,5,90.01,-0.07748999999999995,0
Cc1noc(=O)nc1N,127.10300000000001,5,1,0,1,5,82.01,-0.6795800000000001,0
N=C1CC(=O)NC(=N)O1,127.10299999999998,4,3,0,1,5,86.03000000000002,-0.5650600000000003,0
N=C1C=NN=C1C=O,109.08799999999998,4,1,1,1,4,65.64,-0.35453,0
CN=C1N=CC(=N)O1,111.10399999999998,3,1,0,1,4,57.8,0.05047000000000007,0
CNc1nc(=N)c1=O,111.10399999999998,4,2,1,1,4,65.84,-1.1614300000000002,0
Nc1n[nH]nc1C=NC=O,139.118,4,2,2,1,6,97.02000000000001,-1.0378000000000005,0
Cc1nc(=N)onc1N,126.119,5,2,0,1,5,88.79,-0.5603100000000001,0
N=C1OC=NCNC1=O,127.103,4,2,0,1,5,74.53999999999999,-0.9041300000000003,0
N=CN1COCC(=O)CO1,144.12999999999997,4,1,1,1,5,62.620000000000005,-0.6161300000000003,0
N=C1COC(=N)OCO1,130.103,5,2,0,1,5,75.39,-0.08066000000000012,0
O=C(OO)c1c[nH]cn1,128.087,4,2,1,1,5,75.21000000000001,0.03949999999999987,0
O=C1N=C(F)C(=O)O1,117.03499999999998,3,0,0,1,5,55.730000000000004,0.031200000000000075,0
N#CC(N)NC1=CN=N1,123.11899999999999,5,2,2,1,5,86.56,-0.35092000000000007,1
N=C(O)c1cnoc1O,128.087,4,3,1,1,5,90.34,0.2635699999999999,0
CC(N)(C#N)N1C=N1,110.12,4,1,1,1,4,65.18,-0.5562199999999999,1
N=C1COC(=N)NC(=O)N1,142.118,4,4,0,1,6,98.06,-0.7721600000000002,0
COC1=NC(=N)N=C1N,126.11900000000001,3,2,0,1,5,83.82,-0.66313,0
NC(=O)Oc1cnc[nH]1,127.103,3,2,1,1,5,81.0,-0.13279999999999997,0
CNC(=N)N1C=NC1=N,125.13499999999999,2,3,0,1,5,75.33000000000001,-0.5807600000000002,0
CC(=O)Nc1cnn[nH]1,126.119,3,2,1,1,5,70.67,-0.23690000000000028,0
COC1=C(N)C(=N)N=N1,126.11900000000001,4,2,1,1,5,83.82000000000001,0.20367000000000018,0
N=c1[nH]c(=O)oc(=N)o1,129.075,5,3,0,1,6,106.83999999999999,-1.4801599999999997,0
N=CC1OC(=N)OC1=N,127.103,5,3,1,1,5,90.00999999999999,-0.03658999999999979,1
N=c1[nH]nc(C=O)n1O,128.09099999999998,5,3,1,1,6,94.76,-1.25953,0
COC1=C(O)N=C1N,114.104,4,2,1,1,4,67.84,-0.2693,0
Nc1nc(=O)[nH]nc1CO,142.118,5,3,1,1,6,104.89,-1.7606000000000002,0
N=COC1OCC(=O)O1,131.087,5,1,2,1,5,68.61,-0.5329300000000001,1
N=c1oc(N)c(C=O)o1,128.087,5,2,1,1,5,93.22000000000001,-0.2532299999999998,0
N=C1NC=NC(C=O)N1,126.11899999999999,3,3,1,1,5,77.34,-1.3327300000000004,1
N=C1C=C(N)C(=N)O1,111.104,4,3,0,1,4,82.95,-0.18625999999999998,0
N=C1C=NC(C(=N)N)=N1,123.11900000000001,3,3,1,1,5,98.44,-0.6174600000000001,0
NC(=O)N1COC(=O)C1,130.10299999999998,3,1,0,1,5,72.63,-1.1185999999999998,0
N=C1OC(=O)C=C1N,112.088,4,2,0,1,4,76.17,-0.63693,0
CC1=NN=C(N)C1=N,110.12,4,2,0,1,4,74.59,-0.24712999999999996,0
N=C1N=NC=C1NC=O,124.10299999999998,3,2,2,1,5,77.67,0.01687000000000005,0
Nc1c[nH]c(=O)[nH]c1=O,127.103,3,3,0,1,5,91.74000000000001,-1.3546000000000002,0
N=Cn1cnc(=O)[nH]1,112.09199999999998,4,2,1,1,5,74.53,-0.97343,0
NC1=CC(=O)N=C1CO,126.115,3,2,1,1,4,75.68,-1.1975,0
N#CCC(=N)C1=NO1,109.088,4,1,2,1,4,72.53,0.26355000000000006,0
CC(O)C1=NOC1=N,114.104,4,2,1,1,4,65.67000000000002,-0.26933000000000007,1
CC(=O)c1cnoc1N,126.115,4,1,1,1,4,69.12,0.45940000000000014,0
Nc1conc1C=O,112.088,4,1,1,1,4,69.12,0.06930000000000014,0
N=C(O)c1ncc(N)o1,127.103,4,3,1,1,5,96.13,0.14016999999999996,0
N=C1OCC(=O)NC1=O,128.087,4,2,0,1,5,79.25,-1.36333,0
N#Cc1oncc1N,109.088,4,1,0,1,4,75.84,0.12848000000000004,0
N=C1OC(N)C=NC1=O,127.103,4,2,0,1,5,88.53,-1.12393,1
CC1CC(=O)OC(=N)O1,129.11499999999998,4,1,0,1,4,59.38000000000001,0.27316999999999997,1
N#CCc1cnoc1N,123.115,4,1,1,1,4,75.84,0.32288000000000006,0
CN=C1C=NOC1=O,112.08799999999998,4,0,0,1,4,51.02,-0.4002000000000001,0
N=CC1=NN=C(N)C1=O,124.103,5,2,1,1,5,91.66,-1.06813,0
CC(N)C1=NC(=O)N=N1,126.119,3,1,1,1,5,80.17,0.3179000000000002,1
N=C1OCNC(=O)CO1,130.10299999999998,4,2,0,1,5,71.41,-0.9583300000000003,0
CNc1nonc1C=O,127.10299999999998,5,1,2,1,5,68.02000000000001,-0.0762000000000001,0
Cc1nc(OCO)no1,130.10299999999998,5,1,2,1,5,68.38,-0.29338000000000014,0
N=C(N)C1COC(=O)N1,129.119,3,3,1,1,5,88.20000000000002,-0.9692300000000003,1
Nc1nc(C=O)c(N)o1,127.10299999999998,5,2,1,1,5,95.14,-0.3485,0
N=C1NC=NC(C=O)O1,127.10299999999998,4,2,1,1,5,74.54,-0.9057300000000001,1
COC1=NC(N)=NC1=O,127.10300000000001,4,1,0,1,5,77.03999999999999,-1.1138000000000001,0
N=C1N=CC([N+](=O)[O-])=N1,126.075,3,1,0,1,6,91.71,-0.31923000000000007,0
NCC1=NN=C1C(N)=O,126.11899999999999,4,2,2,1,5,93.82999999999998,-1.7590000000000003,0
N=C1CC(=O)C(=N)N1,111.10399999999998,3,3,0,1,4,76.80000000000001,-0.49666000000000027,0
N=C1NC(=O)COC1=N,127.103,4,3,0,1,5,86.03,-0.9126600000000002,0
N=CN1OCC1C(=N)O,129.119,3,3,2,1,5,80.4,-0.25545999999999985,1
N=C1NCCOC(=N)O1,129.119,4,3,0,1,5,78.19000000000001,-0.50766,0
N=C1OCNC(=O)CO1,130.10299999999998,4,2,0,1,5,71.41,-0.9583300000000003,0
N=c1oc(=N)oc(=N)o1,129.075,6,3,0,1,6,110.97000000000001,-1.0959900000000002,0
N=C1CNCNC(=O)O1,129.119,4,3,0,1,5,74.21000000000001,-0.7494300000000005,0
N=CN1C=NCC(=O)N1,126.11899999999999,3,2,1,1,5,68.55,-1.0314300000000003,0
Nc1ocnc1NC=O,127.10299999999998,4,2,2,1,5,81.15,-0.1749,0
NC(=O)c1cc(N)no1,127.103,4,2,1,1,5,95.14,-0.6443000000000003,0
N=C1C(N)CON1C=O,129.119,4,2,1,1,5,79.41000000000001,-1.30543,1
N=CN1CC(=N)OCO1,129.119,4,2,1,1,5,69.4,-0.2079600000000001,0
N=CN=C1COC(=N)N1,126.11899999999999,3,3,1,1,5,81.32,-0.45346000000000014,0
NC1=NC(=O)N1C=O,113.07599999999998,3,1,1,1,5,75.75999999999999,-1.1069,0
N=C1NCC(C=O)C(=N)O1,141.13,4,3,1,1,5,86.03000000000002,-0.6666600000000003,1
CC1=NC(=N)N=C1N,110.12,2,2,0,1,4,74.59,-0.24712999999999996,0
NCC1=NC(=O)N=C1O,127.10299999999998,2,2,1,1,5,88.04,-0.5238,0
N=Cn1ocnc1=N,112.092,5,2,1,1,5,78.66,-0.5892599999999999,0
N=C1COC(=N)NCO1,129.119,4,3,0,1,5,78.19,-0.5076600000000002,0
NC(=O)c1cnc(N)o1,127.103,4,2,1,1,5,95.14,-0.6443000000000001,0
O=CC1NCNC(=O)O1,130.103,4,2,1,1,5,67.43,-1.2017000000000002,1
CC(O)C1=NC(N)=N1,113.12000000000002,4,2,1,1,4,70.97,-0.9060000000000001,1
N=CN1C=NC(C=O)O1,127.10299999999997,4,1,2,1,5,65.75,-0.6060300000000001,1
CNC(=O)N1C=NC1=N,126.119,2,2,0,1,5,68.55000000000001,-0.3955299999999999,0
COC1=NC(=O)C=NC1=N,139.114,3,1,0,1,5,74.87,-0.38043,0
O=C1NN=C1NCCO,129.119,4,3,2,1,5,73.72,-1.9883999999999997,0
N=C1N=CNC(=O)CO1,127.10299999999998,3,2,0,1,5,74.54,-0.9041300000000001,0
N=C1NCOC1OC=O,130.10299999999998,4,2,2,1,5,71.41,-0.9599300000000002,1
CN=C1OC(=N)N=C1O,127.103,3,2,0,1,5,78.03,-0.06383000000000005,0
CN=C1N=C(N)C(=N)O1,126.119,4,2,0,1,5,83.82000000000001,-0.66313,0
CC1(C(=N)O)OC1=N,114.10399999999998,3,3,1,1,4,80.46000000000001,0.28784000000000004,1
CC1=NC(OCO)=NC1=N,141.13,4,2,1,1,5,78.03,-0.23942999999999992,0
CC(O)C1=NN=NC1=N,126.11900000000001,4,2,1,1,5,81.16,0.16626999999999992,1
Nc1nc(C=O)oc1O,128.08699999999996,5,2,1,1,5,89.35000000000001,-0.2250999999999999,0
CC(=O)c1nc(O)n[nH]1,127.103,4,2,1,1,5,78.87,-0.2871000000000001,0
Nc1ncc(N)c(=O)o1,127.103,5,2,0,1,5,95.14,-0.8008,0
N=c1oc(=N)oc(=O)o1,130.059,6,2,0,1,6,104.19000000000001,-1.21526,0
CN=c1nc(O)c1=N,111.10399999999998,4,2,0,1,4,69.33000000000001,-1.3272300000000004,0
O=C1C=COC(=O)CN1,127.099,3,1,0,1,4,55.400000000000006,-0.8269000000000002,0
N=CN=C1N=CN=C1N,123.119,3,2,1,1,5,86.95,-0.60893,0
N=C1CC(=O)NC(=O)O1,128.087,4,2,0,1,5,79.25000000000001,-0.37983000000000006,0
Nc1nocc1NC=O,127.10299999999998,4,2,2,1,5,81.15,-0.17490000000000022,0
N=C1C=C(N)C(O)=N1,111.104,2,3,0,1,4,82.46000000000001,-0.22363000000000005,0
CN=C1C(=N)OCOC1=N,141.13,5,2,0,1,5,78.52000000000001,0.016040000000000165,0
N=Cc1ncc(C=O)[nH]1,123.11499999999998,3,2,2,1,4,69.6,0.2198699999999999,0
N=Cc1cc(N)n(C=N)n1,137.14600000000002,5,3,2,1,5,91.54,-0.08185999999999993,0
N=C1CC(=N)OC(=O)O1,128.087,5,2,0,1,5,83.23,0.49784,0
CC1=NC(=N)N=C1CO,125.13099999999999,2,2,1,1,4,68.8,-0.1710299999999999,0
NC(=O)n1cc(N)cn1,126.119,4,2,0,1,5,86.93,-0.6079000000000001,0
NC(=O)C1=NC(N)=C1,111.104,3,2,1,1,4,81.47,-1.2736000000000003,0
O=CC(=O)c1cnn[nH]1,125.087,4,1,2,1,5,75.71000000000001,-0.8137000000000003,0
CN=C1NC(=O)OC1=O,128.087,4,1,0,1,5,67.75999999999999,-0.7189000000000001,0
N=C1C=NC(N)=C1N,110.12000000000002,4,3,0,1,4,88.25,-0.8229300000000002,0
CC(=O)C1=NN=C1N,111.10400000000001,4,1,1,1,4,67.81,-0.6978,0
N#CC1=NCN1COC=N,138.13,5,1,3,1,5,72.47,-0.23725000000000013,0
CC(=O)C1=NC(=N)N1O,127.103,3,2,1,1,5,76.75,-0.38653,0
N=C(O)c1nc(=O)o[nH]1,129.075,4,3,1,1,6,102.97,-0.75373,0
CNC(=O)C1=NC(N)=N1,126.11900000000001,4,2,1,1,5,79.84,-1.540799999999999,0
N=Cc1ncnc(N)n1,123.11900000000001,5,2,1,1,5,88.54,-0.5485300000000002,0
NC1=CC(=O)N=C1O,112.088,2,2,0,1,4,75.68,-0.6742999999999999,0
CC1NCN(O)C(=O)O1,132.11899999999997,4,2,0,1,5,61.8,-0.27910000000000007,1
NC(=O)c1nc[nH]n1,112.092,3,2,1,1,5,84.66000000000001,-1.0964000000000005,0
N=C1N=CN=C(N)C1=O,124.103,4,2,0,1,5,91.66,-1.06813,0
N=CN[N+](=O)N1CCO1,131.115,3,2,3,1,6,68.43,-0.9608299999999999,0
NC(=O)NC1=CN=C1N,126.119,3,3,1,1,5,93.5,-1.1331,0
COC1=NC(=N)N=C1N,126.11900000000001,3,2,0,1,5,83.82,-0.66313,0
N=CC1=NC=NC1=N,108.104,3,2,1,1,4,72.42,0.09614,0
N=C1COC(=O)N=CO1,128.087,4,1,0,1,5,71.74,0.15877000000000002,0
N=C1OC(O)=C1CO,115.08799999999998,4,3,1,1,4,73.54,-0.24422999999999995,0
NC=Nc1coc(=O)[nH]1,127.10299999999998,3,2,1,1,5,84.38,-0.4135999999999999,0
N=C1NN=C1C(N)=O,112.092,3,3,1,1,5,91.33000000000001,-1.5918300000000003,0
N=C1C=C(N)C(=O)O1,112.088,4,2,0,1,4,76.17,-0.6369300000000002,0
N=c1oc(=N)n(C=O)o1,129.075,6,2,1,1,6,95.98,-1.3286600000000002,0
N=CC(O)C1=NC(=O)N1,127.10300000000001,3,3,2,1,5,85.53999999999999,-0.8814300000000002,1
C#CC(=NO)NC1=CO1,124.09899999999998,3,2,1,1,4,57.150000000000006,-0.17399999999999988,0
COC1=NNC(=N)C1=N,126.11899999999999,4,3,0,1,5,81.32,-0.45346000000000036,0
N=C1OC(=N)C(=NO)O1,129.075,6,3,0,1,6,98.75,-0.26705999999999996,0
CC(=O)Cc1c[nH]nn1,125.131,3,1,2,1,4,58.64,-0.06380000000000002,0
N#CCc1noc(=N)o1,125.08699999999999,5,1,1,1,5,86.81,-0.18685000000000002,0
N=C1CNC(=O)N=CO1,127.10299999999998,3,2,0,1,5,74.54,-0.26823000000000013,0
N=C1CONC(=N)O1,115.09199999999998,4,3,0,1,5,78.19000000000001,-0.5501600000000004,0
N=C1N=C(C=O)OCO1,128.087,4,1,1,1,5,71.74000000000001,-0.47713000000000005,0
CNc1c[nH]c(=O)n1N,128.135,4,3,1,1,5,75.84,-1.0680999999999996,0
COC1=NC(=O)C(=N)N1,127.103,3,2,0,1,5,74.53999999999999,-0.9041300000000001,0
Nc1nc(=O)c(N)co1,127.10299999999998,5,2,0,1,5,95.14,-0.8008,0
NC(=O)C1=NC(N)=N1,112.09200000000001,4,2,1,1,5,93.83,-1.8014999999999999,0
COC1=NNC(=N)C1=O,127.10299999999998,4,2,0,1,5,74.53999999999999,-0.9041300000000003,0
N=c1nc(CN)nno1,127.10700000000001,6,2,1,1,6,101.68,-1.5972299999999997,0
C#CC1=NC(N)=NC1=O,121.099,3,1,0,1,4,67.81,-1.0845,0
NC1(C=O)OCC(=O)O1,131.087,5,1,1,1,5,78.62000000000002,-1.6288000000000002,1
N=C1OC(=O)OC1=N,114.05999999999999,5,2,0,1,5,83.22999999999999,0.10774,0
N=C1OCC(=O)C(=N)O1,128.087,5,2,0,1,5,83.23,-0.48566000000000015,0
N=C1OCC(=O)NC1=O,128.087,4,2,0,1,5,79.25,-1.36333,0
Cc1noc(=O)n1CO,130.103,5,1,1,1,5,68.26,-0.9054800000000001,0
N#CC1=NC(=N)OCO1,125.08699999999999,4,1,0,1,5,78.46000000000001,-0.15245000000000003,0
COC1=NC(CO)=NC1=N,141.13,4,2,1,1,5,78.03,-0.5870300000000002,0
NC(=O)C1=NN=C1N,112.09200000000001,4,2,1,1,5,93.83,-1.8014999999999999,0
CN1CC(=O)OC(=N)O1,130.10299999999998,5,1,0,1,5,62.620000000000005,-0.6586300000000003,0
NC1=NN=C(CO)C1=O,127.10299999999998,5,2,1,1,5,88.03999999999999,-1.7254,0
N=C1ON=C(N)C1=O,113.076,5,2,0,1,5,88.53,-1.16483,0
N#CC(N)C1=NOC1=O,125.08699999999999,5,1,1,1,5,88.47,-1.2499200000000001,1
N=C1COC1OC(N)=O,130.103,4,2,1,1,5,85.4,-0.54223,1
CC(=O)C1=NN=C1O,112.088,3,1,1,1,4,62.019999999999996,-0.09849999999999998,0
CNc1noc(C=N)n1,126.11899999999999,5,2,2,1,5,74.80000000000001,0.1089699999999999,0
N=C1OCC(=O)OC1=N,128.087,5,2,0,1,5,83.22999999999999,-0.48566000000000015,0
N=C1CNC(=N)OCO1,129.119,4,3,0,1,5,78.19000000000001,-0.5076600000000004,0
N=C1OCOC(=O)CO1,131.087,5,1,0,1,5,68.61,-0.5313300000000001,0
CC(O)OC1=NNC1=N,129.119,4,3,1,1,5,77.7,-0.7647300000000001,1
N=CC1=NN=C1C(N)=O,124.103,4,2,2,1,5,91.66,-1.0681300000000002,0
Nc1n[nH]c(C=O)n1,112.09199999999998,4,2,1,1,5,84.66,-0.8006000000000004,0
Nc1ncc(=O)[nH]c1N,126.119,4,3,0,1,5,97.78999999999999,-1.0657000000000003,0
NC(=O)NC1OCC1O,132.119,3,3,1,1,5,84.58000000000001,-1.6280999999999999,2
COc1nc(C=O)n[nH]1,127.103,4,1,2,1,5,67.87,-0.37420000000000025,0
COc1nn[nH]c1OC,129.11899999999997,4,1,2,1,5,60.03,-0.17810000000000015,0
COC(=N)C(=N)C1=NO1,127.103,5,2,2,1,5,81.82,-0.02646000000000004,0
CN=C1NCC(=O)NCO1,143.146,3,2,0,1,5,62.72,-1.3342999999999998,0
Cn1nncc1CO,113.11999999999998,4,1,1,1,4,50.94,-0.6926000000000001,0
COc1cnc(=N)on1,127.103,5,1,1,1,5,72.0,-0.44233000000000006,0
Cn1[nH]ncc(=O)c1=N,126.11899999999999,4,2,0,1,5,74.53,-1.4121299999999999,0
CN=c1nc[nH]c(=O)o1,127.10299999999998,4,1,0,1,5,71.25,-1.1066000000000003,0
N#CC(O)C1=CN=C1N,123.11500000000001,4,2,1,1,4,82.39999999999999,-0.8744200000000002,1
CC(O)C1=NOC1=N,114.104,4,2,1,1,4,65.67000000000002,-0.26933000000000007,1
N=CNC1OCOC1=N,129.119,4,3,2,1,5,78.19,-0.5092600000000003,1
Cn1ncc(N)nc1=N,125.13500000000002,5,2,0,1,5,80.58000000000001,-1.12323,0
NC1=CC(N)=NC1=O,111.10400000000001,3,2,0,1,4,81.47,-1.2736000000000003,0
CN=C1OC(=O)NC1=O,128.087,4,1,0,1,5,67.75999999999999,-0.7189000000000001,0
N=C1NCC(=O)N=CO1,127.103,3,2,0,1,5,74.54,-0.9041300000000001,0
CC1=NC(=N)C(NCO)=N1,140.146,4,3,1,1,5,80.83,-0.6664300000000001,0
NC1=NC(C=O)=C1O,112.08799999999997,4,2,1,1,4,75.67999999999999,-0.6742999999999999,0
CC1=NC(N)=NC1=N,110.12,3,2,0,1,4,74.59,-0.24712999999999996,0
COC1=NC(=N)N=C1O,127.103,2,2,0,1,5,78.03,-0.06383000000000005,0
CNC(=O)c1conn1,127.103,4,1,1,1,5,68.02000000000001,-0.5708000000000002,0
CC(=O)C1=NN=C1N,111.10400000000001,4,1,1,1,4,67.81,-0.6978,0
CN=c1nc[nH]c(=O)[nH]1,126.11899999999999,3,2,0,1,5,73.9,-1.3714999999999997,0
CC1(O)N=C(N)C1=N,113.12,4,3,0,1,4,82.46000000000001,-0.9145300000000003,1
CNC(=O)OC1COC1=N,144.13,4,2,1,1,5,71.41,-0.28153,1
N=c1occ(N)n1C=O,127.10300000000001,5,2,1,1,5,85.00999999999999,-0.8189300000000002,0
Nc1cnc(=O)[nH]n1,112.092,4,2,0,1,5,84.66,-1.2529000000000001,0
Cc1nc(NC=N)no1,126.11899999999999,4,2,2,1,5,74.80000000000001,0.39698999999999984,0
CC(=O)n1nc(N)o1,115.092,5,1,0,1,5,74.05,-0.28159999999999996,0
N=C1ON=C(CO)C1=N,127.10299999999998,5,3,1,1,5,89.52000000000001,-0.6380600000000003,0
N=CNC1OCOC1=O,130.103,4,2,2,1,5,71.41,-0.9599300000000002,1
NC1=C(O)N=C1C=O,112.088,4,2,1,1,4,75.68,-0.6743000000000001,0
CN=C1NC(=N)N=C1N,125.135,3,3,0,1,5,86.62,-1.0901299999999996,0
CC(=O)n1ncn1C=N,126.11899999999999,5,1,1,1,5,63.67,-0.20012999999999986,0
N=COCc1ncoc1N,141.12999999999997,5,2,3,1,5,85.13,0.3804700000000002,0
COC(=N)c1nc1=O,112.088,4,1,1,1,4,63.04,-0.7108300000000001,0
N#CN1CC(N)C1=N,110.12,3,2,0,1,4,76.9,-0.9123499999999998,1
N=CN1CC(=O)NCO1,129.119,3,2,1,1,5,65.42,-1.0856299999999999,0
CC(=N)N1NC(=O)CO1,129.119,3,2,0,1,5,65.42,-0.7380300000000002,0
N=C1OCC(=NO)CO1,130.103,5,2,0,1,5,74.9,-0.20183000000000012,0
CCc1n[nH]nc1OC=N,140.146,4,2,3,1,5,74.65,0.3529699999999999,0
COC1=NN=C(N)C1=N,126.119,5,2,0,1,5,83.82,-0.66313,0
N=C1OCC(=O)OC1=N,128.087,5,2,0,1,5,83.22999999999999,-0.48566000000000015,0
N=C1OCCOC(=O)O1,131.087,5,1,0,1,5,68.61,0.10457000000000011,0
N=CN1OCOCC1=O,130.103,4,1,1,1,5,62.62000000000001,-0.65863,0
N=C1OC(=N)C(CO)C1=O,142.11399999999998,5,3,1,1,5,94.22999999999999,-0.8512600000000001,1
NC1=NC(O)=NC1=O,113.07599999999998,3,2,0,1,5,88.03999999999999,-1.2022,0
COC1=NC(N)=NC1=N,126.11900000000001,4,2,0,1,5,83.82,-0.66313,0
COc1nc(=N)cno1,127.103,5,1,1,1,5,72.0,-0.4423299999999999,0
NC(=O)N1OCC1C=O,130.10299999999998,3,1,1,1,5,72.63,-1.1202,1
CC(=O)C1=NC(N)=N1,111.10400000000001,4,1,1,1,4,67.81,-0.6978,0
CNC(=O)C1=NC(=N)O1,127.103,3,2,1,1,5,74.54,-0.9041300000000001,0
N#CCC1=NC(=N)N=N1,121.10300000000001,3,1,1,1,5,84.72,0.69915,0
N=CN1OC(=O)C1=O,114.05999999999999,4,1,1,1,5,70.46000000000001,-1.10613,0
COC1=NC(=N)C(=N)O1,127.103,4,2,0,1,5,78.52,-0.02646000000000004,0
NC(=O)C(=O)OC1CN1,130.10299999999998,4,2,1,1,5,91.33,-2.0557999999999996,1
NC1=NC(CO)=NC1=O,127.10299999999998,4,2,1,1,5,88.03999999999999,-1.7254,0
Cc1noc(NC=O)n1,127.103,4,1,2,1,5,68.02000000000001,-0.053680000000000117,0
N=C1NCC(=O)C(=N)O1,127.103,4,3,0,1,5,86.03000000000002,-0.9126600000000002,0
CC(=N)OC1=NOC1=N,127.103,5,2,0,1,5,78.52000000000001,0.32114,0
N=C1OCNC(=O)CO1,130.10299999999998,4,2,0,1,5,71.41,-0.9583300000000003,0
CC(O)C1=NC(=N)N=N1,126.11900000000001,3,2,1,1,5,81.16000000000001,0.16626999999999992,1
NC1=NC(=O)C(C=O)=N1,125.08699999999997,4,1,1,1,5,84.88,-1.5188,0
N=c1cnnc(N)n1O,127.107,6,3,0,1,6,100.81000000000002,-1.42293,0
N=C1OCOC(=O)C(=N)O1,144.08599999999998,6,2,0,1,6,92.46000000000001,-0.5540600000000002,0
N=C1COC(=O)N=CO1,128.087,4,1,0,1,5,71.74,0.15877000000000002,0
N=C1OCNC(=O)CO1,130.10299999999998,4,2,0,1,5,71.41,-0.9583300000000003,0
O=C1CC(=O)NC(=O)N1,128.087,3,2,0,1,5,75.27,-1.2575,0
NC1=NNC(=O)C1=O,113.07599999999998,4,2,0,1,5,84.54999999999998,-2.0425,0
NCC1=C(O)C(=O)N=N1,127.10299999999998,4,2,1,1,5,88.04,-0.2929000000000002,0
N#CCOc1cocn1,124.09899999999998,4,0,2,1,4,59.05,0.57698,0
N=c1ccoc(N)[n+]1[O-],127.10300000000001,4,2,0,1,5,89.95,-1.0253299999999999,0
CC(=O)n1cnc(N)n1,126.11900000000001,5,1,0,1,5,73.8,-0.47959999999999997,0
N=CN1C=CNC(=O)O1,127.10299999999998,3,2,1,1,5,65.42,0.021469999999999934,0
CC(=O)N1N=C1C=N,111.10399999999998,3,1,1,1,4,56.29,-0.18842999999999993,0
N=C1NC(=N)OCCO1,129.119,4,3,0,1,5,78.19000000000001,-0.50766,0
Nc1cc(COC=O)n[nH]1,141.13,4,2,3,1,5,81.0,-0.3351000000000001,0
N=C1COC(=N)NCO1,129.119,4,3,0,1,5,78.19,-0.5076600000000002,0
N=C1OCNC(=O)CO1,130.10299999999998,4,2,0,1,5,71.41,-0.9583300000000003,0
N=Cn1cnc(N)c1O,126.11899999999999,5,3,1,1,5,87.92,-0.37392999999999993,0
N=CN1C=NC1CNC=O,140.146,3,2,4,1,5,68.55000000000001,-0.9905300000000001,1
N=C1C=NC(O)=C1N,111.104,4,3,0,1,4,82.46,-0.22362999999999988,0
N=C1OCC(C(=N)N)O1,129.119,4,3,1,1,5,92.18,-0.72746,1
N=C1OCC(=NO)CO1,130.103,5,2,0,1,5,74.9,-0.20183000000000012,0
N=Cc1ncnoc1=N,124.103,5,2,1,1,5,86.62,-0.45326000000000016,0
CC1=NC(NC=O)=N1,111.10399999999998,3,1,1,1,4,53.82,-0.47960000000000025,0
Cc1nc(N)nc(=O)o1,127.103,5,1,0,1,5,82.01,-0.6795800000000001,0
N=c1ncc(N)[n+]([O-])[nH]1,127.10700000000001,4,3,0,1,6,105.49000000000001,-1.8952299999999997,0
CN1OCC(=O)C(=N)O1,130.103,5,1,0,1,5,62.620000000000005,-0.6586300000000003,0
N=C1N=C(N)N=C1C=O,124.103,4,2,1,1,5,91.66,-1.06813,0
N=C1OC(=O)CC1=O,113.07199999999999,4,1,0,1,4,67.22,-0.52033,0
CNc1ncoc(=N)n1,126.11899999999999,5,2,1,1,5,74.80000000000001,-0.4092299999999999,0
Cc1n[nH]nc1CO,113.11999999999999,3,2,1,1,4,61.8,-0.39458000000000004,0
Cc1nc(N)oc(=N)n1,126.119,5,2,0,1,5,88.79,-0.5603100000000001,0
N=C1N=C(N)C(O)=N1,112.092,2,3,0,1,5,94.82000000000001,-0.75153,0
CC(O)C1=NN=C1N,113.12000000000002,4,2,1,1,4,70.97,-0.9060000000000001,1
N=c1[nH]ncnc1C=O,124.10299999999998,4,2,1,1,5,82.49000000000001,-0.9033300000000004,0
N=C1N=C(N)C(CO)=N1,126.119,3,3,1,1,5,94.82000000000001,-1.2747300000000001,0
N#CC=NC1=NOC1=O,123.07099999999998,5,0,0,1,5,74.81,-0.5489200000000001,0
CN=C1N=CN=C1N,110.12,3,1,0,1,4,63.099999999999994,-0.5861999999999998,0
N=CN1CC(=O)OC=N1,127.10299999999998,4,1,1,1,5,65.75,-0.60443,0
N=CN1CC(=O)NCO1,129.119,3,2,1,1,5,65.42,-1.0856299999999999,0
C#CC1=NC(=N)N=N1,106.08800000000001,2,1,0,1,4,60.93,0.4186700000000001,0
N#CCC1=NN=C1N,108.10400000000001,4,1,1,1,4,74.53,-0.37311999999999984,0
NC=C1N=C(O)N=C1N,126.119,4,3,0,1,5,96.99,-0.9287000000000003,0
N=C1NC=C(O)OCO1,130.103,4,3,0,1,5,74.57000000000001,-0.12803000000000014,0
CNC1C(=N)N=COC1=O,141.13,4,2,1,1,5,74.53999999999999,-0.8632300000000002,1
COC(=O)c1cnn[nH]1,127.10300000000001,4,1,1,1,5,67.87,-0.40870000000000023,0
CN=C1N=CC(N)=C1N,124.147,3,2,0,1,4,76.75999999999999,-0.7719,0
N=C1OCNC(=O)CO1,130.10299999999998,4,2,0,1,5,71.41,-0.9583300000000003,0
NC1=C(N)C(=O)C=N1,111.10399999999998,4,2,0,1,4,81.47,-1.2736000000000003,0
COC1=NN=C(N)C1=N,126.119,5,2,0,1,5,83.82,-0.66313,0
N=C1OCC(=O)C(=N)O1,128.087,5,2,0,1,5,83.23,-0.48566000000000015,0
CN=c1nc(N)c1=O,111.104,4,1,0,1,4,68.34,-1.5698999999999999,0
NC(=O)Nn1cco1,115.09199999999998,3,2,1,1,5,73.19,-0.2967000000000002,0
CN=C1N=C(O)C(=N)O1,127.10299999999998,3,2,0,1,5,78.03000000000002,-0.06382999999999994,0
N=C(CO)c1nc1=N,111.104,4,3,2,1,4,80.82,-1.20316,0
N=C1C=C(N)C(O)=N1,111.104,2,3,0,1,4,82.46000000000001,-0.22363000000000005,0
N=CN1C=NC1C=O,111.10399999999997,3,1,2,1,4,56.52,-0.53763,1
N#CC1CN(C=N)OCO1,141.13,4,1,1,1,5,69.34,-0.29305000000000003,1
Nc1ncoc(=O)c1N,127.103,5,2,0,1,5,95.14,-0.8008,0
N=C1OCOC(=N)C1=O,128.087,5,2,0,1,5,83.22999999999999,-0.48566000000000015,0
CN=C(N)[N+]1([O-])CCO1,131.135,3,1,0,1,5,70.67,-0.8093000000000001,1
Nc1cnc(C=O)n1O,127.10299999999998,5,2,1,1,5,81.14,-0.48490000000000005,0
N=Cn1c(N)cnc1O,126.11899999999999,5,3,1,1,5,87.92,-0.37392999999999993,0
N=Cc1nc(=N)n(N)o1,127.10700000000001,6,3,1,1,6,104.68,-1.3329600000000001,0
CNC1=NC(=O)C(N)=N1,126.119,4,2,0,1,5,79.84,-1.540799999999999,0
N=C1OCOC(=N)C1=N,127.103,5,3,0,1,5,90.00999999999999,-0.034989999999999966,0
N=CN1CC(=N)OC1=O,127.10299999999998,4,2,1,1,5,77.24000000000001,0.022940000000000016,0
Nc1conc(N)c1=O,127.10300000000001,5,2,0,1,5,95.13999999999999,-0.8008,0
N=C1NCC(=O)OCCO1,144.13,4,2,0,1,5,71.41000000000001,-0.9158300000000001,0
NC(C=O)C1=NC(=O)N1,127.103,3,2,2,1,5,84.55000000000001,-1.3657,1
CN=C1NC(=O)OC1=N,127.10299999999998,4,2,0,1,5,74.53999999999999,-0.2682300000000001,0
CC1=NNN=CC(=N)O1,126.11899999999999,5,2,0,1,5,69.83,-0.0973299999999998,0
N=Cc1nn[nH]c1C=O,124.10299999999998,4,2,2,1,5,82.49000000000001,-0.38513,0
N=C1CC(=N)OC(=N)O1,127.10299999999998,5,3,0,1,5,90.01,0.31261,0
COC1=NN=C1CO,114.10399999999998,4,1,1,1,4,54.18000000000001,-0.6068,0
COc1nc(NC=O)c[nH]1,141.13,3,2,3,1,5,67.00999999999999,-0.01340000000000019,0
COc1cn[n-]c(=N)n1,125.111,4,1,1,1,5,72.96000000000001,-1.0781300000000003,0
N=C1COC(=O)OC=N1,128.087,4,1,0,1,5,71.74,0.1587699999999999,0
N=CCN1C=NC1=N,110.11999999999999,2,2,2,1,4,63.300000000000004,-0.08536000000000005,0
N=CN1C=C(O)OCN1,129.119,4,3,1,1,5,68.58000000000001,-0.25533,0
N=c1[nH]nc(C=O)n1F,130.082,4,2,1,1,6,74.53,-0.7642300000000002,0
CN=C1OC(=N)C(=O)O1,128.087,5,1,0,1,5,71.74,-0.47713,0
N=Cn1[nH]c(=O)oc1=N,128.09099999999998,5,3,1,1,6,98.63,-1.2959600000000002,0
N=CC1OC(=O)NC1=N,127.103,4,3,1,1,5,86.03,-0.27836000000000005,1
N=C1NCC(=O)OCO1,130.103,4,2,0,1,5,71.41000000000001,-0.9583300000000001,0
Cn1ncc(=N)nc1N,125.13500000000002,5,2,0,1,5,80.58,-1.12323,0
N#CCC(=N)N1COC1=O,139.114,4,1,1,1,5,77.18,0.28705,0
N=C1N=C(CO)N=C1N,126.119,4,3,1,1,5,94.82,-1.2747300000000001,0
CC(=O)C1=NC(=N)O1,112.088,3,1,1,1,4,62.510000000000005,-0.06112999999999996,0
CN1N=C(N)OCC1=O,129.119,4,1,0,1,5,67.91999999999999,-1.2953,0
N=C(O)CC1NC1=N,113.11999999999999,2,4,2,1,4,89.87,-0.13916000000000006,1
N=C1OCC(=O)C(=O)O1,129.071,5,1,0,1,5,76.45,-0.9363300000000001,0
CC(O)C1=NN=C1N,113.12000000000002,4,2,1,1,4,70.97,-0.9060000000000001,1
Cn1nc(N)c(C=O)n1,126.119,5,1,1,1,5,73.80000000000001,-0.7902,0
Cc1cnc(=N)[nH][n+]1[O-],126.119,3,2,0,1,5,79.47,-1.16901,0
N=C1NC(=O)CNCO1,129.119,4,3,0,1,5,74.21000000000001,-1.3853300000000002,0
O=C1NCC(=NO)CO1,130.103,4,2,0,1,5,70.92,-0.4436,0
N=C1NCOC(=O)CO1,130.103,4,2,0,1,5,71.41,-0.9583300000000001,0
N=C1C(=O)ON=C1CO,128.087,5,2,1,1,5,82.74000000000001,-1.08873,0
Cc1nc(NC=O)n[nH]1,126.11899999999999,3,2,2,1,5,70.67,-0.31858000000000025,0
N=C1OC(=N)N1CC=O,127.103,4,2,2,1,5,77.24000000000001,-0.6129600000000002,0
N=C1N=NC(C=O)=N1,110.076,3,1,1,1,5,78.0,-0.015629999999999977,0
N=c1[nH]nc(CO)n1C=O,142.118,5,3,2,1,6,94.75999999999999,-1.7787300000000001,0
N=C1OC(=O)NC1C=O,128.087,4,2,1,1,5,79.25,-0.7290300000000003,1
CN=C1N=C(N)C(N)=N1,125.13500000000002,3,2,0,1,5,89.11999999999999,-1.2997999999999994,0
N=CN1C=CNC(=O)O1,127.10299999999998,3,2,1,1,5,65.42,0.021469999999999934,0
N=C1OCNC(=O)CO1,130.10299999999998,4,2,0,1,5,71.41,-0.9583300000000003,0
Cn1nc(N)nc1C=O,126.119,5,1,1,1,5,73.80000000000001,-0.7902,0
CC1=NC(N)=NC1=O,111.104,3,1,0,1,4,67.81,-0.6978,0
N#CCC1=NC=NC1=N,120.115,3,1,1,1,4,72.36,0.36025,0
N=CN1CC(=O)OC1=O,128.087,4,1,1,1,5,70.46000000000001,-0.42772999999999994,0
COc1ncnc(N)n1,126.11900000000001,5,1,1,1,5,73.92,-0.5376000000000003,0
N=C1C(N)=CN=C1N,110.12,4,3,0,1,4,88.25,-0.8229300000000002,0
CC(=O)n1ncc(N)n1,126.119,5,1,0,1,5,73.8,-0.47959999999999997,0
N=C1CCOC(=N)OCO1,144.12999999999997,5,2,0,1,5,75.39,0.30944,0
N=C1OC(=N)C(=O)O1,114.05999999999999,5,2,0,1,5,83.23,-0.5281600000000002,0
CC(=O)c1n[nH]c(=O)o1,128.087,4,1,1,1,5,75.96000000000001,-0.43450000000000005,0
O=CN1CC(=O)C(=O)O1,129.071,4,0,1,1,5,63.68000000000001,-1.5143000000000002,0
N#CCc1ncnn1N,123.11900000000001,5,1,1,1,5,80.52,-0.9420200000000001,0
N=C1CNC(=O)C1=O,112.08799999999998,3,2,0,1,4,70.02000000000001,-1.2949300000000004,0
CN=C1N=COC1=N,111.10399999999998,3,1,0,1,4,57.800000000000004,0.05047000000000007,0
N=C(CO)C1=NN=N1,112.09200000000001,5,2,2,1,5,81.16,-0.22223000000000004,0
N=Cc1nocc1N,111.104,4,2,1,1,4,75.9,0.25447000000000003,0
N=C1CNC(=O)NC1=O,127.10299999999998,3,3,0,1,5,82.05000000000001,-1.15443,0
CNc1n[nH]c(C=O)n1,126.11899999999999,4,2,2,1,5,70.67,-0.3411000000000001,0
N=CC1=NNC(=O)C1=O,125.08699999999997,4,2,1,1,5,82.38,-1.3091300000000001,0
O=C1CC(=NO)C(=O)O1,129.071,5,1,0,1,5,75.96,-0.7099,0
N=C1NCC(=O)C(=O)O1,128.087,4,2,0,1,5,79.25000000000001,-1.36333,0
CN=C1C=NN=C1O,111.10399999999998,3,1,0,1,4,57.31,0.013099999999999945,0
CN=C1ON=C(N)C1=N,126.119,5,2,0,1,5,83.82,-0.66313,0
CC(=O)c1ncnn1N,126.11900000000001,5,1,1,1,5,73.8,-0.8055000000000001,0
N=c1cn[nH]nc1C=O,124.10299999999998,4,2,1,1,5,82.49000000000001,-0.9033300000000004,0
CC(=O)c1cnoc1N,126.115,4,1,1,1,4,69.12,0.45940000000000014,0
N=C1NC=NC(=O)CO1,127.103,3,2,0,1,5,74.54,-0.9041300000000001,0
Nc1ncc(NC=O)o1,127.10299999999998,4,2,2,1,5,81.14999999999999,-0.17490000000000022,0
N#CC(N)C1=NN=C1O,124.103,4,2,1,1,5,94.76,-0.8366200000000001,1
COC(=N)C1=NOC1=N,127.103,5,2,1,1,5,78.52000000000001,-0.02646000000000004,0
N=C1C=NN=C1NC=O,124.10299999999998,4,2,1,1,5,77.67,-0.8499300000000003,0
CN=c1[nH]c(=N)cno1,126.11899999999999,4,2,0,1,5,78.03,-0.9873300000000003,0
N#CC1=NC(=N)OCO1,125.08699999999999,4,1,0,1,5,78.46000000000001,-0.15245000000000003,0
N=C1OC=NC1CO,114.10399999999998,4,2,1,1,4,65.67,-0.61693,1
CNC1=NC(=O)NC1=O,127.10299999999998,3,2,0,1,5,70.56,-1.1459000000000001,0
N=C1NC(=O)C(O)N1,115.09199999999998,3,4,0,1,5,85.21000000000001,-2.04103,1
N=CN1CC(=O)C(=O)N1,127.10299999999998,3,2,1,1,5,73.26,-1.4906300000000001,0
N=C1COC(=N)C(=N)O1,127.103,5,3,0,1,5,90.01,-0.034989999999999966,0
Nc1cn(C=O)nc1O,127.10299999999998,5,2,1,1,5,81.14,-0.7908000000000002,0
N=CN1C=CN(C(=N)N)O1,141.13400000000001,3,3,1,1,6,89.43,-0.5776600000000001,0
COC1NCC(=O)NC1=N,143.14600000000002,4,3,1,1,5,74.21000000000001,-1.3444299999999987,1
N=C1COC(=N)OCO1,130.103,5,2,0,1,5,75.39,-0.08066000000000012,0
N=C1OC(=N)C(C=O)O1,128.087,5,2,1,1,5,83.23,-0.48726000000000025,1
CC(O)C1=CN=NC1=N,125.131,3,2,1,1,4,68.80000000000001,0.6941700000000001,1
N=C1OCC(=O)C(=N)O1,128.087,5,2,0,1,5,83.23,-0.48566000000000015,0
N=Cn1ccoc1=NO,127.10299999999998,5,2,1,1,5,74.51,-0.17382999999999987,0
CC(O)c1[nH]nnc1N,128.13500000000002,4,3,1,1,5,87.82,-0.5598000000000003,1
N=C1CN=C(N)COC1=O,141.13,5,2,0,1,5,88.53,-1.0798299999999998,0
N=C1NC(=O)CN=CO1,127.103,4,2,0,1,5,74.54,-0.9041300000000001,0
Cc1n[nH]nc1NC=O,126.11899999999999,3,2,2,1,5,70.67,-0.31858000000000025,0
N=C1N=C(N)C(C=O)=N1,124.103,3,2,1,1,5,91.66000000000001,-1.06813,0
CC(O)C1=NC(=O)N1N,129.119,3,2,1,1,5,78.92,-0.925,1
CCc1nc(=N)nno1,126.119,5,1,1,1,5,75.66,-0.4935300000000002,0
CNC1=NN=C1C=O,111.10399999999998,4,1,1,1,4,53.82,-0.8272000000000002,0
N=C1OCCOC(=N)O1,130.103,5,2,0,1,5,75.39,-0.0806599999999999,0
N=C(N)c1cn[nH]n1,111.108,3,3,1,1,5,91.44000000000001,-0.91123,0
N=C1N=C(C=O)N=C1N,124.103,4,2,1,1,5,91.66,-1.06813,0
N=C1COC=NC(N)N1,128.13500000000002,4,3,0,1,5,83.49,-1.1459299999999994,1
CNC(=O)c1ncno1,127.103,4,1,1,1,5,68.02000000000001,-0.5708000000000002,0
COC1=CC(=N)N=C1N,125.13100000000001,3,2,1,1,4,71.46,-0.13522999999999985,0
N=c1nncc(C=O)[nH]1,124.10299999999998,4,2,1,1,5,82.49000000000001,-0.9033300000000004,0
Nc1cc(=O)on1C=O,128.087,5,1,1,1,5,78.23,-0.9382000000000001,0
NC(=O)C1=NC=C1N,111.104,3,2,1,1,4,81.47,-1.2736000000000003,0
CNC1=NC(=O)N=C1O,127.10299999999998,2,2,0,1,5,74.05,-0.3055999999999999,0
N=C1OC1(N)C=NO,115.092,5,3,1,1,5,94.99000000000001,-0.8911300000000002,1
C#CCn1nc(O)n1N,126.119,5,2,1,1,5,69.0,-1.2628000000000001,0
CC1=NN=C(N)C1=O,111.104,4,1,0,1,4,67.81,-0.6978,0
N=c1nc(C=O)nco1,125.08699999999997,5,1,1,1,5,79.84,-0.6384300000000003,0
O=c1cc(NO)cno1,128.087,5,2,1,1,5,75.36,-0.16410000000000008,0
CC(=O)C1=NN=C1N,111.10400000000001,4,1,1,1,4,67.81,-0.6978,0
CN=C1N=C(N)C(=O)N1,126.119,3,2,0,1,5,79.84,-1.540799999999999,0
O=C1N=CN=C1CO,112.08799999999998,3,1,1,1,4,62.019999999999996,-1.0118,0
N=C1NC(N=CCO)O1,129.119,4,3,2,1,5,77.7,-1.11233,1
N=C1C(N)=NN=C1C=O,124.10299999999998,5,2,1,1,5,91.66,-1.0681300000000002,0
N=C1OCC(=O)OC1=N,128.087,5,2,0,1,5,83.22999999999999,-0.48566000000000015,0
N=CNC(=O)OC1=NC1,127.103,4,2,1,1,5,74.54,-0.26822999999999997,0
N=C1OC(=N)C(=NO)O1,129.075,6,3,0,1,6,98.75,-0.26705999999999996,0
Cc1ocnc1NC=O,126.11499999999998,3,1,2,1,4,55.13,0.5513199999999998,0
N=Cc1nc(=O)occ1N,139.11399999999998,5,2,1,1,5,92.97,-0.3853300000000001,0
N=C1OCCNC(=O)O1,130.103,4,2,0,1,5,71.41,-0.32243000000000016,0
NC(=O)C1=C(O)N=N1,113.076,4,2,1,1,5,88.04,-0.3354,0
CNC1OC(=N)OC1=N,129.119,5,3,1,1,5,78.19,-0.5092600000000003,1
N=CN1CC(=O)NCO1,129.119,3,2,1,1,5,65.42,-1.0856299999999999,0
NC(C=O)C1=NC(=O)O1,128.087,4,1,2,1,5,81.75000000000001,-0.9387000000000001,1
CN=C(O)c1ncno1,127.103,4,1,1,1,5,71.51,0.00400000000000017,0
N=C1NC=COC(=N)O1,127.103,4,3,0,1,5,78.19000000000001,-0.03646000000000005,0
Cc1nn[nH]c(=NCN)n1,140.15,5,2,1,1,6,92.84,-1.6749799999999997,0
N=C(N)C1=NC(N)=C1,110.12,3,3,1,1,4,88.25,-0.8229299999999997,0
N=C1C(O)=C(N)N1C=O,127.10300000000001,4,3,1,1,5,90.41,-0.87853,0
CN=C1NCOC(=N)O1,129.119,4,2,0,1,5,66.7,-0.49913000000000024,0
N=C1CC(=O)NC(=N)O1,127.10299999999998,4,3,0,1,5,86.03000000000002,-0.5650600000000003,0
N=C1N=NC=C1C=O,109.08799999999998,3,1,1,1,4,65.64,0.51227,0
N#CC(=N)NC1=CN=N1,121.103,4,2,1,1,5,84.39,0.34155,0
Cn1cnc(N)nc1=N,125.135,5,2,0,1,5,80.58000000000001,-1.12323,0
COc1nonc1C#N,125.087,5,0,1,1,5,71.94,-0.05012000000000011,0
CN=c1[nH]cnncc1=N,137.146,4,2,0,1,5,77.78,-1.1853300000000004,0
Cc1n[nH]c(=O)nc1N,126.119,4,2,0,1,5,84.66,-0.9444800000000002,0
CCc1n[nH]nnc1=O,126.11899999999999,4,1,1,1,5,71.53,-0.8777000000000001,0
C#CC(=O)n1cn[nH]1,109.088,3,1,0,1,4,50.68,-0.5154000000000001,0
N=C1NC(=N)N1C=O,112.092,3,3,1,1,5,80.04,-1.08246,0
N=CN1C=NC(=O)OC1,127.10299999999998,3,1,1,1,5,65.75,0.031470000000000053,0
CCc1noc(=O)n1N,129.119,5,1,1,1,5,74.05,-0.8875000000000002,0
O=CC1OC(=O)C1=O,114.05599999999998,4,0,1,1,4,60.440000000000005,-1.3202,1
NC1=CC(=O)C(=O)N1,112.088,3,2,0,1,4,72.19,-1.5146,0
CC(O)C1=NN=C1N,113.12000000000002,4,2,1,1,4,70.97,-0.9060000000000001,1
N=C1NCC(=O)OC1N,129.119,4,3,0,1,5,88.2,-1.60513,1
NC(=O)c1cnc(N)o1,127.103,4,2,1,1,5,95.14,-0.6443000000000001,0
N#CC(=O)c1cn[nH]n1,122.087,4,1,1,1,5,82.42999999999999,-0.48901999999999995,0
N=C1N=C(O)C(CN)=N1,126.119,2,3,1,1,5,94.82,-0.70903,0
N=CON=C1OCC1=N,127.103,5,2,2,1,5,78.52000000000001,-0.026460000000000095,0
Nc1nnc(C=O)n1CO,142.118,6,2,2,1,6,94.03000000000002,-1.3774000000000004,0
N=C1N=C(N)C(=N)N1,111.108,3,4,0,1,5,98.11000000000001,-1.1411600000000002,0
N=C1OC(=N)C(=NO)O1,129.075,6,3,0,1,6,98.75,-0.26705999999999996,0
CNC1=NOC1=NC=O,127.10299999999998,4,1,1,1,5,63.050000000000004,-0.8956000000000002,0
O=Cc1nc(CO)n[nH]1,127.103,4,2,2,1,5,78.87,-0.8905000000000003,0
N=c1[nH]cncc1N=O,124.103,4,2,1,1,5,81.96000000000001,0.28706999999999994,0
N=C1C=C(N)N=C1O,111.104,3,3,0,1,4,82.46000000000001,-0.22363000000000027,0
N=C1OC=NCOC1=O,128.087,5,1,0,1,5,71.74000000000001,-0.47713000000000005,0
N=C1COC(=N)OCO1,130.103,5,2,0,1,5,75.39,-0.08066000000000012,0
NCc1nnc(C=O)[nH]1,126.11899999999997,4,2,2,1,5,84.66,-0.9241000000000004,0
N=CN1CCOC(=O)CO1,144.12999999999997,4,1,1,1,5,62.620000000000005,-0.6161300000000003,0
CN=c1[nH]cnnc1N,125.135,4,2,0,1,5,79.95,-1.0826,0
N=C1NC(C=O)N=CO1,127.103,4,2,1,1,5,74.54,-0.9057300000000001,1
N=C1COC(=N)C(=N)O1,127.103,5,3,0,1,5,90.01,-0.034989999999999966,0
N=C1NC(=O)C(C=O)O1,128.087,4,2,1,1,5,79.25000000000001,-1.3649300000000002,1
O=Cc1[nH]nnc1O,113.076,4,2,1,1,5,78.87,-0.6772000000000001,0
Nc1ncoc1C=NC=O,139.11399999999998,4,1,2,1,5,81.47999999999999,-0.16790000000000016,0
O=C1NC(=O)C(=O)CO1,129.071,4,1,0,1,5,72.47,-1.1781000000000001,0
Nc1ncc(C=O)nn1,124.103,5,1,1,1,5,81.76,-0.7337000000000002,0
COc1n[nH]nc1C=N,126.11899999999999,4,2,2,1,5,74.65,-0.1890300000000002,0
O=C1N=C(O)C(CO)=N1,128.08699999999996,2,2,1,1,5,82.25,-0.49019999999999997,0
O=CN1NCC(=O)C1O,130.103,4,2,1,1,5,69.64,-2.1494999999999993,1
N=C1C=C(C=O)N=N1,109.088,3,1,1,1,4,65.64,0.51227,0
N=C1CC(=O)OC(=N)O1,128.087,5,2,0,1,5,83.23,-0.13806000000000002,0
CC1=NC(=O)C(N)=N1,111.104,3,1,0,1,4,67.81,-0.6978,0
N=C(CO)c1nnc[nH]1,126.119,4,3,2,1,5,85.65,-0.8351300000000004,0
COC1=NC(=O)C(O)=C1,127.09899999999998,3,1,0,1,4,58.89,0.013399999999999912,0
CC(=O)C1=NOC1=N,112.088,4,1,1,1,4,62.51,-0.06112999999999996,0
Cc1nc(O)nc(=N)o1,127.10299999999998,5,2,0,1,5,83.00000000000001,-0.4369100000000001,0
O=c1cnc(CCO)no1,142.114,5,1,2,1,5,76.22,-1.0354,0
N=CN1C(=N)OCOC1=O,143.10199999999998,5,2,1,1,6,86.47,-0.04546,0
N=C1N=C(C=O)N=C1O,125.08699999999997,3,2,1,1,5,85.87,-0.4688299999999999,0
CC1=C(F)N=NC1=N,113.09500000000001,2,1,0,1,4,48.57,1.63047,0
Cc1nncnc1N=N,123.119,5,1,1,1,5,74.88,0.84249,0
N=CN1CC(=O)NC=N1,126.11899999999999,3,2,1,1,5,68.55000000000001,-1.03143,0
N=CNC1=CNCC(=O)N1,140.146,3,4,2,1,5,77.01,-1.29863,0
CNc1onnc1C=O,127.103,5,1,2,1,5,68.02000000000001,-0.0762000000000001,0
N#CC(O)C1=NC(N)=N1,124.10300000000002,5,2,1,1,5,94.75999999999999,-1.40232,1
N=C1C(N)=CN=C1OC=O,139.11399999999998,5,2,1,1,5,88.53,-0.6086300000000002,0
Nc1ncc(C=O)o1,112.08799999999998,4,1,1,1,4,69.12,0.06930000000000003,0
N=C1OCC(=O)OC1=N,128.087,5,2,0,1,5,83.22999999999999,-0.48566000000000015,0
NC(=O)C1=NC(=O)O1,114.05999999999999,3,1,1,1,5,81.75000000000001,-0.9796,0
N=C1C=NC(=N)OCO1,127.103,4,2,0,1,5,78.52000000000001,-0.026460000000000095,0
N=C1COC(=N)OCO1,130.103,5,2,0,1,5,75.39,-0.08066000000000012,0
COC1=NN=C(N)C1=N,126.119,5,2,0,1,5,83.82,-0.66313,0
O=CC1COC(=O)C1O,130.099,4,1,1,1,4,63.60000000000001,-1.2808,2
CC1=NC(=O)N=C1N,111.104,2,1,0,1,4,67.81,-0.061899999999999844,0
N=c1[nH]cncnc1=O,124.103,4,2,0,1,5,82.49000000000001,-1.3556300000000001,0
CN=C1N=NC(=N)N1,111.10799999999999,2,2,0,1,5,72.96,-0.03762999999999994,0
N=C1NC(=N)C(O)CO1,129.119,4,4,0,1,5,89.19000000000001,-1.1208600000000002,1
N=C1OCOC(=N)O1,116.076,5,2,0,1,5,75.39,-0.1231600000000001,0
NC1=NN=C1C=NCO,126.11899999999999,5,2,2,1,5,83.33,-1.2662000000000002,0
N=C1N=C(C(=O)O)N1,113.07599999999998,2,3,1,1,5,85.54,-0.9925299999999999,0
N=C1COC(=N)OCO1,130.103,5,2,0,1,5,75.39,-0.08066000000000012,0
COC1=NC(=O)C(N)=N1,127.10300000000001,4,1,0,1,5,77.03999999999999,-1.1138000000000003,0
N=C1COC(=N)OCO1,130.103,5,2,0,1,5,75.39,-0.08066000000000012,0
N=c1ccnc(N)n1O,126.119,5,3,0,1,5,87.92,-0.81793,0
O=CC1=C(CO)NCO1,129.11499999999998,4,2,2,1,4,58.56,-1.0335000000000003,0
N=C1N=CN=C1C=O,109.08799999999998,3,1,1,1,4,65.64,-0.35453,0
N=C1NC(=O)C(=O)O1,114.05999999999999,4,2,0,1,5,79.25000000000001,-1.4058300000000001,0
N=C1N=NC(C=O)=N1,110.076,3,1,1,1,5,78.0,-0.015629999999999977,0
Nc1nc(=O)[nH]n1C=O,128.09099999999998,5,2,1,1,6,93.76999999999998,-1.8081000000000003,0
N=CN1CC(=O)C(=O)O1,128.087,4,1,1,1,5,70.46000000000001,-1.06363,0
COC1=NC(CC#N)=N1,123.11500000000001,4,0,1,1,4,57.739999999999995,0.31457999999999997,0
N=CN1C=NC(=O)OC1,127.10299999999998,3,1,1,1,5,65.75,0.031470000000000053,0
N=CN=C1NN=NC1=N,124.107,3,3,1,1,6,96.81,-0.06036000000000008,0
CC(=N)n1[nH]ccc1=O,125.13099999999997,3,2,0,1,4,61.64,0.021669999999999967,0
CNC1=NC(=O)C(=O)O1,128.087,4,1,0,1,5,67.76,-1.3548000000000002,0
CC1(N)COCC1=NO,130.14700000000002,4,2,0,1,4,67.84,-0.43580000000000013,1
COC1=NN=C1C=N,111.10399999999998,4,1,1,1,4,57.800000000000004,0.05046999999999996,0
Cc1nc(C=N)nn1CO,140.14600000000002,5,2,2,1,5,74.79,-0.46601000000000015,0
N=Cc1onnc1CO,127.103,5,2,2,1,5,83.0,-0.44043000000000004,0
N=C1N=NC=C1C=NO,124.10299999999998,4,2,1,1,5,81.16,0.7733699999999999,0
CC(=O)C1=NN=C1N,111.10400000000001,4,1,1,1,4,67.81,-0.6978,0
COC1=NC(N)=NC1=O,127.10300000000001,4,1,0,1,5,77.03999999999999,-1.1138000000000001,0
N=c1nnoc(=N)o1,114.064,6,2,0,1,6,99.76,-1.3784600000000002,0
N=C1NCOC(=O)CO1,130.103,4,2,0,1,5,71.41,-0.9583300000000001,0
CN=C1N=NC(=N)O1,112.09199999999998,3,1,0,1,5,70.16,0.38937000000000005,0
Nc1nnc(C=O)n1C=O,140.10199999999998,6,1,2,1,6,90.87,-1.2889000000000004,0
N=C1NC(=O)C(C=O)O1,128.087,4,2,1,1,5,79.25000000000001,-1.3649300000000002,1
N=C1OC=NC1CO,114.10399999999998,4,2,1,1,4,65.67,-0.61693,1
NC1=C(O)C=NC1=O,112.088,3,2,0,1,4,75.68,-0.6742999999999999,0
Nc1n[nH]c(C=O)n1,112.09199999999998,4,2,1,1,5,84.66,-0.8006000000000004,0
CC(O)C1=NC(=N)O1,114.104,3,2,1,1,4,65.67,-0.26933000000000007,1
N=COC1C(=N)NC1=O,127.103,4,3,2,1,5,86.03,-0.9142600000000003,1
C#Cc1n[nH]ncc1=O,121.09899999999998,3,1,0,1,4,58.64,-0.8537999999999999,0
N#CC(N)C1=CN=[N+]1[O-],124.103,4,1,1,1,5,88.24000000000001,-0.3452199999999998,1
N=C1OCCOC(=O)O1,131.087,5,1,0,1,5,68.61,0.10457000000000011,0
COC1=NN=C1NC=N,126.11899999999999,4,2,1,1,5,69.83000000000001,-0.4449300000000002,0
CC(=O)c1nnc(N)o1,127.10300000000001,5,1,1,1,5,82.01,-0.14559999999999984,0
COC1=NC(=N)N=C1N,126.11900000000001,3,2,0,1,5,83.82,-0.66313,0
Cc1noc(=N)nc1N,126.11900000000001,5,2,0,1,5,88.79,-0.5603100000000001,0
Cc1nc(=N)[nH]n1C=O,126.11899999999999,4,2,1,1,5,74.53,-0.9626100000000002,0
NC(=O)C1=NC(=O)O1,114.05999999999999,3,1,1,1,5,81.75000000000001,-0.9796,0
NC(=O)c1c[nH]nc1N,126.119,3,3,1,1,5,97.79,-0.9092000000000005,0
N=C1CNCOC(=O)N1,129.119,4,3,0,1,5,74.21,-0.7494300000000003,0
N=C1OCOC1=NC=O,128.087,4,1,1,1,5,71.74000000000001,-0.47713000000000005,0
COC1=NC(N)=C1C=O,126.115,4,1,1,1,4,64.68,-0.5859000000000001,0
N=CC1=NC(=O)N1O,113.076,3,2,1,1,5,76.75,-0.1407299999999999,0
N=C1N=CN=C1CO,111.10399999999998,3,2,1,1,4,68.8,-0.5611300000000001,0
O=CC(=O)n1nc[nH]1,113.076,4,1,1,1,5,67.75,-0.9497000000000004,0
N=C1NC(=O)C(=O)CO1,128.087,4,2,0,1,5,79.25000000000001,-1.36333,0
CC1=NC(=N)N=C1O,111.10399999999998,1,2,0,1,4,68.8,0.3521700000000001,0
N=C1NC=C(O)OCO1,130.103,4,3,0,1,5,74.57000000000001,-0.12803000000000014,0
N=C1C=NN1C(N)C=O,126.11899999999999,4,2,2,1,5,82.53999999999999,-1.2512299999999998,1
CC1=NN=C(N)C1=N,110.12,4,2,0,1,4,74.59,-0.24712999999999996,0
N=Cc1cn[nH]c(=N)n1,123.119,4,3,1,1,5,89.27,-0.7181600000000001,0
COC1=NC(=O)N=C1O,128.087,2,1,0,1,5,71.25,0.12140000000000001,0
CC(=O)n1ncc(O)n1,127.10299999999998,5,1,0,1,5,68.01,-0.3562,0
N=C1N=C(N)N=C1C=O,124.103,4,2,1,1,5,91.66,-1.06813,0
N=C1N=CN=C1C(N)=O,124.103,3,2,1,1,5,91.66,-1.0681300000000002,0
N#CCc1nc(N)no1,124.10300000000001,5,1,1,1,5,88.73,-0.28212000000000004,0
O=c1cnc(CO)c[nH]1,126.11499999999998,3,2,1,1,4,65.97999999999999,-0.7378,0
CN1C=NNC(=O)N1CO,144.13400000000001,4,2,1,1,6,68.17,-1.2485,0
N=C1NC(=O)C(=O)O1,114.05999999999999,4,2,0,1,5,79.25000000000001,-1.4058300000000001,0
N=CN1NC(=NO)C1=O,128.09099999999998,4,3,1,1,6,88.78,-1.2720299999999998,0
N=CNC1=NC=NC1=N,123.119,3,3,1,1,5,84.45,-0.3992599999999999,0
N=C1COC(=N)C(=O)N1,127.103,4,3,0,1,5,86.03,-0.9126600000000002,0
NC(=O)Oc1cocn1,128.087,4,1,1,1,5,78.35000000000001,0.1321000000000001,0
CN1N=C(C=O)N=C(N)O1,142.118,6,1,1,1,6,80.28,-1.3095000000000006,0
N=C1OC(=O)OC1CO,131.087,5,2,1,1,5,79.61,-0.5086300000000001,1
COC1COC(=N)C1=O,129.115,4,1,1,1,4,59.38,-0.4220300000000003,1
N=Cc1cc(N)n(CO)n1,140.14600000000002,5,3,2,1,5,87.92,-0.5872300000000001,0
NC1=NN=C1C(=O)O,113.07599999999998,4,2,1,1,5,88.04,-1.2022,0
COC1=CC(N)=NC1=O,126.11500000000001,3,1,1,1,4,64.68,-0.5859000000000001,0
N#CCc1noc(CN)n1,138.13,5,1,2,1,5,88.73,-0.40562000000000004,0
N=C1OCC(=O)OC1=N,128.087,5,2,0,1,5,83.22999999999999,-0.48566000000000015,0
N=C1OC(=N)C(=O)O1,114.05999999999999,5,2,0,1,5,83.23,-0.5281600000000002,0
Cn1c(O)nnc1C=N,126.119,5,2,1,1,5,74.78999999999999,-0.48162999999999995,0
COC1=NOC(=N)C1=O,128.087,5,1,0,1,5,71.74000000000001,-0.47713,0
CN=C1N=C(N)N1C=N,125.135,3,2,1,1,5,77.83,-0.7904299999999997,0
Cc1onnc(=N)c1C=O,139.11399999999998,5,1,1,1,5,79.84,-0.3300100000000003,0
Cn1ncc(N)nc1=N,125.13500000000002,5,2,0,1,5,80.58000000000001,-1.12323,0
COC1=C(CO)N=N1,114.104,4,1,2,1,4,54.18,0.25999999999999995,0
N=C1OCC(=O)COC1=O,143.09799999999998,5,1,0,1,5,76.44999999999999,-0.8938300000000001,0
N=C1C=NC(N)=[N+]1[O-],112.09200000000001,4,2,0,1,5,88.30000000000001,-1.12693,0
C#CCc1nn[nH]c(=N)n1,135.13,4,2,1,1,5,78.31,-1.1451300000000002,0
CN=c1ncoc(=N)o1,127.10299999999998,5,1,0,1,5,75.38,-0.7224300000000003,0
CCC1=C(N)C(=N)N=N1,124.147,3,2,1,1,4,74.59,1.00977,0
N=CN1C(=O)OC1C=O,128.08699999999996,4,1,2,1,5,70.46000000000001,-0.42933,1
Nc1[nH]cnc1C=O,111.10399999999998,3,2,1,1,4,71.77000000000001,-0.19559999999999994,0
N=C1N=C(CO)C(=N)O1,127.10299999999998,4,3,1,1,5,89.52,-0.6380600000000001,0
NC(=O)C1=NOC1=O,114.05999999999999,4,1,1,1,5,81.75,-1.6155,0
Cc1nnc(N)n1C=N,125.135,5,2,1,1,5,80.58,-0.3761100000000001,0
N=C1OCC(=O)N1C=O,128.087,4,1,1,1,5,70.46000000000001,-1.06363,0
N=C1N=C(CO)N=C1CN,140.146,4,3,2,1,5,94.82,-1.23223,0
CNC1=C(O)C(CO)=N1,128.13099999999997,4,3,2,1,4,64.85,-0.6202000000000001,0
N=Cn1nc(N)cc1N,125.135,5,3,1,1,5,93.71,-0.4973300000000002,0
N=C1COC(=O)NC1=N,127.103,4,3,0,1,5,86.03,-0.27676000000000023,0
N=C1C(N)=CN=C1NC=O,138.13,4,3,1,1,5,91.33000000000001,-1.0356300000000003,0
N=C1CNC(=O)N1C=O,127.10299999999998,3,2,1,1,5,73.26,-0.8547300000000002,0
O=COC1=NC(O)=N1,114.05999999999999,4,1,1,1,5,71.25,-0.5569999999999999,0
N=C1OCNC(=O)CO1,130.10299999999998,4,2,0,1,5,71.41,-0.9583300000000003,0
CNC1=NC=NC1=O,111.10399999999998,3,1,0,1,4,53.82,-0.8272000000000002,0
N=CN1NCNC1C=O,128.135,4,3,2,1,5,68.22,-1.5142300000000002,1
COCC1=NC(=N)N=C1N,140.146,3,2,2,1,5,83.82,-0.62063,0
CC(O)C1=NC(=N)O1,114.104,3,2,1,1,4,65.67,-0.26933000000000007,1
Cc1nnc(C=O)n1N,126.119,5,1,1,1,5,73.8,-0.8871800000000001,0
CCn1c(N)nnc1C=O,140.14600000000002,5,1,2,1,5,73.80000000000001,-0.3073000000000001,0
CN=C1N=CN=C1N,110.12,3,1,0,1,4,63.099999999999994,-0.5861999999999998,0
N=CN1C=NC(C=O)O1,127.10299999999997,4,1,2,1,5,65.75,-0.6060300000000001,1
COC(=N)C1=NC(O)=N1,127.103,4,2,1,1,5,78.03,-0.06383000000000005,0
N=CN1C(=O)C=C1N,111.10399999999998,3,2,1,1,4,70.18,-0.76423,0
N=C1NCC(=N)C(=O)N1,126.119,3,4,0,1,5,88.83000000000001,-1.3396599999999999,0
CN=C1N=C(N)N1C=O,126.119,3,1,1,1,5,71.05,-1.2411,0
CC1(C(=O)C#N)OCO1,127.099,4,0,1,1,4,59.32000000000001,-0.20042000000000004,0
N=C1OCC(=O)N1C=O,128.087,4,1,1,1,5,70.46000000000001,-1.06363,0
N=CC1=NC(=N)N=C1N,123.11900000000001,3,3,1,1,5,98.44,-0.6174600000000001,0
N#CCC1=NC(O)=C1N,123.115,4,2,1,1,4,82.39999999999999,0.04048000000000013,0
CCN=C1N=NOC1=N,126.119,4,1,1,1,5,70.16,0.7794700000000001,0
N=C1NCNC(=O)CO1,129.119,3,3,0,1,5,74.21000000000001,-1.3853300000000002,0
N=C1OCOC(N)C1=O,130.103,5,2,0,1,5,85.4,-1.1781300000000001,1
Cc1noc(N)c1C=N,125.131,4,2,1,1,4,75.9,0.5628900000000001,0
CC(=O)OC1NCC1=O,129.115,4,1,1,1,4,55.4,-0.9521000000000002,1
Cc1noc(=O)c(=N)o1,128.087,5,1,0,1,5,80.09,-0.5843099999999999,0
CC(=O)c1[nH]nnc1N,126.11900000000001,4,2,1,1,5,84.66,-0.41050000000000003,0
O=C1N=C(CO)N=C1O,128.087,3,2,1,1,5,82.25,-1.1261,0
NC1=CN=C(N)C1=O,111.104,4,2,0,1,4,81.47,-1.2735999999999998,0
NC(=O)c1conc1O,128.087,4,2,1,1,5,89.35000000000001,-0.5209,0
NCC1=NC(=O)C(N)=N1,126.119,4,2,1,1,5,93.83,-1.7589999999999995,0
O=CC1C(=O)NC1=O,113.07199999999999,3,1,1,1,4,63.24,-1.5421,0
N=C1C(N)=CN=C1N,110.12,4,3,0,1,4,88.25,-0.8229300000000002,0
N=C1COC(=N)OCO1,130.103,5,2,0,1,5,75.39,-0.08066000000000012,0
NC1=NC(=O)C(C=O)=N1,125.08699999999997,4,1,1,1,5,84.88,-1.5188,0
N=C1COC(=O)N=CN1,127.103,3,2,0,1,5,74.53999999999999,-0.26823000000000013,0
COC1=NC(=O)NC1=O,128.087,3,1,0,1,5,67.75999999999999,-0.7189000000000001,0
N=Cc1nc(N)n(C=O)n1,139.118,6,2,2,1,6,97.64999999999999,-1.1037300000000003,0
N=C(N)C1NC(=O)O1,115.09199999999998,3,3,1,1,5,88.2,-1.0117299999999996,1
CC1=NC(=N)N=C1N,110.12,2,2,0,1,4,74.59,-0.24712999999999996,0
CC(=O)C1=NC(O)=N1,112.088,3,1,1,1,4,62.019999999999996,-0.09849999999999998,0
NC1=NC=NC(=O)C1=O,125.08699999999997,4,1,0,1,5,84.88,-1.5188,0
NC(=O)C1=NN=C1N,112.09200000000001,4,2,1,1,5,93.83,-1.8014999999999999,0
NC1=NC(=O)C(N)=N1,112.092,4,2,0,1,5,93.83,-1.8014999999999999,0
N=C1N=C(C(N)=O)O1,113.076,3,2,1,1,5,88.53000000000002,-1.1648300000000003,0
NC(=O)c1cnno1,113.076,4,1,1,1,5,82.01,-0.8315000000000001,0
N=C1NC(=O)CC(=O)N1,127.103,3,3,0,1,5,82.05000000000001,-1.4427300000000005,0
CNC(=O)c1cnno1,127.103,4,1,1,1,5,68.02000000000001,-0.5708000000000002,0
N=CC1=NC=C(N)C1=O,123.115,4,2,1,1,4,79.30000000000001,-0.5402300000000002,0
CNC1=C(N)OC1=NC=O,141.13,4,2,2,1,5,76.71000000000001,-1.0813000000000004,0
Cc1nc(N)nn1C=O,126.119,5,1,1,1,5,73.8,-0.7929800000000002,0
N#Cc1ncc(N)n1O,124.103,5,2,0,1,5,87.86,-0.42572000000000026,0
COC1=C(O)C(=N)N=N1,127.103,4,2,1,1,5,78.03,0.80297,0
NC(=O)C1=NN=C1CO,127.103,4,2,2,1,5,88.04,-1.7254,0
CN=C1N=CN=C1N,110.12,3,1,0,1,4,63.099999999999994,-0.5861999999999998,0
CN=C1ON=C(N)C1=N,126.119,5,2,0,1,5,83.82,-0.66313,0
O=C1OCCC(O)=[N+]1[O-],131.087,3,1,0,1,5,72.6,-0.006500000000000006,0
N=C1OCN(C=O)CO1,130.10299999999998,4,1,1,1,5,62.620000000000005,-0.6586300000000003,0
NC1=NC=C(CO)C1=O,126.11499999999998,4,2,1,1,4,75.68,-1.1975000000000002,0
N=C1OCC(C(=N)O)O1,130.10299999999998,4,3,1,1,5,86.39,-0.12816000000000005,1
N=C1NC(=O)C(=O)CO1,128.087,4,2,0,1,5,79.25000000000001,-1.36333,0
COCC1=C(O)OC1=N,129.11499999999998,4,2,2,1,4,62.54,0.40987000000000007,0
N=C1COCOC(=O)N1,130.103,4,2,0,1,5,71.41,-0.32242999999999994,0
N#CCOc1cnc(N)o1,139.114,5,1,2,1,5,85.07,0.15918,0
N=C1N=C(CO)N=C1N,126.119,4,3,1,1,5,94.82,-1.2747300000000001,0
C#CCc1n[nH]nnc1=N,135.13000000000002,4,2,1,1,5,78.31,-1.1451300000000002,0
NC1=CC(=O)N=C1O,112.088,2,2,0,1,4,75.68,-0.6742999999999999,0
CN=C1N=CN=C1C=N,122.13099999999999,3,1,1,1,4,60.93,0.14717000000000008,0
NC(=O)c1nc[nH]n1,112.092,3,2,1,1,5,84.66000000000001,-1.0964000000000005,0
CN=C1N=CC(N)=[N+]1[O-],126.119,3,1,0,1,5,76.80999999999999,-1.0758999999999999,0
Cn1ncnc1CC=N,124.14699999999999,4,1,2,1,4,54.56,0.007170000000000176,0
C#Cc1nc(N)nn1N,123.11900000000003,5,2,0,1,5,82.75,-1.4446000000000003,0
N=C1COC(=N)C(=O)O1,128.087,5,2,0,1,5,83.23,-0.48566000000000015,0
CC1N=CC(=O)N=CO1,126.115,3,0,0,1,4,51.019999999999996,-0.011700000000000044,1
CN=C1NC(O)=NC1=O,127.10299999999998,2,2,0,1,5,74.05000000000001,-0.9415000000000002,0
CN=c1ncnc[nH]c1=O,138.13,4,1,0,1,5,71.0,-1.3046000000000006,0
N=C1NC(=N)C(=O)OCO1,143.102,5,3,0,1,6,95.26000000000002,-0.98106,0
N=C(O)CC1(N)NCO1,131.13500000000002,4,4,2,1,5,91.36,-0.8984299999999998,1
COC1=NC(=N)C(CO)=N1,141.13,4,2,1,1,5,78.03,-0.5870299999999999,0
N=C1OC(=N)OC(C=O)O1,144.08599999999998,6,2,1,1,6,92.46,-0.5556600000000003,0
N=C1NCC(=O)C(=N)O1,127.103,4,3,0,1,5,86.03000000000002,-0.9126600000000002,0
NC(=O)c1c[nH]n[n+]1[O-],128.091,3,2,1,1,6,98.71000000000001,-1.8579999999999997,0
N=C1OCOC(=N)C1=O,128.087,5,2,0,1,5,83.22999999999999,-0.48566000000000015,0
N=C1NCNC(=O)CO1,129.119,3,3,0,1,5,74.21000000000001,-1.3853300000000002,0
CN=C1N=COC1=N,111.10399999999998,3,1,0,1,4,57.800000000000004,0.05047000000000007,0
N=c1ncoc(=N)n1N,127.10700000000001,6,3,0,1,6,104.67999999999999,-1.8511600000000001,0
O=c1cnoc(=O)o1,115.04399999999998,5,0,0,1,5,73.31,-1.012,0
N=C1OCCOC(=O)CO1,145.11399999999998,5,1,0,1,5,68.61,-0.4888300000000001,0
N=C1CNC(=N)OC=N1,126.11899999999999,3,3,0,1,5,81.32000000000001,-0.4534600000000004,0
N=CNc1cn[nH][n+]1[O-],127.107,3,3,2,1,6,91.5,-0.9379300000000002,0
N=Cn1nc(N)oc1=N,127.107,6,3,1,1,6,104.68,-1.0070600000000003,0
CC(O)C1=NC(=N)N=N1,126.11900000000001,3,2,1,1,5,81.16000000000001,0.16626999999999992,1
N=C1COC(=N)N1C=O,127.103,4,2,1,1,5,77.24000000000001,-0.6129600000000002,0
CN=C1N=C(N)OC1=N,126.119,4,2,0,1,5,83.82,-0.66313,0
N=CN1CC(=O)C(=N)O1,127.10299999999998,4,2,1,1,5,77.24000000000001,-0.61296,0
N=c1oc(N)ncc1N,126.11900000000001,5,3,0,1,5,101.92,-0.6815300000000002,0
CN=C1C=NOC1=N,111.10399999999998,4,1,0,1,4,57.800000000000004,0.05046999999999996,0
CC(=O)C(N)C1=NO1,114.104,4,1,2,1,4,67.98,-0.7536,1
CC1(OC=O)NC(=O)O1,131.087,4,1,2,1,5,64.63,-0.4271,1
CN=C1NC(=O)N1CO,129.119,3,2,1,1,5,64.93,-1.0528000000000002,0
COC1=CC(N)=NC1=O,126.11500000000001,3,1,1,1,4,64.68,-0.5859000000000001,0
N=C(O)c1ncn[nH]1,112.092,3,3,1,1,5,85.65,-0.31193,0
N=C1C=C(CN)N=C1O,125.131,3,3,1,1,4,82.46000000000001,-0.18113000000000024,0
CC(=O)C1=NOC1=O,113.07199999999999,4,0,1,1,4,55.73,-0.5118,0
CC1=NC(=NO)C(=O)N1,127.10299999999998,3,2,0,1,5,74.05,-0.6777000000000002,0
N#CC(N)N1N=CC1=N,123.11899999999999,4,2,1,1,5,89.25999999999999,-0.9265500000000002,1
N=c1occ(N)nc1C=O,139.114,5,2,1,1,5,92.97,-0.45123000000000024,0
O=Cc1cn(O)c(O)n1,128.08699999999996,5,2,1,1,5,75.35000000000001,-0.36150000000000004,0
N=c1[nH]c(=N)oc(=O)o1,129.075,5,3,0,1,6,106.83999999999999,-1.4801600000000006,0
N=C1CNC(=O)N=CO1,127.10299999999998,3,2,0,1,5,74.54,-0.26823000000000013,0
N=C1N=C(CO)C(=N)O1,127.10299999999998,4,3,1,1,5,89.52,-0.6380600000000001,0
N=CN1C(=O)NC1=O,113.07599999999998,3,2,1,1,5,73.26,-0.26133,0
NC(=O)n1ccc(N)n1,126.119,4,2,0,1,5,86.93,-0.6079000000000001,0
CC(=O)Nc1nc[nH]n1,126.119,3,2,1,1,5,70.67,-0.23690000000000028,0
CNC1=NC=NC1=N,110.11999999999999,3,2,0,1,4,60.6,-0.3765300000000002,0
N=C1OC(=O)C1C=O,113.07199999999997,4,1,1,1,4,67.22,-0.6644300000000001,1
N=C1N=CNC(=O)CN1,126.11899999999999,2,3,0,1,5,77.34,-1.3311300000000004,0
COC1=NC(=O)C(N)=N1,127.10300000000001,4,1,0,1,5,77.03999999999999,-1.1138000000000003,0
Cc1n[nH]c(=O)c(=N)o1,127.10299999999998,4,2,0,1,5,82.74,-0.8492100000000002,0
N#Cc1coc(=O)n1N,125.087,5,1,0,1,5,84.95,-0.9732200000000002,0
Nc1nnc(CO)n1C=O,142.118,6,2,2,1,6,94.03,-1.6091000000000004,0
O=Cc1noc(=O)[nH]1,114.05999999999999,4,1,1,1,5,75.96000000000001,-0.8246,0
Cc1nc(N)nn1C=O,126.119,5,1,1,1,5,73.8,-0.7929800000000002,0
N=C1N=C(CO)C(=N)O1,127.10299999999998,4,3,1,1,5,89.52,-0.6380600000000001,0
COC1=NC(=O)C(N)=N1,127.10300000000001,4,1,0,1,5,77.03999999999999,-1.1138000000000003,0
N=CNc1coc(=O)o1,128.087,4,2,2,1,5,79.23,0.25176999999999994,0
N=CN1CC(=N)C(=O)O1,127.10299999999998,4,2,1,1,5,77.24000000000001,-0.6129600000000002,0
N=C1C=C(CO)C(=N)O1,126.11499999999998,4,3,1,1,4,77.16000000000001,-0.11015999999999998,0
N=C(N)N1C=NC1=O,112.09199999999998,2,2,0,1,5,82.53999999999999,-0.6562299999999999,0
CCc1n[nH]nnc1=N,125.13499999999999,4,2,1,1,5,78.31,-0.7584300000000004,0
CC(=NO)C1=NC(=O)N1,127.103,3,2,1,1,5,74.05,-0.04179999999999995,0
N=C(O)C1OC1C=O,115.08799999999998,3,2,2,1,4,73.68,-0.5120300000000002,2
CC(=O)c1nnc(N)o1,127.10300000000001,5,1,1,1,5,82.01,-0.14559999999999984,0
C[N+](CO)C1=NC(=O)N=N1,142.118,4,1,1,1,6,80.28,-0.3521,0
Cn1ncnc1NC=O,126.11899999999999,4,1,2,1,5,59.81,-0.6166,0
COc1cc(=O)[nH]n1O,130.103,4,2,1,1,5,67.25,-0.5777000000000001,0
N=C1CC(=O)C(=NO)O1,128.087,5,2,0,1,5,82.74000000000001,-0.25923,0
N=c1nc[nH]c(=N)o1,112.09199999999998,4,3,0,1,5,89.52,-1.03836,0
N#Cc1nc(C=O)no1,123.07099999999998,5,0,1,1,5,79.78,-0.2462200000000001,0
Nc1cnc(N)n1C=O,126.119,5,2,1,1,5,86.92999999999998,-0.9142000000000001,0
CC1=NCNC(=O)OCO1,144.12999999999997,4,1,0,1,5,59.92,0.0762000000000001,0
Nc1cn(C=O)nc1O,127.10299999999998,5,2,1,1,5,81.14,-0.7908000000000002,0
N=CN1C=NC(O)C1=O,127.10299999999997,4,2,1,1,5,76.75,-1.2176300000000002,1
CN=C1NC(=O)N=C1N,126.119,3,2,0,1,5,79.84,-0.9049,0
CNc1nc(C#N)n[nH]1,123.119,4,2,1,1,5,77.39,-0.28192000000000006,0
CN=C1OC(=N)C(=O)O1,128.087,5,1,0,1,5,71.74,-0.47713,0
N=C1OC(=N)C(=N)O1,113.076,5,3,0,1,5,90.01,-0.07748999999999995,0
N=C1COC(=N)C(=O)O1,128.087,5,2,0,1,5,83.23,-0.48566000000000015,0
CC(=O)C1=NN=C1N,111.10400000000001,4,1,1,1,4,67.81,-0.6978,0
NC1=CC(=O)C(N)=N1,111.10400000000001,4,2,0,1,4,81.47,-1.2735999999999998,0
N=C1CNC(=O)OCN1,129.119,3,3,0,1,5,74.21000000000001,-0.7494300000000003,0
Nc1ncc(=O)oc1N,127.103,5,2,0,1,5,95.14,-0.8008000000000002,0
NC1=NC(=O)C(C=O)=C1,124.09899999999996,3,1,1,1,4,72.52,-0.9909000000000001,0
N=C1OC(=O)NC1=O,114.05999999999999,4,2,0,1,5,79.25,-0.7699300000000002,0
Cn1c(CN)n[nH]c1=O,128.135,4,2,1,1,5,76.7,-1.4328999999999992,0
NC1=CC(CO)=NC1=O,126.115,3,2,1,1,4,75.68,-1.1975,0
O=C1C=NNC1=NCO,127.103,4,2,1,1,5,74.05,-1.5072000000000003,0
NC(=O)C1=NNC1=O,113.076,3,2,1,1,5,84.55000000000001,-2.0425,0
N=C1NCOC(=O)CN1,129.119,3,3,0,1,5,74.21,-1.3853300000000002,0
N=C1NCC(=O)C(=O)O1,128.087,4,2,0,1,5,79.25000000000001,-1.36333,0
N=C(N)C1=NC=NC1=O,124.103,3,2,1,1,5,91.66,-1.06813,0
N=C1OCC(=O)OC1=N,128.087,5,2,0,1,5,83.22999999999999,-0.48566000000000015,0
Nc1cnc(C=O)c(N)n1,138.13,5,2,1,1,5,94.89,-0.5465,0
CN=C1N=CN(N)C1=O,126.119,3,1,0,1,5,71.05000000000001,-1.2411,0
N=C1OC=CNC1O,114.10399999999998,4,3,0,1,4,65.34,-0.6269300000000003,1
COc1n[nH]c(=N)n1CO,144.13400000000001,5,3,2,1,6,86.92,-1.3509300000000004,0
CC1=NN=C(N)C1=O,111.104,4,1,0,1,4,67.81,-0.6978,0
N=C1N=CC(N)=NC1=O,124.10300000000001,3,2,0,1,5,91.66,-1.0681300000000002,0
N=C1OCC(=O)C(=N)O1,128.087,5,2,0,1,5,83.23,-0.48566000000000015,0
N=CN1CNC(=N)OC1,128.13499999999996,3,3,1,1,5,72.2,-0.6349600000000002,0
N=COC1N=CC(=O)O1,128.087,5,1,2,1,5,71.74,-0.4787300000000001,1
N=C1NC=NCC(=O)N1,126.119,3,3,0,1,5,77.34,-1.3311300000000001,0
CNC1=C(CO)N=NC1=O,141.13,4,2,2,1,5,74.05,-0.5979000000000001,0
COC1=CN=NC1N,113.12,4,1,1,1,4,59.97,0.2248000000000001,1
N#CCc1nonc1N,124.10300000000001,5,1,1,1,5,88.73,-0.28212000000000004,0
N=CN1C=C(O)C1=O,112.08799999999998,3,2,1,1,4,64.39000000000001,-0.16493000000000008,0
CC(=O)C1=NC(O)=N1,112.088,3,1,1,1,4,62.019999999999996,-0.09849999999999998,0
N=CN1CONCC1=O,129.119,4,2,1,1,5,65.42000000000002,-1.0856299999999999,0
N=C1NC(=N)C(=O)O1,113.076,4,3,0,1,5,86.03000000000002,-0.95516,0
N=c1[nH]c(=O)nco1,113.076,4,2,0,1,5,82.74,-1.15763,0
C#CCc1nc(N)no1,123.11500000000001,4,1,1,1,4,64.94,-0.1725,0
O=C1N=CN1CCO,114.10399999999998,2,1,2,1,4,52.900000000000006,-0.5573999999999999,0
N=C1OC(=N)C(=O)O1,114.05999999999999,5,2,0,1,5,83.23,-0.5281600000000002,0
NC(=O)C1=NC(O)=N1,113.076,3,2,1,1,5,88.04,-1.2022000000000002,0
N=C1NCC(=O)N=CO1,127.103,3,2,0,1,5,74.54,-0.9041300000000001,0
N#CC(=O)c1c[nH]nn1,122.087,4,1,1,1,5,82.42999999999999,-0.48901999999999995,0
CC1=NC(=N)C(N)=N1,110.12,3,2,0,1,4,74.59,-0.24712999999999996,0
CN=C1N=NC=C1N,110.11999999999999,3,1,0,1,4,63.099999999999994,0.28060000000000007,0
N=C1OC(N)CC1=O,114.104,4,2,0,1,4,76.16999999999999,-0.76213,1
O=CCN1NCOC1=O,130.10299999999998,4,1,2,1,5,58.64000000000001,-0.9004000000000003,0
N=c1ncoc(=N)o1,113.076,5,2,0,1,5,86.87,-0.77346,0
CC(O)C1=CN=NC1=N,125.131,3,2,1,1,4,68.80000000000001,0.6941700000000001,1
N=Cn1c(N)nnc1C=O,139.118,6,2,2,1,6,97.65,-0.8720300000000001,0
N=c1onc(CO)n1N,130.10699999999997,6,3,1,1,6,101.05999999999999,-1.8383299999999996,0
Nc1nc(C=O)c(N)o1,127.10299999999998,5,2,1,1,5,95.14,-0.3485,0
CC(=O)c1nn[nH]c1N,126.11900000000001,4,2,1,1,5,84.66,-0.41050000000000003,0
CN=C1N=C(N)C(=N)N1,125.135,3,3,0,1,5,86.62,-1.0901299999999996,0
N=C1NC(=O)CN=CO1,127.103,4,2,0,1,5,74.54,-0.9041300000000001,0
Nc1cnc(NC=O)o1,127.10299999999998,4,2,2,1,5,81.14999999999999,-0.17490000000000022,0
N=C1C=C(O)C(=O)O1,113.07199999999997,4,2,0,1,4,70.38,-0.03763000000000005,0
N=C1N=C(N)C(O)CO1,129.119,4,3,0,1,5,91.69000000000001,-1.3305300000000002,1
N=CC1(OC(N)=O)CO1,130.103,4,2,2,1,5,88.69999999999999,-0.54223,1
N=C1NCOCC(=O)O1,130.103,4,2,0,1,5,71.41,-0.9583300000000001,0
CN=C1N=CN=C1N,110.12,3,1,0,1,4,63.099999999999994,-0.5861999999999998,0
Nc1ncc(C=O)nn1,124.103,5,1,1,1,5,81.76,-0.7337000000000002,0
COC1=NC(=O)C(F)=N1,130.078,3,0,0,1,5,51.019999999999996,-0.10300000000000009,0
N=c1occ(N)n[n+]1[O-],128.09100000000004,5,2,0,1,6,102.84,-1.6303299999999998,0
CNC1=NC(=O)OCN1,129.119,4,2,0,1,5,62.72,-0.7409000000000001,0
CNC1=[N+]([O-])C(=O)N=C1,127.10299999999998,3,1,0,1,5,67.53,-0.681,0
NC1=NC(=O)C(N)=N1,112.092,4,2,0,1,5,93.83,-1.8014999999999999,0
N=C1CC(=NO)C(=N)N1,126.11899999999999,4,4,0,1,5,92.32,-0.2355600000000001,0
N=C1OCC(=O)NC1N,129.119,4,3,0,1,5,88.2,-1.60513,1
N=C1OCC(=O)OC1=N,128.087,5,2,0,1,5,83.22999999999999,-0.48566000000000015,0
N=CN1C(=N)OC1C=O,127.10299999999997,4,2,2,1,5,77.24000000000001,-0.6145600000000002,1
N=c1cn[nH]c(=N)n1O,127.10699999999999,5,4,0,1,6,101.54,-1.5925599999999998,0
N=C1OC(=N)N1CC=O,127.103,4,2,2,1,5,77.24000000000001,-0.6129600000000002,0
N=c1ncncnc1N,123.119,5,2,0,1,5,88.54,-1.0667300000000002,0
N=Cn1cnc(=O)o1,113.07599999999998,5,1,1,1,5,71.88,-0.7085299999999999,0
N=C1CC(=O)NC(=N)O1,127.10299999999998,4,3,0,1,5,86.03000000000002,-0.5650600000000003,0
NC1=C(O)C(=O)C=N1,112.088,4,2,0,1,4,75.68,-0.6742999999999999,0
COC1=C(N)C(=O)N=N1,127.10300000000001,4,1,1,1,5,77.04,-0.247,0
N=C1NC(=O)OC1=O,114.05999999999999,4,2,0,1,5,79.25,-0.76993,0
CC(=O)n1cnnc1N,126.11900000000001,5,1,0,1,5,73.8,-0.47959999999999997,0
CC(O)C1=C(O)N=N1,114.104,4,2,1,1,4,65.18,0.5601,1
N=C1N=C(O)N=C1CO,127.10299999999998,3,3,1,1,5,89.03,-0.67543,0
Nc1n[nH]c(C=O)[n+]1[O-],128.09099999999998,4,2,1,1,6,98.71,-1.5622,0
NC1=C(F)C(=O)N=N1,115.06700000000001,3,1,0,1,5,67.81,0.07610000000000017,0
N=C1NN=C(CN)C1=O,126.119,4,3,1,1,5,91.33000000000001,-1.5493300000000005,0
N=C1COC(=N)OCO1,130.103,5,2,0,1,5,75.39,-0.08066000000000012,0
CC(=O)NC1=NC(=O)O1,128.087,3,1,0,1,5,67.76,-0.3712999999999999,0
Nc1nncc(C=O)n1,124.10299999999998,5,1,1,1,5,81.76,-0.7337000000000005,0
Cc1n[nH]c(NC=O)n1,126.11899999999999,3,2,2,1,5,70.67,-0.31858000000000025,0
Nc1ncnc(C=O)n1,124.10299999999998,5,1,1,1,5,81.76,-0.7337,0
N#CCc1nonc1N,124.10300000000001,5,1,1,1,5,88.73,-0.28212000000000004,0
CC(=O)n1cnc(N)n1,126.11900000000001,5,1,0,1,5,73.8,-0.47959999999999997,0
O=Cc1cnoc1CO,127.09899999999998,4,1,2,1,4,63.33,-0.020600000000000007,0
CC(O)C1=C(N)N=N1,113.12000000000002,4,2,1,1,4,70.97,-0.03919999999999996,1
N=C1N=COC(=O)CO1,128.087,4,1,0,1,5,71.74,-0.47713000000000005,0
N=C1C=NC(=N)C(N)=N1,123.11900000000001,3,3,0,1,5,98.44,-0.6174600000000001,0
N=C1NC=NC(C=O)N1,126.11899999999999,3,3,1,1,5,77.34,-1.3327300000000004,1
COc1cc(N)nn1N,128.13500000000002,5,2,1,1,5,79.09,-0.8123000000000002,0
NC1=CN=C(CO)C1=O,126.11499999999998,4,2,1,1,4,75.68,-1.1975000000000002,0
N=C1CN(C=O)OCO1,130.10299999999998,4,1,1,1,5,62.620000000000005,-0.65863,0
N=Cc1ocnc1N,111.10400000000001,4,2,1,1,4,75.9,0.25447000000000014,0
N=C1N=C(O)C(=N)O1,113.07599999999998,3,3,0,1,5,89.52,-0.11485999999999996,0
N=C1C=C(N)OC1=O,112.088,4,2,0,1,4,76.17000000000002,-0.6369300000000002,0
COC1=NN=C1C#N,109.088,4,0,0,1,4,57.74,-0.07552000000000009,0
N=C1OCOC(=O)C1=N,128.087,5,2,0,1,5,83.23,-0.48566000000000015,0
N=C1NC=NC1C=O,111.10399999999998,3,2,1,1,4,65.31,-0.8373300000000001,1
Cc1nn[nH]c1OC#N,124.10299999999998,4,1,1,1,5,74.59,-0.02700000000000008,0
CN=C1OC(=N)OC1=N,127.103,5,2,0,1,5,78.52000000000001,-0.02646000000000004,0
COC1=NC(N)=NC1=O,127.10300000000001,4,1,0,1,5,77.03999999999999,-1.1138000000000001,0
N=C1OC=NCNC1=O,127.103,4,2,0,1,5,74.53999999999999,-0.9041300000000003,0
COC1=NC(=N)C(CO)=N1,141.13,4,2,1,1,5,78.03,-0.5870299999999999,0
N=C1COC(=N)N1C=O,127.103,4,2,1,1,5,77.24000000000001,-0.6129600000000002,0
N=CN1CNC(=O)CO1,129.11899999999997,3,2,1,1,5,65.42,-1.0856299999999999,0
CC1=NC(=O)C(N)=N1,111.104,3,1,0,1,4,67.81,-0.6978,0
O=c1oc(O)cn1O,117.05999999999997,5,2,0,1,5,75.6,-0.6158000000000001,0
N=C1COC(=N)C(=O)N1,127.103,4,3,0,1,5,86.03,-0.9126600000000002,0
N=c1ocnc(=O)n1N,128.091,6,2,0,1,6,97.89999999999999,-1.9704300000000003,0
N=CN1CC(=O)OCN1,129.119,4,2,1,1,5,65.42,-1.0856300000000003,0
O=CC(O)C1=NC(O)=N1,128.087,4,2,2,1,5,82.25,-1.1277000000000001,1
CC(=O)C1=NC(F)=N1,114.07900000000001,3,0,1,1,4,41.79,0.31300000000000006,0
Nc1ccn[nH]c1=O,111.104,3,2,0,1,4,71.77,-0.6479000000000001,0
Nc1ncc(C(=O)O)o1,128.087,4,2,1,1,5,89.35,-0.04499999999999993,0
CNC(=O)C1=NC(N)=N1,126.11900000000001,4,2,1,1,5,79.84,-1.540799999999999,0
N=CN1COC(=O)CN1,129.119,4,2,1,1,5,65.42,-1.0856300000000003,0
CN=C1NC(=O)N=C1O,127.10299999999998,2,2,0,1,5,74.05,-0.3055999999999999,0
CCN1C(=N)NC1=O,113.11999999999999,2,2,1,1,4,56.190000000000005,-0.03372999999999993,0
N=C1NC(=N)C(=O)CO1,127.103,4,3,0,1,5,86.03000000000002,-0.91266,0
O=CC1=C(O)N=NC1=O,126.07099999999998,4,1,1,1,5,79.09,-0.052700000000000025,0
N=C1NC=C(N)OCO1,129.11900000000003,4,3,0,1,5,80.36000000000001,-0.72733,0
N=COc1coc(N)c1,126.11499999999998,4,2,2,1,4,72.24,0.8476699999999999,0
CC1=C(OC=O)C(=N)N=N1,139.114,4,1,2,1,5,74.87,0.8339700000000001,0
N=C(N)C1=NC(C=O)=N1,124.103,4,2,2,1,5,91.66000000000001,-1.06813,0
C#CCc1nc(=N)nn[nH]1,135.13000000000002,4,2,1,1,5,78.31,-1.1451300000000002,0
N#CCC1=NN=C1C=N,120.115,4,1,2,1,4,72.36,0.36025,0
N=C1N=CC(F)=NC1=O,127.078,2,1,0,1,5,65.64,-0.05732999999999994,0
CN=C1N=C(N)C(=O)N1,126.119,3,2,0,1,5,79.84,-1.540799999999999,0
N=CN1C=CNC(=O)O1,127.10299999999998,3,2,1,1,5,65.42,0.021469999999999934,0
O=C1N=C(O)C(CO)=N1,128.08699999999996,2,2,1,1,5,82.25,-0.49019999999999997,0
CC1=NN=C(N)C1=O,111.104,4,1,0,1,4,67.81,-0.6978,0
N=C1NC(=O)C(=O)N1,113.076,3,3,0,1,5,82.05000000000001,-1.8328300000000004,0
N=C1N=C(N)N=C1C=O,124.103,4,2,1,1,5,91.66,-1.06813,0
COC1=C(N)C(=N)N=C1,125.131,3,2,1,1,4,71.46000000000001,-0.13522999999999985,0
N=C1OCOC(=N)C1=N,127.103,5,3,0,1,5,90.00999999999999,-0.034989999999999966,0
N=C1NCC(=O)NCO1,129.119,3,3,0,1,5,74.21000000000001,-1.3853300000000002,0
CC(=O)C1=NNC1=N,111.104,3,2,1,1,4,65.31,-0.4881300000000001,0
N=C1OCC(=O)C(=N)O1,128.087,5,2,0,1,5,83.23,-0.48566000000000015,0
N=COC1OC(=N)C1=N,127.103,5,3,2,1,5,90.00999999999999,-0.03658999999999979,1
N=CC1=NC=NC1=N,108.104,3,2,1,1,4,72.42,0.09614,0
NC1COC(=O)C1=NO,130.103,5,2,0,1,5,84.91000000000001,-1.2993,1
NC(=O)C1=NN=C1O,113.076,3,2,1,1,5,88.04,-1.2022,0
N=C1OCNC(=O)C(=N)O1,143.10199999999998,5,3,0,1,6,95.26,-0.9810600000000003,0
N=COc1cc(N)on1,127.103,5,2,2,1,5,85.13,0.2426700000000001,0
O=CC1CC(=O)C(=O)N1,127.09899999999999,3,1,1,1,4,63.24,-1.3571,1
N=C1NC(=O)C(=O)CO1,128.087,4,2,0,1,5,79.25000000000001,-1.36333,0
NCC(=O)C1=NC(=O)O1,128.087,4,1,2,1,5,81.75000000000001,-0.9370999999999998,0
CNc1nc(C=O)cn1N,140.14599999999996,5,2,2,1,5,72.94,-0.5489000000000002,0
O=CC(=NO)C1NC1=O,128.087,4,2,2,1,5,88.66999999999999,-1.4861000000000006,1
CN=C1NN=NC1=N,111.108,3,2,0,1,5,72.96000000000001,-0.03763000000000005,0
N=CN1C(=O)N=C1O,113.07599999999998,2,2,1,1,5,76.75,-0.056929999999999925,0
CC1=C(N)N=NC1=O,111.104,3,1,0,1,4,67.81,0.16900000000000015,0
CCN=C1NN=NC1=O,126.119,3,1,1,1,5,66.18,-0.09820000000000001,0
NC(=O)c1cnc(O)o1,128.087,4,2,1,1,5,89.35000000000001,-0.5209,0
CC(=N)N1COCCO1,130.147,3,1,0,1,4,45.55000000000001,0.20486999999999989,0
N=C1OC=NC1C=NO,127.10299999999998,5,2,1,1,5,78.03,-0.14922999999999992,1
NC1=C(N)C(C=O)=N1,111.10399999999998,4,2,1,1,4,81.47,-1.2735999999999998,0
N=c1oncc(=O)o1,114.05999999999997,5,1,0,1,5,80.09,-0.89273,0
Cc1onc(N)c1CN,127.14700000000002,4,2,1,1,4,78.07,0.023920000000000052,0
N=C1OC(N)=NC1=O,113.07600000000001,4,2,0,1,5,88.53,-1.1648300000000003,0
Cc1nc(=O)oc(=O)[nH]1,128.087,4,1,0,1,5,75.96000000000001,-0.96848,0
N=CNC1OCOC1=N,129.119,4,3,2,1,5,78.19,-0.5092600000000003,1
Cc1nnc(O)nc1N,126.119,5,2,0,1,5,84.92,-0.5321800000000001,0
N=C1OCC(=O)NC1=O,128.087,4,2,0,1,5,79.25,-1.36333,0
Nc1cncnc(=O)n1,124.103,5,1,0,1,5,81.76,-1.186,0
CN1C(=O)N=NC1CO,129.119,3,1,1,1,5,65.26,-0.17759999999999992,1
N=C1C(=O)NN=C1CO,127.103,4,3,1,1,5,85.54,-1.51573,0
O=Cc1noc(=O)[nH]1,114.05999999999999,4,1,1,1,5,75.96000000000001,-0.8246,0
N=CN1COC(=N)OC1,129.11899999999997,4,2,1,1,5,69.4,-0.2079600000000001,0
CCC1=NOC(=N)C1=O,126.11499999999998,4,1,1,1,4,62.51,0.32897000000000004,0
NC(=O)NC1NCC1=O,129.119,3,3,1,1,5,84.22,-1.8469000000000002,1
N=c1nc(C=O)cno1,125.08699999999997,5,1,1,1,5,79.84,-0.63843,0
COC1N=COC(=N)O1,130.10299999999998,5,1,1,1,5,63.900000000000006,-0.07373000000000002,1
COC1=CC(N)=NC1=O,126.11500000000001,3,1,1,1,4,64.68,-0.5859000000000001,0
CC(O)C1=NOC1=O,115.088,4,1,1,1,4,58.89000000000001,-0.7200000000000002,1
O=C1CC(=O)C(=O)ON1,129.071,4,1,0,1,5,72.47,-1.4664000000000001,0
CN=c1ocnc(=N)o1,127.103,5,1,0,1,5,75.38,-0.7224299999999999,0
CC(O)c1nc(=O)c1=N,126.115,4,2,1,1,4,74.04,-1.1498300000000001,1
N=c1c(=O)oc1=NO,114.05999999999999,5,2,0,1,5,86.65,-1.71523,0
Cc1nnc(N)n1CO,128.13500000000002,5,2,1,1,5,76.96,-0.8814800000000005,0
CC1=NC(N)=NC1=O,111.104,3,1,0,1,4,67.81,-0.6978,0
N=C1OC=NC1CO,114.10399999999998,4,2,1,1,4,65.67,-0.61693,1
NN=C1NCCOC1=O,129.119,4,2,0,1,5,76.71000000000001,-1.5950000000000002,0
N=C1COC(=O)NC1=N,127.103,4,3,0,1,5,86.03,-0.27676000000000023,0
N=c1[nH]nc(CO)nc1N,141.134,5,4,1,1,6,111.67,-1.64133,0
COC1=NN=C1CO,114.10399999999998,4,1,1,1,4,54.18000000000001,-0.6068,0
N=C1COC(=N)OCO1,130.103,5,2,0,1,5,75.39,-0.08066000000000012,0
N=C1NC(=O)C(=O)CO1,128.087,4,2,0,1,5,79.25000000000001,-1.36333,0
Cc1cnc(N)n1C=N,124.147,4,2,1,1,4,67.69,0.22888999999999976,0
CN=C1ON=C(N)C1=O,127.103,5,1,0,1,5,77.03999999999999,-1.1138,0
CN=C1N=C(N)C(=O)O1,127.103,4,1,0,1,5,77.04,-1.1138,0
Cc1nnc(N)n1C=N,125.135,5,2,1,1,5,80.58,-0.3761100000000001,0
N=C1OC(=O)NC1=O,114.05999999999999,4,2,0,1,5,79.25,-0.7699300000000002,0
CNc1nc(CO)no1,129.119,5,2,2,1,5,71.18,-0.3964,0
COc1nonc1C=N,127.103,5,1,2,1,5,72.0,0.07586999999999994,0
NC1=C(N)C(=O)N=C1,111.10399999999998,3,2,0,1,4,81.47,-1.2736000000000003,0
N=C1C(=O)OCNC1C=O,142.11399999999998,5,2,1,1,5,79.25,-1.3224300000000002,1
CN=C1C=NNC1=N,110.11999999999999,3,2,0,1,4,60.6,-0.3765300000000002,0
NC1=CC(=O)C(CO)=N1,126.115,4,2,1,1,4,75.68,-1.1975000000000002,0
N=C1OC(=N)C(=O)O1,114.05999999999999,5,2,0,1,5,83.23,-0.5281600000000002,0
NC(C=O)C1=NC(=O)N1,127.103,3,2,2,1,5,84.55000000000001,-1.3657,1
N#CCOC1=NC=NC1=N,136.114,4,1,1,1,5,81.59,-0.05575000000000002,0
Nc1nc(C=O)no1,113.07599999999998,5,1,1,1,5,82.01,-0.5357000000000001,0
Nc1nc(C=O)cn1N,126.11899999999999,5,2,1,1,5,86.92999999999999,-1.0084,0
N=C1COC(=N)C(=O)O1,128.087,5,2,0,1,5,83.23,-0.48566000000000015,0
COC1=NN=C(N)C1=N,126.119,5,2,0,1,5,83.82,-0.66313,0
N#CCN1CC(=N)OCO1,141.13,5,1,1,1,5,69.34,-0.29145,0
CC(=N)OC1CC(=O)O1,129.11499999999998,4,1,1,1,4,59.379999999999995,0.27316999999999997,1
C#CC1=NC(OC=N)=N1,121.09899999999999,4,1,1,1,4,57.8,0.011370000000000047,0
CC1=NN=C(N)C1=N,110.12,4,2,0,1,4,74.59,-0.24712999999999996,0
COC1=CN=NC1=NC=N,138.13,3,1,2,1,5,70.16,0.94557,0
CC1=NC(CO)=NC1=N,125.13099999999999,3,2,1,1,4,68.80000000000001,-0.17103000000000002,0
CNc1nc(C=O)c(N)o1,141.13,5,2,2,1,5,81.15,0.11100000000000015,0
NC(=O)C1C=NN=C1N,126.11900000000001,4,2,1,1,5,93.83,-1.5554999999999997,1
NC1=NCNC(=O)OC1,129.11899999999997,4,2,0,1,5,76.71,-0.9590999999999994,0
N=Cn1nc(N)cc1N,125.135,5,3,1,1,5,93.71,-0.4973300000000002,0
N=C1OCN=CN1C=O,127.10299999999998,4,1,1,1,5,65.75,-0.6044300000000002,0
CC1OC(=N)NC(=O)O1,130.10299999999998,4,2,0,1,5,71.41,0.02356999999999998,1
NCC1=C(N)C(=O)N=N1,126.119,4,2,1,1,5,93.83,-0.8922000000000001,0
N=CC1OC(=N)N1O,115.092,4,3,1,1,5,80.4,-0.38176000000000004,1
N#Cc1cnnoc1=O,123.07099999999998,5,0,0,1,5,79.78,-0.6985200000000001,0
N=CC1=NC=NC1=N,108.104,3,2,1,1,4,72.42,0.09614,0
CNC1=C(O)C(=O)N=N1,127.103,4,2,1,1,5,74.05,-0.07470000000000021,0
N=C1COC(=N)N=CN1,126.119,3,3,0,1,5,81.32,-0.45346000000000014,0
N=C1COC(=N)C(=O)O1,128.087,5,2,0,1,5,83.23,-0.48566000000000015,0
CC(=O)C1=NC(O)=N1,112.088,3,1,1,1,4,62.019999999999996,-0.09849999999999998,0
Cc1n[nH]c(=O)n1CO,129.119,4,2,1,1,5,70.91,-1.1703800000000004,0
CNC(=O)OC1=CN=N1,127.103,4,1,1,1,5,63.05,0.6071,0
N=C1N=CC(O)=C1C=O,124.09899999999998,3,2,1,1,4,73.50999999999999,0.059069999999999956,0
COc1c[nH]nnc1=N,126.119,4,2,1,1,5,74.65,-0.70723,0
N#CCOc1cncn1N,138.12999999999997,5,1,2,1,5,76.86,-0.50072,0
N#CC1=CN=NC1=N,106.088,3,1,0,1,4,72.36,0.8369499999999999,0
NC1=NC(=O)C(C=O)=N1,125.08699999999997,4,1,1,1,5,84.88,-1.5188,0
N=C1C(=O)NN=C1N,112.09200000000001,4,3,0,1,5,91.33,-1.5918299999999999,0
COc1cnoc1N=O,128.087,5,0,2,1,5,64.69,1.0810999999999997,0
Nc1cnc(C=O)cn1,123.11499999999998,4,1,1,1,4,68.87,-0.12869999999999998,0
N=Cc1[nH]nnc1CO,126.119,4,3,2,1,5,85.65,-0.7053300000000002,0
N=C1OCC(=N)C(=N)O1,127.103,5,3,0,1,5,90.01,-0.034989999999999966,0
N=C1N=CN=C(N)C1=N,123.119,4,3,0,1,5,98.44,-0.6174600000000001,0
Nc1nonc1CCO,129.119,5,2,2,1,5,85.17,-0.8134000000000001,0
CC(=O)C1=NC(N)=N1,111.10400000000001,4,1,1,1,4,67.81,-0.6978,0
N=C(C=O)N1CNC1=O,127.103,3,2,1,1,5,73.26,-0.85473,0
CC1=NC(=N)N1C=O,111.10399999999998,2,1,1,1,4,56.52,-0.18843000000000004,0
COC1=NC(=O)C(N)=N1,127.10300000000001,4,1,0,1,5,77.03999999999999,-1.1138000000000003,0
CN=C1N=C(N)C=[N+]1[O-],126.119,3,1,0,1,5,76.80999999999999,-1.0758999999999999,0
CN=C1N=CNC1=N,110.11999999999999,2,2,0,1,4,60.6,-0.3765300000000002,0
CC(=O)C1=NC(O)=N1,112.088,3,1,1,1,4,62.019999999999996,-0.09849999999999998,0
CNC(=O)c1ncn[nH]1,126.119,3,2,1,1,5,70.67,-0.8357000000000003,0
N=C1N=C(O)COC1=N,127.10299999999998,3,3,0,1,5,89.52000000000001,-0.07236000000000015,0
COC1=NN=C1C=N,111.10399999999998,4,1,1,1,4,57.800000000000004,0.05046999999999996,0
N=C1OC(=O)C(=O)O1,115.04399999999998,5,1,0,1,5,76.45,-0.9788300000000001,0
CN=C(N)n1ccn1C,126.16299999999998,3,1,0,1,4,48.239999999999995,-0.38080000000000047,0
N=Cc1coc(N)n1,111.10400000000001,4,2,1,1,4,75.9,0.25447000000000014,0
N#CC(=N)c1ncon1,122.08699999999999,5,1,1,1,5,86.56,-0.038949999999999985,0
N=Cc1nn[nH]c1CO,126.11899999999999,4,3,2,1,5,85.65,-0.7053300000000002,0
CC1=NC(=O)NC1=NO,127.10299999999998,3,2,0,1,5,74.05,-0.04179999999999995,0
N=c1occ(N)n1C=O,127.10300000000001,5,2,1,1,5,85.00999999999999,-0.8189300000000002,0
CC1=NC(=N)N=C1N,110.12,2,2,0,1,4,74.59,-0.24712999999999996,0
N=C1OCNC(=O)CO1,130.10299999999998,4,2,0,1,5,71.41,-0.9583300000000003,0
COC1=NC(N)=NC1=O,127.10300000000001,4,1,0,1,5,77.03999999999999,-1.1138000000000001,0
NC1=NC(C=O)=C1N,111.10399999999998,4,2,1,1,4,81.47,-1.2736000000000003,0
COC1=NC(=N)N=C1O,127.103,2,2,0,1,5,78.03,-0.06383000000000005,0
CC1=NC(=N)N=C1O,111.10399999999998,1,2,0,1,4,68.8,0.3521700000000001,0
NC(=O)C1=NC(O)=N1,113.076,3,2,1,1,5,88.04,-1.2022000000000002,0
N#Cc1cnnn1C=N,121.103,5,1,1,1,5,78.35,-0.39505000000000007,0
COC1=NC(=O)N=C1N,127.10300000000001,3,1,0,1,5,77.03999999999999,-0.47789999999999994,0
N=Cn1c(N)cnc1O,126.11899999999999,5,3,1,1,5,87.92,-0.37392999999999993,0
CNC(=O)C1=NOC1=N,127.103,4,2,1,1,5,74.53999999999999,-0.9041300000000001,0
C#CCc1nonc1N,123.11500000000001,4,1,1,1,4,64.94,-0.1725,0
O=C1N=C(CO)OCN1,130.10299999999998,3,2,1,1,5,70.92,-0.9255,0
N=C1NC(CO)=NCO1,129.119,4,3,1,1,5,77.7,-1.11073,0
N=C1N=CC(=O)OCO1,128.087,4,1,0,1,5,71.74000000000001,-0.47713000000000005,0
CC(=O)c1nn[nH]c1N,126.11900000000001,4,2,1,1,5,84.66,-0.41050000000000003,0
Nc1cnc(N)n1C=O,126.119,5,2,1,1,5,86.92999999999998,-0.9142000000000001,0
N=CN1CC(=O)OC1=O,128.087,4,1,1,1,5,70.46000000000001,-0.42772999999999994,0
COC1=NC(=N)C(N)=N1,126.11900000000001,4,2,0,1,5,83.82,-0.6631300000000002,0
CC(=N)N1CNC(=O)O1,129.119,3,2,0,1,5,65.42,-0.10213,0
COC1=NNC(=N)C1=N,126.11899999999999,4,3,0,1,5,81.32,-0.45346000000000036,0
N=C1N=C(N)C=[N+]1[O-],112.092,3,2,0,1,5,88.30000000000001,-1.12693,0
N=C1N=C(F)N=C1CO,129.09400000000002,3,2,1,1,5,68.8,-0.26393,0
CC1(C(=N)N)NC1=O,113.12,2,3,1,1,4,88.88,-1.1891299999999996,1
N#CCc1nocc1N,123.115,4,1,1,1,4,75.84,0.32288000000000006,0
COC1=NC(=N)NC1=N,126.119,3,3,0,1,5,81.32,-0.45346000000000036,0
Nc1n[nH]nc1C=O,112.09199999999998,4,2,1,1,5,84.66,-0.8006000000000004,0
N=CN1COCOC1=O,130.10299999999998,4,1,1,1,5,62.62000000000001,-0.022729999999999917,0
CC(O)c1nc(N)no1,129.11900000000003,5,2,1,1,5,85.17,-0.2949000000000001,1
C#CC1=NC(=N)N=N1,106.08800000000001,2,1,0,1,4,60.93,0.4186700000000001,0
COC1=NN=C1C=N,111.10399999999998,4,1,1,1,4,57.800000000000004,0.05046999999999996,0
NC1=CC(=O)C(O)=N1,112.088,3,2,0,1,4,75.68,-0.6743000000000001,0
N#CCc1nc(N)no1,124.10300000000001,5,1,1,1,5,88.73,-0.28212000000000004,0
N=CNC1C(=O)OC1=O,128.087,4,2,2,1,5,79.25,-1.3649300000000002,0
N=C1OCC(=O)OC(=N)O1,144.08599999999998,6,2,0,1,6,92.46,-0.5540600000000002,0
N#CC(=O)C1=CN=N1,107.072,4,0,1,1,4,65.58,0.38627999999999996,0
NC(=O)c1ncn(N)n1,127.10700000000001,5,2,1,1,6,99.82000000000001,-1.9092000000000002,0
NC(C=O)c1cnno1,127.103,5,1,2,1,5,82.01,-0.7317000000000002,1
NC1=NC(=O)C(C=O)=N1,125.08699999999997,4,1,1,1,5,84.88,-1.5188,0
COC1=NOC(=N)C1=O,128.087,5,1,0,1,5,71.74000000000001,-0.47713,0
NC1=NC(C(=O)O)=N1,113.07599999999998,4,2,1,1,5,88.03999999999999,-1.2022000000000002,0
CN=C1OC(=O)C(=O)O1,129.071,5,0,0,1,5,64.96,-0.9278000000000002,0
CC1=NC(=N)N=C1C=N,122.13099999999999,2,2,1,1,4,72.42,0.48624,0
N=C1OC(=O)N=C1N,113.07600000000001,4,2,0,1,5,88.53,-0.5289300000000001,0
NC(=O)c1cn[nH]n1,112.092,3,2,1,1,5,84.66000000000001,-1.0964000000000003,0
Cc1nncc(OCN)n1,140.146,5,1,2,1,5,73.92,-0.5249800000000002,0
N=C1COC(=N)C(=O)O1,128.087,5,2,0,1,5,83.23,-0.48566000000000015,0
N#CC1N=CNC(=N)N1,123.11899999999999,3,3,0,1,5,84.06,-1.0080500000000003,1
COc1nc(N)cc(N)n1,140.14600000000002,5,2,1,1,5,87.05,-0.3504,0
CCn1nc(CO)nc1N,142.16199999999998,5,2,2,1,5,76.96,-0.6275000000000002,0
NC(=O)C1=NC(=O)N=C1,125.08699999999999,2,1,1,1,5,84.88000000000001,-0.8829,0
Nc1cnc(C=O)n1N,126.119,5,2,1,1,5,86.92999999999999,-1.0084,0
N=C1COCNC(=O)O1,130.103,4,2,0,1,5,71.41,-0.32243000000000016,0
N=C1C=C(N)NC1=O,111.104,3,3,0,1,4,78.97,-1.0639300000000003,0
Nc1nc(=O)c1=NC=O,125.08699999999997,4,1,1,1,5,85.41,-2.0433000000000003,0
N=C1OC(=O)N=C1N,113.07600000000001,4,2,0,1,5,88.53,-0.5289300000000001,0
N=C1ONC(=O)C1C=O,128.087,4,2,1,1,5,79.25,-1.1598300000000001,1
N=CN1CC(=O)NCO1,129.119,3,2,1,1,5,65.42,-1.0856299999999999,0
N#CCc1cnoc1N,123.115,4,1,1,1,4,75.84,0.32288000000000006,0
CC(=O)C1=CC(=O)O1,112.08399999999997,3,0,1,1,3,43.370000000000005,0.016099999999999948,0
CNC(=O)C1=NC(=N)O1,127.103,3,2,1,1,5,74.54,-0.9041300000000001,0
N#Cc1n[nH]c(=N)n1C=O,137.10199999999998,5,2,1,1,6,98.32,-1.3993500000000003,0
N=C1NC(=CO)N=CO1,127.10299999999998,4,3,0,1,5,77.7,-0.07383000000000012,0
N=C(O)C1=NC=NC1=N,124.103,3,3,1,1,5,92.65,-0.018159999999999954,0
CC(O)c1con[n+]1[O-],130.103,4,1,1,1,5,73.2,-0.6387,1
N#CC1OCNN1C=N,126.119,4,2,1,1,5,72.14,-0.7625500000000001,1
N=c1occ(O)nc1O,128.087,5,3,0,1,5,90.34,-0.43473000000000006,0
O=CC(=O)c1cnn[nH]1,125.087,4,1,2,1,5,75.71000000000001,-0.8137000000000003,0
CNc1cnc(=O)[nH]n1,126.119,4,2,1,1,5,70.67,-0.7934000000000003,0
N=c1occ(N)n1C=O,127.10300000000001,5,2,1,1,5,85.00999999999999,-0.8189300000000002,0
CN1COC(=N)C(=N)O1,129.119,5,2,0,1,5,69.4,-0.20796000000000003,0
N=C1ON=C(CO)C1=O,128.087,5,2,1,1,5,82.74000000000001,-1.0887300000000002,0
N=Cc1nnc(N)nc1N,138.134,6,3,1,1,6,114.56,-0.9663300000000004,0
Cc1nc(N)nn1C=N,125.135,5,2,1,1,5,80.58,-0.3761100000000001,0
CNc1nn[nH]c1C=O,126.11899999999999,4,2,2,1,5,70.67,-0.34110000000000035,0
Nc1nocnc1=O,113.076,5,1,0,1,5,82.00999999999999,-0.988,0
N=C(N)C1=NC=NC1=O,124.103,3,2,1,1,5,91.66,-1.06813,0
N#CC1=NC(OC=O)=C1,122.08299999999997,4,0,2,1,4,62.449999999999996,-0.02102000000000004,0
N=C1N=COC(=N)C1=O,125.08699999999999,4,2,0,1,5,86.35999999999999,-0.4314600000000001,0
CCc1nn[nH]c(=O)n1,126.11899999999999,4,1,1,1,5,71.53,-0.8777000000000001,0
N=C1OC=NC(CO)C1=N,141.13,5,3,1,1,5,89.52000000000001,-0.5971600000000001,1
Nc1ncc(=O)oc1N,127.103,5,2,0,1,5,95.14,-0.8008000000000002,0
COC1=NC(N)=NC1=O,127.10300000000001,4,1,0,1,5,77.03999999999999,-1.1138000000000001,0
Cn1ncc(N)nc1=O,126.11900000000001,5,1,0,1,5,73.80000000000001,-1.2425000000000004,0
N=CN1CC(=O)OC1=N,127.10299999999998,4,2,1,1,5,77.24000000000001,-0.61296,0
Cc1nc(N)oc(=O)n1,127.103,5,1,0,1,5,82.01,-0.6795800000000001,0
N=C1OC=NC(=O)CO1,128.087,4,1,0,1,5,71.74,-0.47713000000000005,0
NC(=O)C1=NC(N)=C1,111.104,3,2,1,1,4,81.47,-1.2736000000000003,0
CC(O)c1nn[nH]n1,114.10800000000002,4,2,1,1,5,74.69,-0.7470000000000003,1
Cc1nnc(=N)oc1O,127.10299999999998,5,2,0,1,5,83.0,-0.43691,0
N=C1NCC(=O)NCO1,129.119,3,3,0,1,5,74.21000000000001,-1.3853300000000002,0
Nc1nc(=O)c(CO)co1,142.11399999999998,5,2,1,1,5,89.35,-0.8907,0
CC1=NC(=O)N1CNC=O,141.13,2,1,3,1,5,61.77,-0.45610000000000017,0
N=C1COC(=N)NCO1,129.119,4,3,0,1,5,78.19,-0.5076600000000002,0
Nc1cn(CO)c(C=O)n1,141.12999999999997,5,2,2,1,5,81.14,-0.7724,0
N=C1C=NCOC(N)O1,129.119,5,2,0,1,5,80.69,-0.7189300000000001,1
CC(N)(N)c1nc1=O,113.11999999999999,4,2,1,1,4,82.0,-1.5924999999999994,0
Nc1coc(=O)nc1N,127.10300000000001,5,2,0,1,5,95.14,-0.8008,0
N=C1NCC(=N)C(=O)N1,126.119,3,4,0,1,5,88.83000000000001,-1.3396599999999999,0
N=CN=C1C=NC(O)=N1,124.10299999999998,2,2,1,1,5,81.16,-0.009630000000000083,0
N=C1NCC(=N)C(=O)O1,127.103,4,3,0,1,5,86.03000000000002,-0.91266,0
CNC1=NC(=N)NC1=O,126.11899999999999,3,3,0,1,5,77.34,-1.3311300000000001,0
COC1=NC(=N)C(=O)O1,128.087,4,1,0,1,5,71.74,-0.47713,0
N=C1OC=NC1COC=O,142.11399999999998,5,1,3,1,5,71.74000000000001,-0.4362300000000001,1
N=C1C=NC(C(N)=O)=N1,124.10300000000001,3,2,1,1,5,91.66000000000001,-1.06813,0
N=CN1C=NC(=N)OC1,126.11899999999999,3,2,1,1,5,72.53,-0.15376000000000006,0
C#CCNc1n[nH]nc1N,137.146,4,3,2,1,5,79.62,-0.5680000000000005,0
CN=C1N=C(N)C(=O)O1,127.103,4,1,0,1,5,77.04,-1.1138,0
O=Cc1n[nH]c(CO)n1,127.10299999999998,4,2,2,1,5,78.87,-0.8905000000000001,0
O=CC(=O)n1cn[nH]1,113.076,4,1,1,1,5,67.75,-0.9497000000000002,0
N=C1OCC(=O)C(=N)O1,128.087,5,2,0,1,5,83.23,-0.48566000000000015,0
N#CCc1nonc1N,124.10300000000001,5,1,1,1,5,88.73,-0.28212000000000004,0
N=C1N=C(CC=NO)O1,127.10299999999998,4,2,2,1,5,78.03,0.19996999999999998,0
Cc1nc(O)n[nH]c1=N,126.11899999999999,4,3,0,1,5,85.65,-0.7018100000000003,0
N=C1N=CN=C1C(N)=O,124.103,3,2,1,1,5,91.66,-1.0681300000000002,0
CC(O)c1n[nH]c(=O)[nH]1,129.119,3,3,1,1,5,81.77000000000001,-0.8487000000000002,1
N=C1OC(=O)C=C1N,112.088,4,2,0,1,4,76.17,-0.63693,0
N=C1OC(=N)C(=N)O1,113.076,5,3,0,1,5,90.01,-0.07748999999999995,0
N=C1NCOC(=O)CO1,130.103,4,2,0,1,5,71.41,-0.9583300000000001,0
Cn1ncc(NC=N)n1,125.135,4,2,2,1,5,66.59,-0.16593000000000008,0
COC1=NC(N)=C1N,113.12000000000002,4,2,0,1,4,73.63,-0.8686,0
CNC(=O)C1=NNC1=O,127.103,3,2,1,1,5,70.56,-1.7817999999999996,0
COC1=NC(=N)C(N)=N1,126.11900000000001,4,2,0,1,5,83.82,-0.6631300000000002,0
NC1=C(O)C(=O)C=N1,112.088,4,2,0,1,4,75.68,-0.6742999999999999,0
CC1=NN=C(N)C1=O,111.104,4,1,0,1,4,67.81,-0.6978,0
CC1=NC(=O)N1CN,113.12,2,1,1,1,4,58.69,-0.24339999999999995,0
N#CN=Cc1conc1N,136.11399999999998,5,1,1,1,5,88.2,0.15678000000000003,0
N=C1COCOC(=N)O1,130.103,5,2,0,1,5,75.39,-0.0806599999999999,0
N=C1COC(=N)NCO1,129.119,4,3,0,1,5,78.19,-0.5076600000000002,0
CC(O)C(O)C1=NC=N1,128.131,4,2,2,1,4,65.18,-0.8315000000000001,2
N=C1N=CC(N)=NC1=O,124.10300000000001,3,2,0,1,5,91.66,-1.0681300000000002,0
N=C1NC(=O)OC1=O,114.05999999999999,4,2,0,1,5,79.25,-0.76993,0
CC(=O)Nc1ncco1,126.11499999999998,3,1,1,1,4,55.13,0.6329999999999998,0
CN=c1cc(O)[nH]nn1,126.119,4,2,0,1,5,74.16,-0.9592000000000003,0
CCn1cnc(=O)n1N,128.135,5,1,1,1,5,65.84,-1.2214999999999996,0
N=COC1(O)COC1=N,130.10299999999998,5,3,2,1,5,86.39000000000001,-0.6938600000000001,1
Nc1[nH]nc(C=O)[n+]1[O-],128.09099999999998,4,2,1,1,6,98.71000000000001,-1.5622,0
N=C1N=NC=C1NC=O,124.10299999999998,3,2,2,1,5,77.67,0.01687000000000005,0
O=Cc1noc(C=O)n1,126.07099999999998,5,0,2,1,5,73.06,-0.3054,0
N=Cn1cc(N)c(=O)[nH]1,126.119,4,3,1,1,5,87.66,-0.78623,0
N=C1NC(=O)NC1CO,129.119,3,4,1,1,5,85.21000000000001,-1.36263,1
N=C(C=O)OC1NCO1,130.103,5,2,2,1,5,71.41000000000001,-0.9599300000000002,1
CC1=NN=C(N)C1=N,110.12,4,2,0,1,4,74.59,-0.24712999999999996,0
COC1=NC(=O)C(N)=N1,127.10300000000001,4,1,0,1,5,77.03999999999999,-1.1138000000000003,0
NC1=NC(=O)OC1=O,114.05999999999997,4,1,0,1,5,81.75,-0.9796,0
N=C1N=C(N)OC1=O,113.076,4,2,0,1,5,88.53,-1.16483,0
CC(=O)c1n[nH]c(N)n1,126.11900000000001,4,2,1,1,5,84.66,-0.41050000000000003,0
COC1=NN=C(N)C1=O,127.103,5,1,0,1,5,77.03999999999999,-1.1138000000000001,0
N=c1nc(N)c(N)co1,126.119,5,3,0,1,5,101.92,-0.68153,0
N=C1N=CC(N)=C1N,110.12000000000002,3,3,0,1,4,88.25,-0.8229300000000002,0
Cc1noc(=O)n1CCN,143.146,5,1,2,1,5,74.05,-0.8965799999999997,0
COc1nc(CN)cn1N,142.162,5,2,2,1,5,79.09,-0.9357999999999991,0
N=C1C=C(N)N=C1CO,125.131,4,3,1,1,4,82.46000000000001,-0.7468300000000003,0
CC(=O)n1nc[nH]c1=N,126.11899999999999,4,2,0,1,5,74.53,-0.6492300000000002,0
N=Cc1cn(N)c(N)n1,125.13500000000002,5,3,1,1,5,93.71,-0.8232300000000001,0
N=C1NC(=N)C(=O)O1,113.076,4,3,0,1,5,86.03000000000002,-0.95516,0
Cc1n[nH]c(=O)oc1=O,128.087,4,1,0,1,5,75.96000000000001,-0.96848,0
CN1NCN(C=O)C1=N,128.135,3,2,1,1,5,59.43,-1.2129299999999998,0
CC(O)(C#N)C1=NN1,111.10400000000001,4,2,1,1,4,78.32,-0.8223200000000002,1
N=CC1=NC(=O)C(=O)O1,126.07099999999998,4,1,1,1,5,79.58,-0.8821300000000001,0
O=C1C=NC(N[O-])=C1,111.07999999999998,4,1,1,1,4,64.52,-0.4313,0
N=C1OCN=CNC1=O,127.10299999999998,4,2,0,1,5,74.53999999999999,-0.9041300000000003,0
N=CC1OC(=N)OC1=O,128.087,5,2,1,1,5,83.22999999999999,-0.48725999999999997,1
N=C1CNC(=N)OCO1,129.119,4,3,0,1,5,78.19000000000001,-0.5076600000000004,0
N=Cn1oc(=N)oc1=O,129.075,6,2,1,1,6,95.98000000000002,-1.0310599999999999,0
N=C1N=C(O)OC1=N,113.07599999999998,3,3,0,1,5,89.52000000000001,-0.11485999999999996,0
N=C1OCNC(=O)CO1,130.10299999999998,4,2,0,1,5,71.41,-0.9583300000000003,0
N=c1occ(N)n1C=O,127.10300000000001,5,2,1,1,5,85.00999999999999,-0.8189300000000002,0
N=C1N=C(N)OC1=O,113.076,4,2,0,1,5,88.53,-1.16483,0
N=C1OCOC(=O)C1=N,128.087,5,2,0,1,5,83.23,-0.48566000000000015,0
Cc1nc(N)nn1C=N,125.135,5,2,1,1,5,80.58,-0.3761100000000001,0
N=C1OCOC(=N)C(=N)O1,143.102,6,3,0,1,6,99.24,-0.10338999999999998,0
N#CCc1nonc1N,124.10300000000001,5,1,1,1,5,88.73,-0.28212000000000004,0
N=Cc1[nH]nnc1CO,126.119,4,3,2,1,5,85.65,-0.7053300000000002,0
CN=C1OC(=O)N=C1N,127.10300000000001,4,1,0,1,5,77.03999999999999,-0.47789999999999994,0
Nc1nocc1C=NCO,141.13,5,2,2,1,5,84.64,-0.3745000000000002,0
CC(=O)Nc1conn1,127.103,4,1,1,1,5,68.02000000000001,0.02799999999999986,0
N=COc1cc(O)no1,128.087,5,2,2,1,5,79.34,0.36606999999999995,0
COc1cnoc(=N)n1,127.103,5,1,1,1,5,72.0,-0.44233000000000006,0
N=C1NC=NC(=O)CN1,126.119,2,3,0,1,5,77.34,-1.3311300000000001,0
N=C(O)C1=NNC1=O,113.076,3,3,1,1,5,85.53999999999999,-0.9925300000000001,0
N=C1COC(=O)OC1=O,129.071,5,1,0,1,5,76.44999999999999,-0.3004300000000002,0
N=c1[nH]c(=N)oc(=O)o1,129.075,5,3,0,1,6,106.83999999999999,-1.4801600000000006,0
O=C1COC(=O)C1=NO,129.071,5,1,0,1,5,75.96000000000001,-1.0575,0
NC1CNC(=O)OC1=O,130.10299999999998,4,2,0,1,5,81.41999999999999,-1.4198999999999995,1
O=CNC1=NN=C1C=O,125.08699999999999,4,1,2,1,5,70.89,-1.3006000000000002,0
Nc1cnc(F)nc1N,128.11,4,2,0,1,5,77.82,-0.21989999999999987,0
NC1=NC(C=O)=NC1=O,125.08699999999997,4,1,1,1,5,84.88,-1.5188,0
CN=c1nncc[nH]c1=O,138.12999999999997,4,1,0,1,5,71.0,-1.3046000000000006,0
N=CN1C=C(N)OCO1,129.119,4,2,1,1,5,71.57000000000001,-0.4276300000000002,0
CC1=NC(CO)=NC1=O,126.11499999999998,3,1,1,1,4,62.02,-0.6217000000000001,0
O=CNC1N=C1C(=O)O,128.087,3,2,3,1,5,78.76,-1.4023000000000005,1
N=C1OC(=N)C(=O)O1,114.05999999999999,5,2,0,1,5,83.23,-0.5281600000000002,0
NCC1=NC(C=O)=N1,111.10399999999998,4,1,2,1,4,67.81,-1.0453999999999999,0
N=C1N=CNC1OC=O,127.10299999999997,4,2,2,1,5,74.53999999999999,-0.9057300000000001,1
CC(=O)C1=NC(O)=N1,112.088,3,1,1,1,4,62.019999999999996,-0.09849999999999998,0
NC1=C(CO)N=C1O,114.10399999999998,3,3,1,1,4,78.84,-0.8809,0
CC(=O)c1nnn[nH]1,112.09200000000001,4,1,1,1,5,71.53,-0.5977000000000001,0
CC(=O)C1=NN=C1N,111.10400000000001,4,1,1,1,4,67.81,-0.6978,0
Nc1[nH]ncc1C=O,111.10399999999997,3,2,1,1,4,71.77000000000001,-0.19560000000000038,0
N=C1N=CN=C1O,97.07699999999998,2,2,0,1,4,68.8,-0.03793000000000002,0
N=CN1C(=O)N1CC=O,127.10299999999998,3,1,3,1,5,64.00999999999999,-0.5550300000000001,0
COC(=O)c1nnc[nH]1,127.10300000000001,4,1,1,1,5,67.87,-0.4087,0
N#Cc1nc(CO)no1,125.08699999999999,5,1,1,1,5,82.94,-0.5664200000000001,0
NCc1noc(C=O)n1,127.10299999999998,5,1,2,1,5,82.01,-0.6592000000000002,0
Cn1nc(C=N)c(=N)[nH]1,125.13499999999999,4,3,1,1,5,81.31,-0.7746600000000003,0
C#CCC(=O)n1cno1,124.09899999999999,4,0,1,1,4,48.03,0.13959999999999995,0
COC1=NNC(=N)C1=O,127.10299999999998,4,2,0,1,5,74.53999999999999,-0.9041300000000003,0
N=C1N=CC(C(=O)O)=N1,125.08699999999999,2,2,1,1,5,85.87,-0.46883000000000014,0
NC(=O)C1=NC(=O)N=C1,125.08699999999999,2,1,1,1,5,84.88000000000001,-0.8829,0
CC1=NN=C(CO)C1=N,125.13099999999999,4,2,1,1,4,68.80000000000001,-0.1710299999999999,0
N=c1nc(C=O)nco1,125.08699999999997,5,1,1,1,5,79.84,-0.6384300000000003,0
N=C1CNC(=N)C(=O)N1,126.11899999999999,3,4,0,1,5,88.83000000000001,-1.3396600000000005,0
CC(=O)C(N)c1nc1=O,126.115,4,1,2,1,4,73.05000000000001,-1.0938000000000003,1
OCc1noc(CO)n1,130.10299999999998,5,2,2,1,5,79.38000000000001,-0.9458,0
CCC(O)n1cnnc1,127.14699999999999,4,1,2,1,4,50.94,0.179,1
N#CCC1=NC=NC1=N,120.115,3,1,1,1,4,72.36,0.36025,0
N=c1[nH]c(=O)oc(=N)o1,129.075,5,3,0,1,6,106.83999999999999,-1.4801599999999997,0
CN=NC1OCN=C1C#N,138.13,5,0,1,1,5,70.1,0.34678000000000003,1
Nc1ncoc(=O)c1O,128.087,5,2,0,1,5,89.35000000000001,-0.6774,0
N=C1ON=C1NC=O,113.07599999999998,4,2,1,1,5,74.53999999999999,-0.9466300000000003,0
N#CN=Cc1nocc1N,136.11399999999998,5,1,1,1,5,88.2,0.15678000000000003,0
NC1=NC(=O)N=CC1=O,125.08699999999997,3,1,0,1,5,84.88,-0.8829,0
N=C1N=CN=C1C(N)=O,124.103,3,2,1,1,5,91.66,-1.0681300000000002,0
O=CC(=O)c1nnc[nH]1,125.087,4,1,2,1,5,75.71000000000001,-0.8137000000000001,0
N=C1NC=NC(C=O)N1,126.11899999999999,3,3,1,1,5,77.34,-1.3327300000000004,1
COc1nn[nH]c(=N)c1N,141.134,5,3,1,1,6,100.67,-1.12503,0
N=c1ncc(N)c(N)o1,126.11900000000001,5,3,0,1,5,101.92,-0.6815300000000004,0
N=C1COC(=O)C(=O)N1,128.087,4,2,0,1,5,79.25,-1.36333,0
Cc1nc(O)n[nH]c1=O,127.10299999999998,4,2,0,1,5,78.87,-0.8210800000000003,0
N#Cn1on(C=N)c1=O,126.07499999999999,6,1,1,1,6,87.71000000000001,-0.97285,0
N=CN=C1C=NC(N)=N1,123.119,3,2,1,1,5,86.95,-0.6089300000000002,0
N=Cc1ncnc(=N)o1,124.103,5,2,1,1,5,86.62,-0.45325999999999994,0
CC(O)C1=NN=NC1=O,127.10300000000001,4,1,1,1,5,74.38,-0.28440000000000015,1
N=C1NC(C=O)C1=O,112.088,3,2,1,1,4,70.02000000000001,-1.2965300000000002,1
N=CN1C(=O)COC1=O,128.087,4,1,1,1,5,70.46000000000001,-0.42772999999999994,0
COC1=C(N)C(=N)N=N1,126.11900000000001,4,2,1,1,5,83.82000000000001,0.20367000000000018,0
N=C1CN=NC(=O)OC1,127.10299999999998,4,1,0,1,5,74.87,0.60857,0
CC(N)C1=NOC1=O,114.10399999999998,4,1,1,1,4,64.68,-0.7536,1
CC(O)C1=C(N)N=N1,113.12000000000002,4,2,1,1,4,70.97,-0.03919999999999996,1
CNc1nnc(C=O)[nH]1,126.11899999999999,4,2,2,1,5,70.67,-0.3411000000000001,0
N=C(O)C1=CC(N)=[N+]1[O-],127.103,3,3,1,1,5,96.17,-0.7133299999999998,0
COc1cnoc1N,114.104,4,1,1,1,4,61.28,0.26539999999999997,0
CC1(C(=O)O)NC1=N,114.104,2,3,1,1,4,83.09,-0.5898300000000003,1
N=NC1=NCC(CO)=N1,126.119,5,2,1,1,5,81.16,-0.17972999999999995,0
N#CC(=O)c1ncn[nH]1,122.087,4,1,1,1,5,82.43,-0.48901999999999995,0
N=C1OCC(=O)NC1=O,128.087,4,2,0,1,5,79.25,-1.36333,0
N=c1[nH]c(=O)nco1,113.076,4,2,0,1,5,82.74,-1.15763,0
CN=C1N=CC(N)=N1,110.12,2,1,0,1,4,63.099999999999994,-0.5862,0
NCc1nnoc1C=O,127.10299999999997,5,1,2,1,5,82.00999999999999,-0.6592,0
Cc1nc(N)nn1CO,128.13500000000002,5,2,1,1,5,76.96,-0.8814800000000005,0
CNc1nc(=O)nco1,127.10299999999998,5,1,1,1,5,68.02000000000001,-0.5285000000000002,0
C#CC1NNCOC1=N,125.13099999999999,4,3,0,1,4,57.14,-0.9526300000000001,1
Nc1cn(C=O)c(=O)o1,128.087,5,1,1,1,5,78.23,-0.9381999999999999,0
CNC1=NC(=O)N=C1N,126.119,3,2,0,1,5,79.84,-0.9049,0
N=C1COC(=N)OC=N1,127.103,4,2,0,1,5,78.52,-0.026460000000000095,0
CC1=NC(=N)C(=O)N=N1,124.103,3,1,0,1,5,78.0,0.37446999999999997,0
N#CCC1=NC(CO)=N1,123.115,4,1,2,1,4,68.74,-0.29702,0
N=C1NN=C1CNC=O,126.11899999999999,3,3,3,1,5,77.34,-1.3311300000000001,0
N=CN1C(CN)=[N+]1[O-],114.108,3,2,2,1,5,78.94999999999999,-1.3084299999999998,0
CNC(=O)c1cnoc1,126.11499999999998,3,1,1,1,4,55.13,0.03419999999999995,0
COc1n[nH]c(=N)n1CO,144.13400000000001,5,3,2,1,6,86.92,-1.3509300000000004,0
N#CCOC1=C(O)N=N1,125.08699999999999,5,1,2,1,5,77.97,0.6769799999999999,0
N=c1c(N)non1C=O,128.09099999999998,6,2,1,1,6,97.9,-1.4239300000000001,0
CNc1noc(=N)n1C=O,142.118,6,2,2,1,6,83.91,-0.9644300000000001,0
CNc1cnc(=N)[nH]n1,125.135,4,3,1,1,5,77.45,-0.6741300000000003,0
CNC(=O)c1cn[nH]n1,126.119,3,2,1,1,5,70.67,-0.8357000000000003,0
COC(=N)N1C=NC1=N,126.119,3,2,0,1,5,72.53,-0.15376,0
Cc1nc(=N)nc(O)[nH]1,126.11899999999999,4,3,0,1,5,85.65,-0.7018100000000003,0
COc1nc(C=N)c(N)o1,141.13,5,2,2,1,5,85.13,0.26306999999999986,0
N=CC1=NC(N)=NC1=N,123.11900000000001,4,3,1,1,5,98.44,-0.6174600000000001,0
CC(=O)c1cnn(N)n1,126.11900000000001,5,1,1,1,5,73.8,-0.8055000000000001,0
CC(O)C1=NC=NC1=N,125.131,3,2,1,1,4,68.80000000000001,-0.17263,1
CC(=O)C1=NN=C1N,111.10400000000001,4,1,1,1,4,67.81,-0.6978,0
N=COC1=CCNC1=O,126.11499999999998,3,2,2,1,4,62.18,-0.37623,0
Cc1nc(=O)[nH]nc1O,127.10299999999998,4,2,0,1,5,78.87,-0.8210800000000003,0
N=C1NC=COC(=N)N1,126.119,3,4,0,1,5,80.99000000000001,-0.46346000000000015,0
N=C1COC(=N)N=CO1,127.103,4,2,0,1,5,78.52,-0.026460000000000095,0
CC(O)C1=NC(=O)N1,114.104,2,2,1,1,4,61.690000000000005,-0.5111000000000001,1
N#CCC1=NC(=O)C=N1,121.09899999999999,3,0,1,1,4,65.58,-0.09041999999999994,0
CC(=O)n1cnc(N)n1,126.11900000000001,5,1,0,1,5,73.8,-0.47959999999999997,0
Nc1nc(C=O)oc1N,127.10299999999998,5,2,1,1,5,95.14,-0.3485,0
Nc1cnc(C=O)nn1,124.103,5,1,1,1,5,81.76,-0.7337,0
N#CCc1n[nH]c(N)n1,123.11900000000001,4,2,1,1,5,91.38,-0.5470200000000003,0
CC1=NC(N)=NC1=N,110.12,3,2,0,1,4,74.59,-0.24712999999999996,0
NC(=O)N1CCC(=O)O1,130.103,3,1,0,1,5,72.63000000000001,-0.7710000000000001,0
NC1=CC(=O)N=C1N,111.10400000000001,3,2,0,1,4,81.47,-1.2736000000000003,0
C#CC(=O)n1cn[nH]1,109.088,3,1,0,1,4,50.68,-0.5154000000000001,0
N=C1N=CC(=O)OCO1,128.087,4,1,0,1,5,71.74000000000001,-0.47713000000000005,0
Cn1ncc(=N)c(N)n1,125.13500000000002,5,2,0,1,5,80.58,-1.12323,0
N=C1COC(=N)OC=N1,127.103,4,2,0,1,5,78.52,-0.026460000000000095,0
C#Cc1nonc1N,109.08800000000001,4,1,0,1,4,64.94,-0.36689999999999995,0
N#CCC1=NOC1=N,109.088,4,1,1,1,4,69.22999999999999,0.26355,0
Cn1nc(C=N)oc1=O,127.10299999999998,5,1,1,1,5,71.88,-0.62903,0
N=C1COC(=N)OCO1,130.103,5,2,0,1,5,75.39,-0.08066000000000012,0
Cn1nc(N)nc1O,114.108,5,2,0,1,5,76.96000000000001,-0.8971000000000002,0
COC1=NC=C1N=O,112.088,4,0,1,1,4,51.02,0.6527,0
N=C1C=C(CN)N=C1N,124.14700000000002,4,3,1,1,4,88.25,-0.7804300000000002,0
Cc1nn[nH]c(=O)c1N,126.11899999999999,4,2,0,1,5,84.66,-0.9444800000000002,0
CC(=O)C1=NC(N)=N1,111.10400000000001,4,1,1,1,4,67.81,-0.6978,0
N=C1COC(=O)OC1=N,128.087,5,2,0,1,5,83.22999999999999,0.15023999999999993,0
Cc1n[nH]nnc1=NC=O,139.118,4,1,1,1,6,83.88999999999999,-1.4347799999999997,0
N=c1occ(N)n1C=O,127.10300000000001,5,2,1,1,5,85.00999999999999,-0.8189300000000002,0
N=C(N)N1NCC1C=O,128.135,3,3,1,1,5,82.21000000000001,-1.7324299999999997,1
NC(=O)CC1=NC(N)=N1,126.11900000000001,4,2,2,1,5,93.83,-1.4114,0
N#CCC1=NC(=N)N=N1,121.10300000000001,3,1,1,1,5,84.72,0.69915,0
N=C1NC(=O)OCC1=O,128.087,4,2,0,1,5,79.25,-0.72743,0
O=C1CN=COC(=O)N1,128.087,4,1,0,1,5,67.75999999999999,-0.7189000000000001,0
N=C1OCC1OC(N)=O,130.103,4,2,1,1,5,85.4,-0.54223,1
CC1(OC=N)CC(=O)O1,129.11499999999998,4,1,2,1,4,59.379999999999995,0.27316999999999997,1
CC(=O)c1[nH]nc[n+]1[O-],127.103,3,1,1,1,5,72.69,-0.7543,0
N=COC1=NCC(=O)N1,127.103,4,2,1,1,5,74.53999999999999,-0.9041300000000001,0
CNC1N=NC(=O)C1=O,127.10299999999998,4,1,1,1,5,70.89,-0.9066000000000003,1
N=C(O)c1nc1=O,98.06099999999999,3,2,1,1,4,74.03999999999999,-0.7992299999999999,0
N=C1OC(=O)NC1=O,114.05999999999999,4,2,0,1,5,79.25,-0.7699300000000002,0
CC1(O)COC(=O)C=N1,129.11499999999998,4,1,0,1,4,58.89,-0.6775,1
N=C1OCCOC(=N)O1,130.103,5,2,0,1,5,75.39,-0.0806599999999999,0
N=COC1=NCOC1=O,128.087,5,1,1,1,5,71.74000000000001,-0.47713000000000005,0
N=C1NC(=N)C(N)CO1,128.13500000000002,4,4,0,1,5,94.98,-1.15446,1
N=C1OCC(=O)OC1=N,128.087,5,2,0,1,5,83.22999999999999,-0.48566000000000015,0
COC1=NOC(=N)C1=O,128.087,5,1,0,1,5,71.74000000000001,-0.47713,0
Cn1cnc(=O)oc1=O,128.087,5,0,0,1,5,65.1,-1.2665,0
NC(=O)c1nc(CO)n[nH]1,142.118,4,3,2,1,6,104.89000000000001,-1.6041000000000003,0
N=CC1=C(N)C(=O)N=C1,123.115,3,2,1,1,4,79.3,-0.5402300000000002,0
Cc1noc(=N)n1C=O,127.103,5,1,1,1,5,71.88,-0.69771,0
N=CN1C(=O)OC1=O,114.05999999999997,4,1,1,1,5,70.46000000000001,0.16566999999999998,0
N=C1N=C(N)C(CO)=N1,126.119,3,3,1,1,5,94.82000000000001,-1.2747300000000001,0
CC1=C(N)C(=O)N=N1,111.104,3,1,0,1,4,67.81,0.16900000000000015,0
NC(=O)n1cnc(F)n1,130.082,4,1,0,1,6,73.80000000000001,-0.6559999999999999,0
COC1=NC(=N)N=C1,111.104,2,1,0,1,4,57.8,0.05046999999999996,0
CN=C1N=CC(C=O)=N1,123.11499999999998,2,0,1,1,4,54.15,-0.3034999999999999,0
N=C1OCC(=O)C(=N)O1,128.087,5,2,0,1,5,83.23,-0.48566000000000015,0
N=Cc1ncc(N)nn1,123.11900000000001,5,2,1,1,5,88.54,-0.5485300000000002,0
COC1=NC(N)=NC1=O,127.10300000000001,4,1,0,1,5,77.03999999999999,-1.1138000000000001,0
N=C1COC(=O)C(=O)N1,128.087,4,2,0,1,5,79.25,-1.36333,0
N=CN1CC(=O)NCN1,128.135,3,3,1,1,5,68.22,-1.5126299999999993,0
Cc1nc(=N)on1CO,129.119,5,2,1,1,5,75.04,-0.7862100000000003,0
N=C1OC(=O)OC1=N,114.05999999999999,5,2,0,1,5,83.22999999999999,0.10774,0
C#Cc1nonc1N,109.08800000000001,4,1,0,1,4,64.94,-0.36689999999999995,0
N=C1NC(=O)C(CO)O1,130.10299999999998,4,3,1,1,5,82.41000000000001,-1.5715300000000003,1
N=C1CNCNC(=O)O1,129.119,4,3,0,1,5,74.21000000000001,-0.7494300000000005,0
CC(N)c1n[nH]c(N)n1,127.15100000000001,4,3,1,1,5,93.61,-0.5933999999999997,1
N=CN1C=NC(C=O)N1,126.11899999999997,4,2,2,1,5,68.55,-1.0330300000000001,1
N=Cc1nnc(=N)[nH]n1,124.107,5,3,1,1,6,102.16000000000001,-1.3231600000000003,0
N=C1COCOC(=N)O1,130.103,5,2,0,1,5,75.39,-0.0806599999999999,0
Nc1cc(NC=O)no1,127.103,4,2,2,1,5,81.14999999999999,-0.17490000000000022,0
N=C1ON=C(CO)C1=O,128.087,5,2,1,1,5,82.74000000000001,-1.0887300000000002,0
Cn1ncc(=O)nc1N,126.11900000000001,5,1,0,1,5,73.8,-1.2425000000000004,0
NC(=O)c1c[nH]nc1N,126.119,3,3,1,1,5,97.79,-0.9092000000000005,0
COC1=NC(=O)C(N)=N1,127.10300000000001,4,1,0,1,5,77.03999999999999,-1.1138000000000003,0
N=CN1C=NC(=O)CN1,126.11899999999999,3,2,1,1,5,68.55,-1.03143,0
N=c1cnc(C=O)no1,125.08699999999999,5,1,1,1,5,79.84,-0.63843,0
CN1CC(=N)OC(=O)N1,129.119,4,2,0,1,5,65.42,-0.44973000000000013,0
CN=C1N=C(N)OC1=O,127.103,4,1,0,1,5,77.03999999999999,-1.1138,0
Nc1nc(=O)cn[nH]1,112.09199999999998,4,2,0,1,5,84.66,-1.2529000000000001,0
CNC1=NC(=N)C(O)=N1,126.11899999999999,3,3,0,1,5,80.83,-0.4908300000000004,0
N=CC1=NC=NC1=N,108.104,3,2,1,1,4,72.42,0.09614,0
CC1=NC(=N)N=C1N,110.12,2,2,0,1,4,74.59,-0.24712999999999996,0
N=C1NC(=N)OCO1,115.092,4,3,0,1,5,78.19000000000001,-0.55016,0
Nc1nc(=O)oc(=O)[nH]1,129.075,5,2,0,1,6,101.97999999999999,-1.6947,0
N=C1NC(=O)C(=N)CO1,127.103,4,3,0,1,5,86.03000000000002,-0.9126600000000002,0
NC1=NN=C1COCO,129.119,5,2,3,1,5,80.2,-1.3204000000000002,0
N=CCc1ncc(N)o1,125.131,4,2,2,1,4,75.9,0.44887000000000005,0
CC(=O)C1=NC(N)=N1,111.10400000000001,4,1,1,1,4,67.81,-0.6978,0
COC1=NC(N)=NC1=O,127.10300000000001,4,1,0,1,5,77.03999999999999,-1.1138000000000001,0
NC1=NN=C1C=NCO,126.11899999999999,5,2,2,1,5,83.33,-1.2662000000000002,0
O=Cc1cnc(O)n1O,128.087,5,2,1,1,5,75.35,-0.3615000000000001,0
N=C1C=C(N)C(C=O)=N1,123.115,3,2,1,1,4,79.3,-0.5402300000000002,0
N#CN=CCC1=NN=C1N,135.13,5,1,2,1,5,86.89,-0.34481999999999985,0
N=CC1N=C(N)OC1=O,127.103,5,2,1,1,5,88.53,-1.12393,1
N=C1CC(=O)OC(=N)O1,128.087,5,2,0,1,5,83.23,-0.13806000000000002,0
Cc1nnc(C=N)n1C=O,138.13,5,1,2,1,5,71.63,-0.37751,0
O=c1[nH]nncc1CO,127.10299999999998,4,2,1,1,5,78.87,-1.3428000000000002,0
COC1=CC(=N)N=C1N,125.13100000000001,3,2,1,1,4,71.46,-0.13522999999999985,0
CC(N)C1=NC(=O)O1,114.10399999999998,3,1,1,1,4,64.67999999999999,-0.1176999999999998,1
COc1ncnc(N)n1,126.11900000000001,5,1,1,1,5,73.92,-0.5376000000000003,0
Nc1cnc(C=O)cn1,123.11499999999998,4,1,1,1,4,68.87,-0.12869999999999998,0
Cc1nnc(CO)n1C=N,140.146,5,2,2,1,5,74.79,-0.4660100000000002,0
N=C1CC(=N)OC(=O)O1,128.087,5,2,0,1,5,83.23,0.49784,0
CC(C#N)n1nn[nH]1,111.108,4,1,1,1,5,70.28999999999999,-0.3092200000000002,1
N=C1OCC(=O)C1=NO,128.087,5,2,0,1,5,82.74,-0.60683,0
NCC1=NC(N)=NC1=O,126.119,4,2,1,1,5,93.82999999999998,-1.7589999999999995,0
N=C1CNC(=N)OCO1,129.119,4,3,0,1,5,78.19000000000001,-0.5076600000000004,0
N=C1COC(=N)NCO1,129.119,4,3,0,1,5,78.19,-0.5076600000000002,0
CN=C(O)C1=NC(=N)O1,127.103,3,2,1,1,5,78.03000000000002,-0.06382999999999994,0
N=C1C=C(N)OC1=O,112.088,4,2,0,1,4,76.17000000000002,-0.6369300000000002,0
N=C1OCC(=O)OC1=N,128.087,5,2,0,1,5,83.22999999999999,-0.48566000000000015,0
Nc1coc(=O)n1CO,130.103,5,2,1,1,5,81.39,-1.0267000000000002,0
CN=C1N=COC1=O,112.08799999999998,3,0,0,1,4,51.02,-0.4001999999999999,0
N=C1N=CC(N)=C1OC=O,139.114,4,2,2,1,5,88.53,-0.6086300000000002,0
CN=c1oc(=O)c1=N,112.088,4,1,0,1,4,66.42,-1.47463,0
Cc1noc(=O)c(=O)[nH]1,128.087,4,1,0,1,5,75.96000000000001,-0.96848,0
Nc1ocnc1C=O,112.08799999999998,4,1,1,1,4,69.12,0.06930000000000014,0
NCC1=NC=NC1=O,111.10399999999998,3,1,1,1,4,67.81,-1.0454,0
N=C1COC(=O)NC(=N)O1,143.102,5,3,0,1,6,95.26,-0.3451600000000003,0
COc1nncc(N)n1,126.119,5,1,1,1,5,73.92,-0.5376000000000003,0
N=CN1CCOC(=O)N1,129.119,3,2,1,1,5,65.42,-0.44973000000000013,0
N=C1NC(=O)COC1=N,127.103,4,3,0,1,5,86.03,-0.9126600000000002,0
N=Cc1nc(N)oc(=O)n1,140.102,6,2,1,1,6,105.86,-0.9903300000000002,0
N=CN1C=NOCC(N)C1,142.16199999999998,4,2,1,1,5,74.7,-0.80373,1
CC(=O)n1cnnc1O,127.103,5,1,0,1,5,68.01,-0.3562,0
CC(C#N)c1nn[nH]n1,123.11900000000001,4,1,1,1,5,78.25,-0.1732200000000001,1
Cn1ncc(=N)c(=O)o1,127.103,5,1,0,1,5,71.88,-1.1472300000000002,0
N=CC1=NC(C(=N)O)=N1,124.103,4,3,2,1,5,92.65,-0.018159999999999954,0
N=c1[nH]c(=O)oc(=O)[nH]1,129.075,4,3,0,1,6,102.70999999999998,-1.8643300000000003,0
NC1=C(N)C(=O)C=N1,111.10399999999998,4,2,0,1,4,81.47,-1.2736000000000003,0
CC(N)C1=NC(O)=N1,113.11999999999999,3,2,1,1,4,70.97,-0.3402999999999999,1
NC1=CN=C1CCO,112.13199999999999,3,2,2,1,3,58.61,-0.3765,0
N=C1COC(=N)OCN1,129.119,4,3,0,1,5,78.19,-0.5076600000000002,0
N=C1C=NC(=N)C(O)=N1,124.103,2,3,0,1,5,92.65,-0.018159999999999954,0
CN=C1OC(=O)N1C=N,127.103,4,1,1,1,5,65.75,0.031470000000000053,0
COC1=NC(N)=NC1=N,126.11900000000001,4,2,0,1,5,83.82,-0.66313,0
O=C1N=NCCNCO1,129.119,4,1,0,1,5,63.05,0.13589999999999997,0
N=CN1C=COC(=O)N1,127.10299999999998,3,2,1,1,5,65.42,0.021469999999999934,0
N=C1OCOC(=N)C1=O,128.087,5,2,0,1,5,83.22999999999999,-0.48566000000000015,0
NC(=O)C1=NN=C1O,113.076,3,2,1,1,5,88.04,-1.2022,0
N=C1CC(=O)OC(=N)O1,128.087,5,2,0,1,5,83.23,-0.13806000000000002,0
N=CNC1=NC=NC1=N,123.119,3,3,1,1,5,84.45,-0.3992599999999999,0
CC(=N)N1CNC=[N+]1[O-],128.135,3,2,0,1,5,65.19,-0.7001300000000001,0
N=C1N=C(C=O)C=C1N,123.11499999999998,3,2,1,1,4,79.3,-0.54023,0
COC1=NN=C1NC=O,127.10299999999998,4,1,1,1,5,63.050000000000004,-0.8956000000000002,0
COC1=NNC(=N)C1=N,126.11899999999999,4,3,0,1,5,81.32,-0.45346000000000036,0
N=Cn1c(CN)n[nH]c1=O,141.13400000000001,5,3,2,1,6,100.54999999999998,-1.5147300000000001,0
N=C1C=C(N)OC1=O,112.088,4,2,0,1,4,76.17000000000002,-0.6369300000000002,0
COC1=NN=C(N)C1=CO,141.13,5,2,0,1,5,80.2,-0.24100000000000016,0
Cn1nc(N)c(CO)n1,128.135,5,2,1,1,5,76.96000000000001,-1.1104,0
O=CC1=NC(O)=C1O,113.07199999999997,4,2,1,1,4,69.89,-0.07500000000000007,0
NC(=O)C1=NC(=O)N=C1,125.08699999999999,2,1,1,1,5,84.88000000000001,-0.8829,0
N=CN1CC(=N)N(C=O)O1,142.118,4,2,2,1,6,80.48,-0.8086600000000002,0
N=C1N=C(CO)C=C1N,125.13099999999999,3,3,1,1,4,82.46,-0.7468300000000001,0
COC1OC(=N)C(=O)O1,131.087,5,1,1,1,5,68.61,-0.5329300000000001,1
N=CN1C=COCC(=N)O1,141.13,4,2,1,1,5,69.4,0.30573999999999996,0
Nc1cn(C=O)c(=O)o1,128.087,5,1,1,1,5,78.23,-0.9381999999999999,0
N=C1NCC(=O)OCO1,130.103,4,2,0,1,5,71.41000000000001,-0.9583300000000001,0
O=c1oc(=O)c1=NO,115.04399999999998,5,1,0,1,5,79.87,-1.8344999999999998,0
N=C1N=COC(=O)CO1,128.087,4,1,0,1,5,71.74,-0.47713000000000005,0
C#CC(=O)n1nc[nH]1,109.088,3,1,0,1,4,50.68,-0.5154000000000001,0
CC1=NC(CO)=NC1=O,126.11499999999998,3,1,1,1,4,62.02,-0.6217000000000001,0
N=C1NCOC(=O)C1=N,127.103,4,3,0,1,5,86.03,-0.9126600000000002,0
CC(N)C1=NNC1=O,113.11999999999999,3,2,1,1,4,67.47999999999999,-1.1805999999999996,1
Cn1cnc(N)c1N,112.13600000000001,4,2,0,1,4,69.86,-0.41550000000000015,0
CNC(=O)c1nc1=O,112.088,3,1,1,1,4,59.06,-1.323,0
N=C1ON=C1C=NCO,127.10299999999998,5,2,2,1,5,78.03,-0.6295300000000001,0
N=C1N=C(N)OC1=O,113.076,4,2,0,1,5,88.53,-1.16483,0
N=C1COC(=N)OCO1,130.103,5,2,0,1,5,75.39,-0.08066000000000012,0
N=C1NC(=O)C(=O)O1,114.05999999999999,4,2,0,1,5,79.25000000000001,-1.4058300000000001,0
N=Cn1c(N)coc1=O,127.10299999999998,5,2,1,1,5,85.00999999999999,-0.5213300000000001,0
N=C1N=C(CO)NC1=O,127.10299999999998,3,3,1,1,5,85.53999999999999,-1.5157300000000002,0
COC1=NC(=N)N=C1C#N,136.114,3,1,0,1,5,81.59,-0.05575000000000002,0
N=C1OC(=O)NC1=O,114.05999999999999,4,2,0,1,5,79.25,-0.7699300000000002,0
N=C1CCC(=O)OCO1,129.11499999999998,4,1,0,1,4,59.38000000000001,0.27477,0
N=CN1CC(=O)OCO1,130.10299999999998,4,1,1,1,5,62.620000000000005,-0.65863,0
COC(=N)N1C=NC1=N,126.119,3,2,0,1,5,72.53,-0.15376,0
N=Cc1nc(C=O)n[nH]1,124.103,4,2,2,1,5,82.49000000000001,-0.38513000000000014,0
CNC(=O)c1cnn[nH]1,126.119,3,2,1,1,5,70.67,-0.8357000000000003,0
N=CN1CC(=O)OCN1,129.119,4,2,1,1,5,65.42,-1.0856300000000003,0
CN=C1N=CC(=O)O1,112.08799999999998,3,0,0,1,4,51.019999999999996,-0.4001999999999999,0
N=CN1C=NC(C=O)O1,127.10299999999997,4,1,2,1,5,65.75,-0.6060300000000001,1
N=CC1=NCC(=N)CO1,125.131,4,2,1,1,4,69.29,0.0844399999999999,0
CC1(O)OCNC1=O,117.104,3,2,0,1,4,58.56,-1.2012,1
N=C1ON=C1C(N)=O,113.076,4,2,1,1,5,88.53,-1.1648300000000003,0
CN=C1N=NC(N)=[N+]1[O-],127.107,4,1,0,1,6,89.17,-0.7369999999999999,0
COc1cnc(=N)on1,127.103,5,1,1,1,5,72.0,-0.44233000000000006,0
COC1=NN=C(N)C1=N,126.119,5,2,0,1,5,83.82,-0.66313,0
N=C1N=C(N)C=C1N,110.12,3,3,0,1,4,88.25,-0.8229299999999997,0
N=C1NC(=N)C(=O)N1,112.092,3,4,0,1,5,88.83000000000001,-1.3821599999999998,0
Cc1nc(C#N)nn1N,123.11900000000001,5,1,0,1,5,80.52,-0.8280000000000001,0
CC1=NC(=O)C(O)=N1,112.08799999999998,2,1,0,1,4,62.019999999999996,-0.09849999999999998,0
COC1=NC(=O)C(N)=N1,127.10300000000001,4,1,0,1,5,77.03999999999999,-1.1138000000000003,0
O=C1NCNCOC1=O,130.10299999999998,4,2,0,1,5,67.43,-1.8360000000000007,0
N=C1COC(=N)NCO1,129.119,4,3,0,1,5,78.19,-0.5076600000000002,0
N=C(N)C1=NN=CC1=N,123.119,4,3,1,1,5,98.44,-0.6174600000000001,0
N=C1OCC=NC(=O)O1,128.087,4,1,0,1,5,71.74,0.15876999999999997,0
N=C1OCOC(=O)C1=N,128.087,5,2,0,1,5,83.23,-0.48566000000000015,0
COc1cnn[nH]c1=O,127.103,4,1,1,1,5,67.87,-0.8265,0
C[N+](=N)n1[nH]nc1C=O,128.11499999999998,4,2,2,1,6,77.53999999999999,-0.5399300000000005,0
N=CN1CC(O)C(=N)O1,129.11899999999997,4,3,1,1,5,80.40000000000002,-0.8211600000000003,1
CNC1=NN=C(O)C1=N,126.11899999999999,4,3,0,1,5,80.83000000000001,-0.49083000000000004,0
N=C1CC(=O)OC(=O)O1,129.07099999999997,5,1,0,1,5,76.45,0.047170000000000045,0
N#CCn1cnc(N)n1,123.119,5,1,1,1,5,80.52,-0.6161200000000002,0
N=CN1C=NC1C=NO,126.11899999999997,4,2,2,1,5,72.04,-0.2765300000000001,1
CN1C=NC(C=N)=NO1,126.11899999999999,5,1,1,1,5,61.040000000000006,-0.14523000000000014,0
N=CNC1=CNC(O)O1,129.11899999999997,4,4,2,1,5,77.37,-1.1223300000000005,1
CN(C=N)n1[nH]nc1O,129.12300000000002,4,3,2,1,6,80.93,-0.9083300000000003,0
N=C1COCNC(=O)O1,130.103,4,2,0,1,5,71.41,-0.32243000000000016,0
NC(=O)C1=NN=C1N,112.09200000000001,4,2,1,1,5,93.83,-1.8014999999999999,0
N=C1C=C(N)C(C=O)=N1,123.115,3,2,1,1,4,79.3,-0.5402300000000002,0
CCC1=NC(=N)N=N1,110.12,2,1,1,1,4,60.93,1.19547,0
N=C1OC(C=O)C1=NO,128.087,5,2,1,1,5,82.74,-0.6084300000000002,1
N=c1occ(N)n1C=O,127.10300000000001,5,2,1,1,5,85.00999999999999,-0.8189300000000002,0
CN=C1C=NC(N)=[N+]1[O-],126.119,4,1,0,1,5,76.80999999999999,-1.0758999999999999,0
N=C1CN(CO)C(=N)O1,129.119,4,3,1,1,5,80.40000000000002,-0.8195600000000001,0
Nc1cn(O)c(C=O)n1,127.10299999999998,5,2,1,1,5,81.14,-0.48490000000000033,0
NC1=NC(C=O)=C1NC=O,139.11399999999998,4,2,3,1,5,84.54999999999998,-1.4863,0
Nc1nnc(C=O)[nH]1,112.09199999999998,4,2,1,1,5,84.66,-0.8006000000000004,0
N=Cn1cc(O)c(=O)o1,128.087,5,2,1,1,5,79.22000000000001,-0.39793,0
NC1=C(O)C=NC1=O,112.088,3,2,0,1,4,75.68,-0.6742999999999999,0
CNc1nc[nH]c(=O)[n+]1[O-],142.118,4,2,1,1,6,84.72,-1.554999999999999,0
COC1=NCNC(O)=N1,129.119,4,2,0,1,5,66.21,-0.5365000000000002,0
Cc1cnc(O)c(=O)o1,127.09899999999998,4,1,0,1,4,63.330000000000005,0.04881999999999992,0
Cc1nc(NC=O)n[nH]1,126.11899999999999,3,2,2,1,5,70.67,-0.31858000000000025,0
NC(=O)c1ncc(O)o1,128.087,4,2,1,1,5,89.35000000000001,-0.5209000000000003,0
N=C(O)C1=NC(=O)C=N1,125.08699999999999,3,2,1,1,5,85.86999999999999,-0.4688300000000001,0
Nc1[nH]c(=O)[nH]c1O,115.09199999999998,3,4,0,1,5,94.9,-1.0092000000000003,0
N=c1ccnnc(=N)[nH]1,123.119,4,3,0,1,5,89.27000000000001,-1.2363600000000003,0
N=CNC1NCOC1=O,129.119,4,3,2,1,5,74.21000000000001,-1.3869300000000002,1
N=Cn1oc(=O)n1C=N,128.091,6,2,2,1,6,87.77000000000001,-0.84686,0
CN=C1C=NC(=O)O1,112.08799999999998,3,0,0,1,4,51.019999999999996,0.23569999999999997,0
N=CCn1nc[nH]c1=N,125.13499999999999,4,3,2,1,5,81.31,-0.6597600000000003,0
Cc1nnc(C=O)n1N,126.119,5,1,1,1,5,73.8,-0.8871800000000001,0
COC1=NC(=O)C(O)=C1,127.09899999999998,3,1,0,1,4,58.89,0.013399999999999912,0
N=C1CN(C(N)=O)CO1,129.119,3,2,0,1,5,79.41000000000001,-0.6679299999999999,0
CNc1nc(=N)nco1,126.11899999999999,5,2,1,1,5,74.80000000000001,-0.4092300000000004,0
CC1=NC(=N)N=C1CO,125.13099999999999,2,2,1,1,4,68.8,-0.1710299999999999,0
COC(=O)C1=NC(=O)N1,128.08700000000002,3,1,1,1,5,67.75999999999999,-0.7189000000000001,0
N=C1N=C(N)C(C=O)=N1,124.103,3,2,1,1,5,91.66000000000001,-1.06813,0
NCC1=NOC(=O)C1=O,128.087,5,1,1,1,5,81.75,-1.5730000000000004,0
NC(=O)N=NC1=CNC1,126.11899999999999,3,2,1,1,5,79.84,-0.03809999999999997,0
N=CN1C(=O)NC1C=O,127.10299999999997,3,2,2,1,5,73.26,-0.8563300000000003,1
Cc1cn[nH]c(=O)c1N,125.131,3,2,0,1,4,71.77,-0.33947999999999995,0
N=C1OCC(=O)C(=N)O1,128.087,5,2,0,1,5,83.23,-0.48566000000000015,0
CN=C1OC(=N)C(=O)O1,128.087,5,1,0,1,5,71.74,-0.47713,0
N=CN1COCOC1=O,130.10299999999998,4,1,1,1,5,62.62000000000001,-0.022729999999999917,0
NC(=O)c1cnc(N)o1,127.103,4,2,1,1,5,95.14,-0.6443000000000001,0
NC(=O)C1=NC(=O)C=N1,125.08699999999999,3,1,1,1,5,84.88000000000001,-1.5188,0
N=C1CN=CC(=NO)O1,127.10299999999998,5,2,0,1,5,78.03,-0.1476300000000001,0
NC1=NC(N)=C(N)C1=O,126.119,5,3,0,1,5,107.48999999999998,-1.9872,0
CC1N=NC(=O)N(C=N)N1,141.134,4,2,1,1,6,80.91,0.3318700000000001,1
N=C1NC=NC(C=O)O1,127.10299999999998,4,2,1,1,5,74.54,-0.9057300000000001,1
CN=C1OC(=N)OC1=N,127.103,5,2,0,1,5,78.52000000000001,-0.02646000000000004,0
CC(=N)n1cnc(=N)o1,126.11899999999999,5,2,0,1,5,78.66000000000001,-0.19916000000000017,0
N=CN1NCC(=O)C1=O,127.10299999999998,4,2,1,1,5,73.26,-1.4906300000000001,0
N=C1NC(=N)OCCO1,129.119,4,3,0,1,5,78.19000000000001,-0.50766,0
NC1=C(CO)C=NC1=O,126.11499999999998,3,2,1,1,4,75.68,-1.1975000000000002,0
COc1nc[nH]c(=O)n1,127.103,4,1,1,1,5,67.87,-0.8265,0
Nc1nnc[nH]c1=O,112.09199999999998,4,2,0,1,5,84.66,-1.2529000000000006,0
N=CN1OCC(N)C1=O,129.119,4,2,1,1,5,79.41,-1.30543,1
N=C1N=CN=C1C=O,109.08799999999998,3,1,1,1,4,65.64,-0.35453,0
NN1C(=O)N=C1CO,115.09199999999998,3,2,1,1,5,78.92,-1.3135,0
N=c1nc(CO)c1=N,111.10399999999998,4,3,1,1,4,80.82,-1.5915599999999999,0
N=C1NC(=O)NCCO1,129.119,3,3,0,1,5,74.21000000000001,-0.74943,0
CC(=O)N1C(=O)NC1=O,128.087,3,1,0,1,5,66.48,-0.3218999999999998,0
N=Cc1cnc(=N)on1,124.103,5,2,1,1,5,86.62,-0.45325999999999994,0
N=C(O)C1=NC(=O)N=C1,125.08699999999999,2,2,1,1,5,85.86999999999999,0.16707000000000005,0
Nc1nc(OC=O)c[nH]1,127.10299999999997,4,2,2,1,5,81.0,-0.47290000000000026,0
CCNc1nc(=O)c1=O,126.11499999999998,4,1,2,1,4,59.06,-0.8906000000000001,0
N#CCc1nonc1N,124.10300000000001,5,1,1,1,5,88.73,-0.28212000000000004,0
N#CC(N)c1nc1=N,108.104,4,2,1,1,4,86.55000000000001,-1.03995,1
N=CC1=NC(N)=NC1=O,124.10300000000001,4,2,1,1,5,91.66,-1.0681300000000002,0
N=CN1OC(=N)C1CO,129.119,4,3,2,1,5,80.4,-0.8211600000000003,1
CC1=NC(=N)N=C1CO,125.13099999999999,2,2,1,1,4,68.8,-0.1710299999999999,0
N=CC(N)N1C=NC1=N,125.13499999999999,3,3,2,1,5,89.32,-0.8005600000000002,1
N=CN1CCNC(=N)OC1,142.16199999999998,3,3,1,1,5,72.2,-0.5924600000000002,0
N=C1COC(=N)C1=O,112.088,4,2,0,1,4,74.0,-0.41726000000000013,0
O=C1CNC(=O)C1=NO,128.087,4,2,0,1,5,78.76,-1.4845,0
C#CC1(O)N=CNN=N1,124.10300000000001,5,2,0,1,5,69.34,-0.7356000000000003,1
N=C1N=C(O)NC1=O,113.07599999999998,2,3,0,1,5,85.53999999999999,-0.9925300000000001,0
COC1=NC(N)=C1O,114.104,4,2,0,1,4,67.84,-0.26930000000000015,0
CN=C1N=CNC1=O,111.10399999999998,2,1,0,1,4,53.82,-0.8272000000000002,0
N=C1N=C(N)C=C1O,111.10399999999998,3,3,0,1,4,82.46000000000001,-0.22362999999999983,0
N=C1OCCOC(=O)C1=O,143.09799999999998,5,1,0,1,5,76.45,-0.8938300000000001,0
Nc1coc(=O)nc1N,127.10300000000001,5,2,0,1,5,95.14,-0.8008,0
Cc1nc(OC#N)no1,125.08699999999999,5,0,1,1,5,71.94,0.23789999999999994,0
Nc1[nH]ncc1OC=O,127.10299999999997,4,2,2,1,5,81.0,-0.47290000000000054,0
O=C1C=C(OCO)C=N1,127.09899999999999,3,1,2,1,4,58.89,-0.5523,0
N=C1OC(CO)=NC1C=O,142.11399999999998,5,2,2,1,5,82.74000000000001,-1.0478300000000003,1
N=C1NC(=O)NCCO1,129.119,3,3,0,1,5,74.21000000000001,-0.74943,0
N=C1C=C(N)N=C1O,111.104,3,3,0,1,4,82.46000000000001,-0.22363000000000027,0
CC1=NC(N)=NC1=N,110.12,3,2,0,1,4,74.59,-0.24712999999999996,0
N=C1OCN(C=O)C1=N,127.10299999999998,4,2,1,1,5,77.24000000000001,-0.6129600000000004,0
CC1=NC(=N)C(N)=N1,110.12,3,2,0,1,4,74.59,-0.24712999999999996,0
Nc1ncc(C=O)nn1,124.103,5,1,1,1,5,81.76,-0.7337000000000002,0
N=C1OC(=N)C(=O)O1,114.05999999999999,5,2,0,1,5,83.23,-0.5281600000000002,0
COC1=NN=C1CO,114.10399999999998,4,1,1,1,4,54.18000000000001,-0.6068,0
N=c1onc(N)nc1N,127.10700000000001,6,3,0,1,6,114.81,-1.28653,0
CC(=O)NC1=NOC1=O,128.087,4,1,0,1,5,67.75999999999999,-1.0072,0
Nc1cnoc(=O)c1N,127.103,5,2,0,1,5,95.14,-0.8008,0
Cc1n[nH]c(=N)nc1CO,140.14600000000002,4,3,1,1,5,85.65,-0.9151100000000001,0
N=CN1CC(=O)OC1=N,127.10299999999998,4,2,1,1,5,77.24000000000001,-0.61296,0
N#CCc1coc(=N)o1,124.09899999999998,4,1,1,1,4,73.92,0.41815,0
COc1noc(N)n1,115.09200000000001,5,1,1,1,5,74.17,-0.33960000000000007,0
N=CN1CC(=NC=O)O1,127.10299999999998,3,1,2,1,5,65.75,-0.6044300000000002,0
N=CN1C=NC(=O)OO1,129.075,4,1,1,1,6,74.98,-0.07942999999999995,0
N=C1C=NC(N)=NC1=O,124.10300000000001,4,2,0,1,5,91.66,-1.0681300000000002,0
Nc1cnnc(N)c1C=O,138.13,5,2,1,1,5,94.88999999999999,-0.5465,0
N#CCc1noc(O)n1,125.08699999999999,5,1,1,1,5,82.94,-0.15872000000000008,0
N=CC1=NC(N)=NC1=N,123.11900000000001,4,3,1,1,5,98.44,-0.6174600000000001,0
CNc1nocnc1=N,126.11899999999999,5,2,1,1,5,74.80000000000001,-0.4092299999999999,0
N=CNC1=NC(=O)OC1,127.103,3,2,1,1,5,74.54,-0.26822999999999997,0
CC(=O)C1=NC(N)=N1,111.10400000000001,4,1,1,1,4,67.81,-0.6978,0
N=C1N=C(N)C(=O)O1,113.076,4,2,0,1,5,88.53000000000002,-1.16483,0
Cc1n[nH]nnc1=N,111.108,4,2,0,1,5,78.31,-1.0124100000000003,0
NC1=NCC(=O)NCO1,129.119,4,2,0,1,5,76.71,-1.5950000000000002,0
N=C1OC1OC(N)=O,116.07600000000001,4,2,1,1,5,88.69999999999999,-0.58473,1
N=C1NC(=N)OCCO1,129.119,4,3,0,1,5,78.19000000000001,-0.50766,0
COC1=C(O)C(=O)N=N1,128.087,4,1,1,1,5,71.25,0.3523,0
NC(=O)C1=NNC1=O,113.076,3,2,1,1,5,84.55000000000001,-2.0425,0
CN=C1N=C(N)N1C=N,125.135,3,2,1,1,5,77.83,-0.7904299999999997,0
N=CC1COC(=N)OCO1,144.13,5,2,1,1,5,75.39,-0.03975999999999996,1
N=C1CNCOC(=N)OC1,143.146,5,3,0,1,5,78.19000000000001,-0.46516000000000046,0
Nc1nc(C=O)cn1N,126.11899999999999,5,2,1,1,5,86.92999999999999,-1.0084,0
CC(=O)C1N=NC(N)=N1,126.11900000000001,5,1,1,1,5,80.17,-0.318,1
COC1=NC(=N)C(=O)N1,127.103,3,2,0,1,5,74.53999999999999,-0.9041300000000001,0
N=C1N=C(CO)N=C1N,126.119,4,3,1,1,5,94.82,-1.2747300000000001,0
CC1=NC(=N)N=C1N,110.12,2,2,0,1,4,74.59,-0.24712999999999996,0
N=c1ncc(CO)c(N)[nH]1,140.14600000000002,4,4,1,1,5,98.78,-1.0363300000000002,0
CN=C1OC(N)=NC1=O,127.10300000000001,4,1,0,1,5,77.03999999999999,-1.1138000000000001,0
Cn1nc(F)c(C=N)n1,128.10999999999999,4,1,1,1,5,54.56,-0.04812999999999995,0
CNC1=NC(=N)NC1=O,126.11899999999999,3,3,0,1,5,77.34,-1.3311300000000001,0
CC1=NC(=O)C(O)=N1,112.08799999999998,2,1,0,1,4,62.019999999999996,-0.09849999999999998,0
N=CC1=C(N)C=NC1=N,122.131,3,3,1,1,4,86.08000000000001,-0.08955999999999997,0
NC(=O)N1CC(=O)CN1,129.119,3,2,0,1,5,75.43,-1.5455999999999999,0
N=C1ON=C1CNC=O,127.10299999999998,4,2,3,1,5,74.53999999999999,-0.9041300000000003,0
N=C1COC(=O)N=N1,113.07600000000001,3,1,0,1,5,74.87,0.5660700000000001,0
COc1cnc(O)n1C=N,141.13,5,2,2,1,5,71.13,0.052469999999999795,0
COC1=NC(=N)C(=O)O1,128.087,4,1,0,1,5,71.74,-0.47713,0
N=C1OCNC(=O)CO1,130.10299999999998,4,2,0,1,5,71.41,-0.9583300000000003,0
N=C1COC(=N)OCO1,130.103,5,2,0,1,5,75.39,-0.08066000000000012,0
CN=c1ncnc(N)o1,126.119,5,1,0,1,5,77.3,-0.8177000000000003,0
NC1=C(N)C(=O)N=C1,111.10399999999998,3,2,0,1,4,81.47,-1.2736000000000003,0
N=C1N=COC(=O)CO1,128.087,4,1,0,1,5,71.74,-0.47713000000000005,0
N=C1OC=NCC1=O,112.088,4,1,0,1,4,62.51,-0.40873000000000004,0
N=C1NC(C=O)OC1=N,127.103,4,3,1,1,5,86.03,-0.9142600000000001,1
Cn1cnnc1C(N)=O,126.119,4,1,1,1,5,73.80000000000001,-1.0860000000000003,0
CN=c1nnc(N)co1,126.11899999999999,5,1,0,1,5,77.3,-0.8177000000000003,0
NC(=O)NC1=C(N)N=N1,127.10700000000001,4,3,1,1,6,105.86,-0.7941999999999998,0
CNC(=O)C1=NNC1=N,126.119,3,3,1,1,5,77.34,-1.3311299999999993,0
Nn1c(O)cnc1C=O,127.10299999999998,5,2,1,1,5,81.13999999999999,-0.8850000000000002,0
N=c1occ(N)n1CC=O,141.13000000000002,5,2,2,1,5,85.00999999999999,-0.6583300000000003,0
N#CNC1=NC(O)=N1,110.076,4,2,0,1,5,80.77,-0.6593199999999999,0
N=C1OC(=N)C(=O)O1,114.05999999999999,5,2,0,1,5,83.23,-0.5281600000000002,0
N=C1OC(=O)N=C1CO,128.087,4,2,1,1,5,82.74,-0.45282999999999995,0
N=CN1CN=COC1=N,126.11899999999997,4,2,1,1,5,72.53,-0.15376000000000006,0
N#CC(N)C1=NN=N1,109.09200000000001,5,1,1,1,5,86.89,-0.38342000000000004,1
N=C1OCC(=O)C(=N)O1,128.087,5,2,0,1,5,83.23,-0.48566000000000015,0
N=C1OCCNC(=O)CO1,144.13,4,2,0,1,5,71.41,-0.9158300000000001,0
N=C1NC(=N)C(=O)CO1,127.103,4,3,0,1,5,86.03000000000002,-0.91266,0
N=C1OCNC(=O)CO1,130.10299999999998,4,2,0,1,5,71.41,-0.9583300000000003,0
CN=C1OC(=O)N1C=N,127.103,4,1,1,1,5,65.75,0.031470000000000053,0
CC(N)C1=C(N)N=N1,112.13600000000001,4,2,1,1,4,76.76,-0.07279999999999986,1
Cc1ncc(NC=O)nn1,138.13,4,1,2,1,5,67.77000000000001,-0.25168000000000007,0
CNc1nc(O)c(N)o1,129.119,5,3,1,1,5,84.31,0.0040999999999999925,0
CN=C1N=C(N)OC1=O,127.103,4,1,0,1,5,77.03999999999999,-1.1138,0
Nc1cnn(C=O)c1N,126.119,5,2,1,1,5,86.92999999999999,-0.9142000000000001,0
Nc1nn[nH]c1C=O,112.09199999999997,4,2,1,1,5,84.66,-0.8006000000000004,0
N=C1OCC(=O)C(=N)O1,128.087,5,2,0,1,5,83.23,-0.48566000000000015,0
Cc1nc(=N)on1C=O,127.10299999999998,5,1,1,1,5,71.88,-0.69771,0
C#CC1=NC(N)=NC1=N,120.11500000000001,3,2,0,1,4,74.59,-0.6338299999999999,0
N=CC1=C(N)C(=N)N=N1,123.11900000000001,4,3,1,1,5,98.44,0.24934000000000006,0
CNc1n[nH]ncc1=N,125.13499999999999,4,3,1,1,5,77.45,-0.6741300000000003,0
CN=c1[nH]c(=N)cno1,126.11899999999999,4,2,0,1,5,78.03,-0.9873300000000003,0
N=CC1=NC=NC1=N,108.104,3,2,1,1,4,72.42,0.09614,0
CC1=NC(=N)N=C1N,110.12,2,2,0,1,4,74.59,-0.24712999999999996,0
N=Cn1oc(=N)oc1=O,129.075,6,2,1,1,6,95.98000000000002,-1.0310599999999999,0
NC1=NC(=O)C(C=O)=N1,125.08699999999997,4,1,1,1,5,84.88,-1.5188,0
Cc1n[nH]c(=O)nc1N,126.119,4,2,0,1,5,84.66,-0.9444800000000002,0
N=COC1NCOC1=N,129.119,5,3,2,1,5,78.19,-0.5092600000000003,1
N=CN1C=C(N)OCN1,128.13500000000002,4,3,1,1,5,74.37,-0.8546300000000002,0
Nc1c[n+]([O-])c(N)cn1,126.119,4,2,0,1,5,91.86999999999999,-1.1206,0
N=CC1NC(=N)C(=O)N1,126.119,3,4,1,1,5,88.83000000000001,-1.3412600000000003,1
CC1(C=O)CC(=O)N1,113.116,2,1,1,1,3,46.17,-0.5361,1
CC(=O)N1C=CNN1N,128.135,4,2,0,1,5,61.60000000000001,-1.0849999999999997,0
O=Nc1c[nH]ncc1=O,125.08699999999997,4,1,1,1,5,75.18,0.1678,0
N=C1OCC(=O)OC1=N,128.087,5,2,0,1,5,83.22999999999999,-0.48566000000000015,0
N=CN1C(=N)N=C1N,111.108,3,3,1,1,5,89.32000000000001,-0.8414600000000001,0
CNc1cnc(=O)on1,127.103,5,1,1,1,5,68.02000000000001,-0.5285000000000002,0
CN=C1C=NNC1=O,111.10399999999998,3,1,0,1,4,53.82,-0.8272000000000002,0
N=C1NC(=O)C(=O)CO1,128.087,4,2,0,1,5,79.25000000000001,-1.36333,0
N=C1NC=CNC(=O)N1,126.119,2,4,0,1,5,77.01,-0.7052300000000002,0
N=C1ON(C=O)CC1=O,128.087,4,1,1,1,5,70.46000000000001,-1.06363,0
CC(=O)C1=NC(=N)O1,112.088,3,1,1,1,4,62.510000000000005,-0.06112999999999996,0
N=C1CC(=N)OC(=O)C1,126.11499999999998,4,2,0,1,4,74.0,0.32044000000000006,0
Nc1coc(=O)c(N)n1,127.10300000000001,5,2,0,1,5,95.14,-0.8008,0
N=CN1NCOC1C=O,129.11899999999997,4,2,2,1,5,65.42000000000002,-1.0872300000000001,1
N=C1NC=NC1C=O,111.10399999999998,3,2,1,1,4,65.31,-0.8373300000000001,1
CCn1nc(N)c(=O)[nH]1,128.135,4,2,1,1,5,76.7,-0.8265,0
N=c1[nH]c(=N)oc(=O)o1,129.075,5,3,0,1,6,106.83999999999999,-1.4801600000000006,0
CC(=O)C1=NNC1=O,112.088,3,1,1,1,4,58.53,-0.9388000000000001,0
N=C1COC(=N)C(=O)O1,128.087,5,2,0,1,5,83.23,-0.48566000000000015,0
COC1=NC(N)=NC1=N,126.11900000000001,4,2,0,1,5,83.82,-0.66313,0
CN=C1N=C(N)C(=N)O1,126.119,4,2,0,1,5,83.82000000000001,-0.66313,0
Nc1ncoc(=O)n1,113.076,5,1,0,1,5,82.01,-0.988,0
O=C1COC(=O)C1=NO,129.071,5,1,0,1,5,75.96000000000001,-1.0575,0
N=C(N)N1CC1=NC=O,126.11899999999999,2,2,1,1,5,82.31,-1.24963,0
CC1=NC(N)=NC1=N,110.12,3,2,0,1,4,74.59,-0.24712999999999996,0
Cc1n[nH]c(=O)nc1N,126.119,4,2,0,1,5,84.66,-0.9444800000000002,0
N=C1NC(=O)COC1=N,127.103,4,3,0,1,5,86.03,-0.9126600000000002,0
N=CC1COCOC1=O,129.115,4,1,1,1,4,59.38,-0.21693000000000007,1
N=C1N=NC(C=O)=N1,110.076,3,1,1,1,5,78.0,-0.015629999999999977,0
N=C1NC(=N)C(=O)CO1,127.103,4,3,0,1,5,86.03000000000002,-0.91266,0
Cc1noc(=N)nc1C=O,139.114,5,1,1,1,5,79.84,-0.33000999999999986,0
NC1=NC(C=O)=NC1=O,125.08699999999997,4,1,1,1,5,84.88,-1.5188,0
CC1=NN=C(N)C1=O,111.104,4,1,0,1,4,67.81,-0.6978,0
N=C1NC(=N)C(=O)O1,113.076,4,3,0,1,5,86.03000000000002,-0.95516,0
NC1=NC(=O)N=C1NC=O,140.10199999999998,3,2,1,1,6,96.91,-1.3783,0
CCC1=NC(=N)N=C1N,124.147,2,2,1,1,4,74.59,0.1429700000000002,0
N=C1C(=N)C(CO)OC1=O,142.11399999999998,5,3,1,1,5,94.23000000000002,-1.0563600000000002,1
COC1=NC(=N)C(=N)O1,127.103,4,2,0,1,5,78.52,-0.02646000000000004,0
CC1(N)COC(=N)C=N1,127.14699999999999,4,2,0,1,4,71.46000000000001,-0.2604299999999999,1
Cc1c(N)noc1N,113.12,4,2,0,1,4,78.07,0.1474200000000001,0
N=C1CCOC(=N)OCO1,144.12999999999997,5,2,0,1,5,75.39,0.30944,0
Nc1cn(C=O)c(O)n1,127.10299999999998,5,2,1,1,5,81.14,-0.7908000000000002,0
N=CC1NC(=O)OCC1=N,141.13,4,3,1,1,5,86.03,-0.23586000000000013,1
Nc1ncc(C=O)nc1O,139.114,5,2,1,1,5,89.10000000000001,-0.42310000000000014,0
Cn1nc(CCO)c(=N)[nH]1,142.162,4,3,2,1,5,77.69,-1.2375300000000002,0
O=CNc1nonc1C=O,141.08599999999998,5,1,3,1,6,85.09,-0.5496000000000001,0
Nc1n[nH]c(C=O)n1,112.09199999999998,4,2,1,1,5,84.66,-0.8006000000000004,0
N=C1C=NN=C(N)C1=O,124.103,5,2,0,1,5,91.66,-1.06813,0
N=C1NC(=O)C(=O)O1,114.05999999999999,4,2,0,1,5,79.25000000000001,-1.4058300000000001,0
N#CC(=O)NC1NC1=O,125.08699999999997,3,2,1,1,5,91.9,-1.9179200000000005,1
N=c1[nH]c(N)cn1C=O,126.119,4,3,1,1,5,87.66,-1.0838299999999998,0
NN1C(=O)N=C1CO,115.09199999999998,3,2,1,1,5,78.92,-1.3135,0
CNc1cn[nH]c(=O)n1,126.119,4,2,1,1,5,70.67,-0.7934000000000003,0
Nc1oncc1NC=O,127.10299999999998,4,2,2,1,5,81.15,-0.17490000000000022,0
N=C1OCC1=NC(=O)CN,141.13,4,2,1,1,5,88.53,-1.0798300000000003,0
N=C1OC(=O)OC1=O,115.04399999999998,5,1,0,1,5,76.44999999999999,-0.34293,0
CC(=O)C1=NNC1=O,112.088,3,1,1,1,4,58.53,-0.9388000000000001,0
NC1=C(CO)C(=O)C=N1,126.11499999999998,4,2,1,1,4,75.68,-1.1975000000000002,0
CN=CN1C(=O)N1C=O,127.10299999999998,3,0,2,1,5,52.519999999999996,-0.5465,0
COC1=NC(=N)N=C1N,126.11900000000001,3,2,0,1,5,83.82,-0.66313,0
N=CCc1noc(N)n1,126.11900000000001,5,2,2,1,5,88.79,-0.15613,0
N=C1COC(=N)OCO1,130.103,5,2,0,1,5,75.39,-0.08066000000000012,0
CC(=O)c1nc(N)no1,127.10300000000001,5,1,1,1,5,82.01,-0.14560000000000006,0
CC1=NC(C=N)=NC1=N,122.13099999999999,3,2,1,1,4,72.42,0.48624,0
N=C1CNC(=O)C(=N)O1,127.10299999999998,4,3,0,1,5,86.03000000000002,-0.9126600000000002,0
O=CC1=NC(=O)C(F)=N1,128.06199999999998,3,0,1,1,5,58.86,-0.5080000000000001,0
N=C1NC(=N)C(CO)O1,129.119,4,4,1,1,5,89.19000000000001,-1.1208600000000002,1
C#CC1OCOC(=N)O1,127.09899999999999,4,1,0,1,4,51.540000000000006,-0.09863000000000005,1
COC1=NNC(=N)C1=O,127.10299999999998,4,2,0,1,5,74.53999999999999,-0.9041300000000003,0
N=C1N=CC(=O)N1O,113.076,3,2,0,1,5,76.75,-0.7766300000000002,0
CC(=O)c1n[nH]c(=O)o1,128.087,4,1,1,1,5,75.96000000000001,-0.43450000000000005,0
COC1=NC(=N)N=C1O,127.103,2,2,0,1,5,78.03,-0.06383000000000005,0
CC(=O)NC1(C=O)CN1,128.131,3,2,2,1,4,68.11,-1.3791,1
N=C1NOCC(C=O)O1,130.10299999999998,4,2,1,1,5,71.41,-0.9599300000000002,1
C#CC(=O)c1nnc[nH]1,121.099,3,1,1,1,4,58.64,-0.3793999999999999,0
NC1=NC=C(C=O)C1=O,124.09899999999998,4,1,1,1,4,72.52,-0.9909000000000001,0
COc1nnoc1C#N,125.08699999999999,5,0,1,1,5,71.94,-0.05012000000000011,0
CN=C1NC(=O)CNO1,129.119,4,2,0,1,5,62.72,-1.3767999999999998,0
CC(O)C1=NNC1=N,113.12,3,3,1,1,4,68.47,-0.6963300000000001,1
N=C1OCC(=N)C(=O)O1,128.087,5,2,0,1,5,83.23,-0.48566000000000015,0
N=c1[nH]c(=N)oc(=O)o1,129.075,5,3,0,1,6,106.83999999999999,-1.4801600000000006,0
N=COCC1=NNC1=N,126.119,4,3,3,1,5,81.32,-0.45346000000000036,0
CC1=NC(CN)=NC1=O,125.131,3,1,1,1,4,67.81,-0.6553,0
Nc1cnc(C=O)n1N,126.119,5,2,1,1,5,86.92999999999999,-1.0084,0
N=C(O)CC(=N)N1CO1,129.119,3,3,2,1,5,83.47000000000001,0.09373999999999999,0
N=C1N=NC=C(N)C1=O,124.103,4,2,0,1,5,91.66,-0.2013299999999999,0
COC1=NC(=N)OC1=O,128.087,4,1,0,1,5,71.74000000000001,-0.47713,0
N=C1COC(=O)N=CO1,128.087,4,1,0,1,5,71.74,0.15877000000000002,0
CN=CNC1=NC(C#N)N1,137.14600000000002,4,2,1,1,5,72.57,-0.9570200000000002,1
O=Cc1cn[nH]c1N=O,125.08699999999999,4,1,2,1,5,75.18,0.6201,0
N=C1N=C(C(=O)O)O1,114.05999999999997,3,2,1,1,5,82.74000000000001,-0.5655299999999999,0
N=C1NC(=O)OC1=O,114.05999999999999,4,2,0,1,5,79.25,-0.76993,0
O=C1C=NC(CCO)=N1,126.115,3,1,2,1,4,62.019999999999996,-0.6217000000000001,0
CC(=N)n1nc[nH]c1=O,126.11899999999999,4,2,0,1,5,74.53,-0.5833300000000001,0
O=CC1=NC(=O)N=C1,110.07199999999999,2,0,1,1,4,58.86,-0.1693,0
N=c1nc(N)cn[nH]1,111.108,4,3,0,1,5,91.44,-1.1336300000000004,0
N=CN1C=NC1CN=O,126.11899999999999,4,1,3,1,5,68.88,0.029870000000000063,1
N=C1NCC(C=O)OC1=N,141.13,4,3,1,1,5,86.03,-0.8717600000000001,1
N=C1OCNC(=O)CO1,130.10299999999998,4,2,0,1,5,71.41,-0.9583300000000003,0
O=CC1COCC1=NO,129.115,4,1,1,1,4,58.89,-0.33810000000000023,1
COc1coc(=N)n1N,129.119,5,2,1,1,5,77.17,-0.7170300000000001,0
CC1=C(N)N=NC1=O,111.104,3,1,0,1,4,67.81,0.16900000000000015,0
N=CC1=C(N)C(=O)N=N1,124.10300000000001,4,2,1,1,5,91.66,-0.20133000000000012,0
CC1(O)C(=N)N=[N+]1[O-],115.09200000000001,3,2,0,1,5,82.50999999999999,-0.35173000000000004,1
NC(=O)c1coc(=O)o1,129.07099999999997,4,1,1,1,5,86.44000000000001,-0.6683000000000001,0
NC(=O)C1=NC=C1O,112.08799999999998,3,2,1,1,4,75.68,-0.6742999999999999,0
Cc1c(N)nnn1C=N,125.135,5,2,1,1,5,80.58,-0.3761100000000001,0
CN=C1NC(=O)OC1=N,127.10299999999998,4,2,0,1,5,74.53999999999999,-0.2682300000000001,0
CC1=C(CO)C(=N)N=N1,125.131,3,2,1,1,4,68.8,0.6957700000000001,0
N=C1COCC(=NO)O1,130.103,5,2,0,1,5,74.9,-0.20183000000000012,0
N=Cc1cnc(N)n1CO,140.14600000000002,5,3,2,1,5,87.92,-0.5872300000000004,0
N=C1ON=C(CO)C1=N,127.10299999999998,5,3,1,1,5,89.52000000000001,-0.6380600000000003,0
N=C1CNC(C=O)OCO1,144.12999999999997,5,2,1,1,5,71.41000000000001,-0.9174300000000004,1
CN1NC(=O)CNC1=O,129.119,2,2,0,1,5,61.440000000000005,-1.3273999999999995,0
NC(=O)c1c[nH]n[n+]1[O-],128.091,3,2,1,1,6,98.71000000000001,-1.8579999999999997,0
N#CC1N=C(OC=N)O1,125.08699999999997,5,1,1,1,5,78.46,-0.15405000000000008,1
CCc1nnoc1N=O,127.10299999999998,5,0,2,1,5,68.35,1.0299,0
Nc1cnc(=O)[nH]c1O,127.10299999999998,4,3,0,1,5,92.0,-0.9423000000000001,0
Cc1nc(=O)[nH]n1C=N,126.11899999999999,4,2,1,1,5,74.53,-0.6650100000000001,0
CC1NCC(=N)OC(=N)O1,143.146,5,3,0,1,5,78.19000000000001,-0.11916000000000027,1
N=C(N)NC1=NC=C1,110.11999999999999,2,3,0,1,4,74.26,-0.6047299999999995,0
NCC1=NCC(=O)OC1,128.13099999999997,4,1,1,1,4,64.67999999999999,-1.0571000000000002,0
N#CCn1cnc(O)n1,124.10299999999998,5,1,1,1,5,74.73,-0.4927200000000002,0
COC1=NN=C1CO,114.10399999999998,4,1,1,1,4,54.18000000000001,-0.6068,0
N=C1OC=NC1=O,98.06099999999999,3,1,0,1,4,62.51,-0.45123,0
Nc1cnc(CO)nc1N,140.146,5,3,1,1,5,98.05,-0.8667,0
CN=c1cnc(N)co1,125.13099999999999,4,1,0,1,4,64.41,-0.21270000000000006,0
Cc1n[nH]c(=O)n1CO,129.119,4,2,1,1,5,70.91,-1.1703800000000004,0
Nc1nc(O)nc(C=O)n1,140.10199999999998,6,2,1,1,6,101.99,-1.0281000000000002,0
CC(=O)C1=NC(N)=N1,111.10400000000001,4,1,1,1,4,67.81,-0.6978,0
N=c1[nH]nc(C=O)o1,113.07599999999998,4,2,1,1,5,82.74,-0.70533,0
C#CC(O)c1nn[nH]n1,124.10300000000002,4,2,1,1,5,74.69,-1.1337000000000004,1
CNC(=O)C1=NC(=O)N1,127.103,2,2,1,1,5,70.56,-1.1459000000000001,0
CC(=O)C1=NNC1=N,111.104,3,2,1,1,4,65.31,-0.4881300000000001,0
N=C(N)C1=NN=C1N,111.10800000000002,4,3,1,1,5,100.61,-1.3508300000000002,0
N=C1COC(=N)N=CN1,126.119,3,3,0,1,5,81.32,-0.45346000000000014,0
N=Cc1noc(=N)o1,113.076,5,2,1,1,5,86.87,-0.25526,0
COc1nn[nH]c1N=O,128.091,5,1,2,1,6,80.23,0.21119999999999978,0
CNc1ncoc(=O)n1,127.10299999999998,5,1,1,1,5,68.02000000000001,-0.5285,0
CC1=NC(=O)N=C1O,112.08799999999998,1,1,0,1,4,62.019999999999996,0.5374000000000001,0
Nc1ncnnc1C=O,124.10299999999998,5,1,1,1,5,81.75999999999999,-0.7337000000000002,0
N=C1NCC(=O)OCO1,130.103,4,2,0,1,5,71.41000000000001,-0.9583300000000001,0
N=CC1N=COC(=N)O1,127.10299999999998,5,2,1,1,5,78.52,-0.02805999999999992,1
N=C1N=NC=C1CO,111.10399999999998,3,2,1,1,4,68.8,0.30566999999999994,0
N=C1N=C(N)C(C=O)=N1,124.103,3,2,1,1,5,91.66000000000001,-1.06813,0
COC1=CC(=N)N=N1,111.10400000000001,3,1,1,1,4,57.8,0.91727,0
N=Cc1nocnc1=O,125.08699999999999,5,1,1,1,5,79.84,-0.57253,0
COC(=N)C1=NN=C1N,126.11900000000001,5,2,1,1,5,83.82,-0.66313,0
N=CN1CC(=O)NCN1,128.135,3,3,1,1,5,68.22,-1.5126299999999993,0
N#CC(N)n1ccnn1,123.11899999999999,5,1,1,1,5,80.52,-0.7410200000000002,1
N=CN1OCCNC1=O,129.119,3,2,1,1,5,65.42000000000002,-0.4497299999999999,0
N=C1CC(=NO)C(=O)O1,128.087,5,2,0,1,5,82.74,-0.25923,0
CC1(O)N=CC(=O)N1,114.10399999999998,3,2,0,1,4,61.690000000000005,-1.147,1
N=CNC1=NC=NC1=O,124.103,3,2,1,1,5,77.67,-0.8499300000000001,0
Cn1nncc1NC=N,125.13499999999998,4,2,2,1,5,66.59,-0.16593000000000008,0
Cc1ncc(NC=N)nn1,137.146,4,2,2,1,5,74.55000000000001,0.1989899999999999,0
N#CCc1nc(O)n[nH]1,124.103,4,2,1,1,5,85.59,-0.42362000000000005,0
CC(=O)C1=NC(=O)N1,112.088,2,1,1,1,4,58.53,-0.3028999999999999,0
NC1=CC(=O)N=C1F,114.07900000000001,2,1,0,1,4,55.45,-0.26279999999999987,0
N=C1NCC(C=O)C1O,128.13099999999997,3,3,1,1,4,73.18,-1.2571300000000003,2
N=C(N)C1=NC(=O)N1,112.092,2,3,1,1,5,91.33000000000001,-0.95593,0
NC1=CN=C(N)C1=O,111.104,4,2,0,1,4,81.47,-1.2735999999999998,0
CC(O)C1=NNC1=N,113.12,3,3,1,1,4,68.47,-0.6963300000000001,1
COC1COC(=O)C1=N,129.115,4,1,1,1,4,59.38,-0.4220300000000003,1
N=C(N)Oc1nc1=O,113.076,4,2,1,1,5,89.06,-1.41033,0
NC1=NC=C1C(=O)O,112.08799999999998,3,2,1,1,4,75.67999999999999,-0.6742999999999999,0
Nc1[nH]cnc1C=O,111.10399999999998,3,2,1,1,4,71.77000000000001,-0.19559999999999994,0
CN=c1[nH]nc(O)n1C=O,142.118,5,2,1,1,6,83.26999999999998,-1.5144000000000004,0
N=C1OCC(=O)NC1N,129.119,4,3,0,1,5,88.2,-1.60513,1
N=C1N=C(O)C(C=O)=N1,125.08699999999997,2,2,1,1,5,85.86999999999999,-0.4688300000000001,0
N=c1onc(N)n1C=O,128.091,6,2,1,1,6,97.9,-1.4239300000000001,0
NC=C1N=C(N)N=C1O,126.119,4,3,0,1,5,96.99,-0.9286999999999999,0
N=c1nncc(N)n1CO,141.13400000000001,6,3,1,1,6,100.81000000000002,-1.7104300000000006,0
N=C1CONC(=O)CO1,130.10299999999998,4,2,0,1,5,71.41,-0.9583300000000003,0
Nc1cnc(C=O)cn1,123.11499999999998,4,1,1,1,4,68.87,-0.12869999999999998,0
N=C1N=NC(N)=C1C=O,124.103,4,2,1,1,5,91.66,-0.20132999999999995,0
N=C1OCC(CO)=NC1=O,142.114,4,2,1,1,5,82.74000000000001,-1.0462300000000002,0
N=C1NC=NC(=O)CO1,127.103,3,2,0,1,5,74.54,-0.9041300000000001,0
N=CNC1CC(=O)CN1,127.147,3,3,2,1,4,64.98,-0.9284300000000001,1
CC(=O)c1nc(N)n[nH]1,126.11900000000001,4,2,1,1,5,84.66,-0.41050000000000025,0
Nc1noc(=O)nc1N,128.091,6,2,0,1,6,108.03,-1.4058000000000002,0
N=C1OC=NCOC1=N,127.103,5,2,0,1,5,78.52000000000001,-0.026460000000000095,0
N=C1OC(=N)C(C=O)O1,128.087,5,2,1,1,5,83.23,-0.48726000000000025,1
N=C1COC(=O)NCCO1,144.13,4,2,0,1,5,71.41,-0.27993000000000023,0
N=CN1C=NCC(=O)O1,127.10299999999998,4,1,1,1,5,65.75,-0.6044300000000002,0
CC(=N)C1=NC(=O)N1,111.104,2,2,1,1,4,65.31,0.14777000000000007,0
N=c1[nH]ncnc1C=O,124.10299999999998,4,2,1,1,5,82.49000000000001,-0.9033300000000004,0
N=C1OC(=N)C(=O)O1,114.05999999999999,5,2,0,1,5,83.23,-0.5281600000000002,0
N=Cc1ncnnc1N,123.11900000000001,5,2,1,1,5,88.54,-0.5485300000000002,0
N=C1ON=C(CO)C1=O,128.087,5,2,1,1,5,82.74000000000001,-1.0887300000000002,0
O=C1COC(=O)N=CN1,128.087,3,1,0,1,5,67.76,-0.7188999999999999,0
CN=C1ON=C1C=O,112.08799999999998,4,0,1,1,4,51.02,-0.4001999999999999,0
N=C1NN=C(O)C1=N,112.09199999999998,3,4,0,1,5,92.32,-0.5418600000000002,0
CC1=NC(=N)NC1=NC=O,138.13,2,2,1,1,5,77.67,-0.4598300000000002,0
Nc1oncc1C=O,112.08799999999998,4,1,1,1,4,69.12,0.06930000000000003,0
CN=C1N=C(O)N=C1O,127.10299999999998,2,2,0,1,5,77.54,-0.10119999999999985,0
N=C1OC=NCOC1=N,127.103,5,2,0,1,5,78.52000000000001,-0.026460000000000095,0
N=C1NC=C(O)OCO1,130.103,4,3,0,1,5,74.57000000000001,-0.12803000000000014,0
N=CC1NC(=N)C(=O)O1,127.103,4,3,1,1,5,86.03000000000002,-0.9142600000000003,1
N=CC1=C(O)N=NC1=N,124.103,4,3,1,1,5,92.65,0.8486400000000001,0
N=C1OCCOC(=N)O1,130.103,5,2,0,1,5,75.39,-0.0806599999999999,0
N=C1OC(=N)C(=NO)O1,129.075,6,3,0,1,6,98.75,-0.26705999999999996,0
Nc1nc(C=O)n[nH]1,112.09199999999998,4,2,1,1,5,84.66,-0.8006000000000002,0
N#Cc1nncc(N)n1,121.103,5,1,0,1,5,88.48,-0.67452,0
N=Cc1nocc1N,111.104,4,2,1,1,4,75.9,0.25447000000000003,0
N=CN1OCNC1C=O,129.119,4,2,2,1,5,65.42000000000002,-1.0872300000000001,1
Nc1nocc1C=O,112.08799999999998,4,1,1,1,4,69.12,0.06930000000000003,0
CC1=NC(=N)OC1=O,112.08799999999998,3,1,0,1,4,62.51,-0.06112999999999996,0
Nc1cc(NC=O)on1,127.103,4,2,2,1,5,81.14999999999999,-0.17490000000000022,0
N=C1ON=C1C(N)=O,113.076,4,2,1,1,5,88.53,-1.1648300000000003,0
COc1nc[nH]c1N=O,127.103,4,1,2,1,5,67.34,0.8161999999999998,0
N=C1CNC(=O)OCO1,130.10299999999998,4,2,0,1,5,71.41000000000001,-0.3224300000000002,0
Nc1cc(=O)oc(O)n1,128.087,5,2,0,1,5,89.35000000000001,-0.6774000000000002,0
N=C1OCN=CNC1=O,127.10299999999998,4,2,0,1,5,74.53999999999999,-0.9041300000000003,0
CC1=NC(N)=NC1=N,110.12,3,2,0,1,4,74.59,-0.24712999999999996,0
N=c1oc(=N)oc(=O)o1,130.059,6,2,0,1,6,104.19000000000001,-1.21526,0
O=Cc1nc(CO)n[nH]1,127.103,4,2,2,1,5,78.87,-0.8905000000000003,0
Nc1ncnnc1C=O,124.10299999999998,5,1,1,1,5,81.75999999999999,-0.7337000000000002,0
N=C1N=C=NNN=C1CO,139.11800000000002,5,3,1,1,6,93.19000000000001,-0.99593,0
N=C1COC(=O)C(N)O1,130.103,5,2,0,1,5,85.4,-1.1781300000000001,1
N#CNC1=NCCC1=N,122.131,4,2,0,1,4,72.03,-0.12095000000000006,0
CC1(CO)OCC(=N)O1,131.131,4,2,1,1,4,62.540000000000006,-0.28103000000000006,1
N=C1CNC(=N)OCO1,129.119,4,3,0,1,5,78.19000000000001,-0.5076600000000004,0
N=C1CC(=O)OC(=N)N1,127.10299999999998,4,3,0,1,5,86.03,-0.5650600000000001,0
CN=C1C=NN1F,101.084,2,0,0,1,4,27.96,0.2006,0
N=C1COC(=O)C(=N)N1,127.103,4,3,0,1,5,86.03,-0.9126600000000002,0
N=C1COCOC(=O)O1,131.087,5,1,0,1,5,68.61,0.10457000000000011,0
N=C1N=C(C(N)=O)O1,113.076,3,2,1,1,5,88.53000000000002,-1.1648300000000003,0
N#CCCC1=NN=C1N,122.13100000000001,4,1,2,1,4,74.53,0.016980000000000106,0
N=C1CC(=O)NC(=O)O1,128.087,4,2,0,1,5,79.25000000000001,-0.37983000000000006,0
N=C(O)C1C=NNN=C1,126.119,4,3,1,1,5,80.83,-0.28733000000000003,0
N=C1N=NC(CO)=C1O,127.10299999999998,4,3,1,1,5,89.03,0.19136999999999998,0
NC(=O)NC1NCC1=O,129.119,3,3,1,1,5,84.22,-1.8469000000000002,1
C#CC(=O)n1cno1,110.07199999999999,4,0,0,1,4,48.03,-0.25049999999999994,0
N#CCn1cn[nH]c1=N,123.11899999999999,4,2,1,1,5,81.25,-0.7857500000000004,0
CCc1nn[nH]c(=N)n1,125.13499999999999,4,2,1,1,5,78.31,-0.7584300000000004,0
N=C1OCC(=O)OC1=N,128.087,5,2,0,1,5,83.22999999999999,-0.48566000000000015,0
COc1cnc(N)c(=N)o1,141.13,5,2,1,1,5,85.13000000000001,-0.25512999999999997,0
COC1=NN=C1C=NC#N,136.11399999999998,5,0,1,1,5,70.1,-0.04722000000000004,0
CN=C1N=C(CO)NC1=O,141.13,3,2,1,1,5,74.05000000000001,-1.4647,0
C#CCc1n[nH]nc1N,122.13100000000001,3,2,1,1,4,67.59,-0.4374000000000002,0
N=c1ncoc(=O)o1,114.05999999999999,5,1,0,1,5,80.09,-0.89273,0
N=Cn1oc(=O)oc1=N,129.075,6,2,1,1,6,95.97999999999999,-1.0310599999999999,0
CC1=NC(=N)OC1=O,112.08799999999998,3,1,0,1,4,62.51,-0.06112999999999996,0
N=CN1C(=N)OC1=O,113.07599999999998,4,2,1,1,5,77.24000000000001,-0.01955999999999991,0
O=NC=C1C=NN=C1O,125.08699999999999,4,1,1,1,5,74.38,0.5926,0
CC(=O)C1=NN=C1N,111.10400000000001,4,1,1,1,4,67.81,-0.6978,0
CN=C(N)c1cn[nH]n1,125.13499999999999,3,2,1,1,5,79.95,-0.8602000000000005,0
Cc1noc(=N)c(O)n1,127.103,5,2,0,1,5,83.0,-0.43691,0
N=C1N=C(CO)NC1=O,127.10299999999998,3,3,1,1,5,85.53999999999999,-1.5157300000000002,0
NC=C1N=CN=C1N,110.12,4,2,0,1,4,76.75999999999999,-0.8144,0
CC1(O)C=NN=NC1=N,126.11900000000001,4,2,0,1,5,81.16,0.16626999999999992,1
CC(O)C1=NC(=N)O1,114.104,3,2,1,1,4,65.67,-0.26933000000000007,1
N=C(O)c1coc(=N)o1,128.087,4,3,1,1,5,94.21,0.23544000000000004,0
NCc1cnc(N)nn1,125.135,5,2,1,1,5,90.71,-1.0875000000000001,0
N=C1OCOC(=N)C(=O)O1,144.08599999999998,6,2,0,1,6,92.46,-0.5540600000000002,0
CNC(=O)C1=NC(N)=N1,126.11900000000001,4,2,1,1,5,79.84,-1.540799999999999,0
CNC1=NOC(=O)C1=N,127.10299999999998,5,2,0,1,5,74.54,-0.9041300000000001,0
N=c1ocnn1C=CO,127.10299999999998,5,2,1,1,5,75.04,-0.05823000000000006,0
N=Cc1cnc(=N)on1,124.103,5,2,1,1,5,86.62,-0.45325999999999994,0
O=C1NCC(=O)C(=O)N1,128.087,3,2,0,1,5,75.27,-1.6051000000000002,0
CN=c1[nH]cnc(=O)o1,127.10299999999998,4,1,0,1,5,71.25,-1.1066000000000003,0
CN=C1OC(=N)CC1=O,126.115,4,1,0,1,4,62.51,-0.01863000000000009,0
N=c1[nH]cnc(=O)n1O,128.091,5,3,0,1,6,94.76,-1.7118299999999997,0
N=CCC1=NN=C1N,110.12000000000002,4,2,2,1,4,74.59,-0.24712999999999996,0
CC(O)C1=NC(=O)O1,115.088,3,1,1,1,4,58.89,-0.08410000000000006,1
N=C1NCOC(C=O)O1,130.10299999999998,4,2,1,1,5,71.41,-0.9599300000000002,1
N=CC1=NC(=O)OC1=N,125.08699999999999,4,2,1,1,5,86.36000000000001,0.20444,0
CC1=NC(=O)OC1=O,113.07199999999997,3,0,0,1,4,55.73,0.12410000000000004,0
COc1cnnc(N)n1,126.11900000000001,5,1,1,1,5,73.92,-0.5376000000000003,0
N=C1NC(=N)OCO1,115.092,4,3,0,1,5,78.19000000000001,-0.55016,0
NC1=CC(=O)N=C1N,111.10400000000001,3,2,0,1,4,81.47,-1.2736000000000003,0
CC(O)C1=NC(N)=N1,113.12000000000002,4,2,1,1,4,70.97,-0.9060000000000001,1
NC1=NC(=O)C(C=O)=N1,125.08699999999997,4,1,1,1,5,84.88,-1.5188,0
CCC1=NC(N)=NC1=O,125.131,3,1,1,1,4,67.81,-0.30770000000000003,0
N=CN1C(=O)N1CCO,129.119,3,2,3,1,5,67.17,-0.76163,0
CC1=NC(N)=NC1=N,110.12,3,2,0,1,4,74.59,-0.24712999999999996,0
N#CC1=NN(C=O)CN1,124.10299999999998,4,1,1,1,5,68.49,-1.1574200000000001,0
N#CCC(N)C1=CN=N1,122.131,4,1,2,1,4,74.53,0.5345800000000002,1
N=C1NCC(=O)CCO1,128.131,3,2,0,1,4,62.18000000000001,-0.4998300000000002,0
N=C1N=CNCC(=O)CO1,141.13,4,2,0,1,5,74.54,-0.8616300000000001,0
CC1(N)N=NC(=N)N1,113.124,3,3,0,1,5,86.62,-0.39102999999999993,1
N=C1C=NC(N)=[N+]1[O-],112.09200000000001,4,2,0,1,5,88.30000000000001,-1.12693,0
COc1cnc(N)n1N,128.13500000000002,5,2,1,1,5,79.09,-0.8123000000000002,0
N=C1OC(=O)NC1=NO,129.07500000000002,5,3,0,1,6,94.77,-0.5088300000000001,0
CNC(=O)c1ncno1,127.103,4,1,1,1,5,68.02000000000001,-0.5708000000000002,0
N=c1occ(N)n1CO,129.11900000000003,5,3,1,1,5,88.17,-0.9074300000000004,0
N=C1NC(=O)COC1=O,128.087,4,2,0,1,5,79.25,-1.36333,0
N=C1OC=NC1=NCO,127.103,4,2,1,1,5,78.03,-0.6295300000000001,0
Nc1coc(=O)nc1N,127.10300000000001,5,2,0,1,5,95.14,-0.8008,0
N=Cc1ncnnc1N,123.11900000000001,5,2,1,1,5,88.54,-0.5485300000000002,0
N#CC(N)N1N=CC1=O,124.10299999999998,4,1,1,1,5,82.47999999999999,-1.3772199999999999,1
CC1NC(=O)C(=NO)O1,130.10299999999998,4,2,0,1,5,70.92,-0.7335000000000003,1
N=C(O)c1ncc(N)o1,127.103,4,3,1,1,5,96.13,0.14016999999999996,0
CC1=NC(=O)C(N)=N1,111.104,3,1,0,1,4,67.81,-0.6978,0
Nc1nc(C=O)oc1O,128.08699999999996,5,2,1,1,5,89.35000000000001,-0.2250999999999999,0
COC1=C(O)C(=N)N=N1,127.103,4,2,1,1,5,78.03,0.80297,0
N=CN1CC=NC(=O)O1,127.10299999999998,3,1,1,1,5,65.75,0.03146999999999994,0
COC1=NC(=N)NC1=O,127.103,3,2,0,1,5,74.53999999999999,-0.9041300000000003,0
O=Cc1nn[nH]c1CO,127.10299999999998,4,2,2,1,5,78.87,-0.8905000000000001,0
CC(O)C1=NN=C1N,113.12000000000002,4,2,1,1,4,70.97,-0.9060000000000001,1
COC1=NC(=N)C(N)=N1,126.11900000000001,4,2,0,1,5,83.82,-0.6631300000000002,0
N=CN1COC(=O)CN1,129.119,4,2,1,1,5,65.42,-1.0856300000000003,0
N=C1OCC(=O)C(=N)O1,128.087,5,2,0,1,5,83.23,-0.48566000000000015,0
N=c1oc(O)ncc1N,127.103,5,3,0,1,5,96.13,-0.55813,0
N=c1cc(CO)nc(N)o1,141.13,5,3,1,1,5,96.13,-0.7714300000000001,0
C#Cc1onnc1N,109.08800000000001,4,1,0,1,4,64.94,-0.36689999999999995,0
CN=C1COCOC1=N,128.131,4,1,0,1,4,54.67,0.03877000000000025,0
COC1C(=N)NOC1=N,129.119,4,3,1,1,5,78.19,-0.5092600000000003,1
CC(=O)C1=NC(=N)O1,112.088,3,1,1,1,4,62.510000000000005,-0.06112999999999996,0
Cc1nc(C=O)n[nH]c1=O,139.11399999999998,4,1,1,1,5,75.71000000000001,-0.71418,0
N=c1[nH]c(=O)oc(=N)o1,129.075,5,3,0,1,6,106.83999999999999,-1.4801599999999997,0
COC1=CN=C(N)C1=O,126.115,4,1,1,1,4,64.68,-0.5859000000000001,0
CC(=O)C1=NC(=N)O1,112.088,3,1,1,1,4,62.510000000000005,-0.06112999999999996,0
N#CCNc1no[nH]c1=N,139.118,5,3,2,1,6,101.49000000000001,-0.5823500000000004,0
N=CN1C=COCOCN1,143.146,4,2,1,1,5,57.58000000000001,-0.16692999999999997,0
N#CC1OCNC(=N)O1,127.103,4,2,0,1,5,78.13000000000001,-0.6352500000000003,1
N=C1OC(=O)NC1=O,114.05999999999999,4,2,0,1,5,79.25,-0.7699300000000002,0
N=C1N=NC(CO)=C1N,126.119,4,3,1,1,5,94.82,-0.40793000000000007,0
N#CC(N)NC1=NC=N1,123.11899999999999,5,2,1,1,5,86.56,-1.2177199999999995,1
Nc1cnc(=O)oc1N,127.103,5,2,0,1,5,95.14,-0.8008,0
CC1=NC(=O)N=C1C=N,123.11499999999998,2,1,1,1,4,65.64,0.67147,0
NC1=C(NC=O)C(=O)O1,128.087,4,2,2,1,5,81.42,-1.5830000000000004,0
CC1=NC(N)=NC1=N,110.12,3,2,0,1,4,74.59,-0.24712999999999996,0
O=CC1OC(=O)NC1=O,129.071,4,1,1,1,5,72.47,-1.1797000000000002,1
CC(=O)n1ncn1C=N,126.11899999999999,5,1,1,1,5,63.67,-0.20012999999999986,0
N=c1oc(=O)oc(=O)o1,131.04299999999998,6,1,0,1,6,97.41000000000001,-1.33453,0
N=C1CC(=NO)OCO1,130.10299999999998,5,2,0,1,5,74.9,0.14577,0
COC(=O)C1=NN=C1O,128.08700000000002,4,1,1,1,5,71.25,-0.5145000000000002,0
N=C1C=C(N)OC1=O,112.088,4,2,0,1,4,76.17000000000002,-0.6369300000000002,0
N=C1COCNC(=N)O1,129.119,4,3,0,1,5,78.19000000000001,-0.5076600000000004,0
O=c1cn[nH]c(=O)o1,114.05999999999999,4,1,0,1,5,75.96000000000001,-1.2769000000000001,0
CN=C1N=C(N)OC1=O,127.103,4,1,0,1,5,77.03999999999999,-1.1138,0
Nc1nncnc1C=O,124.10299999999998,5,1,1,1,5,81.75999999999999,-0.7337000000000002,0
CN=C1OC(=O)C(=O)O1,129.071,5,0,0,1,5,64.96,-0.9278000000000002,0
N=C1NC(=O)C(N)CO1,129.119,4,3,0,1,5,88.2,-1.6051300000000004,1
Nc1ncc(=O)oc1N,127.103,5,2,0,1,5,95.14,-0.8008000000000002,0
N#Cc1n[nH]c(C=O)n1,122.08699999999997,4,1,1,1,5,82.42999999999999,-0.51112,0
CC1(O)CONC1=O,117.104,3,2,0,1,4,58.56,-1.2012,1
N#CC1NC=NC(=N)O1,124.103,4,2,0,1,5,81.26,-0.5810500000000003,1
NC1=NC(=O)C(=O)C=N1,125.08699999999997,4,1,0,1,5,84.88,-1.5188,0
N=c1ncc(N)c(N)o1,126.11900000000001,5,3,0,1,5,101.92,-0.6815300000000004,0
COC1=NC(F)=NC1=N,129.09400000000002,3,1,0,1,5,57.800000000000004,0.34767,0
CC(O)C1=NC(=O)N1,114.104,2,2,1,1,4,61.690000000000005,-0.5111000000000001,1
N=C1OC(C(=N)CN)O1,129.11900000000003,5,3,2,1,5,92.18,-0.72746,0
O=C1N=C(CO)NC1=O,128.087,3,2,1,1,5,78.75999999999999,-1.9663999999999997,0
N=CC1=NC(=O)N1N,112.09200000000001,3,2,1,1,5,82.54,-0.6562300000000001,0
N=COC1NCOC1=O,130.10299999999998,5,2,2,1,5,71.41,-0.9599300000000002,1
N#COC1=NN=CC1=N,122.087,5,1,0,1,5,81.59,-0.09825,0
N#CC(N)C1=NN=C1C=O,136.114,5,1,2,1,5,91.6,-1.1532200000000001,1
COC1COC(=O)C(=N)N1,144.13000000000002,4,2,1,1,5,71.41,-0.9174300000000004,1
CC1=C(N)C(=N)C=[N+]1[O-],125.13099999999999,3,2,0,1,4,75.94,-0.20893,0
N=C1NC(O)(C=O)CO1,130.10299999999998,4,3,1,1,5,82.41000000000001,-1.5715299999999999,1
N#CCn1cnc(O)n1,124.10299999999998,5,1,1,1,5,74.73,-0.4927200000000002,0
Cc1nc(N)noc1=O,127.103,5,1,0,1,5,82.00999999999999,-0.6795800000000001,0
CN=C1OC(=N)OC1=N,127.103,5,2,0,1,5,78.52000000000001,-0.02646000000000004,0
CC(=N)n1cnc(N)n1,125.135,5,2,0,1,5,80.58,-0.29443000000000014,0
N=C1C=C(N)OC1=O,112.088,4,2,0,1,4,76.17000000000002,-0.6369300000000002,0
O=CC1=NC(=O)N=C1,110.07199999999999,2,0,1,1,4,58.86,-0.1693,0
CC1(OC#N)CNC=[N+]1[O-],141.13,4,1,1,1,5,71.11999999999999,-0.6579199999999998,1
CC1(OC(=N)O)N=CO1,130.10299999999998,4,2,1,1,5,74.9,0.22797,1
COC1=NC(=O)C(O)=N1,128.087,3,1,0,1,5,71.25,-0.5145,0
Nn1c(O)c[nH]c1=O,115.09199999999998,4,3,0,1,5,84.03999999999999,-1.4042,0
O=CC1NC(=O)OC1=O,129.071,4,1,1,1,5,72.47,-1.1797000000000002,1
N=Cc1nnc(N)n1C=O,139.118,6,2,2,1,6,97.65,-1.10373,0
COC1=NC(=N)N=C1N,126.11900000000001,3,2,0,1,5,83.82,-0.66313,0
NC(=O)C1=C(N)N=N1,112.09200000000001,4,2,1,1,5,93.83,-0.9346999999999999,0
Cc1noc(=O)nc1O,128.087,5,1,0,1,5,76.22,-0.5561800000000001,0
Nc1noc(C=O)c1N,127.103,5,2,1,1,5,95.14,-0.3485000000000002,0
N=C1OCNC(=O)CO1,130.10299999999998,4,2,0,1,5,71.41,-0.9583300000000003,0
CN=C1OCOC(=N)C1=N,141.13,5,2,0,1,5,78.52000000000001,0.016040000000000165,0
CN=C1N=C(O)N1C=N,126.11899999999999,2,2,1,1,5,72.04,-0.19112999999999974,0
CN=C1NC(=O)NC1=O,127.10299999999998,3,2,0,1,5,70.56,-1.1459000000000001,0
NCC1=NNC(=O)C1=O,127.10299999999997,4,2,1,1,5,84.54999999999998,-2.0,0
N=c1oc(=NO)c1=O,114.05999999999999,5,2,0,1,5,86.65,-1.7152300000000005,0
N=C1N=NC(O)=C1CO,127.10299999999998,4,3,1,1,5,89.03,0.19136999999999998,0
Nc1ncnc(C=O)n1,124.10299999999998,5,1,1,1,5,81.76,-0.7337,0
N=C1OCC(C(N)=O)C1=N,141.13,4,3,1,1,5,100.01999999999998,-0.8848600000000004,1
N=C1NC(=O)C(=O)CO1,128.087,4,2,0,1,5,79.25000000000001,-1.36333,0
O=C1N=NN=C1CCO,127.10299999999998,4,1,2,1,5,74.38,-0.2827999999999999,0
N=C1N=C(C(N)=O)O1,113.076,3,2,1,1,5,88.53000000000002,-1.1648300000000003,0
CC(O)C1=NC(=N)N1,113.12,2,3,1,1,4,68.47,-0.6963300000000001,1
N=CN1CC(=O)NCO1,129.119,3,2,1,1,5,65.42,-1.0856299999999999,0
NC1CC(C=O)C(=O)O1,129.11499999999998,4,1,1,1,4,69.39,-0.9668000000000003,2
Cn1nc(CN)c(=O)[nH]1,128.13500000000002,4,2,1,1,5,76.7,-1.4328999999999992,0
N=C1NCNC(=O)CO1,129.119,3,3,0,1,5,74.21000000000001,-1.3853300000000002,0
N=CN1CN=C1OC=O,127.10299999999997,4,1,2,1,5,65.75,-0.6044300000000002,0
N=C1NC(=O)NCC(=O)O1,143.102,4,3,0,1,6,91.28000000000002,-1.22283,0
N=C1NC(=O)NC1=O,113.076,3,3,0,1,5,82.05000000000001,-1.19693,0
CC(=O)n1cnnn1,112.09200000000001,5,0,0,1,5,60.67,-0.6668000000000001,0
CC1=NC(=N)C(O)=N1,111.10399999999998,2,2,0,1,4,68.8,0.35217,0
COc1n[nH]nc1C=O,127.10299999999998,4,1,2,1,5,67.87,-0.37420000000000025,0
CC(=O)c1cnc(N)o1,126.115,4,1,1,1,4,69.12,0.45940000000000014,0
N=C1OCC(O)C1=O,115.08799999999998,4,2,0,1,4,70.38,-1.0761300000000003,1
N=C1COC(=N)NCO1,129.119,4,3,0,1,5,78.19,-0.5076600000000002,0
CC1=NC(N)=NC1=O,111.104,3,1,0,1,4,67.81,-0.6978,0
CC(=N)C(=O)N1C=N1,111.104,3,1,1,1,4,56.29,-0.18843000000000004,0
N=CC(N)N1C=NC1=O,126.11899999999999,3,2,2,1,5,82.53999999999999,-0.6153300000000002,1
Cc1n[nH]c(OC=O)n1,127.10299999999998,4,1,2,1,5,67.87,-0.35168000000000016,0
N=C1OCC(=O)OC1=N,128.087,5,2,0,1,5,83.22999999999999,-0.48566000000000015,0
N=CC(O)C1=NC(=O)O1,128.08700000000002,4,2,2,1,5,82.74,-0.45443,1
O=Cc1nnc(CO)[nH]1,127.10299999999998,4,2,2,1,5,78.87,-0.8905000000000001,0
N#CC1COC=NC(=N)N1,138.13,3,2,0,1,5,81.25999999999999,-0.5385500000000003,1
N=CN1CCOC1C=O,128.13099999999997,3,1,2,1,4,53.39000000000001,-0.5493300000000001,1
O=Cc1n[nH]nc1O,113.07599999999998,4,2,1,1,5,78.87,-0.6772000000000001,0
Nc1cnc(N)n1C=O,126.119,5,2,1,1,5,86.92999999999998,-0.9142000000000001,0
Cc1c(N)noc1N,113.12,4,2,0,1,4,78.07,0.1474200000000001,0
Cc1noc(=O)c(=N)o1,128.087,5,1,0,1,5,80.09,-0.5843099999999999,0
N=C1CC(=O)OC(=N)N1,127.10299999999998,4,3,0,1,5,86.03,-0.5650600000000001,0
CCc1noc(N)[n+]1[O-],129.119,4,1,1,1,5,78.99,-0.5473999999999999,0
O=NCC1=NC(=O)N1,113.076,3,1,2,1,5,70.89,-0.1254999999999999,0
CNC(=O)C1=NN=C1N,126.11900000000001,4,2,1,1,5,79.84,-1.5408,0
O=c1nc[nH]c(=O)o1,114.05999999999997,4,1,0,1,5,75.96000000000001,-1.2769,0
CC(=O)OC1=NC(N)=N1,127.10300000000002,5,1,0,1,5,77.03999999999999,-0.7662,0
N=C1OC(C=O)C1=NO,128.087,5,2,1,1,5,82.74,-0.6084300000000002,1
O=C1ON=CC1=NCO,128.087,5,1,1,1,5,71.25,-1.0802,0
N=C1COC(=O)OC1=N,128.087,5,2,0,1,5,83.22999999999999,0.15023999999999993,0
N=CN1C=NOCC1=O,127.10299999999998,4,1,1,1,5,65.75,-0.6044300000000002,0
Cn1nc(O)c(C=O)n1,127.10299999999998,5,1,1,1,5,68.00999999999999,-0.6668000000000001,0
N=C1NC(=O)NC1=N,112.092,3,4,0,1,5,88.83000000000001,-0.7462599999999999,0
CC1=NC(N)=NC1=N,110.12,3,2,0,1,4,74.59,-0.24712999999999996,0
N=CN1C(=N)OC1=N,112.09199999999998,4,3,1,1,5,84.02000000000001,-0.20478999999999992,0
Nc1cn(C=O)c(N)n1,126.119,5,2,1,1,5,86.92999999999999,-0.9142000000000001,0
C#Cn1ncc(N)n1,108.104,4,1,0,1,4,56.730000000000004,-0.7009000000000003,0
COC1=NOC1=NCO,130.103,5,1,1,1,5,63.41,-0.6752,0
NC(=O)C1=NC(O)=N1,113.076,3,2,1,1,5,88.04,-1.2022000000000002,0
N=C1OCNC(C=O)O1,130.10299999999998,5,2,1,1,5,71.41,-0.9599300000000004,1
N=C1OC=NCC(=O)O1,128.087,5,1,0,1,5,71.74,-0.47713000000000005,0
Nc1nc[nH]c(=O)c1N,126.11899999999999,4,3,0,1,5,97.78999999999999,-1.0656999999999999,0
NC1=NC(CO)=NC1=O,127.10299999999998,4,2,1,1,5,88.03999999999999,-1.7254,0
N=c1nc(C=O)c1=O,110.07199999999997,4,1,1,1,4,70.88,-1.39063,0
CC1(CO)OC(=N)OC1=N,144.13000000000002,5,3,1,1,5,86.39000000000001,-0.3037600000000002,1
N=c1nc(N)n(C=O)o1,128.091,6,2,1,1,6,97.89999999999999,-1.4239299999999997,0
N=CN1C=C1OCO,114.10399999999998,3,2,3,1,4,56.32000000000001,-0.32563000000000003,0
CN=c1ncncc(=N)o1,138.13,5,1,0,1,5,75.13,-0.9204300000000005,0
NC1=NC(=O)N=C1C=O,125.08699999999997,3,1,1,1,5,84.88,-0.8829,0
N=C1C(=O)ON=C1O,114.05999999999999,4,2,0,1,5,82.74000000000001,-0.5655299999999999,0
N=C1COC(=N)C(=O)N1,127.103,4,3,0,1,5,86.03,-0.9126600000000002,0
N=CN1CC(=O)OCO1,130.10299999999998,4,1,1,1,5,62.620000000000005,-0.65863,0
CNC(=O)N1OC1=O,116.076,3,1,0,1,5,61.71,-0.3069999999999999,0
N=C1CN=COC(=N)O1,127.10299999999998,5,2,0,1,5,78.52,-0.026460000000000095,0
O=CC1=CC(=O)NOC1,127.09899999999999,3,1,1,1,4,55.400000000000006,-0.8269000000000002,0
N=C1NC(C(N)=O)CO1,129.11900000000003,3,3,1,1,5,88.2,-1.6051300000000004,1
N=C1N=C(CN)OCN1,128.13500000000002,3,3,1,1,5,83.49000000000001,-1.1443299999999996,0
N=C(N)c1coc(=N)o1,127.10299999999998,4,3,1,1,5,100.00000000000001,-0.3638599999999998,0
CC(=O)n1[nH]c(=O)o1,116.07599999999998,4,1,0,1,5,68.0,-0.5705,0
N=C1NC=NC(C=O)O1,127.10299999999998,4,2,1,1,5,74.54,-0.9057300000000001,1
N=C1NC(CO)=NC1=O,127.103,3,3,1,1,5,85.53999999999999,-1.51573,0
O=CC1C(=O)NC1=NO,128.087,4,2,1,1,5,78.76,-1.2810000000000001,1
N=C1OC(=O)N=C1CO,128.087,4,2,1,1,5,82.74,-0.45282999999999995,0
N=c1ncc(N)cn1O,126.119,5,3,0,1,5,87.92,-0.8179300000000005,0
N=c1nc(CN)cno1,126.119,5,2,1,1,5,88.79,-0.99223,0
N=C1COC(=N)C(=N)O1,127.103,5,3,0,1,5,90.01,-0.034989999999999966,0
NC1=NC(=O)N=CC1=O,125.08699999999997,3,1,0,1,5,84.88,-0.8829,0
N=CC1NC(=N)OCO1,129.119,4,3,1,1,5,78.19000000000001,-0.5092600000000003,1
COC1=CC(=O)C(N)=N1,126.11500000000001,4,1,1,1,4,64.68,-0.5859000000000001,0
COC1OC(=O)NC1=O,131.087,4,1,1,1,5,64.63,-0.7747000000000002,1
CNc1noc(=N)n1C=O,142.118,6,2,2,1,6,83.91,-0.9644300000000001,0
NC1=NC(C=O)OCC=N1,141.12999999999997,5,1,1,1,5,77.03999999999999,-1.0729,1
N=C1OCCC(=O)C(=N)O1,142.114,5,2,0,1,5,83.23,-0.09556000000000003,0
O=Cc1nc[nH]c(=O)n1,125.08699999999999,4,1,1,1,5,75.71000000000001,-1.0226,0
Nc1noc(C=O)n1,113.076,5,1,1,1,5,82.01,-0.5357000000000001,0
N=C1N=NC(=O)OCN1,128.091,3,2,0,1,6,86.9,0.07067000000000001,0
N=C1N=C(N)C(CO)=N1,126.119,3,3,1,1,5,94.82000000000001,-1.2747300000000001,0
N=C1OCOC1C=O,115.08799999999998,4,1,1,1,4,59.38,-0.4645300000000001,1
NC1=CC(=O)C(N)=N1,111.10400000000001,4,2,0,1,4,81.47,-1.2735999999999998,0
CC(=O)C1=NC(=O)N=N1,125.087,3,0,1,1,5,71.22,0.5597000000000001,0
Nc1ncc(C=O)n1N,126.119,5,2,1,1,5,86.92999999999999,-1.0084000000000004,0
NC1=NC(=O)C(=O)N=C1,125.08699999999997,3,1,0,1,5,84.88,-1.5188,0
N=C1COC(=N)N=CN1,126.119,3,3,0,1,5,81.32,-0.45346000000000014,0
CC(C#N)N1N=C1N,110.12,4,1,1,1,4,65.17999999999999,-0.5562199999999999,1
N=C1OCCC(=O)NC1=O,142.114,4,2,0,1,5,79.25,-0.9732300000000003,0
N=C1COC(=O)N=CO1,128.087,4,1,0,1,5,71.74,0.15877000000000002,0
C[N+](N)C1=[N+]([O-])C(O)=C1,129.119,4,2,0,1,5,78.22,-1.0482,0
CC(=O)C1=NN=C1N,111.10400000000001,4,1,1,1,4,67.81,-0.6978,0
COc1n[nH]c(C#N)n1,124.103,4,1,1,1,5,74.59,-0.31502,0
CC1=NC(N)=NC1=O,111.104,3,1,0,1,4,67.81,-0.6978,0
NC1=C(N)C(=O)N=C1,111.10399999999998,3,2,0,1,4,81.47,-1.2736000000000003,0
N=C1COC(=N)OCO1,130.103,5,2,0,1,5,75.39,-0.08066000000000012,0
N=C1N=NNC(CO)O1,130.10699999999997,5,3,1,1,6,90.06,-0.7734300000000001,1
N=C1OC(=O)C1CO,115.08799999999998,4,2,1,1,4,70.38,-0.87103,1
N=C1C=C(N)C(=O)O1,112.088,4,2,0,1,4,76.17,-0.6369300000000002,0
CC(=O)Cc1nc1=O,111.1,3,0,2,1,3,47.03,-0.5510999999999999,0
Nc1conc(N)c1=O,127.10300000000001,5,2,0,1,5,95.13999999999999,-0.8008,0
CC(=O)n1occ1N,114.104,4,1,0,1,4,61.16,0.3234,0
N=C1NC(=O)CNC1=O,127.103,3,3,0,1,5,82.05000000000001,-1.79033,0
CC(O)C1=NN=CC1=N,125.131,4,2,1,1,4,68.80000000000001,-0.17263,1
O=C(O)OC1=CN=C1,113.07199999999999,3,1,1,1,4,58.89,0.6068,0
N=C1OCC(=O)C(=O)O1,129.071,5,1,0,1,5,76.45,-0.9363300000000001,0
N=C1OC(CO)=NC1=O,128.087,4,2,1,1,5,82.74000000000001,-1.0887300000000002,0
N=CC1=NC(=O)N=C1N,124.10300000000001,3,2,1,1,5,91.66,-0.43223000000000006,0
N=C(N)C1=NC=NC1=O,124.103,3,2,1,1,5,91.66,-1.06813,0
COC1=NC(=O)C(=N)O1,128.087,4,1,0,1,5,71.74,-0.47713,0
C#Cc1cnnn1N,108.10400000000001,4,1,0,1,4,56.730000000000004,-1.0268000000000002,0
COC1=C(O)C(=N)N=N1,127.103,4,2,1,1,5,78.03,0.80297,0
N=C1OCNC(=O)CO1,130.10299999999998,4,2,0,1,5,71.41,-0.9583300000000003,0
NC1=NN=C1CC=NCO,140.14600000000002,5,2,3,1,5,83.33,-0.8760999999999999,0
NC(=O)Nc1cnco1,127.10299999999998,3,2,1,1,5,81.15,0.16520000000000035,0
CC(=O)c1cc(N)on1,126.115,4,1,1,1,4,69.12,0.4594000000000001,0
N=C1NC=CNC(=O)CO1,141.13,3,3,0,1,5,74.21000000000001,-0.8716300000000001,0
CC(=O)C1=NC(N)=N1,111.10400000000001,4,1,1,1,4,67.81,-0.6978,0
N=CC1CC(=N)OCO1,128.131,4,2,1,1,4,66.16000000000001,0.37623999999999996,1
N=CN1C=NC(=O)OC1,127.10299999999998,3,1,1,1,5,65.75,0.031470000000000053,0
N=C1NC(=O)CN=CO1,127.103,4,2,0,1,5,74.54,-0.9041300000000001,0
N=Cc1[n-]c(N)nc1N,124.12700000000002,4,3,1,1,5,102.88,-0.7991300000000003,0
Nc1cc(=O)cno1,112.088,4,1,0,1,4,69.12,-0.383,0
N=CN1C=NC(=O)NC1,126.11899999999999,2,2,1,1,5,68.55,-0.39553000000000016,0
N#CC(=N)OC1OC1=N,125.08699999999997,5,2,1,1,5,93.25,-0.16257999999999995,1
N=C1COC(=N)OCO1,130.103,5,2,0,1,5,75.39,-0.08066000000000012,0
NC=C1N=C(N)C(=O)N1,126.119,4,3,0,1,5,93.5,-1.7690000000000001,0
N=C1N=C(CO)C(=N)O1,127.10299999999998,4,3,1,1,5,89.52,-0.6380600000000001,0
NC(=O)OC1=COC1=O,129.071,4,1,1,1,5,78.62,-0.5201,0
COC1=NC(=N)N=C1O,127.103,2,2,0,1,5,78.03,-0.06383000000000005,0
N=C1N=CC(N)=C1O,111.104,3,3,0,1,4,82.46000000000001,-0.22363000000000027,0
N=C1N=COC(=N)CN1,126.119,3,3,0,1,5,81.32,-0.45346000000000014,0
N=CNC1CNC(=O)O1,129.119,3,3,2,1,5,74.21000000000001,-0.7510300000000003,1
CNC(=O)C1=NC=C1O,126.11499999999998,3,2,1,1,4,61.69,-0.41360000000000025,0
N=CNC1=NOC1=CN,126.119,4,3,1,1,5,83.49,-0.67313,0
N=C1NC(=N)C(CO)O1,129.119,4,4,1,1,5,89.19000000000001,-1.1208600000000002,1
Cn1nc(N)cc1C=O,125.13099999999999,4,1,1,1,4,60.910000000000004,-0.1852000000000002,0
COC1=NC(=O)C(N)=N1,127.10300000000001,4,1,0,1,5,77.03999999999999,-1.1138000000000003,0
N#CCOC1=CN=C1N,123.115,4,1,2,1,4,71.39999999999999,-0.2612199999999999,0
CNc1nc[nH]c(=O)n1,126.11899999999999,4,2,1,1,5,70.67,-0.7934000000000001,0
Cc1nc(N)nn1C=O,126.119,5,1,1,1,5,73.8,-0.7929800000000002,0
Nc1cnc(C=O)n1O,127.10299999999998,5,2,1,1,5,81.14,-0.48490000000000005,0
NC1=C(C=O)C(O)=N1,112.088,3,2,1,1,4,75.68,-0.6743000000000001,0
NC(=O)n1cc(O)[nH]1,115.09199999999998,3,3,0,1,5,84.03999999999999,-0.5514000000000001,0
NC(=O)C1=NC(N)=N1,112.09200000000001,4,2,1,1,5,93.83,-1.8014999999999999,0
N=C1N=C(C=O)N=C1O,125.08699999999997,3,2,1,1,5,85.87,-0.4688299999999999,0
NC1=C(N)NC(=O)OC1,129.11899999999997,4,3,0,1,5,90.36999999999999,-1.1873000000000005,0
N=c1cnc(N)c(O)o1,127.103,5,3,0,1,5,96.13000000000001,-0.5581300000000001,0
N=C1NCC(=O)OCO1,130.103,4,2,0,1,5,71.41000000000001,-0.9583300000000001,0
N=C1NC(C=O)C(=O)O1,128.087,4,2,1,1,5,79.25000000000001,-1.3649300000000002,1
N=CC1=NC(=N)C(O)=N1,124.103,3,3,1,1,5,92.65,-0.018159999999999954,0
NC1=C(N)C(=O)N=N1,112.092,4,2,0,1,5,93.83,-0.9347000000000003,0
N=CNC1CNC(=O)C1=O,141.13,3,3,2,1,5,82.05000000000001,-1.7494300000000005,1
N=C1COC(=N)C(=N)O1,127.103,5,3,0,1,5,90.01,-0.034989999999999966,0
N=C1COCOC(=N)O1,130.103,5,2,0,1,5,75.39,-0.0806599999999999,0
N=C(N)C(=O)N1C=N1,112.092,3,2,0,1,5,82.31,-1.2921299999999996,0
N=C1COC(=N)OCO1,130.103,5,2,0,1,5,75.39,-0.08066000000000012,0
N=CC1=NN=CC1=N,108.10399999999998,4,2,1,1,4,72.42,0.09614,0
N=C1N=CN=C1OC=O,125.08699999999997,4,1,1,1,5,74.87,-0.42293000000000003,0
CN=c1nc(N)c1=O,111.104,4,1,0,1,4,68.34,-1.5698999999999999,0
N=CNC1=CN=NC1=N,123.119,3,3,2,1,5,84.45,0.46754,0
O=C1N=C(CO)C(=O)N1,128.087,3,2,1,1,5,78.75999999999999,-1.3305,0
N=C1NC(C=O)C1=NO,127.103,4,3,1,1,5,85.54,-1.0354300000000003,1
N=C1OCC(=O)OC1=O,129.071,5,1,0,1,5,76.44999999999999,-0.9363300000000001,0
N=C1N=C(CCO)N=C1N,140.146,4,3,2,1,5,94.82,-0.88463,0
N=C1NC(=O)C(=N)O1,113.076,4,3,0,1,5,86.03000000000002,-0.9551600000000002,0
N=C1N=C(N)N=C1CN,125.13500000000002,4,3,1,1,5,100.61,-1.3083300000000002,0
CC1=NC(N)=NC1=O,111.104,3,1,0,1,4,67.81,-0.6978,0
N=C1N=CC(N)=[N+]1[O-],112.09200000000001,3,2,0,1,5,88.30000000000001,-1.12693,0
N=c1oncnc1CO,127.10299999999998,5,2,1,1,5,83.0,-0.9586300000000001,0
COC1=NC(N)=NC1=O,127.10300000000001,4,1,0,1,5,77.03999999999999,-1.1138000000000001,0
N=c1ncoc(N)[n+]1[O-],128.091,5,2,0,1,6,102.84,-1.6303299999999998,0
CC1=CC(=O)C(=N)N=N1,123.11500000000001,3,1,0,1,4,65.64,0.9023700000000001,0
N=CC1=NC=NC1=O,109.088,3,1,1,1,4,65.64,-0.35453,0
N=C1NC(=N)C(=N)O1,112.092,4,4,0,1,5,92.81000000000002,-0.5044900000000001,0
N=C1OCC(=N)C(=O)O1,128.087,5,2,0,1,5,83.23,-0.48566000000000015,0
Cc1nc(N)nn1C=O,126.119,5,1,1,1,5,73.8,-0.7929800000000002,0
Nc1noc(C=O)c1N,127.103,5,2,1,1,5,95.14,-0.3485000000000002,0
COC1=NOC1=NCCO,144.13000000000002,5,1,2,1,5,63.41,-0.6327,0
N=C1NC(=O)C(=O)CO1,128.087,4,2,0,1,5,79.25000000000001,-1.36333,0
N=C1C=NC(O)=C1N,111.104,4,3,0,1,4,82.46,-0.22362999999999988,0
NC1=NC(=O)C(=O)N=C1,125.08699999999997,3,1,0,1,5,84.88,-1.5188,0
N=c1nc(CO)nc[nH]1,126.11899999999999,4,3,1,1,5,85.65,-1.2235300000000002,0
N=C1NC(=O)N1C=CN,126.119,3,3,1,1,5,82.21000000000001,-0.6237299999999999,0
CNC1=NC(=O)C=C1N,125.13099999999999,3,2,0,1,4,67.48,-1.0129,0
N=COC1=CN=NC1=N,124.103,4,2,2,1,5,81.65,0.8945399999999999,0
N=C1N=C(CN)OC1=O,127.103,4,2,1,1,5,88.53,-1.1223299999999998,0
N=CN1OC(=N)C1CO,129.119,4,3,2,1,5,80.4,-0.8211600000000003,1
N#Cc1noc(N)n1,110.07600000000001,5,1,0,1,5,88.73,-0.47652,0
N=C1CC(=O)OC(=O)O1,129.07099999999997,5,1,0,1,5,76.45,0.047170000000000045,0
N=c1oc(=N)oc(=O)o1,130.059,6,2,0,1,6,104.19000000000001,-1.21526,0
CN=C1C=NC(C=O)=C1N,137.14199999999997,4,1,1,1,4,67.81,-0.4892,0
N=C1NC(=O)C(C=O)O1,128.087,4,2,1,1,5,79.25000000000001,-1.3649300000000002,1
Cc1n[nH]c(=N)n1C=N,125.13499999999999,4,3,1,1,5,81.31,-0.5457400000000003,0
Cc1nncc(=N)n1C,124.14699999999999,4,1,0,1,4,54.56,-0.3970100000000001,0
N=C1COCNC(=N)O1,129.119,4,3,0,1,5,78.19000000000001,-0.5076600000000004,0
N=CC1=C(N)C(C=O)=N1,123.115,4,2,2,1,4,79.3,-0.5402300000000002,0
O=c1ccn(O)n1CO,130.103,5,2,1,1,5,67.39,-1.1631,0
N=C1NC(=N)C(=O)O1,113.076,4,3,0,1,5,86.03000000000002,-0.95516,0
N=C1OC=NC(=O)C1=N,125.08699999999999,4,2,0,1,5,86.36,-0.4314599999999999,0
COC1=NC(N)=NC1=O,127.10300000000001,4,1,0,1,5,77.03999999999999,-1.1138000000000001,0
CNC(=N)N=c1[nH]c1=O,126.11899999999999,2,3,0,1,5,81.1,-1.69463,0
N=Cn1cnoc1=O,113.07599999999998,5,1,1,1,5,71.88,-0.7085299999999999,0
N=C(O)C1=NOC1=N,113.076,4,3,1,1,5,89.52000000000001,-0.11485999999999996,0
CC(=O)C1=NC(N)=N1,111.10400000000001,4,1,1,1,4,67.81,-0.6978,0
N=C1OCC(=N)C(=N)O1,127.103,5,3,0,1,5,90.01,-0.034989999999999966,0
NC1=NC(=O)C(=O)O1,114.05999999999997,4,1,0,1,5,81.75,-1.6155,0
CN=C1C=NC(F)=[N+]1[O-],129.094,3,0,0,1,5,50.78999999999999,-0.06510000000000005,0
CC(=N)n1cnc(O)n1,126.11899999999999,5,2,0,1,5,74.79,-0.17103000000000013,0
N=COC1NCOC1=N,129.119,5,3,2,1,5,78.19,-0.5092600000000003,1
N#CC(N)c1cnon1,124.103,5,1,1,1,5,88.73,-0.40702000000000016,1
N=C1OC(=O)NC1=O,114.05999999999999,4,2,0,1,5,79.25,-0.7699300000000002,0
N=Cc1nc(C=O)no1,125.08699999999999,5,1,2,1,5,79.84,-0.12023,0
CCC1=NC(=N)C(N)=N1,124.147,3,2,1,1,4,74.59,0.1429700000000002,0
N=C1COC(=O)NC1=O,128.087,4,2,0,1,5,79.25,-0.7274300000000002,0
CC#Cc1nn[nH]c1O,123.115,3,2,0,1,4,61.8,-0.11830000000000007,0
N=C1NC(=N)C(=O)CO1,127.103,4,3,0,1,5,86.03000000000002,-0.91266,0
NC1=C(O)C(=O)N=C1,112.088,3,2,0,1,4,75.68,-0.6742999999999999,0
N=C(N)C1(C=O)NCO1,129.119,4,3,2,1,5,88.2,-1.6051300000000004,1
CN=C1C=NOC1=N,111.10399999999998,4,1,0,1,4,57.800000000000004,0.05046999999999996,0
N=C1CNC(=N)OCO1,129.119,4,3,0,1,5,78.19000000000001,-0.5076600000000004,0
N=C1OCC(=O)OC1=N,128.087,5,2,0,1,5,83.22999999999999,-0.48566000000000015,0
N=C1OC=NCCOC1=N,141.13,5,2,0,1,5,78.52000000000001,0.01604000000000011,0
N=C1NCNC(=O)CO1,129.119,3,3,0,1,5,74.21000000000001,-1.3853300000000002,0
CN=C1N=CN=C1N,110.12,3,1,0,1,4,63.099999999999994,-0.5861999999999998,0
N=c1[nH]c(=O)oc(=O)[nH]1,129.075,4,3,0,1,6,102.70999999999998,-1.8643300000000003,0
N=C1NC(=O)NCCO1,129.119,3,3,0,1,5,74.21000000000001,-0.74943,0
N=C1C=C(N)OC1=O,112.088,4,2,0,1,4,76.17000000000002,-0.6369300000000002,0
CN=C1N=NC(N)=N1,111.108,3,1,0,1,5,75.46,-0.24729999999999996,0
N=C1OCC(=O)NC1=O,128.087,4,2,0,1,5,79.25,-1.36333,0
COC(=N)NC1=CN=N1,126.119,4,2,1,1,5,69.83,0.42186999999999986,0
Nc1ncc(N)c(C=O)n1,138.13,5,2,1,1,5,94.89,-0.5465,0
Nc1nc(=O)[nH]cc1C=O,139.11399999999998,4,2,1,1,5,88.84,-0.8354000000000004,0
N=C1NC(=N)C(=O)CO1,127.103,4,3,0,1,5,86.03000000000002,-0.91266,0
CC(=O)c1cnnn1N,126.11900000000001,5,1,1,1,5,73.8,-0.8055000000000001,0
CC(=O)C1=NC(=N)O1,112.088,3,1,1,1,4,62.510000000000005,-0.06112999999999996,0
CNC1=NC(=N)C(O)=N1,126.11899999999999,3,3,0,1,5,80.83,-0.4908300000000004,0
N=C1N=C(O)C(CN)=N1,126.119,2,3,1,1,5,94.82,-0.70903,0
N=C1COCNC(=O)N1,129.119,3,3,0,1,5,74.21,-0.7494300000000003,0
N=C1NC(C=O)OC1=O,128.087,4,2,1,1,5,79.25,-1.3649300000000002,1
N=C1NCNC(=O)CO1,129.119,3,3,0,1,5,74.21000000000001,-1.3853300000000002,0
COc1nc(C=N)no1,127.103,5,1,2,1,5,72.0,0.07586999999999994,0
N=C1OCC(C=O)CO1,129.11499999999998,4,1,1,1,4,59.379999999999995,-0.21693000000000007,0
N=C1OCOC(=O)C1=N,128.087,5,2,0,1,5,83.23,-0.48566000000000015,0
NC1=C(N)C(=O)N=C1,111.10399999999998,3,2,0,1,4,81.47,-1.2736000000000003,0
N#CC1NC(=N)OC(=N)O1,140.102,5,3,0,1,6,101.98,-0.6579800000000005,1
CC(=O)n1ncc(N)n1,126.119,5,1,0,1,5,73.8,-0.47959999999999997,0
N=C1OC(=O)OCC1=O,129.071,5,1,0,1,5,76.44999999999999,-0.30043,0
Nc1cnc(C=O)n1O,127.10299999999998,5,2,1,1,5,81.14,-0.48490000000000005,0
CNC(=O)C1=NOC1=N,127.103,4,2,1,1,5,74.53999999999999,-0.9041300000000001,0
N=C1NCC(=O)NCO1,129.119,3,3,0,1,5,74.21000000000001,-1.3853300000000002,0
N=Cn1cc(N)oc1=O,127.103,5,2,1,1,5,85.00999999999999,-0.5213300000000001,0
N=C1CC(=O)OC(=O)N1,128.087,4,2,0,1,5,79.25,-0.37983000000000006,0
N#CCc1ncnn1N,123.11900000000001,5,1,1,1,5,80.52,-0.9420200000000001,0
CNC1=NNC=NC=[N+]1[O-],141.134,5,2,0,1,6,74.85,-1.353099999999999,0
Cn1nc(N)c(=O)o1,115.092,5,1,0,1,5,74.05000000000001,-1.0445,0
Nc1ncc(C=O)nc1N,138.12999999999997,5,2,1,1,5,94.89,-0.5465000000000002,0
NC1=NC(O)=C1C=O,112.08799999999997,4,2,1,1,4,75.68,-0.6743000000000001,0
CNC1=NOC1=NC=O,127.10299999999998,4,1,1,1,5,63.050000000000004,-0.8956000000000002,0
CCc1noc(=N)n1O,129.119,5,2,1,1,5,75.04,-0.24473000000000023,0
CC1=NC(N)=NC1=N,110.12,3,2,0,1,4,74.59,-0.24712999999999996,0
N=C1NC(=NO)C1C=O,127.10299999999998,4,3,1,1,5,85.53999999999999,-0.8303300000000002,1
O=Cc1cc(=O)[nH]nn1,125.087,4,1,1,1,5,75.71000000000001,-1.0226000000000002,0
N=C1N=C(CO)N=C1N,126.119,4,3,1,1,5,94.82,-1.2747300000000001,0
N=C1OC(=N)C(=N)O1,113.076,5,3,0,1,5,90.01,-0.07748999999999995,0
CC(=O)Oc1c[nH]nn1,127.10300000000001,4,1,1,1,5,67.87,-0.2700000000000002,0
N#CC1=NN(CO)C1=N,124.10299999999998,4,2,1,1,5,83.47,-0.8913500000000001,0
CC(=O)C1=NC(=O)O1,113.07199999999999,3,0,1,1,4,55.730000000000004,0.12410000000000004,0
Cn1nc(CO)c(=N)o1,129.119,5,2,1,1,5,75.03999999999999,-1.01513,0
COc1n[nH]c(C=O)n1,127.10299999999998,4,1,2,1,5,67.87,-0.37420000000000003,0
COC1=NC(=N)N1C=O,127.103,3,1,1,1,5,65.75,-0.6044300000000002,0
N=C1N=CN=C1C=O,109.08799999999998,3,1,1,1,4,65.64,-0.35453,0
N=C1CNC(=O)NCO1,129.119,3,3,0,1,5,74.21000000000001,-0.7494300000000003,0
N=C1OCC(O)C(=O)O1,131.087,5,2,0,1,5,79.61,-1.1445300000000003,1
N=c1oncc(=O)n1N,128.09099999999998,6,2,0,1,6,97.89999999999999,-1.9704300000000003,0
N=C1NC(=N)C(=O)O1,113.076,4,3,0,1,5,86.03000000000002,-0.95516,0
N=C1N=C(CO)N=C1N,126.119,4,3,1,1,5,94.82,-1.2747300000000001,0
N=CC1=NC=C(N)C1=O,123.115,4,2,1,1,4,79.30000000000001,-0.5402300000000002,0
N=C1N=C(O)C(=N)O1,113.07599999999998,3,3,0,1,5,89.52,-0.11485999999999996,0
N=C1N=COC(=O)CCO1,142.114,4,1,0,1,5,71.74,-0.08702999999999994,0
Nc1noc(C=O)n1,113.076,5,1,1,1,5,82.01,-0.5357000000000001,0
N=C1CNC(=O)OCO1,130.10299999999998,4,2,0,1,5,71.41000000000001,-0.3224300000000002,0
NC(=O)C1=CN=NC1=O,125.08699999999999,3,1,1,1,5,84.88,-0.6520000000000001,0
CC1=NC(=N)N=C1N,110.12,2,2,0,1,4,74.59,-0.24712999999999996,0
N=C1N=CC(=O)OCO1,128.087,4,1,0,1,5,71.74000000000001,-0.47713000000000005,0
N=CC1OC(=N)OC1=N,127.103,5,3,1,1,5,90.00999999999999,-0.03658999999999979,1
CCOC1=NC(CO)=N1,128.131,4,1,2,1,4,54.18,-0.21669999999999995,0
CN1OC(=N)OCC1=N,129.119,4,2,0,1,5,69.4,-0.2079600000000001,0
N=C1CN(C=O)OC1=O,128.087,4,1,1,1,5,70.46000000000001,-1.06363,0
COC1=NC(N)=NC1=O,127.10300000000001,4,1,0,1,5,77.03999999999999,-1.1138000000000001,0
COc1noc(=N)n1C,129.119,5,1,1,1,5,64.04,-0.4988300000000001,0
N=C1C=NN=C1CO,111.10399999999998,4,2,1,1,4,68.8,-0.5611300000000001,0
Cc1nc(=O)on1CO,130.103,5,1,1,1,5,68.26,-0.9054800000000001,0
N=CC1=NC(O)=NC1=N,124.103,3,3,1,1,5,92.65,-0.018159999999999954,0
N=Cn1cc(N)c(F)n1,128.11,4,2,1,1,5,67.69,0.05957000000000001,0
N=C1CNC(=N)OC=N1,126.11899999999999,3,3,0,1,5,81.32000000000001,-0.4534600000000004,0
COC1=NNC(=O)C1=O,128.087,4,1,0,1,5,67.75999999999999,-1.3548000000000002,0
N=C1COCOC(=N)O1,130.103,5,2,0,1,5,75.39,-0.0806599999999999,0
CC1=NC(O)=NC1=O,112.08799999999998,2,1,0,1,4,62.02,-0.09850000000000009,0
Cc1nncc(NC=N)n1,137.146,4,2,2,1,5,74.55000000000001,0.1989899999999999,0
NC1=C(N)C(=O)N=C1,111.10399999999998,3,2,0,1,4,81.47,-1.2736000000000003,0
NC1=NC(=O)C(O)=C1,112.08799999999997,3,2,0,1,4,75.67999999999999,-0.6742999999999999,0
COC1=C(O)N=C1N,114.104,4,2,1,1,4,67.84,-0.2693,0
N#CC(=O)C1=NC=C1N,121.099,4,1,1,1,4,79.24,-0.66622,0
N=C1N=C(C=O)N=C1N,124.103,4,2,1,1,5,91.66,-1.06813,0
N=C1NN=C1C(=O)CN,126.119,4,3,2,1,5,91.33,-1.5493299999999997,0
N=C1OC(C=O)NC1=O,128.087,4,2,1,1,5,79.25,-1.3649300000000002,1
N=C1COC(=N)N=C(N)O1,142.11800000000002,5,3,0,1,6,104.53999999999999,-0.7400600000000002,0
COC(=N)C(=N)N1CO1,129.119,4,2,0,1,5,72.47,-0.2079600000000001,0
N=C1C=NC(N)=C1OC=O,139.114,5,2,2,1,5,88.53,-0.6086300000000002,0
N=C1NCC(N)N=CCO1,142.162,4,3,0,1,5,83.49000000000001,-1.1034299999999995,1
Cc1n[nH]c(=O)n1NCO,144.13400000000001,5,3,2,1,6,82.94,-1.6268799999999999,0
CNC1=NC(=O)N1C=O,127.10299999999998,3,1,1,1,5,61.77,-0.8462000000000001,0
N=C1COC(=O)N=CN1,127.103,3,2,0,1,5,74.53999999999999,-0.26823000000000013,0
COC(N)c1c(=N)[n+]1[O-],129.119,4,2,2,1,5,86.04,-1.7212299999999985,1
N=C1OCC(=N)C(=O)O1,128.087,5,2,0,1,5,83.23,-0.48566000000000015,0
CCc1nn[nH]c(=O)n1,126.11899999999999,4,1,1,1,5,71.53,-0.8777000000000001,0
N=c1oc(CN)[n+]([O-])o1,131.091,5,2,1,1,6,103.09,-1.5558299999999996,0
N=C1OCC(=O)OC1=N,128.087,5,2,0,1,5,83.22999999999999,-0.48566000000000015,0
NC=C(O)C1=NN=C1N,126.11900000000001,5,3,1,1,5,96.99,-0.9286999999999999,0
Cn1nc(C=N)[nH]c1=O,126.11899999999999,4,2,1,1,5,74.53,-0.8939300000000001,0
N=Cn1c(C=O)cnc1N,138.12999999999997,5,2,2,1,5,84.76,-0.26703,0
Cc1noc(OC=N)n1,127.103,5,1,2,1,5,72.0,0.36388999999999994,0
CNCC1=NC(=N)N=N1,125.135,3,2,2,1,5,72.96000000000001,0.004869999999999819,0
N=C1CN=CNC(=O)O1,127.10299999999998,4,2,0,1,5,74.54,-0.26823000000000013,0
N#CCC1=NN=C1N,108.10400000000001,4,1,1,1,4,74.53,-0.37311999999999984,0
COc1noc(=N)n1C=N,142.118,6,2,2,1,6,87.89000000000001,-0.58066,0
N=c1nc(C=O)cn[nH]1,124.10299999999998,4,2,1,1,5,82.49000000000001,-0.9033300000000002,0
CC(=O)N1N=C1CC=N,125.13099999999999,3,1,2,1,4,56.29,0.20167000000000007,0
N=C1OCNC(=O)C(=N)O1,143.10199999999998,5,3,0,1,6,95.26,-0.9810600000000003,0
Nc1cnc(C=O)n1N,126.119,5,2,1,1,5,86.92999999999999,-1.0084,0
COC1=CN=C(N)C1=O,126.115,4,1,1,1,4,64.68,-0.5859000000000001,0
CNC1=NN=CC1=N,110.11999999999999,4,2,0,1,4,60.6,-0.3765300000000002,0
Cn1[nH]c(=N)oc1=N,114.10799999999999,4,3,0,1,5,81.56,-1.0948600000000004,0
N=C1N=C(F)N=C1C=O,127.07799999999999,3,1,1,1,5,65.64,-0.05732999999999999,0
NCc1nn[nH]c(=O)c1O,142.118,5,3,1,1,6,104.89,-1.6708000000000003,0
N=C1OCC(=NO)C1=N,127.103,5,3,0,1,5,89.52000000000001,-0.1561600000000002,0
N=C1CNOCC(=O)O1,130.10299999999998,5,2,0,1,5,71.41,-0.9583300000000003,0
N=COc1ncc(N)[nH]1,126.119,4,3,2,1,5,87.78,-0.022230000000000028,0
N#CC(=N)N1COCO1,127.103,4,1,0,1,5,69.34,-0.33394999999999997,0
N=CN1C=NC1COC=O,141.12999999999997,4,1,4,1,5,65.75,-0.5635300000000001,1
CN=C1C=NN=C1N,110.12,4,1,0,1,4,63.099999999999994,-0.5862,0
CC1=NC(=O)C(N)=N1,111.104,3,1,0,1,4,67.81,-0.6978,0
COC(=O)C1=NNC1=N,127.10300000000001,4,2,1,1,5,74.53999999999999,-0.9041300000000001,0
N=C1CCOC(=N)C(=N)O1,141.13,5,3,0,1,5,90.01,0.3551099999999999,0
N=CN1CCOC(=O)O1,130.10299999999998,4,1,1,1,5,62.620000000000005,-0.02273000000000014,0
N=CC1=C(NC=O)C(N)=N1,138.13,4,3,3,1,5,91.33,-1.0356299999999998,0
N=C1OCC(=O)OC1=N,128.087,5,2,0,1,5,83.22999999999999,-0.48566000000000015,0
N=C1NCC(=O)N=CO1,127.103,3,2,0,1,5,74.54,-0.9041300000000001,0
NC1=CC(=O)C(N)=N1,111.10400000000001,4,2,0,1,4,81.47,-1.2735999999999998,0
O=C1N=C(CO)NC1=O,128.087,3,2,1,1,5,78.75999999999999,-1.9663999999999997,0
N=C1OCC(=N)C(=O)O1,128.087,5,2,0,1,5,83.23,-0.48566000000000015,0
N=C1COCC(=O)CO1,129.115,4,1,0,1,4,59.379999999999995,-0.4204300000000001,0
Nc1noc(C=O)c1N,127.103,5,2,1,1,5,95.14,-0.3485000000000002,0
COc1cn[nH]c(=O)n1,127.103,4,1,1,1,5,67.87,-0.8265,0
O=C1COC(=O)C1=NO,129.071,5,1,0,1,5,75.96000000000001,-1.0575,0
N#CCc1nonc1O,125.08699999999999,5,1,1,1,5,82.94,-0.15872000000000008,0
N#CC(=N)N1CN=CO1,124.103,4,1,0,1,5,72.47,-0.27974999999999994,0
N=CN1C=NC(C=O)O1,127.10299999999997,4,1,2,1,5,65.75,-0.6060300000000001,1
CNC1=NN=C1CO,113.11999999999999,4,2,1,1,4,56.980000000000004,-1.0338,0
CN=C1OC(=N)N=C1N,126.11900000000001,4,2,0,1,5,83.82,-0.66313,0
N=CN1OC(=O)C1=N,113.076,4,2,1,1,5,77.24000000000001,-0.6554599999999999,0
N=C1COC(=N)OCO1,130.103,5,2,0,1,5,75.39,-0.08066000000000012,0
CC1NC(=O)OC(=N)O1,130.10299999999998,4,2,0,1,5,71.41,0.02357000000000009,1
CN=NC1COC(=N)O1,129.119,5,1,1,1,5,67.03,0.37607000000000007,1
N=C1N=COC(=O)CO1,128.087,4,1,0,1,5,71.74,-0.47713000000000005,0
N=Cn1c(N)cnc1N,125.135,5,3,1,1,5,93.71,-0.49733,0
N=C1OCNC(=O)CO1,130.10299999999998,4,2,0,1,5,71.41,-0.9583300000000003,0
NC1=C(N)C(=O)N=C1,111.10399999999998,3,2,0,1,4,81.47,-1.2736000000000003,0
N=C1N=C(N)N=C1C=O,124.103,4,2,1,1,5,91.66,-1.06813,0
N=COc1cnoc1N,127.103,5,2,2,1,5,85.13,0.24267,0
CC(=N)N1N=CNC1O,128.135,4,3,0,1,5,71.71000000000001,-0.8920300000000003,1
N=C1ON=C1CCN,113.12,4,2,2,1,4,71.46,-0.30133000000000004,0
NC(=O)C1=CN=C1N,111.104,3,2,1,1,4,81.47,-1.2736000000000003,0
N=Cc1cnoc(=N)n1,124.103,5,2,1,1,5,86.62,-0.45326000000000016,0
NC(=O)C1=NC(O)=N1,113.076,3,2,1,1,5,88.04,-1.2022000000000002,0
N=CN1ON=CNC1=N,127.10699999999999,4,3,1,1,6,84.56,-0.6916600000000002,0
CN=C1N=CC(N)=[N+]1[O-],126.119,3,1,0,1,5,76.80999999999999,-1.0758999999999999,0
N=C(O)C1=CN=NC1=N,124.103,3,3,1,1,5,92.65,0.8486400000000001,0
N=C1COC(=N)NCN1,128.13500000000002,3,4,0,1,5,80.99,-0.93466,0
N=C1OCC(=O)OC1=N,128.087,5,2,0,1,5,83.22999999999999,-0.48566000000000015,0
CN=C1OC(=O)NC1=N,127.103,4,2,0,1,5,74.53999999999999,-0.2682300000000001,0
NC(C=O)c1nc[nH]n1,126.119,4,2,2,1,5,84.66000000000001,-0.9966000000000002,1
Cc1n[nH]nnc1=N,111.108,4,2,0,1,5,78.31,-1.0124100000000003,0
Cn1cnnc1NC=O,126.11899999999999,4,1,2,1,5,59.81,-0.6166000000000005,0
N=C1CC(=O)OC(=N)O1,128.087,5,2,0,1,5,83.23,-0.13806000000000002,0
N=Cc1ncn(C=N)n1,123.119,5,2,2,1,5,78.41000000000001,-0.26906,0
N=c1nc[nH]c(=O)o1,113.07599999999998,4,2,0,1,5,82.74,-1.15763,0
Cc1nnn[c-](N)c1=O,125.11099999999999,5,1,0,1,5,81.75999999999999,-1.15868,0
N=C1OC(=O)N=C1N,113.07600000000001,4,2,0,1,5,88.53,-0.5289300000000001,0
N=C1CCOC(=N)OCO1,144.12999999999997,5,2,0,1,5,75.39,0.30944,0
NC(C=O)c1nc1=O,112.088,4,1,2,1,4,73.05000000000001,-1.4839000000000002,1
Nc1coc(=O)nc1O,128.087,5,2,0,1,5,89.35000000000001,-0.6774,0
NC(=O)C1=NN=C1CO,127.103,4,2,2,1,5,88.04,-1.7254,0
CNC1=NC(OC=O)=N1,127.10299999999998,5,1,1,1,5,63.050000000000004,-0.8956000000000002,0
N=C1N=C(N)C(=O)N1,112.092,3,3,0,1,5,91.33000000000001,-1.5918299999999999,0
N=C1NCC(=O)OCO1,130.103,4,2,0,1,5,71.41000000000001,-0.9583300000000001,0
CC1=NC(=O)C(N)=N1,111.104,3,1,0,1,4,67.81,-0.6978,0
CC1=NC(=O)C(N)=N1,111.104,3,1,0,1,4,67.81,-0.6978,0
CNC(=O)C1=NN=C1,111.104,3,1,1,1,4,53.82,-0.8272000000000002,0
O=C1C=NC(C(=O)O)=N1,126.07099999999998,3,1,1,1,5,79.09,-0.9195000000000002,0
N=C1OC(N)=CC1=O,112.088,4,2,0,1,4,76.16999999999999,-0.6369300000000002,0
N=C1C=C(O)N=C1O,112.08799999999998,3,3,0,1,4,76.67,0.37567,0
NC1=NC(=O)N=C1C=O,125.08699999999997,3,1,1,1,5,84.88,-0.8829,0
N=C1NC(C=O)C1=N,111.104,3,3,1,1,4,76.80000000000001,-0.8458600000000001,1
NC1=NC(C=O)OCO1,130.10299999999998,5,1,1,1,5,73.91,-1.1696,1
N=C(N)OC1NCC1=O,129.119,4,3,1,1,5,88.20000000000002,-1.6051300000000004,1
CNC1OC(=N)C(=O)O1,130.103,5,2,1,1,5,71.41,-0.9599300000000002,1
N=Cc1[nH]nnc1C=O,124.103,4,2,2,1,5,82.49000000000001,-0.38513,0
N=c1oc(N)coc1=O,128.087,5,2,0,1,5,93.22,-0.70553,0
N#CC(=O)n1nc[nH]1,110.076,4,1,0,1,5,74.47,-0.6250200000000001,0
CN=C1C=NN=C1C=N,122.13099999999999,4,1,1,1,4,60.93,0.14716999999999997,0
CC[N+]1([O-])NCC(=O)O1,132.119,4,1,1,1,5,61.39,-0.7027000000000001,1
CN1CNC(=O)C(=O)CO1,144.12999999999997,4,1,0,1,5,58.64,-1.4937999999999991,0
N=C1NCOC(C=O)O1,130.10299999999998,4,2,1,1,5,71.41,-0.9599300000000002,1
Nc1ncn(C=O)c1N,126.11899999999999,5,2,1,1,5,86.92999999999999,-0.9142000000000001,0
COc1n[nH]c(C#N)n1,124.103,4,1,1,1,5,74.59,-0.31502,0
CC(=O)c1ncnn1N,126.11900000000001,5,1,1,1,5,73.8,-0.8055000000000001,0
CN=C1C=C(O)N=N1,111.104,3,1,0,1,4,57.31,0.8799000000000001,0
N#CCC1=NC(=N)O1,109.088,3,1,1,1,4,69.23,0.26355,0
Nc1coc(=O)c(N)n1,127.10300000000001,5,2,0,1,5,95.14,-0.8008,0
CC1C(O)=NN=NC1O,129.11900000000003,4,2,0,1,5,77.54,0.27820000000000006,2
N#COCC1N=CN1C=N,138.13,4,1,3,1,5,72.47,-0.23884999999999995,1
N=CN1OCOC1C=O,130.10299999999998,4,1,2,1,5,62.62000000000001,-0.6602300000000001,1
Cn1nnc(CC#N)n1,123.119,5,0,1,1,5,67.39,-0.7238200000000001,0
CN=C1N=C(N)C(=O)O1,127.103,4,1,0,1,5,77.04,-1.1138,0
N=C(O)C1=NN=C1N,112.09200000000001,4,3,1,1,5,94.82,-0.75153,0
CC(=O)n1cn[nH]c1=N,126.119,4,2,0,1,5,74.53,-0.6492300000000002,0
NCC1=NC=NC1=O,111.10399999999998,3,1,1,1,4,67.81,-1.0454,0
Cn1nnc(C=N)c1N,125.13499999999999,5,2,1,1,5,80.58,-0.60503,0
N=CN1CN(C=O)C1=N,126.11899999999997,3,2,2,1,5,71.25,-0.7402600000000001,0
N=Cc1ocnc1N,111.10400000000001,4,2,1,1,4,75.9,0.25447000000000014,0
NC1=CC(N)=NC1=O,111.10400000000001,3,2,0,1,4,81.47,-1.2736000000000003,0
N=C1N=CN=C1NC=O,124.10299999999998,3,2,1,1,5,77.67,-0.8499300000000003,0
CC(N)C1=NC(=O)N1,113.11999999999999,2,2,1,1,4,67.47999999999999,-0.5447,1
COC1=NN=C1NC#N,124.103,5,1,0,1,5,69.77000000000001,-0.5709200000000001,0
CN=c1ncoc(=O)[nH]1,127.10299999999998,4,1,0,1,5,71.25,-1.1066000000000003,0
N=CC1OC=NCOC1=O,142.114,5,1,1,1,5,71.74000000000001,-0.4362300000000001,1
Nc1cc(=O)nc(N)o1,127.10300000000001,5,2,0,1,5,95.14,-0.8008000000000002,0
NC1=CN=C(N)C1=O,111.104,4,2,0,1,4,81.47,-1.2735999999999998,0
COC1=NC(N)=C1NC=O,141.13,4,2,2,1,5,76.71000000000001,-1.0813000000000004,0
N=c1onc(C=O)n1N,128.09099999999998,6,2,1,1,6,97.89999999999999,-1.51813,0
N=C1OC(=O)C(=O)O1,115.04399999999998,5,1,0,1,5,76.45,-0.9788300000000001,0
N=C1NCCC(=O)OCO1,144.13,4,2,0,1,5,71.41000000000001,-0.5682300000000002,0
NC1=CC(=O)C(O)=N1,112.088,3,2,0,1,4,75.68,-0.6743000000000001,0
CC(N)c1noc(N)n1,128.135,5,2,1,1,5,90.96,-0.32849999999999996,1
O=CN1C=NC1=NCO,127.103,3,1,2,1,5,65.26,-1.2075,0
Cn1cc(O)nc1N,113.12,4,2,0,1,4,64.07,-0.2921000000000002,0
Cn1nnc(C=N)c1N,125.13499999999999,5,2,1,1,5,80.58,-0.60503,0
CN=C(N)C1=NC(=O)O1,127.10299999999998,3,1,1,1,5,77.04,-0.47789999999999994,0
N=C(N)N1COC(=O)C1,129.11899999999997,3,2,0,1,5,79.41,-1.30383,0
N=C1N=C(O)C(=O)CO1,128.087,3,2,0,1,5,82.74,-0.5230300000000001,0
CC(=O)Nc1cnn[nH]1,126.119,3,2,1,1,5,70.67,-0.23690000000000028,0
NC1=C(CO)C=NC1=O,126.11499999999998,3,2,1,1,4,75.68,-1.1975000000000002,0
CC(CN)C1=NN=NC1=O,140.14600000000002,4,1,2,1,5,80.16999999999999,-0.07039999999999991,1
NC1=CC(O)=NC1=O,112.088,2,2,0,1,4,75.68,-0.6742999999999999,0
N=C1N=C(O)C(C=O)=N1,125.08699999999997,2,2,1,1,5,85.86999999999999,-0.4688300000000001,0
COC1=NC(N)=NC1=N,126.11900000000001,4,2,0,1,5,83.82,-0.66313,0
N=CNC1OC(=O)C1=O,128.087,4,2,2,1,5,79.25,-1.3649300000000002,1
N=C1C(=O)OCN=C1N,127.10300000000001,5,2,0,1,5,88.53,-1.1223300000000003,0
CC(=O)n1cn[nH]c1=O,127.103,4,1,0,1,5,67.75,-0.7685,0
COC1=COC(=N)OC1,129.11499999999998,4,1,1,1,4,51.540000000000006,0.45576999999999995,0
Nc1[nH]c(=NO)cnc1F,144.10899999999998,4,3,0,1,6,87.29,-0.5791000000000002,0
N=C1N=C(N)N=C1C=O,124.103,4,2,1,1,5,91.66,-1.06813,0
N=C1OCC(=O)C1=NO,128.087,5,2,0,1,5,82.74,-0.60683,0
O=C1CC(=O)C(=NO)O1,129.071,5,1,0,1,5,75.96000000000001,-0.7099000000000002,0
COc1nc(C=N)oc1O,142.114,5,2,2,1,5,79.34,0.3864699999999999,0
N=c1cnc(CO)n[nH]1,126.119,4,3,1,1,5,85.65,-1.2235300000000005,0
N=C1OC(=NO)CC1=O,128.087,5,2,0,1,5,82.74000000000001,-0.25923000000000007,0
N=C1OCCOC(=O)C1=N,142.114,5,2,0,1,5,83.23,-0.44316000000000016,0
N=C(N)n1cncc1N,125.13499999999999,4,3,0,1,5,93.71,-0.7931300000000001,0
N#CC1CN(C=N)CN1,124.14699999999999,3,2,1,1,4,62.910000000000004,-0.6516500000000001,1
CN=C1C=NOC1=N,111.10399999999998,4,1,0,1,4,57.800000000000004,0.05046999999999996,0
NC1=NC(=O)NC1=O,113.07599999999998,3,2,0,1,5,84.54999999999998,-1.4066,0
CC(O)C1=NN=NC1=N,126.11900000000001,4,2,1,1,5,81.16,0.16626999999999992,1
CC(=O)c1nn[nH]c1N,126.11900000000001,4,2,1,1,5,84.66,-0.41050000000000003,0
NC1=NC(OC=O)=C1O,128.08699999999996,5,2,2,1,5,84.91000000000001,-0.7426999999999999,0
NC(=O)C1=NC(O)=N1,113.076,3,2,1,1,5,88.04,-1.2022000000000002,0
COC1=C(C(=O)O)N=N1,128.087,4,1,2,1,5,71.25,0.3523,0
CC(N)CC1=NC(=O)O1,128.131,3,1,2,1,4,64.67999999999999,0.2724000000000001,1
CC(=O)NC1=NC=C1O,126.11499999999998,3,2,0,1,4,61.69,-0.06599999999999984,0
N#CC1N=COC(=N)N1,124.10299999999998,4,2,0,1,5,81.25999999999999,-0.5810500000000003,1
N=C1OC(=N)C(=O)O1,114.05999999999999,5,2,0,1,5,83.23,-0.5281600000000002,0
N=C1OCC(=O)C(=O)O1,129.071,5,1,0,1,5,76.45,-0.9363300000000001,0
N=C1OCN(C=O)CO1,130.10299999999998,4,1,1,1,5,62.620000000000005,-0.6586300000000003,0
COC1=NC(NC=N)=N1,126.119,4,2,1,1,5,69.83,-0.44493,0
NC1=NC(=O)C=N1,97.07699999999998,3,1,0,1,4,67.81,-1.0879,0
N=C1N=C(N)OC1=O,113.076,4,2,0,1,5,88.53,-1.16483,0
C#CC(O)C1=NN=C1N,123.11500000000002,4,2,1,1,4,70.97,-1.2927,1
COc1n[nH]c(=N)n1C=O,142.118,5,2,2,1,6,83.75999999999999,-1.26243,0
N=C1NC(=O)OC1=O,114.05999999999999,4,2,0,1,5,79.25,-0.76993,0
Nc1nc(OC=O)n[nH]1,128.09099999999998,5,2,2,1,6,93.89000000000001,-1.0779000000000003,0
N=C(N)C1N=COC1=O,127.10299999999998,4,2,1,1,5,88.53,-1.12393,1
N=C(C=O)OC1OC1=N,128.087,5,2,2,1,5,86.53,-0.48725999999999997,1
N=C1NC(=N)N1C=O,112.092,3,3,1,1,5,80.04,-1.08246,0
N=C(O)C1=NN=C1O,113.076,3,3,1,1,5,89.03,-0.15222999999999998,0
CN=C1NN=NC1=N,111.108,3,2,0,1,5,72.96000000000001,-0.03763000000000005,0
CNC1=CC(=O)OC1=O,127.09899999999999,4,1,1,1,4,55.4,-0.8269000000000002,0
COc1n[nH]nc1N,114.108,4,2,1,1,5,76.82,-0.6045000000000003,0
CN=C1N=CC(=N)N1N,125.135,3,2,0,1,5,77.83,-0.79043,0
N=C1COC(=O)OC1=N,128.087,5,2,0,1,5,83.22999999999999,0.15023999999999993,0
CC1=NC(N)=NC1=N,110.12,3,2,0,1,4,74.59,-0.24712999999999996,0
N=C1OCNC(=O)CO1,130.10299999999998,4,2,0,1,5,71.41,-0.9583300000000003,0
CC(=O)C(=O)C1=CN=N1,124.09899999999999,4,0,2,1,4,58.86,0.45170000000000005,0
NC=C1N=C(O)C(=O)N1,127.10299999999998,3,3,0,1,5,87.71000000000001,-1.1697,0
Cn1ncnc1CO,113.11999999999999,4,1,1,1,4,50.94,-0.6926000000000001,0
N=C1N=C(CCO)N1O,129.119,3,3,2,1,5,79.91,-0.5931300000000002,0
N=c1nnccc(N)n1,123.119,5,2,0,1,5,88.54,-1.0667300000000004,0
CC(=O)n1[nH]nc1CO,129.119,4,2,1,1,5,70.91,-0.6364000000000003,0
CCc1nc(=N)nn[nH]1,125.135,4,2,1,1,5,78.31,-0.7584300000000004,0
N=CN1COC(=O)C(=N)N1,142.118,4,3,1,1,6,89.27000000000001,-1.1083600000000005,0
N=c1ncc(N)nn1CO,141.13400000000004,6,3,1,1,6,100.81000000000002,-1.7104300000000006,0
NC(=O)n1cc(O)o1,116.07599999999998,4,2,0,1,5,81.39,-0.2864999999999999,0
N=C1OCNC(=O)CO1,130.10299999999998,4,2,0,1,5,71.41,-0.9583300000000003,0
Nc1cn(C=O)n1C=O,127.10299999999998,5,1,2,1,5,70.02,-1.0516,0
N=C1COC(=O)OC1=N,128.087,5,2,0,1,5,83.22999999999999,0.15023999999999993,0
COc1nc(=O)nco1,128.087,5,0,1,1,5,65.22,-0.5616000000000001,0
N=C1NC(=O)C(=N)O1,113.076,4,3,0,1,5,86.03000000000002,-0.9551600000000002,0
NC(C=O)C1=NC(=O)O1,128.087,4,1,2,1,5,81.75000000000001,-0.9387000000000001,1
CN=C1OC(=O)CNC1=O,142.114,4,1,0,1,5,67.75999999999999,-1.3123000000000005,0
N=C1COC(C(N)O)=N1,129.119,4,3,1,1,5,91.69,-1.3305299999999998,1
N=C1N=CN=C1C=NO,124.10299999999998,4,2,1,1,5,81.16,-0.09343000000000007,0
N#CC(=N)n1cno1,110.076,5,1,0,1,5,78.60000000000001,-0.17494999999999988,0
N=C1NC(=O)CN=C1N,126.11900000000001,4,3,0,1,5,91.33,-1.5493299999999997,0
COc1cn[nH]c(=O)n1,127.103,4,1,1,1,5,67.87,-0.8265,0
N=CN1C(=N)N=C1CO,126.11899999999999,3,3,2,1,5,83.53,-0.76536,0
NCC1=NC(=O)OC1=O,128.087,4,1,1,1,5,81.75,-0.9371,0
N=Cn1c(N)nnc1C=O,139.118,6,2,2,1,6,97.65,-0.8720300000000001,0
CNC(=O)C1=NC(=O)N1,127.103,2,2,1,1,5,70.56,-1.1459000000000001,0
N=CC1NC(=NO)CO1,129.119,4,3,1,1,5,77.7,-0.63043,1
N=Cc1ncc(N)c(=O)o1,139.114,5,2,1,1,5,92.97000000000001,-0.3853300000000001,0
Cc1nnnc(C=O)n1,124.10299999999998,5,0,1,1,5,68.63,-0.6124800000000001,0
N=c1nncc(N)n1C=O,139.118,6,2,1,1,6,97.65,-1.62193,0
N=COc1nc(N)n[nH]1,127.10700000000001,5,3,2,1,6,100.66999999999999,-0.6272300000000004,0
NC(=O)C1=NN=C1C=O,125.08699999999999,4,1,2,1,5,84.88,-1.5188,0
CC(=O)C1C=NC1=O,111.1,2,0,1,1,3,46.5,-0.19740000000000002,1
N=c1[nH]ncoc1=N,112.09199999999998,4,3,0,1,5,89.52000000000001,-1.0383600000000002,0
N=C1NC(=O)C=NCO1,127.103,4,2,0,1,5,74.54,-0.9041300000000001,0
N=C1OCC(=O)C(=N)O1,128.087,5,2,0,1,5,83.23,-0.48566000000000015,0
NC(=O)C1=NC(N)=N1,112.09200000000001,4,2,1,1,5,93.83,-1.8014999999999999,0
N=C1NN=C1CNC=O,126.11899999999999,3,3,3,1,5,77.34,-1.3311300000000001,0
CC1=NN=C(N)C1=O,111.104,4,1,0,1,4,67.81,-0.6978,0
Nc1onc(C=O)c1N,127.103,5,2,1,1,5,95.14,-0.3485000000000002,0
N=CN1CC(=O)NC1=O,127.10299999999998,3,2,1,1,5,73.26,-0.85473,0
N=CN1CC(=O)OCN1,129.119,4,2,1,1,5,65.42,-1.0856300000000003,0
CN=C1N=NC(N)=N1,111.108,3,1,0,1,5,75.46,-0.24729999999999996,0
N=Cc1nc(C=O)no1,125.08699999999999,5,1,2,1,5,79.84,-0.12023,0
CNC(=O)C1=NN=C1N,126.11900000000001,4,2,1,1,5,79.84,-1.5408,0
N=C1N=C(N)C(CO)=N1,126.119,3,3,1,1,5,94.82000000000001,-1.2747300000000001,0
CN=C1N=NC=C1N,110.11999999999999,3,1,0,1,4,63.099999999999994,0.28060000000000007,0
CC1(O)NC(=O)C(=O)O1,131.087,4,2,0,1,5,75.63000000000001,-1.6746000000000003,1
Nc1cnc(=O)oc1N,127.103,5,2,0,1,5,95.14,-0.8008,0
N=C1NC(=O)C(=O)OCO1,144.08599999999998,5,2,0,1,6,88.48000000000002,-1.43173,0
Cn1cnc(N)nc1=O,126.119,5,1,0,1,5,73.80000000000001,-1.2425000000000004,0
O=COC1=NC=NC1=O,126.07099999999998,4,0,1,1,5,68.09,-0.8736000000000002,0
N=C1COC(=O)N=CO1,128.087,4,1,0,1,5,71.74,0.15877000000000002,0
N=C1N=C(N)OC(=O)CO1,143.102,5,2,0,1,6,97.76,-1.1907299999999998,0
CC1=NC(=N)N=C1C=O,123.11499999999998,2,1,1,1,4,65.64,0.035569999999999935,0
N=CC1NC(=N)OC1=O,127.103,4,3,1,1,5,86.03,-0.9142600000000003,1
O=C1N=CN=C1CO,112.08799999999998,3,1,1,1,4,62.019999999999996,-1.0118,0
COc1nnc([O-])n1CO,144.11,6,1,2,1,6,83.23,-1.6899000000000004,0
COC1=NC(=N)OC1=N,127.103,4,2,0,1,5,78.52000000000001,-0.02646000000000004,0
NC1=CN=C(N)C1=O,111.104,4,2,0,1,4,81.47,-1.2735999999999998,0
N=C1OC(=N)OC(C=O)O1,144.08599999999998,6,2,1,1,6,92.46,-0.5556600000000003,0
N=C1CC(=O)OC(=O)N1,128.087,4,2,0,1,5,79.25,-0.37983000000000006,0
NC(=O)C1=NC(=O)N1,113.076,2,2,1,1,5,84.55000000000001,-1.4066,0
CC(=O)C1=NNC1=O,112.088,3,1,1,1,4,58.53,-0.9388000000000001,0
N=CN1CC(=N)OCO1,129.119,4,2,1,1,5,69.4,-0.2079600000000001,0
COc1cnc(=N)oc1,126.11499999999998,4,1,1,1,4,59.11,0.16266999999999993,0
N=C1NC(=O)NCCO1,129.119,3,3,0,1,5,74.21000000000001,-0.74943,0
CC(=O)c1n[nH]nc1N,126.11900000000001,4,2,1,1,5,84.66,-0.41050000000000003,0
NC1=CC(=O)N=C1F,114.07900000000001,2,1,0,1,4,55.45,-0.26279999999999987,0
N=c1cc(N)oc(=O)o1,128.087,5,2,0,1,5,93.22000000000001,-0.70553,0
NC1COC(=O)C(=O)CN1,144.13,5,2,0,1,5,81.42,-2.013299999999999,1
Nc1cc(OC=O)on1,128.087,5,1,2,1,5,78.35000000000001,-0.20800000000000013,0
CN=C1N=C(O)C(O)=N1,127.10299999999998,1,2,0,1,5,77.54,-0.10120000000000007,0
CC(O)C1=NN=C1N,113.12000000000002,4,2,1,1,4,70.97,-0.9060000000000001,1
NC(=O)C1=NC(O)=N1,113.076,3,2,1,1,5,88.04,-1.2022000000000002,0
NC1=C(N)C(C=O)=N1,111.10399999999998,4,2,1,1,4,81.47,-1.2735999999999998,0
NN=C1OCC(=O)NC1=O,143.102,5,2,0,1,6,93.78,-2.0684000000000005,0
COC1=NC(=N)C(N)=N1,126.11900000000001,4,2,0,1,5,83.82,-0.6631300000000002,0
N=C1NC(=N)C(=O)O1,113.076,4,3,0,1,5,86.03000000000002,-0.95516,0
CN=C1N=C(F)OC1=O,130.078,3,0,0,1,5,51.02,-0.10299999999999992,0
N=C1NCOCC(=O)N1,129.119,3,3,0,1,5,74.21,-1.3853300000000002,0
N=CC1=C(N)C(N)=N1,110.12000000000002,4,3,1,1,4,88.25,-0.8229299999999997,0
N=C1CNC(=N)OCO1,129.119,4,3,0,1,5,78.19000000000001,-0.5076600000000004,0
Cc1n[nH]c(=O)c(N)n1,126.119,4,2,0,1,5,84.66,-0.9444800000000002,0
C#CC1=NC(=N)N=N1,106.08800000000001,2,1,0,1,4,60.93,0.4186700000000001,0
NC1=NC(C=O)=C1N,111.10399999999998,4,2,1,1,4,81.47,-1.2736000000000003,0
N=COC1OCC1=NO,130.103,5,2,2,1,5,74.9,-0.20342999999999994,1
N=C1NCNC(=O)CO1,129.119,3,3,0,1,5,74.21000000000001,-1.3853300000000002,0
N#CCC1=NC(CO)=N1,123.115,4,1,2,1,4,68.74,-0.29702,0
COc1cnncc1O,126.11499999999998,4,1,1,1,4,55.24000000000001,0.19079999999999991,0
N=C1CNC(=O)NC1=N,126.11899999999999,3,4,0,1,5,88.83000000000001,-0.7037600000000004,0
N=C1ON=C(F)C1=N,115.067,4,2,0,1,5,69.28999999999999,0.29664,0
N=C1OC=NCN1C=O,127.103,4,1,1,1,5,65.75,-0.6044300000000002,0
N=C1OCC(=O)C(=N)O1,128.087,5,2,0,1,5,83.23,-0.48566000000000015,0
Cn1cnc(NC=O)n1,126.11899999999999,4,1,2,1,5,59.81,-0.6166000000000003,0
N=Cn1nc(C=O)nc1N,139.11799999999997,6,2,2,1,6,97.64999999999999,-0.8720300000000001,0
COc1ncc(=O)[nH]n1,127.103,4,1,1,1,5,67.87,-0.8265000000000002,0
N#CC1OC(C=O)OC1=N,140.09799999999998,5,1,1,1,5,83.16999999999999,-0.5723499999999999,2
N=C1OCN=C(O)CO1,130.10299999999998,4,2,0,1,5,74.9,-0.11803000000000013,0
N=CC(N)C1=NN=N1,111.10800000000002,5,2,2,1,5,86.95,-0.25742999999999994,1
CNc1onnc1C=N,126.119,5,2,2,1,5,74.80000000000001,0.1089699999999999,0
N=C1C=NN=C1CO,111.10399999999998,4,2,1,1,4,68.8,-0.5611300000000001,0
CC(=O)n1cnc(N)n1,126.11900000000001,5,1,0,1,5,73.8,-0.47959999999999997,0
Cn1nc(N)c(O)n1,114.108,5,2,0,1,5,76.96000000000001,-0.8971000000000002,0
N#CCC1=NC(=N)N=N1,121.10300000000001,3,1,1,1,5,84.72,0.69915,0
N=C1COC(=N)OCO1,130.103,5,2,0,1,5,75.39,-0.08066000000000012,0
N=Cc1nc(=N)cn[nH]1,123.119,4,3,1,1,5,89.27000000000001,-0.7181600000000001,0
NC(=O)c1cnc(N)o1,127.103,4,2,1,1,5,95.14,-0.6443000000000001,0
C#Cc1nonc1CO,124.09899999999999,4,1,1,1,4,59.150000000000006,-0.45680000000000004,0
COC1=NC(=O)C(N)=N1,127.10300000000001,4,1,0,1,5,77.03999999999999,-1.1138000000000003,0
N=c1occ(N)n1CO,129.11900000000003,5,3,1,1,5,88.17,-0.9074300000000004,0
CN=C1N=CN=C1N,110.12,3,1,0,1,4,63.099999999999994,-0.5861999999999998,0
N=C1N=CC(N)=NC1=O,124.10300000000001,3,2,0,1,5,91.66,-1.0681300000000002,0
CC1=NC(=N)N=C1CO,125.13099999999999,2,2,1,1,4,68.8,-0.1710299999999999,0
N=C1OC=NCNC1=O,127.103,4,2,0,1,5,74.53999999999999,-0.9041300000000003,0
N#CC1=NN=C1NC=O,122.08699999999997,4,1,1,1,5,77.61,-0.9759200000000001,0
N=C1N=C(N)C(CO)=N1,126.119,3,3,1,1,5,94.82000000000001,-1.2747300000000001,0
O=C1CNC(C(=O)O)N1,130.10299999999998,3,3,1,1,5,78.43,-1.8834999999999997,1
N#CCOc1cn[nH]n1,124.103,4,1,2,1,5,74.59,-0.29292,0
N=C1N=C(N)C(CO)=N1,126.119,3,3,1,1,5,94.82000000000001,-1.2747300000000001,0
CC(=O)C1=NN=C1N,111.10400000000001,4,1,1,1,4,67.81,-0.6978,0
COc1cnoc1O,115.08799999999998,4,1,1,1,4,55.49000000000001,0.38879999999999987,0
N=C1N=C(CO)N=C1N,126.119,4,3,1,1,5,94.82,-1.2747300000000001,0
COc1cn[nH]c(=O)n1,127.103,4,1,1,1,5,67.87,-0.8265,0
O=CN1COC=NC1=O,128.087,3,0,1,1,5,58.970000000000006,-0.4192,0
N=CN1CCOC(=N)O1,129.119,4,2,1,1,5,69.4,-0.2079600000000001,0
N=C1OCC(=O)OC1=N,128.087,5,2,0,1,5,83.22999999999999,-0.48566000000000015,0
N=C1OC(=O)OC1=N,114.05999999999999,5,2,0,1,5,83.22999999999999,0.10774,0
COC1=NC(N)=NC1=O,127.10300000000001,4,1,0,1,5,77.03999999999999,-1.1138000000000001,0
Cc1ncc(=N)oc1N,125.131,4,2,0,1,4,75.9,0.04469000000000006,0
N=C1N=C(N)N=C1C=O,124.103,4,2,1,1,5,91.66,-1.06813,0
NC(=O)n1ccnc1N,126.119,4,2,0,1,5,86.93,-0.6079000000000001,0
NC(O)C1=NCOC1=O,130.103,5,2,1,1,5,84.91,-1.7811999999999997,1
O=Cc1nc(CO)n[nH]1,127.103,4,2,2,1,5,78.87,-0.8905000000000003,0
N=C1N=CNCN=CO1,126.11899999999999,4,2,0,1,5,69.83,-0.44493000000000005,0
N=C1OC=C(O)C1=N,112.088,4,3,0,1,4,77.16,0.41304,0
Cc1onnc1N=N,112.092,5,1,1,1,5,75.13,1.04049,0
N=CC1=NOC1=CN,111.104,4,2,1,1,4,71.46,-0.17773000000000005,0
CNC1=NC(=N)OC1=O,127.10299999999998,4,2,0,1,5,74.53999999999999,-0.9041300000000003,0
Nc1cnnc(C=O)n1,124.103,5,1,1,1,5,81.76,-0.7337,0
CCC1=NC(=N)N=C1N,124.147,2,2,1,1,4,74.59,0.1429700000000002,0
NC1=NC(=O)C(=O)C=C1,124.09899999999996,3,1,0,1,4,72.52,-0.9909000000000001,0
Nc1ncc(NC=O)cn1,138.12999999999997,4,2,2,1,5,80.89999999999999,-0.37290000000000045,0
CC1=NC(=N)N=C1CO,125.13099999999999,2,2,1,1,4,68.8,-0.1710299999999999,0
CC(=O)c1n[nH]nc1N,126.11900000000001,4,2,1,1,5,84.66,-0.41050000000000003,0
N=C1N=CN=C1CO,111.10399999999998,3,2,1,1,4,68.8,-0.5611300000000001,0
CNC(=N)C1=NC(N)=N1,125.13500000000002,4,3,1,1,5,86.62,-1.0901299999999996,0
CC1=NC(=O)C(O)=N1,112.08799999999998,2,1,0,1,4,62.019999999999996,-0.09849999999999998,0
N=C(O)C1=NC(=O)N=C1,125.08699999999999,2,2,1,1,5,85.86999999999999,0.16707000000000005,0
COc1nonc1N,115.09200000000001,5,1,1,1,5,74.17,-0.33960000000000007,0
N#Cc1n[nH]nc1C=O,122.08699999999997,4,1,1,1,5,82.43,-0.51112,0
N=C1CNC(=O)N=CO1,127.10299999999998,3,2,0,1,5,74.54,-0.26823000000000013,0
O=Cc1nc(O)n[nH]1,113.076,4,2,1,1,5,78.87,-0.6772000000000002,0
CN=C1NC=NC1=N,110.11999999999999,2,2,0,1,4,60.6,-0.3765300000000002,0
N=CC(O)C1=NC(O)=N1,127.10300000000001,4,3,2,1,5,89.03,-0.67703,1
N=c1[nH]c(=O)oc(=N)o1,129.075,5,3,0,1,6,106.83999999999999,-1.4801599999999997,0
Cn1nc(C=N)nc1N,125.135,5,2,1,1,5,80.58,-0.6050300000000002,0
CC(=N)n1nccn1,110.11999999999999,4,1,0,1,4,54.56,0.12337000000000004,0
N=c1[nH]c(C=O)c(O)o1,128.087,4,3,1,1,5,90.08,-0.3947300000000001,0
N=CN1CC(=O)OC1=N,127.10299999999998,4,2,1,1,5,77.24000000000001,-0.61296,0
N=C1N=C(N)N=C1C=O,124.103,4,2,1,1,5,91.66,-1.06813,0
N=CC1=C(NC=O)C(=O)N1,139.11399999999998,3,3,3,1,5,82.05000000000001,-1.2766300000000004,0
NC1=CN=CC1=NC=O,123.11499999999998,3,1,1,1,4,67.81,-0.5317000000000001,0
CC1=NC(=O)NC1=N,111.10399999999998,2,2,0,1,4,65.31,0.14777000000000007,0
N=CN1NC(=O)C1=O,113.07599999999998,3,2,1,1,5,73.26,-1.53313,0
N=C1COC(=N)C1=O,112.088,4,2,0,1,4,74.0,-0.41726000000000013,0
N=CC(=O)N1COC1=N,127.103,4,2,1,1,5,77.24000000000001,-0.61296,0
CNC1=NC(N)=NC1=O,126.119,4,2,0,1,5,79.84,-1.5408,0
N=C1OC=NC(CO)O1,130.10299999999998,5,2,1,1,5,74.9,-0.68533,1
N=C1OC(=O)N1CO,116.076,4,2,1,1,5,73.62,-0.67683,0
CC(=O)c1nnc(N)o1,127.10300000000001,5,1,1,1,5,82.01,-0.14559999999999984,0
CN=C1N=CC(C=O)=N1,123.11499999999998,2,0,1,1,4,54.15,-0.3034999999999999,0
CC(O)c1c(N)on1N,131.135,5,3,1,1,5,90.33999999999999,-0.5696000000000001,1
Cn1cnnc1OC#N,124.103,5,0,1,1,5,63.73,-0.3250200000000002,0
N=c1nc[nH]c(=O)o1,113.07599999999998,4,2,0,1,5,82.74,-1.15763,0
N#CC(N)C1=NC=N1,108.104,4,1,1,1,4,74.53,-0.7223200000000001,1
CC(=N)C1=NN=C1N,110.12000000000002,4,2,1,1,4,74.59,-0.24712999999999996,0
N=C1N=COC(=O)CO1,128.087,4,1,0,1,5,71.74,-0.47713000000000005,0
COC1=NC(N)=NC1=N,126.11900000000001,4,2,0,1,5,83.82,-0.66313,0
N=C1C(C=O)=CN=C1N,123.11500000000001,4,2,1,1,4,79.3,-0.5402300000000002,0
CC(=O)C1=NC(N)=N1,111.10400000000001,4,1,1,1,4,67.81,-0.6978,0
N=C1OC=NC(=O)CO1,128.087,4,1,0,1,5,71.74,-0.47713000000000005,0
COC1=NC(=O)N1CO,130.103,3,1,1,1,5,62.129999999999995,-0.6257999999999999,0
N=CC1=NC(N)=NC1=O,124.10300000000001,4,2,1,1,5,91.66,-1.0681300000000002,0
N=C1N=C(CO)C(=N)O1,127.10299999999998,4,3,1,1,5,89.52,-0.6380600000000001,0
Cc1noc(=N)n1C=O,127.103,5,1,1,1,5,71.88,-0.69771,0
Nc1ncc(F)c(=O)o1,130.078,4,1,0,1,5,69.12,-0.24389999999999995,0
CC1=NC(=O)C(N)=N1,111.104,3,1,0,1,4,67.81,-0.6978,0
N=Cn1c(F)nnc1C=O,142.093,5,1,2,1,6,71.63,-0.3151299999999999,0
CN=C1COC(=O)N=N1,127.103,3,0,0,1,5,63.379999999999995,0.6171000000000001,0
N=C1N=CC(N)=C1N,110.12000000000002,3,3,0,1,4,88.25,-0.8229300000000002,0
N=C1NC(=O)C(=N)CO1,127.103,4,3,0,1,5,86.03000000000002,-0.9126600000000002,0
NC(=O)C1=NC=NC1=O,125.08699999999999,3,1,1,1,5,84.88,-1.5188,0
NC(=O)OC1NC1=O,116.076,3,2,1,1,5,91.33000000000001,-1.4624000000000004,1
NC1=NOC1=NCCO,129.11900000000003,5,2,2,1,5,80.2,-1.3204000000000002,0
N=C1N=CCC(=NO)N1,126.119,3,3,0,1,5,80.83,-0.22703000000000018,0
COC1=NC(=N)N=N1,112.09200000000001,3,1,0,1,5,70.16,0.38937,0
O=CNc1cnc(O)cn1,139.11399999999998,4,2,2,1,5,75.11,-0.24950000000000006,0
COC1=NN=C1C=N,111.10399999999998,4,1,1,1,4,57.800000000000004,0.05046999999999996,0
N=CN1CC(=N)N(O)C1,128.135,3,3,1,1,5,74.41000000000001,-0.46496000000000026,0
N#CC1=NCN(C=O)N1,124.103,4,1,1,1,5,68.49,-1.1574200000000001,0
Cc1nc(N)nn1C=O,126.119,5,1,1,1,5,73.8,-0.7929800000000002,0
CC1=NN=C([O-])C1=NCN,139.13799999999998,5,1,1,1,5,86.16,-1.508099999999999,0
N=C1NC(=O)NC=CO1,127.10299999999998,3,3,0,1,5,74.21000000000001,-0.27823,0
N=C1COC=C(N)C=N1,125.131,3,2,0,1,4,71.46,-0.13523000000000007,0
NC1=C(N)C(=O)N=N1,112.092,4,2,0,1,5,93.83,-0.9347000000000003,0
Cn1cnc(NC#N)n1,123.119,5,1,1,1,5,66.53,-0.2919200000000001,0
N=CN1CC(=O)OC1=N,127.10299999999998,4,2,1,1,5,77.24000000000001,-0.61296,0
CN=C1N=NNC1=N,111.10799999999999,3,2,0,1,5,72.96000000000001,-0.03762999999999994,0
COC1=NN=C1C=N,111.10399999999998,4,1,1,1,4,57.800000000000004,0.05046999999999996,0
NC1=NC(=O)C(O)=C1,112.08799999999997,3,2,0,1,4,75.67999999999999,-0.6742999999999999,0
COc1ncnnc1N,126.11900000000001,5,1,1,1,5,73.92,-0.5376000000000001,0
N=C1COCOC(=N)O1,130.103,5,2,0,1,5,75.39,-0.0806599999999999,0
N#COCc1oncc1N,139.11399999999998,5,1,2,1,5,85.07,0.25448000000000004,0
N=C1N=C(N)N=C1O,112.092,3,3,0,1,5,94.82000000000001,-0.7515299999999998,0
N=CC1=NC(N)=NC1=O,124.10300000000001,4,2,1,1,5,91.66,-1.0681300000000002,0
Cc1nncc(=N)n1C=N,137.146,5,2,1,1,5,78.41,-0.4788400000000001,0
Nc1cnnc(C=O)n1,124.103,5,1,1,1,5,81.76,-0.7337,0
N=C1N=C(C=O)N=C1O,125.08699999999997,3,2,1,1,5,85.87,-0.4688299999999999,0
Cn1cnc(=N)n1CO,128.135,5,2,1,1,5,66.83,-1.3491300000000002,0
N=C1N=C(CO)N=C1N,126.119,4,3,1,1,5,94.82,-1.2747300000000001,0
CN1N=C(C=O)NN1CO,144.13400000000001,6,2,2,1,6,68.17,-1.8843999999999994,0
N=CN1COCC(=N)CO1,143.146,4,2,1,1,5,69.4,-0.1654600000000001,0
N=CN1CC(=O)OC1=O,128.087,4,1,1,1,5,70.46000000000001,-0.42772999999999994,0
N=CC1OCNC(=N)O1,129.119,4,3,1,1,5,78.19000000000001,-0.5092600000000003,1
N=C1CNC(=O)OC=N1,127.10299999999998,3,2,0,1,5,74.54,-0.26823000000000013,0
N=C1CNC(=N)OCO1,129.119,4,3,0,1,5,78.19000000000001,-0.5076600000000004,0
N=C1OC(=N)C(=O)O1,114.05999999999999,5,2,0,1,5,83.23,-0.5281600000000002,0
N=C1C(N)=CN=C1CO,125.13099999999999,4,3,1,1,4,82.46000000000001,-0.7468300000000003,0
N=C1NCOC(C=O)N1,129.119,3,3,1,1,5,74.21,-1.3869300000000004,1
N=Cn1[nH]c(=N)oc1=O,128.09099999999998,5,3,1,1,6,98.63,-1.2959600000000002,0
Nc1cnc(NC=O)cn1,138.12999999999997,4,2,2,1,5,80.89999999999999,-0.37290000000000045,0
N=C1N=C(C(=N)O)O1,113.07599999999998,3,3,1,1,5,89.52000000000001,-0.11485999999999996,0
N=C1OCC(=N)C(=O)O1,128.087,5,2,0,1,5,83.23,-0.48566000000000015,0
N=C1N=C(N)OC1=O,113.076,4,2,0,1,5,88.53,-1.16483,0
N=CN1CC(=O)N1C=O,127.10299999999998,3,1,2,1,5,64.47,-1.19093,0
N=C1CNC(=N)OCO1,129.119,4,3,0,1,5,78.19000000000001,-0.5076600000000004,0
NC1=NC(=O)N=C1N,112.092,3,2,0,1,5,93.83,-1.1656,0
N=C1NC(=O)CC(=O)O1,128.087,4,2,0,1,5,79.25000000000001,-1.0157300000000002,0
N=Cc1nc(CO)n[nH]1,126.119,4,3,2,1,5,85.65,-0.7053300000000002,0
N=CN1CC(=N)OC1C=O,141.12999999999997,4,2,2,1,5,77.24000000000001,-0.5720600000000002,1
N=CC1OC(=N)OC1=N,127.103,5,3,1,1,5,90.00999999999999,-0.03658999999999979,1
N=C1N=CC(N)=C1O,111.104,3,3,0,1,4,82.46000000000001,-0.22363000000000027,0
N=C1OCC(=O)C(=O)O1,129.071,5,1,0,1,5,76.45,-0.9363300000000001,0
N=CC1=NC(O)=C1N,111.104,4,3,1,1,4,82.46,-0.22362999999999988,0
Nc1nc(O)c(C=O)o1,128.08699999999996,5,2,1,1,5,89.35000000000001,-0.22510000000000002,0
N=C1NC(=O)C(=O)CO1,128.087,4,2,0,1,5,79.25000000000001,-1.36333,0
Nc1cnc(C=O)nn1,124.103,5,1,1,1,5,81.76,-0.7337,0
N=C1COC(=N)NCO1,129.119,4,3,0,1,5,78.19,-0.5076600000000002,0
CN=C1C=NC(C=N)=N1,122.13099999999999,3,1,1,1,4,60.93,0.14716999999999997,0
N=C1OCC(=O)C(=N)O1,128.087,5,2,0,1,5,83.23,-0.48566000000000015,0
N=C1N=C(C(=N)N)O1,112.092,3,3,1,1,5,95.31,-0.7141600000000001,0
N=Cc1n[nH]nc1C=O,124.10299999999998,4,2,2,1,5,82.49000000000001,-0.38513,0
O=Cc1nc(CO)n[nH]1,127.103,4,2,2,1,5,78.87,-0.8905000000000003,0
N=C1CNC(=O)C(=O)O1,128.087,4,2,0,1,5,79.25000000000001,-1.3633300000000004,0
CN1COC(=O)C(=N)O1,130.10299999999998,5,1,0,1,5,62.620000000000005,-0.6586300000000003,0
N=CN1OCOC1C=O,130.10299999999998,4,1,2,1,5,62.62000000000001,-0.6602300000000001,1
CN=C1N=C(N)C(=N)O1,126.119,4,2,0,1,5,83.82000000000001,-0.66313,0
Cc1n[nH]nc1COC#N,138.13,4,1,2,1,5,74.59,0.11079999999999995,0
O=C1COC(=O)C1=NO,129.071,5,1,0,1,5,75.96000000000001,-1.0575,0
CCc1n[nH]nnc1=O,126.11899999999999,4,1,1,1,5,71.53,-0.8777000000000001,0
N=CN1CC(=O)OC=N1,127.10299999999998,4,1,1,1,5,65.75,-0.60443,0
CC(=O)c1cc1=NO,111.09999999999998,3,1,1,1,3,49.66,0.054700000000000026,0
N=c1nc1C(O)C=O,112.08799999999997,4,2,2,1,4,74.03999999999999,-1.3310300000000002,1
COC1=NN=C(N)C1=O,127.103,5,1,0,1,5,77.03999999999999,-1.1138000000000001,0
N=CN1NCC1C(=O)O,129.119,3,3,2,1,5,76.42,-1.1331300000000002,1
N=C1COC(=N)NCO1,129.119,4,3,0,1,5,78.19,-0.5076600000000002,0
CCC1NC(=O)C(=O)O1,129.11499999999998,3,1,1,1,4,55.400000000000006,-0.6045000000000003,1
N=c1ncc(CN)no1,126.11900000000001,5,2,1,1,5,88.79,-0.99223,0
CNc1n[nH]c(=O)n1C=O,142.118,5,2,2,1,6,79.78,-1.3485999999999998,0
NC1=CC(=O)C(N)=N1,111.10400000000001,4,2,0,1,4,81.47,-1.2735999999999998,0
CC1=NC(=N)N=C1O,111.10399999999998,1,2,0,1,4,68.8,0.3521700000000001,0
CC1=NC(NC#N)=N1,108.104,4,1,0,1,4,60.54,-0.15492,0
CC(O)C1=NNC1=O,114.104,3,2,1,1,4,61.690000000000005,-1.1470000000000002,1
COC1=NNC(=O)C1=N,127.10299999999998,4,2,0,1,5,74.53999999999999,-0.9041300000000001,0
N#CCOC1=NOC1=N,125.08699999999999,5,1,1,1,5,78.46000000000001,-0.15245000000000003,0
CC1=NC(=N)N=C1N,110.12,2,2,0,1,4,74.59,-0.24712999999999996,0
CNC(C=O)C1=NC(=N)O1,141.13,4,2,3,1,5,74.54,-0.8632300000000004,1
N=COC1OCNC1=N,129.119,4,3,2,1,5,78.19,-0.5092600000000003,1
Nc1nncc(=O)n1CO,142.118,6,2,1,1,6,94.03000000000002,-1.8297,0
N=C1OCC(=O)C(=N)O1,128.087,5,2,0,1,5,83.23,-0.48566000000000015,0
N=C1COC(=N)OC=N1,127.103,4,2,0,1,5,78.52,-0.026460000000000095,0
N=CN1C=NC1C(=O)O,127.10299999999997,3,2,2,1,5,76.75,-0.6519299999999999,1
NC1=NC(C=O)OCO1,130.10299999999998,5,1,1,1,5,73.91,-1.1696,1
COc1nnc(C=N)o1,127.10299999999998,5,1,2,1,5,72.0,0.07586999999999994,0
NCc1nc(=O)cn[nH]1,126.11899999999999,4,2,1,1,5,84.66,-1.3764,0
N=C1CNC(=N)OCO1,129.119,4,3,0,1,5,78.19000000000001,-0.5076600000000004,0
NC1=C(CO)C(C=O)=N1,126.11499999999998,4,2,2,1,4,75.68,-1.1975000000000002,0
C#Cc1nc(OC=N)no1,137.09799999999998,5,1,2,1,5,72.0,0.036770000000000025,0
O=CC(=O)NC1=CO1,113.07199999999997,3,1,2,1,4,58.7,-0.8694000000000002,0
N#CN=Cc1conc1N,136.11399999999998,5,1,1,1,5,88.2,0.15678000000000003,0
N=C1N=COC(O)=CO1,128.087,4,2,0,1,5,74.9,0.35317,0
CC(=O)C1=NN=C1O,112.088,3,1,1,1,4,62.019999999999996,-0.09849999999999998,0
N#CNC1=NC(=O)C=N1,122.08699999999999,4,1,0,1,5,77.61,-0.9759200000000001,0
CC1(O)OC(=N)C1=O,115.088,4,2,0,1,4,70.38,-0.7285300000000001,1
N=C1OC(=O)NCC1=O,128.087,4,2,0,1,5,79.25,-0.7274300000000002,0
CN=C1NC(=O)NC1=O,127.10299999999998,3,2,0,1,5,70.56,-1.1459000000000001,0
N=C1NC(=O)C(=O)CO1,128.087,4,2,0,1,5,79.25000000000001,-1.36333,0
N=c1oc(=N)oc(=N)o1,129.075,6,3,0,1,6,110.97000000000001,-1.0959900000000002,0
N=C1NCN(C=O)CO1,129.119,3,2,1,1,5,65.42,-1.0856299999999999,0
Cn1cnc(=N)n1CO,128.135,5,2,1,1,5,66.83,-1.3491300000000002,0
O=CC1NCC(=NO)N1,129.119,4,3,1,1,5,73.72,-1.5081,1
Cc1nc(OC#N)n[nH]1,124.103,4,1,1,1,5,74.59,-0.02700000000000008,0
N=C1NC(=O)OC1C=O,128.087,4,2,1,1,5,79.25,-0.7290300000000001,1
COc1n[nH]c(=N)n1C=O,142.118,5,2,2,1,6,83.75999999999999,-1.26243,0
N=CN1CONC(=O)C1,129.11899999999997,3,2,1,1,5,65.42000000000002,-1.0856299999999999,0
NC1=NC=NC1=O,97.07699999999998,3,1,0,1,4,67.81,-1.0879,0
CC1=NC(=O)C(CO)=N1,126.11499999999998,3,1,1,1,4,62.019999999999996,-0.6217000000000001,0
N=c1[nH]c(=O)oc(=N)o1,129.075,5,3,0,1,6,106.83999999999999,-1.4801599999999997,0
N=C1COC(=N)OC(=N)O1,143.102,6,3,0,1,6,99.24,-0.10338999999999998,0
NC(=O)c1nc[nH]c1N,126.119,3,3,1,1,5,97.79,-0.9092000000000005,0
CN=C1N=C(O)NC1=N,126.11899999999999,2,3,0,1,5,80.83000000000001,-0.49083000000000004,0
N=c1[nH]c(=N)oc(=O)[nH]1,128.091,4,4,0,1,6,109.48999999999998,-1.7450600000000005,0
N=CN1COC(=N)C1=N,126.11899999999999,4,3,1,1,5,84.02000000000001,-0.16229000000000016,0
CNC1OC(=O)C(C=N)O1,144.13,5,2,2,1,5,71.41,-0.9190300000000002,2
CC(N)c1con[n+]1[O-],129.119,4,1,1,1,5,78.99,-0.6722999999999999,1
N=CN1C(=N)OC1=O,113.07599999999998,4,2,1,1,5,77.24000000000001,-0.01955999999999991,0
N=C1NC=C(C=O)OCN1,141.13,3,3,1,1,5,74.21000000000001,-0.8716300000000001,0
Cc1ncnc(=N)n1O,126.11899999999999,5,2,0,1,5,74.79,-0.6967099999999999,0
N=CN1C=NC1C(=O)O,127.10299999999997,3,2,2,1,5,76.75,-0.6519299999999999,1
N=CC1=NC(N)=NC1=O,124.10300000000001,4,2,1,1,5,91.66,-1.0681300000000002,0
CN=C1C=NC(=N)O1,111.10399999999998,3,1,0,1,4,57.8,0.05046999999999996,0
CC1=NN=C1NC=O,111.10399999999998,3,1,1,1,4,53.82,-0.4796,0
CC(CO)C1=NOC1=O,129.115,4,1,2,1,4,58.89000000000001,-0.4724000000000001,1
Nc1ncc(C=O)n1N,126.119,5,2,1,1,5,86.92999999999999,-1.0084000000000004,0
N=C1OCC=NNC1=O,127.103,4,2,0,1,5,74.53999999999999,-0.9041300000000003,0
CC(O)c1c[nH]nc1N,127.147,3,3,1,1,4,74.92999999999999,0.04520000000000007,1
N=C1N=CN=C1NC=O,124.10299999999998,3,2,1,1,5,77.67,-0.8499300000000003,0
O=CC1NC(=O)NC1=O,128.087,3,2,1,1,5,75.27000000000001,-1.6067,1
N=c1ncc(=O)on1N,128.091,6,2,0,1,6,97.89999999999999,-1.9704299999999995,0
Nc1cncc(C=O)n1,123.11499999999998,4,1,1,1,4,68.87,-0.12869999999999998,0
CC(=O)c1[nH]nnc1N,126.11900000000001,4,2,1,1,5,84.66,-0.41050000000000003,0
NC1=NC(=O)OCCO1,130.10299999999998,4,1,0,1,5,73.91,-0.5321,0
N#CCc1nonc1N,124.10300000000001,5,1,1,1,5,88.73,-0.28212000000000004,0
N#CCc1noc(N)n1,124.10300000000001,5,1,1,1,5,88.73,-0.28212000000000004,0
CN=C1NN=NC1=NC=O,139.118,3,1,1,1,6,78.53999999999999,-0.4600000000000002,0
Nc1cnc(=O)oc1N,127.103,5,2,0,1,5,95.14,-0.8008,0
N=C1NC(=O)C(=N)CO1,127.103,4,3,0,1,5,86.03000000000002,-0.9126600000000002,0
COc1cnnc(N)n1,126.11900000000001,5,1,1,1,5,73.92,-0.5376000000000003,0
C#CC(=O)n1o[nH]c1=O,126.07099999999998,4,1,0,1,5,68.0,-0.9572,0
N=C1CN=COC(=N)N1,126.11899999999999,4,3,0,1,5,81.32,-0.45346000000000014,0
N=COC1CC(=O)CN1,128.131,4,2,2,1,4,62.18,-0.5014300000000003,1
O=C1CNNC(=O)OC=N1,143.102,4,2,0,1,6,79.79,-1.2143,0
CNc1nc(C=O)n[nH]1,126.11899999999999,4,2,2,1,5,70.67,-0.3411000000000001,0
CC1=NC(=O)C(N)=N1,111.104,3,1,0,1,4,67.81,-0.6978,0
N=CN1C=NC(=O)OC1,127.10299999999998,3,1,1,1,5,65.75,0.031470000000000053,0
COC1=NC(=N)C(=N)O1,127.103,4,2,0,1,5,78.52,-0.02646000000000004,0
N=C1NCOC(=O)CO1,130.103,4,2,0,1,5,71.41,-0.9583300000000001,0
N=CN1COC1=NCO,129.119,4,2,2,1,5,68.91000000000001,-0.8110300000000004,0
N=C1OCOC(=O)C1=N,128.087,5,2,0,1,5,83.23,-0.48566000000000015,0
NC(=O)C1=CC(O)=N1,112.08799999999998,2,2,1,1,4,75.68,-0.6743000000000001,0
N=C1C=NNC1=NC=O,124.10299999999998,3,2,1,1,5,77.67,-0.8499300000000001,0
CNC(=N)N1COC1=O,129.119,3,2,0,1,5,65.42000000000002,-0.4497300000000002,0
COC1=NOC(=N)C1=N,127.103,5,2,0,1,5,78.52000000000001,-0.02646000000000004,0
N=CN1C=COC(=N)O1,127.10299999999998,4,2,1,1,5,69.4,0.26324000000000003,0
N=C1NC(=N)C(=O)CO1,127.103,4,3,0,1,5,86.03000000000002,-0.91266,0
NC(C=O)C1=NC(=O)O1,128.087,4,1,2,1,5,81.75000000000001,-0.9387000000000001,1
CC(=NO)c1nnc[nH]1,126.119,4,2,1,1,5,74.16,0.0029000000000000137,0
Cc1oncc1C(=N)O,126.11499999999998,3,2,1,1,4,70.11,0.86639,0
N=CN1COC=NC1=O,127.10299999999998,3,1,1,1,5,65.75,0.03146999999999994,0
CC1(NC=O)CNC1=O,128.131,2,2,2,1,4,58.2,-1.3791,1
N=C1OC=NCN1CC=O,141.13,4,1,2,1,5,65.75,-0.56193,0
N=C1NC(=O)C(=N)O1,113.076,4,3,0,1,5,86.03000000000002,-0.9551600000000002,0
N=C1COC(=O)NCO1,130.103,4,2,0,1,5,71.41,-0.3224300000000002,0
N=C1N=C(C(=N)O)O1,113.07599999999998,3,3,1,1,5,89.52000000000001,-0.11485999999999996,0
N=C1N=CNCC1=O,111.10399999999998,3,2,0,1,4,65.31,-0.8357300000000001,0
C#Cc1nnc(O)n1N,124.103,5,2,0,1,5,76.96000000000001,-1.3212000000000002,0
N=Cc1nc(N)oc1O,127.103,5,3,1,1,5,96.13000000000001,-0.03993000000000002,0
N=C1OC(=O)OC1N,116.076,5,2,0,1,5,85.39999999999999,-0.5847300000000002,1
N=C1N=C(N)C=C1N,110.12,3,3,0,1,4,88.25,-0.8229299999999997,0
N=c1cnn([O-])c(N)c1,125.11099999999999,5,2,0,1,5,90.75,-0.7093300000000002,0
Cc1n[nH]c(=O)n1C=N,126.11899999999999,4,2,1,1,5,74.53,-0.6650100000000001,0
NC1=NC(=O)C(C=O)=N1,125.08699999999997,4,1,1,1,5,84.88,-1.5188,0
N=C1COC(=O)NC1=N,127.103,4,3,0,1,5,86.03,-0.27676000000000023,0
CC(C#N)n1nco1,111.10399999999998,4,0,1,1,4,54.75,0.56068,1
NC1=C(CO)C(=O)N=C1,126.11499999999998,3,2,1,1,4,75.68,-1.1975000000000002,0
N=C1OCC(=O)OC1=N,128.087,5,2,0,1,5,83.22999999999999,-0.48566000000000015,0
COC1=NC(=O)N=C1N,127.10300000000001,3,1,0,1,5,77.03999999999999,-0.47789999999999994,0
CC(O)c1noc(N)n1,129.119,5,2,1,1,5,85.17,-0.2949000000000001,1
CN=C1ON=NC1=O,113.076,4,0,0,1,5,63.38,-0.061299999999999966,0
N=C(N)C1=NC(CO)=N1,126.119,4,3,2,1,5,94.82000000000001,-1.2747300000000001,0
N=C1N=NC=C(N)C1=O,124.103,4,2,0,1,5,91.66,-0.2013299999999999,0
N=C1OCC(N)C1=O,114.104,4,2,0,1,4,76.16999999999999,-1.10973,1
NC(=O)CN1NC1=C=O,127.10299999999998,4,2,2,1,5,85.11000000000001,-2.0351,0
N=CN1CC(=O)N1C=O,127.10299999999998,3,1,2,1,5,64.47,-1.19093,0
NC1=C(CO)C(=O)N=N1,127.103,4,2,1,1,5,88.04,-0.8586000000000003,0
N=C(O)C1=NC=NC1=O,125.08699999999999,3,2,1,1,5,85.87,-0.4688300000000001,0
N=c1[nH]cc(O)c(=O)[nH]1,127.103,3,4,0,1,5,92.72999999999999,-1.11193,0
CC1(O)NC(=O)CNC1=O,144.13,3,3,0,1,5,78.43,-2.0591,1
N=C1C(N)=NN=C1C=O,124.10299999999998,5,2,1,1,5,91.66,-1.0681300000000002,0
N=C(O)C1C=NN=C1N,126.11900000000001,4,3,1,1,5,94.82,-0.50553,1
N=C1OC(=O)C(=O)O1,115.04399999999998,5,1,0,1,5,76.45,-0.9788300000000001,0
NC(=O)C1=NC(N)=N1,112.09200000000001,4,2,1,1,5,93.83,-1.8014999999999999,0
N=COC1COC(=N)CO1,144.13,5,2,2,1,5,75.39,-0.03975999999999996,1
N=CN1CC(=N)N1C=O,126.11899999999999,3,2,2,1,5,71.25,-0.7402600000000001,0
CC(=O)C1=NC(=N)O1,112.088,3,1,1,1,4,62.510000000000005,-0.06112999999999996,0
N=c1ncoc(=N)o1,113.076,5,2,0,1,5,86.87,-0.77346,0
N=CN=C1N=C(O)O1,113.07599999999998,2,2,1,1,5,78.03,-0.10633000000000009,0
COc1nc(C=O)n[nH]1,127.103,4,1,2,1,5,67.87,-0.37420000000000025,0
CC(=O)C1=NC(=O)N1,112.088,2,1,1,1,4,58.53,-0.3028999999999999,0
N=c1nccc(O)n1O,127.10299999999998,5,3,0,1,5,82.13,-0.6945300000000003,0
O=CN1CC(=O)NCO1,130.103,3,1,1,1,5,58.64,-1.5363000000000004,0
N=C1N=COC(C=O)O1,128.087,4,1,1,1,5,71.74,-0.4787300000000001,1
Cc1n[nH]c(=O)n1CO,129.119,4,2,1,1,5,70.91,-1.1703800000000004,0
N=COC1=NCNC1=O,127.103,4,2,1,1,5,74.53999999999999,-0.9041300000000003,0
NC1COC(=O)NC1=O,130.10299999999998,4,2,0,1,5,81.41999999999999,-1.4199000000000004,1
CN=C1C=NC(N)=[N+]1[O-],126.119,4,1,0,1,5,76.80999999999999,-1.0758999999999999,0
N=C1COC(=N)OCO1,130.103,5,2,0,1,5,75.39,-0.08066000000000012,0
NC1=NC(C=O)=NC1=O,125.08699999999997,4,1,1,1,5,84.88,-1.5188,0
CNC(=O)c1ncon1,127.103,4,1,1,1,5,68.02000000000001,-0.5708000000000002,0
N=CC1=NC=NC1=O,109.088,3,1,1,1,4,65.64,-0.35453,0
N=COC1CNC(=N)O1,129.119,4,3,2,1,5,78.19000000000001,-0.5092600000000003,1
N=C1OC(=O)C(=O)O1,115.04399999999998,5,1,0,1,5,76.45,-0.9788300000000001,0
CC1=NC(=O)C(=O)N1O,128.087,3,1,0,1,5,69.97,-0.8371999999999999,0
N=C1CC(=O)NCN1,113.11999999999999,2,3,0,1,4,64.98,-0.9693300000000002,0
N=CNc1c[nH]c(=O)o1,127.10299999999998,3,3,2,1,5,81.88000000000001,-0.013130000000000197,0
N=C1CN=NC(O)CO1,129.11899999999997,5,2,0,1,5,78.03,-0.23552999999999996,1
Nc1cc(OC=O)n[nH]1,127.103,4,2,2,1,5,81.0,-0.47290000000000026,0
N=c1occ(O)oc1=O,129.071,5,2,0,1,5,87.43,-0.58213,0
O=C1CC(=NO)OC=N1,128.087,4,1,0,1,5,71.25,-0.2507000000000001,0
CC1=NC(=N)N=C1O,111.10399999999998,1,2,0,1,4,68.8,0.3521700000000001,0
N=C(CO)N1C=NC1=N,126.119,3,3,1,1,5,83.53,-0.76536,0
NC1=NC(=O)C(=CO)N=C1,139.11399999999998,4,2,0,1,5,88.03999999999999,-0.6459999999999999,0
N=C1OC=NCOC1=N,127.103,5,2,0,1,5,78.52000000000001,-0.026460000000000095,0
N=C1OC(=O)OCC1=O,129.071,5,1,0,1,5,76.44999999999999,-0.30043,0
CN=C(O)C1=CC(=O)O1,127.09899999999998,3,1,1,1,4,58.89,0.013400000000000023,0
COC1=NC(=N)NC1=O,127.103,3,2,0,1,5,74.53999999999999,-0.9041300000000003,0
N=C1COC(=N)C(=O)O1,128.087,5,2,0,1,5,83.23,-0.48566000000000015,0
Cc1nnc(O)n1C=O,127.10299999999998,5,1,1,1,5,68.01,-0.6695800000000001,0
Cn1cc(NC=N)nn1,125.135,4,2,2,1,5,66.59,-0.1659300000000003,0
NC(=O)NC1=NC=C1N,126.119,3,3,0,1,5,93.5,-1.1331,0
CC1=C(N)C(=N)N=N1,110.12,3,2,0,1,4,74.59,0.6196700000000002,0
COC(=O)c1cn[nH]n1,127.10300000000001,4,1,1,1,5,67.87,-0.40870000000000023,0
N=CC(=O)OC1=NCN1,127.10300000000001,5,2,1,1,5,74.54,-0.9041300000000001,0
COC1=NN=C1NC#N,124.103,5,1,0,1,5,69.77000000000001,-0.5709200000000001,0
COc1nnoc1C#N,125.08699999999999,5,0,1,1,5,71.94,-0.05012000000000011,0
N=C1OCOC(=O)CO1,131.087,5,1,0,1,5,68.61,-0.5313300000000001,0
N=C1N=C(C(N)C=O)O1,127.10299999999998,4,2,2,1,5,88.53000000000002,-1.12393,1
N=C1N=C(CO)N=C1O,127.10299999999998,3,3,1,1,5,89.03,-0.67543,0
N=C1ONC(=O)C1C=O,128.087,4,2,1,1,5,79.25,-1.1598300000000001,1
NC(=O)c1c[nH]c(=O)o1,128.087,3,2,1,1,5,89.09,-0.9332,0
N=CN1CNC=NC1=N,125.13499999999998,3,3,1,1,5,75.33000000000001,-0.5807600000000002,0
N=c1[nH]cnn1CC=O,126.119,4,2,2,1,5,74.53,-1.11043,0
CN=C1N=NC(=O)O1,113.07599999999998,3,0,0,1,5,63.379999999999995,0.5746,0
NCC1=NN=C1N=O,112.09199999999998,5,1,1,1,5,80.16999999999999,-0.5204,0
CN=C1C=NOC1=N,111.10399999999998,4,1,0,1,4,57.800000000000004,0.05046999999999996,0
CN=C1ON=C1C=O,112.08799999999998,4,0,1,1,4,51.02,-0.4001999999999999,0
N#CC(=O)c1ncn[nH]1,122.087,4,1,1,1,5,82.43,-0.48901999999999995,0
CNC1=NC(N)=NC1=O,126.119,4,2,0,1,5,79.84,-1.5408,0
CC(=N)N1N=C1CO,113.11999999999999,3,2,1,1,4,59.45,-0.39503,0
NC1=CC(=O)N=C1N,111.10400000000001,3,2,0,1,4,81.47,-1.2736000000000003,0
NC(=O)c1nc(N)co1,127.103,4,2,1,1,5,95.14,-0.6443000000000003,0
COc1nn[nH]c1N=O,128.091,5,1,2,1,6,80.23,0.21119999999999978,0
N=C1COC(=N)C1=NO,127.103,5,3,0,1,5,89.52,-0.1561600000000002,0
N=C1N=C(C=O)N=C1N,124.103,4,2,1,1,5,91.66,-1.06813,0
N=C1NCOC(=O)N1,115.092,3,3,0,1,5,74.21,-0.79193,0
Cc1nnoc1CN=N,126.119,5,1,2,1,5,75.13,0.90899,0
CNC1=NC(=O)N=C1O,127.10299999999998,2,2,0,1,5,74.05,-0.3055999999999999,0
N=C1OCNC=C(N)CO1,143.146,5,3,0,1,5,80.36,-0.68483,0
NC1=C(N)C(=O)N=C1,111.10399999999998,3,2,0,1,4,81.47,-1.2736000000000003,0
CNC1=NN=C1C=O,111.10399999999998,4,1,1,1,4,53.82,-0.8272000000000002,0
CCn1c(=N)ooc1=O,130.10299999999998,5,1,1,1,5,72.13,-0.4663300000000001,0
CC1(O)OC(=N)C(=O)O1,131.087,5,2,0,1,5,79.61,-0.7969300000000001,1
N=C1OC(=O)OC1=N,114.05999999999999,5,2,0,1,5,83.22999999999999,0.10774,0
N=C1N=CC(=O)C(=N)N1,124.103,3,3,0,1,5,89.16,-0.8584600000000002,0
NC1=NC(=O)C(N)=N1,112.092,4,2,0,1,5,93.83,-1.8014999999999999,0
N=Cc1cnc(=O)oc1O,140.09799999999998,5,2,1,1,5,87.18,-0.26193,0
Nc1cnc(C=O)n1O,127.10299999999998,5,2,1,1,5,81.14,-0.48490000000000005,0
N=C1CC(=O)NC(=O)O1,128.087,4,2,0,1,5,79.25000000000001,-0.37983000000000006,0
N=C1N=C(CO)N=C1N,126.119,4,3,1,1,5,94.82,-1.2747300000000001,0
N=CC1=NC=NC1=O,109.088,3,1,1,1,4,65.64,-0.35453,0
COC1=NC(N)=NC1=O,127.10300000000001,4,1,0,1,5,77.03999999999999,-1.1138000000000001,0
Nc1oc(O)nc1C=O,128.087,5,2,1,1,5,89.35,-0.2250999999999999,0
N=C1OCC(=O)C(=N)O1,128.087,5,2,0,1,5,83.23,-0.48566000000000015,0
N#CC(O)C1=NOC1=N,125.087,5,2,1,1,5,89.46000000000001,-0.7656500000000002,1
N=C1CN=C(O)NCO1,129.119,4,3,0,1,5,77.7,-0.5450300000000001,0
N=CN1C(=O)OC1=NO,129.075,5,2,1,1,6,85.98,-0.20912999999999998,0
Cc1n[nH]c(=O)c(=O)o1,128.087,4,1,0,1,5,75.96000000000001,-0.96848,0
COC1=NC(=N)N=C1N,126.11900000000001,3,2,0,1,5,83.82,-0.66313,0
ON=C1C=NC=C1O,112.08799999999998,4,2,0,1,4,65.18,0.3004,0
N=C1NC(=O)COCO1,130.103,4,2,0,1,5,71.41000000000001,-0.9583300000000001,0
CC1NC(=O)C(=N)NO1,129.119,3,3,0,1,5,74.21000000000001,-1.0393300000000003,1
C[NH+]c1coc(=N)nn1,126.11900000000001,5,2,1,1,5,78.37,-1.8404299999999996,0
NC1=NC(=O)C(C=O)=N1,125.08699999999997,4,1,1,1,5,84.88,-1.5188,0
N=C1N=C(CN)N1CO,128.13500000000002,3,3,2,1,5,85.7,-1.4562299999999997,0
COC1=NC(=O)N=C1N,127.10300000000001,3,1,0,1,5,77.03999999999999,-0.47789999999999994,0
N=C1NC=CNC(=O)O1,127.103,3,3,0,1,5,74.21000000000001,-0.27823000000000014,0
CC(=O)C1=C(N)N=N1,111.10400000000001,4,1,1,1,4,67.81,0.16900000000000004,0
CC(O)C1=C(CO)N=N1,128.131,4,2,2,1,4,65.18,0.03689999999999993,1
O=CC1COCC(=O)N1,129.115,3,1,1,1,4,55.400000000000006,-1.2996999999999996,1
NC1=NC(=O)C(=O)[NH+]=C1,126.09499999999997,3,2,0,1,5,86.49,-3.4382,0
CC(=O)OC1COC1=N,129.115,4,1,1,1,4,59.38,-0.07442999999999994,1
N=C1OC(=O)OCC1=O,129.071,5,1,0,1,5,76.44999999999999,-0.30043,0
N=C1OCC(=O)C1=NO,128.087,5,2,0,1,5,82.74,-0.60683,0
Nc1cnc(C=O)c(N)n1,138.13,5,2,1,1,5,94.89,-0.5465,0
CN=C(O)C1=NN=C1O,127.103,3,2,1,1,5,77.54,-0.10119999999999985,0
N=CN1COC(=O)C(=N)O1,143.10199999999998,5,2,1,1,6,86.47000000000001,-0.6813600000000004,0
COC1=NN=C(CO)C1=O,142.11399999999998,5,1,1,1,5,71.25,-1.0377000000000003,0
CC(=O)C1=CN=NC1=N,123.115,3,1,1,1,4,65.64,0.9023699999999999,0
N=C(N)C1=NC=NC1=N,123.119,3,3,1,1,5,98.44,-0.6174600000000001,0
N=C1N=C(CO)N=C1N,126.119,4,3,1,1,5,94.82,-1.2747300000000001,0
N=c1ccc(N)nn1C=O,138.13000000000002,5,2,1,1,5,84.75999999999999,-1.0169300000000001,0
N=C1COC(=N)OCN1,129.119,4,3,0,1,5,78.19,-0.5076600000000002,0
CN=CN1C(=O)OC1C=N,141.12999999999997,4,1,2,1,5,65.75,0.07236999999999999,1
NC1=NC(OCC=O)=N1,127.10299999999998,5,1,2,1,5,77.04,-1.1138,0
N=Cn1occ1C(N)=O,127.103,4,2,2,1,5,85.00999999999999,-0.36482999999999993,0
N=C1OC(N)=C1C=O,112.088,4,2,1,1,4,76.16999999999999,-0.6369300000000002,0
N=CN1C(=N)OC1=O,113.07599999999998,4,2,1,1,5,77.24000000000001,-0.01955999999999991,0
CN1CNC(=O)C(=O)O1,130.10299999999998,4,1,0,1,5,58.64,-1.5362999999999996,0
O=Cc1ncoc1O,113.07199999999997,4,1,1,1,4,63.33,0.19269999999999993,0
N=C(N)OC1COC=N1,129.11899999999997,4,2,1,1,5,80.69000000000001,-0.7189300000000001,1
N=CC1OC(=N)OC1=O,128.087,5,2,1,1,5,83.22999999999999,-0.48725999999999997,1
CCc1n[nH]nnc1=N,125.13499999999999,4,2,1,1,5,78.31,-0.7584300000000004,0
N=c1nc(N)nco1,112.092,5,2,0,1,5,88.79,-0.8687300000000002,0
N=C1COC(=N)C(=O)OC1,142.11399999999998,5,2,0,1,5,83.23,-0.4431600000000002,0
NC1=CN=C(N)C1=O,111.104,4,2,0,1,4,81.47,-1.2735999999999998,0
CC(=O)C1=NC(=O)N1,112.088,2,1,1,1,4,58.53,-0.3028999999999999,0
O=C1N=COC(=O)CN1,128.087,3,1,0,1,5,67.75999999999999,-0.7188999999999999,0
N=C1OCC(=O)OC1=N,128.087,5,2,0,1,5,83.22999999999999,-0.48566000000000015,0
O=CNc1n[nH]nc1C=O,140.102,4,2,3,1,6,87.74000000000001,-0.8145000000000002,0
Cc1nnc(=O)[nH]c1O,127.10299999999998,4,2,0,1,5,78.87,-0.8210800000000003,0
CC(=O)C1=NC(=O)N1,112.088,2,1,1,1,4,58.53,-0.3028999999999999,0
N#CCc1n[nH]nnc1=O,137.102,5,1,1,1,6,95.32,-1.37402,0
N=C1NC(=O)CN=CO1,127.103,4,2,0,1,5,74.54,-0.9041300000000001,0
N#CCc1cnnn1N,123.11900000000001,5,1,1,1,5,80.52,-0.9420200000000001,0
N#CCOC1=NC(O)=N1,125.08699999999999,4,1,1,1,5,77.97,-0.18982000000000004,0
CC(O)C1=NC(N)=[N+]1[O-],129.11900000000003,4,2,1,1,5,84.67999999999999,-1.3957000000000002,1
Nc1nc(C=O)oc1N,127.10299999999998,5,2,1,1,5,95.14,-0.3485,0
CC1=NC(=O)N=C1N,111.104,2,1,0,1,4,67.81,-0.061899999999999844,0
CN=C1C=NNC1=N,110.11999999999999,3,2,0,1,4,60.6,-0.3765300000000002,0
N=C1N=CC(NO)CO1,129.119,4,3,1,1,5,77.7,-0.63043,1
COC1=NC(=O)C(N)=N1,127.10300000000001,4,1,0,1,5,77.03999999999999,-1.1138000000000003,0
CC(=O)c1c[nH]nn1,111.104,3,1,1,1,4,58.64,0.007299999999999918,0
N=CN1CNC(=O)C1N,128.13499999999996,3,3,1,1,5,82.21000000000001,-1.732429999999999,1
O=CC1OC=NC1=O,113.07199999999999,3,0,1,1,4,55.73,-0.861,1
Nc1ncn(C=O)c1N,126.11899999999999,5,2,1,1,5,86.92999999999999,-0.9142000000000001,0
NCC1=C(N)N=NC1=O,126.119,4,2,1,1,5,93.83000000000001,-0.8922000000000001,0
N=C1NCC(C(N)=O)O1,129.119,3,3,1,1,5,88.2,-1.60513,1
CNC(=O)C1=NC(N)=N1,126.11900000000001,4,2,1,1,5,79.84,-1.540799999999999,0
N#CC1=NC(O)=NC1=N,122.08699999999999,3,2,0,1,5,92.59,-0.14415,0
N=C1N=COC(=N)CN1,126.119,3,3,0,1,5,81.32,-0.45346000000000014,0
N#CC1(N)OCC(=N)O1,127.10299999999998,5,2,0,1,5,92.12000000000002,-0.85345,1
N=C1C=NC(N)=C1N,110.12000000000002,4,3,0,1,4,88.25,-0.8229300000000002,0
N=c1occ(N)n1C=O,127.10300000000001,5,2,1,1,5,85.00999999999999,-0.8189300000000002,0
COc1cn[nH]c(=N)n1,126.119,4,2,1,1,5,74.65,-0.70723,0
Cc1nc(=N)[nH]n1C=N,125.13499999999999,4,3,1,1,5,81.31,-0.5457400000000003,0
CN1COC(=N)C(O)=N1,129.11899999999997,4,2,0,1,5,68.91,-0.2453300000000001,0
NC(C=O)c1cn[nH]n1,126.119,4,2,2,1,5,84.66000000000001,-0.9966000000000002,1
O=Cc1nc[nH]c(=O)n1,125.08699999999999,4,1,1,1,5,75.71000000000001,-1.0226,0
COC1=NC(=N)C=C1N,125.131,3,2,0,1,4,71.46,-0.13522999999999985,0
N=C(N)OC1C=NC=N1,126.11899999999999,4,2,1,1,5,83.82000000000001,-0.66473,1
COc1cnnc(N)n1,126.11900000000001,5,1,1,1,5,73.92,-0.5376000000000003,0
N=CN1CC(=N)OC1=O,127.10299999999998,4,2,1,1,5,77.24000000000001,0.022940000000000016,0
NC(=O)C1=CN=C1N,111.104,3,2,1,1,4,81.47,-1.2736000000000003,0
CNc1nc(=O)[nH]n1C=N,141.134,5,3,2,1,6,86.56,-0.93173,0
CC(=N)OC1=NN=C1,111.104,4,1,0,1,4,57.8,0.39807000000000003,0
Nc1cc(=O)[nH]nc1N,126.11900000000001,4,3,0,1,5,97.79,-1.0657000000000003,0
N=C1NC(=O)NC1=O,113.076,3,3,0,1,5,82.05000000000001,-1.19693,0
Nc1cn(C=O)c(N)n1,126.119,5,2,1,1,5,86.92999999999999,-0.9142000000000001,0
N=C1COCOC(=N)O1,130.103,5,2,0,1,5,75.39,-0.0806599999999999,0
COc1n[nH]nc1C=N,126.11899999999999,4,2,2,1,5,74.65,-0.1890300000000002,0
CN=C1OC=NC1=N,111.104,3,1,0,1,4,57.800000000000004,0.05046999999999996,0
CC(=O)C1=NC(N)=N1,111.10400000000001,4,1,1,1,4,67.81,-0.6978,0
Nc1nc(C=O)cn1N,126.11899999999999,5,2,1,1,5,86.92999999999999,-1.0084,0
N=c1cn[nH]c(=O)n1N,127.107,5,3,0,1,6,100.55,-2.2353299999999994,0
N=CN=C1N=CN=C1N,123.119,3,2,1,1,5,86.95,-0.60893,0
N=C1NCOC(=N)C1C=O,141.13,4,3,1,1,5,86.03,-0.66666,1
N=C(OC=O)C1(N)CO1,130.103,5,2,2,1,5,88.7,-1.1781300000000001,1
N=CN1CC(=O)NC1=O,127.10299999999998,3,2,1,1,5,73.26,-0.85473,0
N#CC(=N)NN1COC1,126.119,4,2,1,1,5,72.14,-0.7609500000000002,0
CC(=O)C1=NC(=O)C=N1,124.09899999999999,3,0,1,1,4,58.86,-0.4151,0
NC(=O)C1=NC=NC1=O,125.08699999999999,3,1,1,1,5,84.88,-1.5188,0
Nc1cnc(N)[n+]([O-])c1,126.119,4,2,0,1,5,91.86999999999999,-1.1206,0
N=c1[nH]ncnc1C=O,124.10299999999998,4,2,1,1,5,82.49000000000001,-0.9033300000000004,0
Cn1cnc(=O)c(N)n1,126.119,5,1,0,1,5,73.8,-1.2425000000000004,0
NCC1=CC(O)=NC1=O,126.11499999999998,2,2,1,1,4,75.68,-0.6317999999999999,0
N=c1[nH]cnnc1C=O,124.103,4,2,1,1,5,82.49000000000001,-0.90333,0
N=C1N=CC(O)=C1N,111.104,3,3,0,1,4,82.46,-0.22362999999999988,0
N=C1ON=C(CO)C1=O,128.087,5,2,1,1,5,82.74000000000001,-1.0887300000000002,0
O=Cc1nn[nH]c1CO,127.10299999999998,4,2,2,1,5,78.87,-0.8905000000000001,0
N=c1oc(=O)n(C=O)o1,130.059,6,1,1,1,6,89.2,-1.4479300000000002,0
Cc1cn(N)nc1C=N,124.147,4,2,1,1,4,67.69,-0.09701000000000015,0
CC(=O)c1c[nH]n[n+]1[O-],127.103,3,1,1,1,5,72.69,-0.7543,0
N=CN1NCOC1=O,115.09199999999998,4,2,1,1,5,65.42000000000002,-0.49222999999999995,0
N=C1COC=NC(=N)N1,126.119,3,3,0,1,5,81.32,-0.45346000000000014,0
CC(=O)C1=NNC1=N,111.104,3,2,1,1,4,65.31,-0.4881300000000001,0
O=Cc1n[nH]nc1CO,127.10299999999998,4,2,2,1,5,78.87,-0.8905000000000001,0
C#Cc1nonc1N,109.08800000000001,4,1,0,1,4,64.94,-0.36689999999999995,0
N=C1N=CC(C=O)=N1,109.088,2,1,1,1,4,65.64,-0.35453,0
NC(=O)C1=CN=C1N,111.104,3,2,1,1,4,81.47,-1.2736000000000003,0
N=C1NC(=O)OC1=N,113.076,4,3,0,1,5,86.03,-0.3192599999999998,0
Cc1n[nH]c(N)nc1=O,126.119,4,2,0,1,5,84.66,-0.94448,0
N=C1NCOC(=O)CO1,130.103,4,2,0,1,5,71.41,-0.9583300000000001,0
O=Cc1n[nH]c(CO)n1,127.10299999999998,4,2,2,1,5,78.87,-0.8905000000000001,0
N=C1NC(CO)=NC1=O,127.103,3,3,1,1,5,85.53999999999999,-1.51573,0
CC(=O)n1cnc(N)n1,126.11900000000001,5,1,0,1,5,73.8,-0.47959999999999997,0
NC1=NN=C(C=O)C1=O,125.08699999999997,5,1,1,1,5,84.88,-1.5188,0
N=C(N)OC1COC=N1,129.11899999999997,4,2,1,1,5,80.69000000000001,-0.7189300000000001,1
C#CC1NCOC(=N)N1,125.131,3,3,0,1,4,57.14,-0.9526300000000001,1
NC1=C(N)C(=O)N=C1,111.10399999999998,3,2,0,1,4,81.47,-1.2736000000000003,0
Cn1nc(CO)nc1N,128.135,5,2,1,1,5,76.96,-1.1104,0
N=CN1CC(C(=O)O)CO1,144.12999999999997,3,2,2,1,5,73.62,-0.4585300000000001,1
N=C1OCC(=O)C(=O)O1,129.071,5,1,0,1,5,76.45,-0.9363300000000001,0
NC1=NC(CO)=NC1=O,127.10299999999998,4,2,1,1,5,88.03999999999999,-1.7254,0
NC(=O)c1ncc(N)o1,127.103,4,2,1,1,5,95.14,-0.6443000000000003,0
N=C1OCCOC(=N)O1,130.103,5,2,0,1,5,75.39,-0.0806599999999999,0
N=CN1OC(=O)C1=O,114.05999999999999,4,1,1,1,5,70.46000000000001,-1.10613,0
NC1=CN=NC1=NC=O,124.103,3,1,1,1,5,80.16999999999999,-0.19280000000000003,0
N=C1ON=C(CO)C1=O,128.087,5,2,1,1,5,82.74000000000001,-1.0887300000000002,0
CN=C1ON=C1CO,114.10399999999998,4,1,1,1,4,54.18000000000001,-0.6068,0
CN=C1OC(=N)C(=O)O1,128.087,5,1,0,1,5,71.74,-0.47713,0
Cn1ncc(NC=O)n1,126.119,4,1,2,1,5,59.81,-0.6166000000000003,0
Cc1nnc(N)n1C=O,126.119,5,1,1,1,5,73.8,-0.7929800000000002,0
O=Cc1ncc(=O)[nH]n1,125.08699999999999,4,1,1,1,5,75.71000000000001,-1.0226000000000002,0
NC1=NN=CC1=NCO,126.11899999999999,5,2,1,1,5,83.33,-1.2662000000000002,0
CN=C1N=NC(N)=N1,111.108,3,1,0,1,5,75.46,-0.24729999999999996,0
N=C1N=CN=C1C(N)=O,124.103,3,2,1,1,5,91.66,-1.0681300000000002,0
O=C1CNC(=O)C(=O)O1,129.071,4,1,0,1,5,72.47,-1.814,0
Cc1noc(=O)c(=N)o1,128.087,5,1,0,1,5,80.09,-0.5843099999999999,0
O=CNc1oncc1C=O,140.09799999999998,4,1,3,1,5,72.2,0.05539999999999995,0
N=c1onc(C=O)o1,114.05999999999997,5,1,1,1,5,80.09,-0.4404299999999999,0
O=CC(=O)C1NC1=NO,128.087,4,2,2,1,5,88.67,-1.4861000000000006,1
N=CC1=NCNC(=O)O1,127.103,4,2,1,1,5,74.54,-0.26823000000000013,0
Cn1cnc(=N)n1CO,128.135,5,2,1,1,5,66.83,-1.3491300000000002,0
N=Cc1coc(=N)cn1,123.115,4,2,1,1,4,73.73,0.1517400000000001,0
N=CC1=NN=C(N)C1=O,124.103,5,2,1,1,5,91.66,-1.06813,0
N=Cc1cnnc(=N)[nH]1,123.119,4,3,1,1,5,89.27000000000001,-0.7181600000000001,0
NC1=C(N)C(=O)C=N1,111.10399999999998,4,2,0,1,4,81.47,-1.2736000000000003,0
N=C1N=C(CO)N=C1CO,141.13,4,3,2,1,5,89.03,-1.19863,0
NC1=NC(=O)C=C1CO,126.11499999999997,3,2,1,1,4,75.67999999999999,-1.1975,0
CC1=NC(CO)=NC1=N,125.13099999999999,3,2,1,1,4,68.80000000000001,-0.17103000000000002,0
N=CC1NC(=O)C(=O)O1,128.087,4,2,1,1,5,79.25000000000001,-1.3649300000000002,1
N=C1C=C(N)C(F)=N1,113.09500000000001,2,2,0,1,4,62.230000000000004,0.18787000000000004,0
CNC(=O)C1=NN=C1,111.104,3,1,1,1,4,53.82,-0.8272000000000002,0
CNC1=NC(=O)OC1=O,128.087,4,1,0,1,5,67.75999999999999,-0.7189000000000001,0
O=CCNC1=NNC1=O,127.103,4,2,2,1,5,70.56,-1.7817999999999996,0
N#CC(N)C1=NOC1=O,125.08699999999999,5,1,1,1,5,88.47,-1.2499200000000001,1
N=CN=C1NCC(=O)CO1,141.13,3,2,1,1,5,74.54,-0.8616300000000001,0
C#CC1OC(=O)N=C1O,125.08299999999998,2,1,0,1,4,58.89,0.09490000000000004,1
CC1=NC(=N)C(=O)O1,112.08799999999998,3,1,0,1,4,62.510000000000005,-0.06113000000000007,0
N=C1NC=COC(=N)O1,127.103,4,3,0,1,5,78.19000000000001,-0.03646000000000005,0
COc1nc(=N)nco1,127.103,5,1,1,1,5,72.0,-0.4423300000000001,0
N=Cn1nccnc1=N,123.11899999999999,5,2,1,1,5,78.41,-0.7872600000000001,0
NC1=CC(=O)N=C1N,111.10400000000001,3,2,0,1,4,81.47,-1.2736000000000003,0
N=C1NC(=N)OC(=O)CO1,143.102,5,3,0,1,6,95.26,-0.98106,0
Cc1nc(N)oc(=N)n1,126.119,5,2,0,1,5,88.79,-0.5603100000000001,0
CNC1=NC(=N)N=C1,110.11999999999999,2,2,0,1,4,60.6,-0.3765300000000002,0
N=C1NCCNC(=O)CO1,143.14600000000002,3,3,0,1,5,74.21000000000001,-1.3428299999999993,0
CC(=O)c1nonc1N,127.10300000000001,5,1,1,1,5,82.01,-0.14559999999999995,0
NCC1=NN=C1CO,113.11999999999998,4,2,2,1,4,70.97,-1.2520000000000002,0
COc1cnc(=O)[nH]n1,127.103,4,1,1,1,5,67.87,-0.8265000000000002,0
N=C1OC=C(N)C1=O,112.08800000000001,4,2,0,1,4,76.16999999999999,-0.6369300000000002,0
N=CC1(N)COC(=O)N1,129.119,4,3,1,1,5,88.20000000000002,-0.9692300000000003,1
NCC1=NN=C1C=O,111.10399999999997,4,1,2,1,4,67.81,-1.0454,0
CN=C1N=NC(CO)=N1,126.11899999999999,3,1,1,1,5,69.67,-0.17119999999999996,0
N=CN1CC(=O)OC=N1,127.10299999999998,4,1,1,1,5,65.75,-0.60443,0
Nc1nc(C=O)c(C=O)o1,140.09799999999996,5,1,2,1,5,86.19,-0.1181999999999998,0
N=COC1=NN=CC1=N,124.103,5,2,1,1,5,81.65,0.027739999999999987,0
N=C1N=C(N)N=C1CO,126.119,4,3,1,1,5,94.82000000000001,-1.27473,0
NC(=O)n1ccc(N)n1,126.119,4,2,0,1,5,86.93,-0.6079000000000001,0
NCC1=NC(=O)OC1=O,128.087,4,1,1,1,5,81.75,-0.9371,0
Cn1nc(N)c(N)n1,113.12400000000002,5,2,0,1,5,82.75,-1.0204999999999995,0
N=Cc1conc1N,111.10400000000001,4,2,1,1,4,75.9,0.25447000000000014,0
NC1=C(C=O)C(O)=N1,112.088,3,2,1,1,4,75.68,-0.6743000000000001,0
N=C1OC(=O)NC1C=O,128.087,4,2,1,1,5,79.25,-0.7290300000000003,1
NC(=O)C1=NC(O)=N1,113.076,3,2,1,1,5,88.04,-1.2022000000000002,0
Cn1c(N)cnnc1=N,125.13499999999999,5,2,0,1,5,80.58000000000001,-1.12323,0
Nc1cn(C=O)nn1,112.092,5,1,1,1,5,73.8,-1.1014000000000002,0
N=Cc1cnc(O)n1N,126.119,5,3,1,1,5,87.92,-0.6998300000000002,0
O=Cc1oc(O)nc1O,129.071,5,2,1,1,5,83.56,-0.10170000000000012,0
N#CCC1=NC(=O)N=N1,122.087,3,0,1,1,5,77.94,0.88438,0
CC(=O)c1ncnn1O,127.103,5,1,1,1,5,68.01,-0.2820000000000001,0
CN=C1COCC(=N)O1,128.131,4,1,0,1,4,54.67,0.03877000000000025,0
N=C1OC(=O)OC1=NO,130.059,6,2,0,1,6,91.97,-0.08182999999999996,0
N#Cc1ncnc(=N)o1,122.08699999999999,5,1,0,1,5,86.56,-0.57925,0
N=C1N=C(CO)OC1=N,127.10299999999998,4,3,1,1,5,89.52000000000001,-0.6380600000000003,0
COC1=NC(=O)N=C1N,127.10300000000001,3,1,0,1,5,77.03999999999999,-0.47789999999999994,0
N=C1COC(=N)NCO1,129.119,4,3,0,1,5,78.19,-0.5076600000000002,0
NC1=CC(=O)C(=O)N1,112.088,3,2,0,1,4,72.19,-1.5146,0
NC1(C=O)OCC(=O)O1,131.087,5,1,1,1,5,78.62000000000002,-1.6288000000000002,1
Nc1c(O)noc1C=O,128.087,5,2,1,1,5,89.35,-0.22510000000000002,0
N=C1N=C(CO)N=C1O,127.10299999999998,3,3,1,1,5,89.03,-0.67543,0
CN=C1N=C(N)C(O)=N1,126.119,2,2,0,1,5,83.33,-0.7004999999999999,0
N=C1C=C(N)N=C1N,110.12000000000002,4,3,0,1,4,88.25,-0.8229300000000002,0
N=CC1NOC(=O)C1=O,128.087,5,2,1,1,5,79.25,-1.3649300000000002,1
N=C1COC(=O)NC(=N)O1,143.102,5,3,0,1,6,95.26,-0.3451600000000003,0
NC(=O)C1=CC(N)=N1,111.104,3,2,1,1,4,81.47,-1.2735999999999998,0
CC(O)C1=NC(=N)O1,114.104,3,2,1,1,4,65.67,-0.26933000000000007,1
N#Cc1nocnc1=O,123.07099999999998,5,0,0,1,5,79.78,-0.6985200000000001,0
COC1=NNC(=N)C1=O,127.10299999999998,4,2,0,1,5,74.53999999999999,-0.9041300000000003,0
Cc1nnnc(C=N)n1,123.11899999999999,5,1,1,1,5,75.41,-0.42731,0
N=C(OCO)C1(N)CO1,132.119,5,3,2,1,5,91.86,-1.3847300000000002,1
N#CC(=O)N1N=CC1=N,122.08699999999999,4,1,0,1,5,80.31,-0.68475,0
Cc1n[nH]c(=N)n1C=O,126.11899999999999,4,2,1,1,5,74.53,-0.9626100000000002,0
N#Cc1nonc1C=O,123.07099999999998,5,0,1,1,5,79.78,-0.24622,0
NC1=NC(=O)C(C=O)=N1,125.08699999999997,4,1,1,1,5,84.88,-1.5188,0
N=c1oncc(=O)n1O,129.075,6,2,0,1,6,92.11,-1.4469300000000003,0
CN=C1N=NC(O)=N1,112.09199999999998,2,1,0,1,5,69.67,0.35200000000000004,0
Cc1c(O)noc1N,114.10400000000001,4,2,0,1,4,72.28,0.27082,0
N#COC1=NN=CC1=N,122.087,5,1,0,1,5,81.59,-0.09825,0
N=c1[nH]c(=O)oc(=O)[nH]1,129.075,4,3,0,1,6,102.70999999999998,-1.8643300000000003,0
N=NC(=O)C1NCO1,115.092,4,2,1,1,5,74.54,-0.5526300000000002,1
CN=NC1OCOC1=O,130.103,5,0,1,1,5,60.25000000000001,-0.0746,1
N=C1OCOCC(=O)O1,131.087,5,1,0,1,5,68.61,-0.5313300000000001,0
CN=C1OC(=N)N=C1O,127.103,3,2,0,1,5,78.03,-0.06383000000000005,0
CC(O)C1=NNC1=N,113.12,3,3,1,1,4,68.47,-0.6963300000000001,1
O=c1oncn1CO,116.076,5,1,1,1,5,68.26,-1.2139,0
CC(N)(C#N)C1=NO1,111.104,4,1,1,1,4,74.7,-0.4289199999999999,1
CNC(=O)C1=NN=C1CN,140.146,4,2,2,1,5,79.84,-1.4982999999999997,0
C#Cc1c(O)ncn1N,123.115,4,2,0,1,4,64.07000000000001,-0.7162000000000002,0
Nc1cnc(N)n1C=O,126.119,5,2,1,1,5,86.92999999999998,-0.9142000000000001,0
COC1=NC(CO)=C1O,129.115,4,2,1,1,4,62.05,-0.19320000000000004,0
CN=C1OC(=O)N=C1O,128.087,3,1,0,1,5,71.25,0.12140000000000001,0
N=C1OCC(=O)C(=N)O1,128.087,5,2,0,1,5,83.23,-0.48566000000000015,0
C#CCc1noc(=O)[nH]1,124.09899999999999,3,1,1,1,4,58.89,-0.4614,0
N=C1OCN1CC(N)=O,129.119,3,2,2,1,5,79.41,-1.3038300000000003,0
Cc1nc(=N)on1C=O,127.10299999999998,5,1,1,1,5,71.88,-0.69771,0
Nc1c(CO)cnn1N,128.135,5,3,1,1,5,90.08999999999999,-1.3286,0
N=c1cnc(CO)no1,127.103,5,2,1,1,5,83.0,-0.9586300000000003,0
O=C1CNC(=O)OCO1,131.087,4,1,0,1,5,64.63000000000001,-0.7730999999999999,0
Cc1nnc(NC=O)o1,127.10299999999998,4,1,2,1,5,68.02000000000001,-0.053680000000000117,0
O=c1ncc(CO)n[nH]1,127.103,4,2,1,1,5,78.87,-1.3428000000000002,0
NC1N=C(C=O)C1=O,112.08799999999998,4,1,1,1,4,72.52,-1.5062000000000002,1
Nc1cc(=O)n(C=O)cn1,139.11399999999998,5,1,1,1,5,77.98,-1.1362000000000003,0
Nc1cc(CCO)nnn1,140.14600000000002,5,2,2,1,5,84.92,-1.0114000000000003,0
CC1=NOC(NC=O)=NO1,143.102,5,1,1,1,6,72.28,-0.6164000000000001,0
N=C1C=NC(N)=C1OC=O,139.114,5,2,2,1,5,88.53,-0.6086300000000002,0
N=c1ncc(C=O)n[nH]1,124.103,4,2,1,1,5,82.49000000000001,-0.9033300000000002,0
N#Cn1oc(CO)nc1=O,141.08599999999998,6,1,1,1,6,92.05000000000001,-1.34222,0
NC(=O)OC1N=C1F,118.06700000000001,3,1,1,1,5,64.68,-0.21059999999999984,1
NCC1=NC(=O)N=C1N,126.119,3,2,1,1,5,93.83,-1.1231,0
NC(=O)c1cncn1N,126.119,4,2,1,1,5,86.93,-1.3042000000000002,0
N=C1NC(=O)OCO1,116.076,4,2,0,1,5,71.41000000000001,-0.36493,0
N=C1OCC(=O)OC1=N,128.087,5,2,0,1,5,83.22999999999999,-0.48566000000000015,0
C#CCn1nc(N)c(=O)o1,139.114,5,1,1,1,5,74.05000000000001,-0.9482999999999999,0
CC(O)C1=NN=C1CO,128.131,4,2,2,1,4,65.18,-0.8299000000000003,1
N#Cc1ncoc(=N)n1,122.08699999999999,5,1,0,1,5,86.56,-0.57925,0
CC1(C(=O)O)OC1=O,116.07199999999999,3,1,1,1,4,66.9,-0.6134999999999999,1
O=c1nccc([O-])n1O,127.07899999999998,5,1,0,1,5,78.17999999999999,-1.4458000000000002,0
CC(=O)C1=NNC1=N,111.104,3,2,1,1,4,65.31,-0.4881300000000001,0
N=CC1=NC(=O)C(N)=N1,124.10300000000001,4,2,1,1,5,91.66,-1.06813,0
CC(=O)c1nnc[nH]1,111.104,3,1,1,1,4,58.64,0.007299999999999918,0
N=C1N=C(O)C(CN)=N1,126.119,2,3,1,1,5,94.82,-0.70903,0
N=C1OCC(=O)NC1=O,128.087,4,2,0,1,5,79.25,-1.36333,0
Nc1ncc(C=O)nn1,124.103,5,1,1,1,5,81.76,-0.7337000000000002,0
COc1conc1N,114.10400000000001,4,1,1,1,4,61.28,0.26539999999999997,0
N=C1OC=C(N)OCO1,130.103,5,2,0,1,5,77.56,-0.3003300000000002,0
CC(=O)n1ncc(=N)[nH]1,126.11899999999999,4,2,0,1,5,74.53,-0.6492300000000002,0
NC1=C(O)C(=O)C=N1,112.088,4,2,0,1,4,75.68,-0.6742999999999999,0
CN=c1[nH]c(C=O)no1,127.10299999999998,4,1,1,1,5,71.25,-0.6543000000000003,0
N=C1COC(=N)NCO1,129.119,4,3,0,1,5,78.19,-0.5076600000000002,0
NC1=NC(=O)C(C=O)=N1,125.08699999999997,4,1,1,1,5,84.88,-1.5188,0
CC(=NCO)C1=NN=N1,126.119,5,1,2,1,5,69.67,0.17639999999999995,0
CN=C1C=NNC1=N,110.11999999999999,3,2,0,1,4,60.6,-0.3765300000000002,0
N=C(N)N1CC(F)CO1,133.126,2,2,0,1,5,62.34,-0.5348300000000001,1
N=C1COC(=O)OC=N1,128.087,4,1,0,1,5,71.74,0.1587699999999999,0
N=CN1COC(=O)C(=N)O1,143.10199999999998,5,2,1,1,6,86.47000000000001,-0.6813600000000004,0
CN=C1C=NN=C1N,110.12,4,1,0,1,4,63.099999999999994,-0.5862,0
N=C1N=C(N)N=C1C=O,124.103,4,2,1,1,5,91.66,-1.06813,0
CC(=O)CC1=NC(=N)O1,126.115,3,1,2,1,4,62.510000000000005,0.32897000000000004,0
N=C1OCC(=O)OC1=N,128.087,5,2,0,1,5,83.22999999999999,-0.48566000000000015,0
CN=c1ncc(C=N)no1,138.13,5,1,1,1,5,75.13,-0.40223000000000025,0
Nc1ncn(C=O)c1N,126.11899999999999,5,2,1,1,5,86.92999999999999,-0.9142000000000001,0
CC1=NC(N)=NC1=N,110.12,3,2,0,1,4,74.59,-0.24712999999999996,0
NC(=O)c1nc(N)no1,128.091,5,2,1,1,6,108.03,-1.2492999999999999,0
CC1=NC(N)=NC1=O,111.104,3,1,0,1,4,67.81,-0.6978,0
N=C1OCC(C=O)OC1=N,142.11399999999998,5,2,1,1,5,83.22999999999999,-0.44476,1
N=C(N)C(=O)N1CO1,115.092,3,2,0,1,5,82.48,-1.34633,0
N#CN1COCNC1=N,126.119,3,2,0,1,5,72.14000000000001,-0.7609500000000002,0
N#CCc1conc1N,123.115,4,1,1,1,4,75.84,0.32288000000000006,0
N=C1C=NC(C(N)=O)=N1,124.10300000000001,3,2,1,1,5,91.66000000000001,-1.06813,0
CN=C1ON=C(N)C1=O,127.103,5,1,0,1,5,77.03999999999999,-1.1138,0
Nc1cc(=O)onc1O,128.087,5,2,0,1,5,89.35000000000001,-0.6774000000000002,0
CC(=O)NC1=C(N)N=N1,126.11900000000001,4,2,1,1,5,79.84,-0.32639999999999997,0
CN=C1ON=C(N)C1=O,127.103,5,1,0,1,5,77.03999999999999,-1.1138,0
N=C1N=CN=C(N)C1=O,124.103,4,2,0,1,5,91.66,-1.06813,0
N=C1NC(CO)C(=O)O1,130.103,4,3,1,1,5,82.41000000000001,-1.5715299999999999,1
N#CCc1conc1N,123.115,4,1,1,1,4,75.84,0.32288000000000006,0
CC(O)C1=NN=C1N,113.12000000000002,4,2,1,1,4,70.97,-0.9060000000000001,1
Cc1nnc(N)n1C=N,125.135,5,2,1,1,5,80.58,-0.3761100000000001,0
CC1=C(O)C(=N)N=N1,111.10400000000001,3,2,0,1,4,68.8,1.21897,0
N=Cn1oc(=O)[nH]c1=O,129.075,5,2,1,1,6,91.85,-1.4152300000000002,0
N=c1nc1C(O)C=O,112.08799999999997,4,2,2,1,4,74.03999999999999,-1.3310300000000002,1
O=CC1ONC(=O)C1=O,129.071,4,1,1,1,5,72.47,-1.8155999999999999,1
N=C1N=C(C(=N)O)N1,112.09199999999998,2,4,1,1,5,92.32000000000001,-0.5418600000000002,0
N=C1NCC(=O)NCO1,129.119,3,3,0,1,5,74.21000000000001,-1.3853300000000002,0
CC1=NC(=O)C(=N)O1,112.08799999999998,3,1,0,1,4,62.510000000000005,-0.06112999999999996,0
CCc1nn[nH]c(=N)n1,125.13499999999999,4,2,1,1,5,78.31,-0.7584300000000004,0
N=C1COCNC(=N)OC1,143.146,4,3,0,1,5,78.19000000000001,-0.46516000000000046,0
NC1=NC(=O)C(C=O)=N1,125.08699999999997,4,1,1,1,5,84.88,-1.5188,0
Nc1cnoc(=O)c1N,127.103,5,2,0,1,5,95.14,-0.8008,0
N=c1[nH]cnc(=O)o1,113.076,4,2,0,1,5,82.74,-1.15763,0
CNC1=C(N)C(=N)N=N1,125.13500000000002,4,3,1,1,5,86.61999999999999,-0.22332999999999992,0
O=C1CC(=O)C(=NO)O1,129.071,5,1,0,1,5,75.96000000000001,-0.7099000000000002,0
N=C(O)C1=NC(O)=N1,113.076,3,3,1,1,5,89.03,-0.1522300000000002,0
Cc1nnc(N)c(=N)o1,126.119,5,2,0,1,5,88.79,-0.5603100000000003,0
CC1=NN=C(CO)C1=N,125.13099999999999,4,2,1,1,4,68.80000000000001,-0.1710299999999999,0
COc1cnoc(=N)c1N,141.12999999999997,5,2,1,1,5,85.13000000000001,-0.2551300000000002,0
N=C1OC(=O)OC1=O,115.04399999999998,5,1,0,1,5,76.44999999999999,-0.34293,0
CN=C1OC(=O)C(=O)O1,129.071,5,0,0,1,5,64.96,-0.9278000000000002,0
CNC1=NOC(=N)C1=O,127.10299999999998,5,2,0,1,5,74.54,-0.9041300000000003,0
CC(N)(O)C(=N)C1CN1,129.163,4,4,2,1,4,92.03999999999999,-1.35483,2
N=c1nnc(F)co1,115.067,4,1,0,1,5,62.77,-0.31183,0
N=C1N=C(N)N1C=NO,127.107,4,3,1,1,6,98.06,-1.0310300000000001,0
N#CC(=O)N1COC(=O)O1,142.07,5,0,0,1,6,79.63000000000001,-0.62212,0
NC(=O)C1=NN=C1N,112.09200000000001,4,2,1,1,5,93.83,-1.8014999999999999,0
CC(=O)c1n[nH]c(=O)[nH]1,127.103,3,2,1,1,5,78.61,-0.6994000000000002,0
N=C1N=CN=COCO1,127.10299999999998,4,1,0,1,5,67.03,-0.01793,0
Cc1n[nH]c(=N)c(=N)o1,126.11899999999999,4,3,0,1,5,89.52,-0.72994,0
Cc1nncn1COC#N,138.13,5,0,2,1,5,63.73,0.04169999999999996,0
N=Cc1oncc1N,111.104,4,2,1,1,4,75.9,0.25447000000000003,0
O=Cc1nn[nH]c1C=O,125.08699999999997,4,1,2,1,5,75.71000000000001,-0.5703000000000003,0
N=CN1NC1COC=O,129.11899999999997,4,2,4,1,5,75.1,-1.0872300000000001,1
Nc1cnnc(C=O)n1,124.103,5,1,1,1,5,81.76,-0.7337,0
Cc1nnc(C=O)n1O,127.10299999999998,5,1,1,1,5,68.01,-0.36367999999999995,0
O=CNc1nc[nH]n1,112.092,3,2,2,1,5,70.67,-0.6270000000000002,0
N=C1COC(=O)C(=N)N1,127.103,4,3,0,1,5,86.03,-0.9126600000000002,0
N=C1N=C(N)OC1=O,113.076,4,2,0,1,5,88.53,-1.16483,0
N=C1OCNC(=O)CO1,130.10299999999998,4,2,0,1,5,71.41,-0.9583300000000003,0
N=CN1CC(C(=N)O)N1,128.135,3,4,2,1,5,83.2,-0.6824599999999998,1
CC1NC(=O)C(=N)O1,114.10399999999998,3,2,0,1,4,62.18000000000001,-0.54393,1
N=C1N=C(CO)N=C1N,126.119,4,3,1,1,5,94.82,-1.2747300000000001,0
CC1=NC(=O)N=C1O,112.08799999999998,1,1,0,1,4,62.019999999999996,0.5374000000000001,0
CNC(=N)c1cnno1,126.119,4,2,1,1,5,74.80000000000001,-0.38563000000000036,0
N=CN1C=NC(=O)OC1,127.10299999999998,3,1,1,1,5,65.75,0.031470000000000053,0
O=Cc1nc[nH]c(=O)n1,125.08699999999999,4,1,1,1,5,75.71000000000001,-1.0226,0
Nc1nocc1C=NCO,141.13,5,2,2,1,5,84.64,-0.3745000000000002,0
N=CN1CC(=O)COCO1,144.12999999999997,4,1,1,1,5,62.620000000000005,-0.6161300000000001,0
N=C1NCCN(C=O)O1,129.119,3,2,1,1,5,65.42,-1.0856299999999999,0
CC1=NC(C=N)=NC1=O,123.11499999999998,3,1,1,1,4,65.64,0.035569999999999935,0
CN=C1ON=C(N)C1=O,127.103,5,1,0,1,5,77.03999999999999,-1.1138,0
Cc1noc(=O)n1CO,130.103,5,1,1,1,5,68.26,-0.9054800000000001,0
CCn1cnnc1N,112.13600000000001,4,1,1,1,4,56.730000000000004,-0.11980000000000002,0
CN=C1OC(=O)N=C1N,127.10300000000001,4,1,0,1,5,77.03999999999999,-0.47789999999999994,0
CC1COC(=O)NC1=N,128.131,3,2,0,1,4,62.18,0.33957000000000004,1
N=C1N=C(N)C(O)=N1,112.092,2,3,0,1,5,94.82000000000001,-0.75153,0
CC(=O)c1nnc(N)[nH]1,126.11900000000001,4,2,1,1,5,84.66,-0.41050000000000003,0
N=C1OCNC(=O)CO1,130.10299999999998,4,2,0,1,5,71.41,-0.9583300000000003,0
N=C1NC(=O)OC1=NO,129.07500000000002,5,3,0,1,6,94.77000000000001,-0.5088300000000001,0
N=C1N=NC=C1C=O,109.08799999999998,3,1,1,1,4,65.64,0.51227,0
C#CC(=O)c1nnco1,122.083,4,0,1,1,4,55.99,-0.11449999999999994,0
N=C1NC=NC(=O)CO1,127.103,3,2,0,1,5,74.54,-0.9041300000000001,0
N=C1COC(=O)C(=N)N1,127.103,4,3,0,1,5,86.03,-0.9126600000000002,0
CCn1nc(C=N)oc1=N,140.146,5,2,2,1,5,78.66,-0.026859999999999995,0
Nc1ncc(N)c(=O)o1,127.103,5,2,0,1,5,95.14,-0.8008,0
CN=C1OC(=N)OC1=O,128.087,5,1,0,1,5,71.74000000000001,-0.47713,0
Nc1nn[nH]c1C=O,112.09199999999997,4,2,1,1,5,84.66,-0.8006000000000004,0
N=C1N=NC(N)=C1CO,126.119,4,3,1,1,5,94.82000000000001,-0.40793,0
O=Cc1nn[nH]c1CO,127.10299999999998,4,2,2,1,5,78.87,-0.8905000000000001,0
CN=C1N=CN=C1C=N,122.13099999999999,3,1,1,1,4,60.93,0.14717000000000008,0
N=Cn1cc(C=O)n1O,127.10299999999998,5,2,2,1,5,71.01,-0.20542999999999995,0
NC1COC(=O)C1=NO,130.103,5,2,0,1,5,84.91000000000001,-1.2993,1
CN=C1C=NC(=O)C(N)=N1,138.13,3,1,0,1,5,80.17,-1.0171000000000003,0
CC(=O)n1ncn1N,114.108,5,1,0,1,5,65.84,-0.9415,0
N=C1N=C(CO)OC1=N,127.10299999999998,4,3,1,1,5,89.52000000000001,-0.6380600000000003,0
N=Cc1nnc(N)[nH]c1=O,139.118,5,3,1,1,6,108.50999999999999,-1.2552300000000003,0
CC(=O)C1=NC(N)=N1,111.10400000000001,4,1,1,1,4,67.81,-0.6978,0
N=C1N=C(N)N=C1C=O,124.103,4,2,1,1,5,91.66,-1.06813,0
NC1=C(O)N=C1C=O,112.088,4,2,1,1,4,75.68,-0.6743000000000001,0
Cc1nncc(NCO)n1,140.146,5,2,2,1,5,70.93,-0.45828000000000013,0
CC(O)C1=NC(N)=N1,113.12000000000002,4,2,1,1,4,70.97,-0.9060000000000001,1
N=C1N=NC(C=O)=N1,110.076,3,1,1,1,5,78.0,-0.015629999999999977,0
N=C1OCC(=O)OC1=N,128.087,5,2,0,1,5,83.22999999999999,-0.48566000000000015,0
N=C1N=C(CO)C(=O)O1,128.087,4,2,1,1,5,82.74,-1.0887300000000002,0
Cc1noc(=O)n1N,115.09200000000001,5,1,0,1,5,74.05,-1.14148,0
N=CC1OC(=O)OC1=O,129.071,5,1,1,1,5,76.44999999999999,-0.30203,1
N#CCC1=NN=C1N,108.10400000000001,4,1,1,1,4,74.53,-0.37311999999999984,0
CNC1=NC(=O)OC1=N,127.10299999999998,4,2,0,1,5,74.53999999999999,-0.2682300000000001,0
Nc1ncc(OC=O)[nH]1,127.10299999999998,4,2,2,1,5,81.0,-0.47290000000000026,0
NC(=O)C1=NC(N)=N1,112.09200000000001,4,2,1,1,5,93.83,-1.8014999999999999,0
N=C1OCC=NCNC1=O,141.13,4,2,0,1,5,74.53999999999999,-0.8616300000000003,0
N=C1OC(=O)NC1=O,114.05999999999999,4,2,0,1,5,79.25,-0.7699300000000002,0
Nc1cnc(N)c(N)n1,125.13500000000002,5,3,0,1,5,103.83999999999999,-0.7767999999999999,0
CN=C1OCOC1=NO,130.103,5,1,0,1,5,63.41,-0.19329999999999997,0
CN=C1N=NC(CO)=N1,126.11899999999999,3,1,1,1,5,69.67,-0.17119999999999996,0
C#CC(N)c1ncn[nH]1,122.131,3,2,1,1,4,67.59,-0.5623,1
CC1=C(N)C(=O)N1N,113.12,3,2,0,1,4,72.35000000000001,-1.1074999999999993,0
CN=C1C=NC(N)=[N+]1[O-],126.119,4,1,0,1,5,76.80999999999999,-1.0758999999999999,0
Cc1noc(=N)c(=O)o1,128.087,5,1,0,1,5,80.09,-0.5843100000000001,0
N=c1[nH]c(=O)oc(=O)o1,130.059,5,2,0,1,6,100.05999999999999,-1.59943,0
O=C1NCOC(=O)CN1,130.103,3,2,0,1,5,67.42999999999999,-1.2001,0
CC1=NC=NC1=O,96.08899999999998,2,0,0,1,3,41.79,0.015800000000000036,0
CNC1=NN=C1C=NC#N,135.13,5,1,1,1,5,72.9,-0.4742200000000001,0
O=CC(=O)C1=NC=N1,110.072,4,0,2,1,4,58.86,-0.8052000000000001,0
COc1cnc(=O)[nH]n1,127.103,4,1,1,1,5,67.87,-0.8265000000000002,0
N=C1CNC(=O)OCCO1,144.12999999999997,4,2,0,1,5,71.41000000000001,-0.27993000000000023,0
CC1=NC(=O)C(O)=C1,111.09999999999997,2,1,0,1,3,49.66,0.42940000000000006,0
N=C1CONC(=O)CO1,130.10299999999998,4,2,0,1,5,71.41,-0.9583300000000003,0
N=C1OC(=O)OC1=N,114.05999999999999,5,2,0,1,5,83.22999999999999,0.10774,0
O=C(O)n1cno1,102.04899999999999,4,1,0,1,5,68.25999999999999,0.0021999999999999242,0
N=C1NC(CO)C(=N)O1,129.119,4,4,1,1,5,89.19000000000001,-1.1208600000000002,1
COC1=NC(O)=NC1=N,127.103,3,2,0,1,5,78.03,-0.06383000000000016,0
N=c1[nH]ncc(=O)n1N,127.107,5,3,0,1,6,100.55,-2.2353299999999994,0
N=CNC1=C(O)C(N)=C1,125.13099999999999,3,4,2,1,4,82.13,-0.19112999999999997,0
N=CC1=C(N)N=C1CO,125.131,4,3,2,1,4,82.46000000000001,-0.7468300000000003,0
CNC1=C(O)C(=N)N=C1,125.13099999999999,3,3,1,1,4,68.47,0.037069999999999936,0
CNc1cn[nH]c(=N)n1,125.135,4,3,1,1,5,77.45,-0.6741300000000003,0
N=C1C=C(C(N)=O)O1,112.088,3,2,1,1,4,76.17,-0.6369300000000002,0
CNc1nc(=N)n(CO)o1,144.134,6,3,2,1,6,87.07000000000001,-1.0529300000000004,0
NC(=O)Nc1ccno1,127.10299999999998,3,2,1,1,5,81.15,0.16520000000000012,0
N=C1NCCNC(=O)O1,129.119,3,3,0,1,5,74.21000000000001,-0.7494299999999996,0
N=C1N=C(N)OC1=O,113.076,4,2,0,1,5,88.53,-1.16483,0
N=CN1OCC1=NO,115.092,4,2,1,1,5,68.91000000000001,-0.3716300000000003,0
CC1=NC(=N)C(O)=N1,111.10399999999998,2,2,0,1,4,68.8,0.35217,0
N=C1OCC(=O)C(=O)O1,129.071,5,1,0,1,5,76.45,-0.9363300000000001,0
CN=c1oncc(=N)o1,127.10299999999998,5,1,0,1,5,75.38,-0.7224299999999999,0
CC(=O)C1=NN=C1N,111.10400000000001,4,1,1,1,4,67.81,-0.6978,0
Nc1conc1NC=O,127.103,4,2,2,1,5,81.15,-0.1749,0
N=Cc1n[nH]c(C=O)n1,124.10299999999998,4,2,2,1,5,82.49,-0.3851300000000002,0
O=Cc1n[nH]nc1CO,127.10299999999998,4,2,2,1,5,78.87,-0.8905000000000001,0
COc1c[nH]c(=N)n1N,128.135,4,3,1,1,5,79.82000000000001,-0.9819299999999997,0
Nc1ncc(O)c[n+]1[O-],127.10299999999998,4,2,0,1,5,86.08,-0.9972000000000001,0
CN=C(N)C1=NC=C1N,124.14699999999999,3,2,1,1,4,76.75999999999999,-0.7719,0
N=C1OCC(=N)C(=O)O1,128.087,5,2,0,1,5,83.23,-0.48566000000000015,0
N=C1NC(=O)OCC1=O,128.087,4,2,0,1,5,79.25,-0.72743,0
N=c1nc(N)[nH]n1CC=O,141.13400000000001,5,3,2,1,6,100.55000000000001,-1.52823,0
N=Cc1n[nH]c(CO)n1,126.11899999999999,4,3,2,1,5,85.65,-0.7053300000000002,0
N=C1N=CCNC(=N)O1,126.119,3,3,0,1,5,81.32000000000001,-0.45346000000000036,0
NC1CNC(=O)OC1=O,130.10299999999998,4,2,0,1,5,81.41999999999999,-1.4198999999999995,1
N=c1ncoc(=N)o1,113.076,5,2,0,1,5,86.87,-0.77346,0
COc1n[nH]c(CO)n1,129.11899999999997,4,2,2,1,5,71.03,-0.6944000000000001,0
Nc1cnc(F)c(=O)o1,130.078,4,1,0,1,5,69.12,-0.24389999999999973,0
N=C1N=NC1C(N)C=O,126.11899999999999,4,2,2,1,5,91.66,-0.6757300000000002,2
NC(=O)CC1=NC(=O)N1,127.103,2,2,2,1,5,84.55000000000001,-1.0165000000000002,0
N=C1OCC(=O)C(=N)O1,128.087,5,2,0,1,5,83.23,-0.48566000000000015,0
N=C1NC(CO)=NC1=O,127.103,3,3,1,1,5,85.53999999999999,-1.51573,0
CN1COC(=N)C(=N)N1,128.135,4,3,0,1,5,72.2,-0.6349600000000002,0
CC(=O)C1=NC(=O)N1,112.088,2,1,1,1,4,58.53,-0.3028999999999999,0
N=C1NC(=N)C(=O)O1,113.076,4,3,0,1,5,86.03000000000002,-0.95516,0
N=C1NC(=O)C(=O)N1,113.076,3,3,0,1,5,82.05000000000001,-1.8328300000000004,0
Nc1coc(=O)c(N)n1,127.10300000000001,5,2,0,1,5,95.14,-0.8008,0
CC1=NC(=O)C(N)=N1,111.104,3,1,0,1,4,67.81,-0.6978,0
N=C1OC(=O)N=C1N,113.07600000000001,4,2,0,1,5,88.53,-0.5289300000000001,0
N=CN1C=NC(C=O)N1,126.11899999999997,4,2,2,1,5,68.55,-1.0330300000000001,1
O=C1C=NN=C1CO,112.088,4,1,1,1,4,62.019999999999996,-1.0118000000000003,0
Nc1cnc(C=O)nc1O,139.114,5,2,1,1,5,89.10000000000001,-0.4230999999999999,0
OOC#CC1=NN=C1O,126.07099999999998,4,2,0,1,5,74.41,-0.23700000000000015,0
N=CN1CC(=N)NC1=O,126.11899999999999,3,3,1,1,5,80.04,-0.40406000000000003,0
N=C1C=C(N)OC1=O,112.088,4,2,0,1,4,76.17000000000002,-0.6369300000000002,0
CC(N)(O)C1=NN=C1,113.12,4,2,1,1,4,70.97,-0.9060000000000001,1
COC1=NC(N)=C1C=N,125.131,4,2,1,1,4,71.46000000000001,-0.13522999999999985,0
CN=C1NC(O)=NC1=O,127.10299999999998,2,2,0,1,5,74.05000000000001,-0.9415000000000002,0
N=C1N=NC=C1C(=O)O,125.08699999999997,3,2,1,1,5,85.87,0.39797,0
CN=C1N=C(O)N=C1N,126.119,3,2,0,1,5,83.33,-0.7004999999999999,0
N=C1COC(=N)N=CO1,127.103,4,2,0,1,5,78.52,-0.026460000000000095,0
CC1=NC(N)=NC1=N,110.12,3,2,0,1,4,74.59,-0.24712999999999996,0
CC(=O)C1=NN=C1N,111.10400000000001,4,1,1,1,4,67.81,-0.6978,0
NC1=C(O)C(C=O)=N1,112.088,4,2,1,1,4,75.68,-0.6742999999999999,0
N#CCOc1ncno1,125.08699999999999,5,0,2,1,5,71.94,-0.028020000000000045,0
CC1=NC(=O)N=C1N,111.104,2,1,0,1,4,67.81,-0.061899999999999844,0
N=C1COC(=N)C(=O)N1,127.103,4,3,0,1,5,86.03,-0.9126600000000002,0
NC(=O)OC1=CN=C1,112.088,3,1,1,1,4,64.68,0.007500000000000173,0
CC(N)c1[nH]nc[n+]1[O-],128.135,3,2,1,1,5,81.64,-0.9371999999999998,1
N=C1NCOC(=O)C1=N,127.103,4,3,0,1,5,86.03,-0.9126600000000002,0
N=CN=C1C=NN=C1N,123.119,4,2,1,1,5,86.95,-0.60893,0
CC1=NC(NC#N)=[N+]1[O-],124.103,4,1,0,1,5,74.25,-0.64462,0
NC(=O)C1=NC(N)=N1,112.09200000000001,4,2,1,1,5,93.83,-1.8014999999999999,0
N=C(N)C1=CN=C1N,110.12,3,3,1,1,4,88.25,-0.8229299999999997,0
N=C1C=NN1C=NCO,126.11899999999999,4,2,2,1,5,72.04,-0.7568300000000001,0
CC(=N)NC1COC1=O,128.131,3,2,1,1,4,62.18,-0.5014300000000003,1
Nc1conc1C=NO,127.103,5,2,1,1,5,84.64,0.06490000000000007,0
CN=C1NC(=O)OC1=O,128.087,4,1,0,1,5,67.75999999999999,-0.7189000000000001,0
N=Cc1ncn[nH]c1=N,123.119,4,3,1,1,5,89.27000000000001,-0.7181600000000001,0
N=CNc1nccc(=O)o1,139.11399999999998,4,2,2,1,5,78.98,0.05376999999999993,0
N=C1N=CNC1COC=O,141.12999999999997,4,2,3,1,5,74.53999999999999,-0.8632300000000002,1
Nc1coc(=O)c(N)n1,127.10300000000001,5,2,0,1,5,95.14,-0.8008,0
Nc1cnoc1C=NC=O,139.11399999999998,4,1,2,1,5,81.47999999999999,-0.16789999999999994,0
CNC(=O)C1=NN=C1N,126.11900000000001,4,2,1,1,5,79.84,-1.5408,0
N=Cc1ncc(N)n1O,126.119,5,3,1,1,5,87.92,-0.2997300000000002,0
CNc1nn[nH]c1C=O,126.11899999999999,4,2,2,1,5,70.67,-0.34110000000000035,0
N=C1NC(=O)CN=CO1,127.103,4,2,0,1,5,74.54,-0.9041300000000001,0
CN(C=O)N1CC(=N)N1,128.13500000000002,3,2,2,1,5,59.43000000000001,-1.2129299999999998,0
N=CN1OCC(=N)C1=O,127.103,4,2,1,1,5,77.24000000000001,-0.6129600000000004,0
N=CNc1n[nH]nc1C=O,139.118,4,3,3,1,6,94.52000000000001,-0.3638300000000005,0
N=C1CONC(=O)CO1,130.10299999999998,4,2,0,1,5,71.41,-0.9583300000000003,0
N=C1OCC(=O)C(=N)O1,128.087,5,2,0,1,5,83.23,-0.48566000000000015,0
N=C1NC(=O)NC1=N,112.092,3,4,0,1,5,88.83000000000001,-0.7462599999999999,0
CCc1nn[nH]c(=O)n1,126.11899999999999,4,1,1,1,5,71.53,-0.8777000000000001,0
N=C1N=CN=C1NC=O,124.10299999999998,3,2,1,1,5,77.67,-0.8499300000000003,0
N=CC1NC(=N)OCC1=O,141.13,4,3,1,1,5,86.03,-0.8717600000000001,1
Nc1ncc(C=O)n1N,126.119,5,2,1,1,5,86.92999999999999,-1.0084000000000004,0
N=C1OCC(=O)C(=N)O1,128.087,5,2,0,1,5,83.23,-0.48566000000000015,0
N=C1NCC(C(=N)O)O1,129.119,3,4,1,1,5,89.19000000000001,-0.5551600000000001,1
CN=C1C=NN=C1N,110.12,4,1,0,1,4,63.099999999999994,-0.5862,0
CCc1noc(=N)n1N,128.135,5,2,1,1,5,80.83,-0.7682300000000002,0
CCC1=NC(=N)OC1=N,125.13099999999999,3,2,1,1,4,69.28999999999999,0.7796400000000001,0
N=C1COCNC(=O)O1,130.103,4,2,0,1,5,71.41,-0.32243000000000016,0
Nc1nncc(C=O)c1N,138.12999999999997,5,2,1,1,5,94.89,-0.5465000000000004,0
NCC1=NC(=O)NC1=O,127.10299999999998,3,2,1,1,5,84.54999999999998,-1.3641,0
N=CC1=NN(C=O)C1=N,124.10299999999998,4,2,2,1,5,80.37,-0.5587599999999999,0
O=CNC1OCNC1=O,130.103,3,2,2,1,5,67.43,-1.8376000000000001,1
N=Cc1cnnc(N)n1,123.11900000000001,5,2,1,1,5,88.54,-0.5485300000000002,0
CC1=NC(=N)OC1=N,111.10399999999998,3,2,0,1,4,69.28999999999999,0.38954000000000005,0
N=CN1C=NC(=O)NO1,128.09099999999998,3,2,1,1,6,77.78,-0.5064300000000002,0
O=CNC1=NC(=O)OC1,128.087,3,1,1,1,5,67.76,-0.7189000000000001,0
N=C1N=C(N)C=C1N,110.12,3,3,0,1,4,88.25,-0.8229299999999997,0
CN1CNC(=N)OC1=N,128.135,3,3,0,1,5,72.20000000000002,-0.6349600000000002,0
N=C1OC=NC1CO,114.10399999999998,4,2,1,1,4,65.67,-0.61693,1
CN=NC(=O)N1CN1C=O,142.118,3,0,1,1,6,64.88,-0.16510000000000002,0
Cc1n[nH]nc1NC=N,125.13499999999999,3,3,2,1,5,77.45,0.13208999999999999,0
O=c1ccnnc([O-])n1,124.07900000000001,5,0,0,1,5,78.8,-1.6946000000000003,0
COC1=NC(N)=NC1=O,127.10300000000001,4,1,0,1,5,77.03999999999999,-1.1138000000000001,0
N=CN=C1C=NC(O)=N1,124.10299999999998,2,2,1,1,5,81.16,-0.009630000000000083,0
Cn1cnc(=N)oc1=O,127.10299999999998,5,1,0,1,5,71.88,-1.1472300000000002,0
NCC1=CC(=O)C(=O)O1,127.09899999999998,4,1,1,1,4,69.39,-1.0451000000000001,0
CC(=O)C1=NNC1=N,111.104,3,2,1,1,4,65.31,-0.4881300000000001,0
CC(=O)n1ncc(=N)[nH]1,126.11899999999999,4,2,0,1,5,74.53,-0.6492300000000002,0
O=c1[nH]ncn1CO,115.09199999999998,4,2,1,1,5,70.91,-1.4788000000000003,0
O=c1cnc(CO)n[nH]1,127.103,4,2,1,1,5,78.87,-1.3428000000000002,0
CNc1nc(C#N)n[nH]1,123.119,4,2,1,1,5,77.39,-0.28192000000000006,0
Cn1[nH]nc(CO)c1=N,128.135,4,3,1,1,5,77.69,-1.2800300000000002,0
CC1=NC(=NO)C(=O)O1,128.087,4,1,0,1,5,71.25,-0.2507000000000001,0
CC1=NC(O)=NC1=O,112.08799999999998,2,1,0,1,4,62.02,-0.09850000000000009,0
CC(=O)n1cnc(N)n1,126.11900000000001,5,1,0,1,5,73.8,-0.47959999999999997,0
COC1=NC(=O)NC1=O,128.087,3,1,0,1,5,67.75999999999999,-0.7189000000000001,0
CC1=NOC(=N)NN1O,130.10700000000003,5,3,0,1,6,80.94,-0.5194300000000001,0
Nc1nc(C=O)[nH]c1O,127.10299999999997,4,3,1,1,5,92.0,-0.4900000000000001,0
CC1=NN=C(NC=O)C1=N,138.13,4,2,1,1,5,77.67,-0.4598300000000001,0
N=c1cnc(CO)n[nH]1,126.119,4,3,1,1,5,85.65,-1.2235300000000005,0
NC(=O)C1=C(CO)N=N1,127.103,4,2,2,1,5,88.04,-0.8586,0
CNC1=C(C=O)N=C1O,126.11499999999998,3,2,2,1,4,61.69,-0.41360000000000025,0
Nc1cnnc(C=O)n1,124.103,5,1,1,1,5,81.76,-0.7337,0
CN=C1N=NC(CO)=N1,126.11899999999999,3,1,1,1,5,69.67,-0.17119999999999996,0
N=CC1OCNC(=N)O1,129.119,4,3,1,1,5,78.19000000000001,-0.5092600000000003,1
N=C1N=C(N)C(=O)O1,113.076,4,2,0,1,5,88.53000000000002,-1.16483,0
NCc1cnn[nH]c1=O,126.11899999999999,4,2,1,1,5,84.66,-1.3764000000000005,0
N=CN1C(=O)OC1=O,114.05999999999997,4,1,1,1,5,70.46000000000001,0.16566999999999998,0
N=C1NCC(=O)OC1=N,127.103,4,3,0,1,5,86.03,-0.9126600000000002,0
N=C1N=CC(N)=NC1=N,123.11900000000001,3,3,0,1,5,98.44,-0.6174600000000001,0
N=C1NC(=NO)C1C=O,127.10299999999998,4,3,1,1,5,85.53999999999999,-0.8303300000000002,1
N=C1NC(=O)C(=N)O1,113.076,4,3,0,1,5,86.03000000000002,-0.9551600000000002,0
CC(=O)N1NC(=O)CO1,130.10299999999998,3,1,0,1,5,58.64,-1.1887,0
N=C1OC(=O)OC1=N,114.05999999999999,5,2,0,1,5,83.22999999999999,0.10774,0
Nc1n[nH]c(=O)oc1=O,129.075,5,2,0,1,6,101.97999999999999,-1.6947000000000005,0
CNC1=NC(=O)N=C1N,126.119,3,2,0,1,5,79.84,-0.9049,0
N=C1COC(=O)NCO1,130.103,4,2,0,1,5,71.41,-0.3224300000000002,0
N=Cn1cc[nH]c1=NO,126.11899999999999,4,3,1,1,5,77.16,-0.43873000000000023,0
N=Cc1nnc(N)nn1,124.10700000000001,6,2,1,1,6,101.43,-1.1535300000000002,0
CN=C(O)c1ncco1,126.11499999999998,3,1,1,1,4,58.620000000000005,0.6090000000000002,0
N=CC1=NC(=O)N=C1N,124.10300000000001,3,2,1,1,5,91.66,-0.43223000000000006,0
COC1=NC(=N)N=C1N,126.11900000000001,3,2,0,1,5,83.82,-0.66313,0
CN=C1OC=NC1=N,111.104,3,1,0,1,4,57.800000000000004,0.05046999999999996,0
N#CCc1n[nH]nc1N,123.11900000000001,4,2,1,1,5,91.38,-0.5470200000000003,0
CNC(=N)N1C=NC1=O,126.11899999999999,2,2,0,1,5,68.55000000000001,-0.39553000000000016,0
N=C1OCNC(=O)CO1,130.10299999999998,4,2,0,1,5,71.41,-0.9583300000000003,0
N=C1COC(=N)N=CO1,127.103,4,2,0,1,5,78.52,-0.026460000000000095,0
N=C=NC1COC(=O)N1,127.103,4,2,1,1,5,74.53999999999999,-0.19502999999999998,1
N=CN1C(=O)OC1=CO,128.08699999999996,4,2,1,1,5,73.62,0.40257,0
Cn1cn[nH]c1=NC=N,125.13499999999999,3,2,1,1,5,69.82,-0.7440300000000002,0
CN1NN=NC(C=O)=C1N,141.13399999999996,6,2,1,1,6,83.08,-0.8696999999999999,0
N=C1OC(CO)=NC1=O,128.087,4,2,1,1,5,82.74000000000001,-1.0887300000000002,0
NC(=O)C1=NC=C1N,111.104,3,2,1,1,4,81.47,-1.2736000000000003,0
N=CN1CC(=O)OCN1,129.119,4,2,1,1,5,65.42,-1.0856300000000003,0
CC1=NC(CO)=NC1=N,125.13099999999999,3,2,1,1,4,68.80000000000001,-0.17103000000000002,0
N=CN1NCOC1C=O,129.11899999999997,4,2,2,1,5,65.42000000000002,-1.0872300000000001,1
CN=C1N=COC1=N,111.10399999999998,3,1,0,1,4,57.800000000000004,0.05047000000000007,0
N=C1N=C(N)C(C=O)=N1,124.103,3,2,1,1,5,91.66000000000001,-1.06813,0
Cc1n[nH]nc1CO,113.11999999999999,3,2,1,1,4,61.8,-0.39458000000000004,0
COc1c[nH]c(=O)nn1,127.103,4,1,1,1,5,67.87,-0.8265000000000002,0
N#Cn1[nH]c(=N)oc1=N,125.091,5,3,0,1,6,105.35,-1.3026799999999996,0
NC(=O)OC(=O)C1=CN1,128.087,4,2,1,1,5,91.33000000000001,-0.9471,0
NC=C1N=CC(=O)N1O,127.10299999999998,4,2,0,1,5,78.92,-0.9538000000000002,0
COC1=NC(=N)NC1=O,127.103,3,2,0,1,5,74.53999999999999,-0.9041300000000003,0
Nc1cnc(C=O)nn1,124.103,5,1,1,1,5,81.76,-0.7337,0
CC1=NN=C(N)C1=N,110.12,4,2,0,1,4,74.59,-0.24712999999999996,0
N=C1COC(C(N)=O)N1,129.119,3,3,1,1,5,88.19999999999999,-1.60513,1
N=C1NC(=N)C(=O)CO1,127.103,4,3,0,1,5,86.03000000000002,-0.91266,0
O=c1cc(O)[nH]c[n+]1[O-],128.087,3,2,0,1,5,80.03,-1.2861000000000002,0
N=C1OC(=O)N=C1N,113.07600000000001,4,2,0,1,5,88.53,-0.5289300000000001,0
Nc1cnc(O)n1C=O,127.10299999999998,5,2,1,1,5,81.13999999999999,-0.7908000000000002,0
O=C1N=CN=C1CO,112.08799999999998,3,1,1,1,4,62.019999999999996,-1.0118,0
Cn1cc(N)nc1N,112.13600000000002,4,2,0,1,4,69.86,-0.41550000000000015,0
CCC1=NC(=N)OC1=O,126.11499999999998,3,1,1,1,4,62.51,0.32897000000000004,0
N=C1NCC(=O)N=CO1,127.103,3,2,0,1,5,74.54,-0.9041300000000001,0
N=C(O)N1N=CC1=N,112.09199999999998,3,3,0,1,5,83.53,-0.24215999999999988,0
COc1nc(C=O)n[nH]1,127.103,4,1,2,1,5,67.87,-0.37420000000000025,0
N=Cc1noc(C=O)n1,125.08699999999999,5,1,2,1,5,79.84,-0.12023,0
O=C1N=CCNC(=O)N1,127.103,2,2,0,1,5,70.56,-0.51,0
N=C1C=NOC1=NCO,127.103,5,2,1,1,5,78.03,-0.6295300000000001,0
N=C1OCNC(=O)CO1,130.10299999999998,4,2,0,1,5,71.41,-0.9583300000000003,0
N=CC1=NC=NC1=N,108.104,3,2,1,1,4,72.42,0.09614,0
COc1ncoc(=N)n1,127.103,5,1,1,1,5,72.0,-0.44233000000000006,0
N=c1oc(=N)oc(=N)o1,129.075,6,3,0,1,6,110.97000000000001,-1.0959900000000002,0
CC(=O)n1ncc(N)n1,126.119,5,1,0,1,5,73.8,-0.47959999999999997,0
N#CC(N)C1=NC(=O)O1,125.08699999999999,4,1,1,1,5,88.47000000000001,-0.61402,1
CN=C1N=NC(N)=N1,111.108,3,1,0,1,5,75.46,-0.24729999999999996,0
CN=C1N=COC1=N,111.10399999999998,3,1,0,1,4,57.800000000000004,0.05047000000000007,0
N=c1nconc1N,112.09200000000001,5,2,0,1,5,88.79,-0.86873,0
Cc1cnn(CO)c1N,127.147,4,2,1,1,4,64.07,-0.27648000000000017,0
N=C1OC(O)=C1CO,115.08799999999998,4,3,1,1,4,73.54,-0.24422999999999995,0
N=CN1CCOC(=O)CO1,144.12999999999997,4,1,1,1,5,62.620000000000005,-0.6161300000000003,0
N=C1COC(=O)OC1=N,128.087,5,2,0,1,5,83.22999999999999,0.15023999999999993,0
N=c1cnc(N)nn1F,129.098,5,2,0,1,6,80.58000000000001,-0.9276300000000004,0
N=C(O)C1=NC(=O)C=N1,125.08699999999999,3,2,1,1,5,85.86999999999999,-0.4688300000000001,0
CNC1=NN=CC1=O,111.10399999999998,4,1,0,1,4,53.82,-0.8272000000000002,0
N=c1[nH]c(=O)c(O)co1,128.087,4,3,0,1,5,90.08,-0.84703,0
Nc1nc(N)oc(=O)n1,128.09099999999998,6,2,0,1,6,108.02999999999999,-1.4057999999999997,0
N=Cn1cc(O)oc1=N,127.10299999999998,5,3,1,1,5,86.0,-0.27865999999999996,0
CNc1cnc(=O)[nH]n1,126.119,4,2,1,1,5,70.67,-0.7934000000000003,0
O=Cc1cnnc(O)n1,125.08699999999999,5,1,1,1,5,75.97,-0.6103000000000001,0
N=CC1N=C(N)C(=O)O1,127.103,5,2,1,1,5,88.53000000000002,-1.12393,1
N=C1N=CC(N)=C1C=O,123.115,3,2,1,1,4,79.30000000000001,-0.5402300000000002,0
Cn1nc(N)nc1C=O,126.119,5,1,1,1,5,73.80000000000001,-0.7902,0
Nc1cnc(N)n1C=O,126.119,5,2,1,1,5,86.92999999999998,-0.9142000000000001,0
N=C=NC1NCC(=O)N1,126.11899999999999,4,3,1,1,5,77.34,-1.2579300000000002,1
O=CC1COC(=O)C(=O)N1,143.098,4,1,1,1,5,72.47,-1.7730999999999997,1
COC1=NC(C=O)=C1O,127.09899999999998,4,1,1,1,4,58.89,0.013399999999999912,0
CNC1=C(O)C(=N)N=N1,126.119,4,3,1,1,5,80.83,0.37596999999999997,0
Nc1cc(CO)nn1N,128.13500000000002,5,3,1,1,5,90.08999999999999,-1.3286,0
N#Cc1n[nH]nc1C=O,122.08699999999997,4,1,1,1,5,82.43,-0.51112,0
NC(C=O)c1ncn[nH]1,126.119,4,2,2,1,5,84.66,-0.9966000000000002,1
NC1=C(N)C(=O)N=C1,111.10399999999998,3,2,0,1,4,81.47,-1.2736000000000003,0
CC(=N)OC1=CN=N1,111.104,4,1,1,1,4,57.8,1.26487,0
N=C1OCCN=NC1=O,127.10300000000001,4,1,0,1,5,74.87,-0.027330000000000076,0
Cc1nc(N)nn1C=N,125.135,5,2,1,1,5,80.58,-0.3761100000000001,0
CC1NC(=O)C(=O)CO1,129.11499999999998,3,1,0,1,4,55.400000000000006,-0.9521000000000002,1
N=CC1=NN=CC1=N,108.10399999999998,4,2,1,1,4,72.42,0.09614,0
COC1=NC(=O)N=C1N,127.10300000000001,3,1,0,1,5,77.03999999999999,-0.47789999999999994,0
CC(N)C1=NN=C1N,112.13600000000001,4,2,1,1,4,76.75999999999999,-0.9396,1
O=C1COC(=O)C1=NO,129.071,5,1,0,1,5,75.96000000000001,-1.0575,0
COC1=NC(=O)C(N)=N1,127.10300000000001,4,1,0,1,5,77.03999999999999,-1.1138000000000003,0
N=C1NC(=N)C(=O)CO1,127.103,4,3,0,1,5,86.03000000000002,-0.91266,0
N#CC(N)C1=NC(=O)N1,124.103,3,2,1,1,5,91.27000000000001,-1.04102,1
CC(=O)c1[nH]nc[n+]1[O-],127.103,3,1,1,1,5,72.69,-0.7543,0
NC(=O)OC1=NC=C1N,127.10300000000001,4,2,0,1,5,90.7,-0.7061,0
N=C1CC(=O)OC(=O)O1,129.07099999999997,5,1,0,1,5,76.45,0.047170000000000045,0
O=Cc1ncnc(O)n1,125.08699999999999,5,1,1,1,5,75.97,-0.6103000000000001,0
N=C1NC(=O)N=C1N,112.09200000000001,3,3,0,1,5,91.33,-0.95593,0
N=CC1=C(N)C(N)=N1,110.12000000000002,4,3,1,1,4,88.25,-0.8229299999999997,0
CN=C1C=NC(CO)=N1,125.13099999999999,3,1,1,1,4,57.31,-0.5101000000000002,0
N=c1ncoc(=N)o1,113.076,5,2,0,1,5,86.87,-0.77346,0
N=CN1OC(=O)C1=O,114.05999999999999,4,1,1,1,5,70.46000000000001,-1.10613,0
N=CC1=NC(=O)C(N)=N1,124.10300000000001,4,2,1,1,5,91.66,-1.06813,0
NC(=O)c1ncc(O)o1,128.087,4,2,1,1,5,89.35000000000001,-0.5209000000000003,0
CNC1=NNC(=O)C1=N,126.11899999999999,4,3,0,1,5,77.34,-1.3311299999999993,0
N=C1NC(=O)OC1=N,113.076,4,3,0,1,5,86.03,-0.3192599999999998,0
Nc1conc1CC=O,126.115,4,1,2,1,4,69.12,-0.0017999999999999683,0
N=C1N=C(N)OC1=O,113.076,4,2,0,1,5,88.53,-1.16483,0
N=c1c(O)conc1N,127.10300000000001,5,3,0,1,5,96.13,-0.5581300000000002,0
O=CC1=NOC(=O)CN1,128.087,5,1,1,1,5,67.75999999999999,-1.3548000000000002,0
N=C1N=C(C(=N)CO)O1,127.10299999999998,4,3,2,1,5,89.52000000000001,-0.6380600000000001,0
N=C1COC(=N)C(=O)N1,127.103,4,3,0,1,5,86.03,-0.9126600000000002,0
N=C1N=NCOC(=N)N1,127.107,4,3,0,1,6,93.68,-0.11455999999999988,0
CNC(=N)c1ncno1,126.119,4,2,1,1,5,74.80000000000001,-0.38563000000000036,0
N=CC1=NC(=O)N=N1,110.07600000000001,3,1,1,1,5,78.0,0.6202700000000001,0
N#CCOC1=NC(=N)N=C1,136.114,3,1,1,1,5,81.58999999999999,-0.05575000000000002,0
N=C1COC(=N)OCCO1,144.13,5,2,0,1,5,75.39,-0.038160000000000194,0
NC1(OC=O)OCC1=O,131.087,5,1,2,1,5,78.62,-1.6288000000000002,1
N=C1NC(C=O)=NCO1,127.103,4,2,1,1,5,74.54,-0.9041300000000001,0
N=C1OCNC(=O)CO1,130.10299999999998,4,2,0,1,5,71.41,-0.9583300000000003,0
CNC(=O)C1=NN=C1N,126.11900000000001,4,2,1,1,5,79.84,-1.5408,0
CC1=NN=C(N)C1=O,111.104,4,1,0,1,4,67.81,-0.6978,0
N=C1COCNC(=O)O1,130.103,4,2,0,1,5,71.41,-0.32243000000000016,0
NC(=O)N1CC(=O)CN1,129.119,3,2,0,1,5,75.43,-1.5455999999999999,0
N=C1OC=NC1=CNO,127.10299999999998,5,3,1,1,5,77.7,-0.15763000000000005,0
N=C1CC(=O)OC(=N)O1,128.087,5,2,0,1,5,83.23,-0.13806000000000002,0
Nc1ncc(C=O)n1N,126.119,5,2,1,1,5,86.92999999999999,-1.0084000000000004,0
N=C1COCN(C=O)O1,130.103,4,1,1,1,5,62.620000000000005,-0.6586300000000003,0
Cn1nc(O)nc1C=N,126.11899999999999,5,2,1,1,5,74.78999999999999,-0.48162999999999995,0
N=C1NC=C1NC(=O)O,127.103,2,4,1,1,5,85.21000000000001,-0.3241300000000001,0
N=CNC1=NC=NC1=O,124.103,3,2,1,1,5,77.67,-0.8499300000000001,0
Cn1[nH]c(=O)cnc1=N,126.11899999999999,4,2,0,1,5,74.53,-1.4121299999999999,0
Cn1nnc(C=N)c1O,126.11899999999997,5,2,1,1,5,74.79,-0.4816299999999999,0
N=C1COC(=N)NCO1,129.119,4,3,0,1,5,78.19,-0.5076600000000002,0
Nc1cnc(CO)n1N,128.135,5,3,1,1,5,90.08999999999999,-1.3286,0
N=C1N=C(CO)C(=O)O1,128.087,4,2,1,1,5,82.74,-1.0887300000000002,0
N=C1C=NC(=N)C(=O)O1,125.08699999999999,4,2,0,1,5,86.36,-0.4314600000000001,0
N=C1N=CC(N)=C1C=O,123.115,3,2,1,1,4,79.30000000000001,-0.5402300000000002,0
C#CC1=NN=C(O)C1=O,122.08299999999997,3,1,0,1,4,62.02,-0.4851999999999999,0
COc1cn[nH]c(=O)n1,127.103,4,1,1,1,5,67.87,-0.8265,0
N=C1OCN=CC(=O)O1,128.087,5,1,0,1,5,71.74,-0.47713000000000005,0
CC1(OC=O)NC1=O,115.088,3,1,2,1,4,65.31,-0.9946000000000002,1
NC1=CN=C(C=O)N=CN1,138.13,5,2,1,1,5,79.84,-1.0271000000000001,0
N=C(N)C1=NC(=O)N=C1,124.103,2,2,1,1,5,91.66000000000001,-0.4322299999999999,0
N=Cn1[nH]cnc1=N,111.10799999999999,4,3,1,1,5,81.31,-0.8541600000000003,0
COC1=NN=C1NC#N,124.103,5,1,0,1,5,69.77000000000001,-0.5709200000000001,0
CC(O)C1=CN=NC1=N,125.131,3,2,1,1,4,68.80000000000001,0.6941700000000001,1
Cc1nc(=O)[nH]n1CO,129.119,4,2,1,1,5,70.91,-1.1703800000000004,0
N=C1N=C(C=O)C(=N)O1,125.08699999999997,4,2,1,1,5,86.36,-0.4314599999999999,0
COc1cnoc(=N)n1,127.103,5,1,1,1,5,72.0,-0.44233000000000006,0
N=c1cc(F)on1CO,132.09400000000002,4,2,1,1,5,62.150000000000006,-0.3505299999999999,0
C#CC1=NC(=N)N=C1O,121.09899999999999,1,2,0,1,4,68.8,-0.03452999999999995,0
CN=c1oc(=O)c1=NO,128.087,5,1,0,1,5,75.16,-1.6642000000000003,0
CNC1=C(N)C(=O)N=N1,126.11900000000001,4,2,1,1,5,79.83999999999999,-0.6740000000000002,0
Nc1ncc(=O)oc1N,127.103,5,2,0,1,5,95.14,-0.8008000000000002,0
COc1n[nH]nc1C#N,124.103,4,1,1,1,5,74.59,-0.31502000000000013,0
N=C1OCC(=O)NC1O,130.103,4,3,0,1,5,82.41,-1.5715300000000003,1
N=C1OC=NCNC1=O,127.103,4,2,0,1,5,74.53999999999999,-0.9041300000000003,0
CC1=C(N)N=NC1=N,110.12,3,2,0,1,4,74.59,0.6196700000000002,0
N=C1NC(=N)C(=O)CO1,127.103,4,3,0,1,5,86.03000000000002,-0.91266,0
N=c1oc(=N)oc(=O)o1,130.059,6,2,0,1,6,104.19000000000001,-1.21526,0
N=CN1C=NC(=O)OC1,127.10299999999998,3,1,1,1,5,65.75,0.031470000000000053,0
CN=C1N=C(N)OC1=O,127.103,4,1,0,1,5,77.03999999999999,-1.1138,0
N=C1OC(=N)C(=O)O1,114.05999999999999,5,2,0,1,5,83.23,-0.5281600000000002,0
N=C1ON=C(CO)C1=N,127.10299999999998,5,3,1,1,5,89.52000000000001,-0.6380600000000003,0
O=C1COC(O)C1=NO,131.087,5,2,0,1,5,79.12,-1.2657,1
NC1=CN=C(N)C1=O,111.104,4,2,0,1,4,81.47,-1.2735999999999998,0
CCN1N=NC(=O)C1=O,127.10299999999998,3,0,1,1,5,62.1,-0.25770000000000004,0
N=c1nc(CN)c1=O,111.104,4,2,1,1,4,79.83000000000001,-1.7444299999999995,0
CC(C)C1=NC(=O)N1N,127.147,2,1,1,1,4,58.69,0.3502000000000002,0
N=Cc1cnn(C=O)n1,124.103,5,1,2,1,5,71.63,-0.6859300000000002,0
COC1=NC(O)=NC1=N,127.103,3,2,0,1,5,78.03,-0.06383000000000016,0
Cn1nc(N)c(C=O)n1,126.119,5,1,1,1,5,73.80000000000001,-0.7902,0
N=C1COC(=N)C(=N)O1,127.103,5,3,0,1,5,90.01,-0.034989999999999966,0
N=C1OCC(=O)C(=N)O1,128.087,5,2,0,1,5,83.23,-0.48566000000000015,0
CCC1OC(=N)NC(=O)O1,144.13,4,2,1,1,5,71.41,0.4136700000000001,1
N=C1C=NN=C1O,97.07699999999998,3,2,0,1,4,68.8,-0.03793000000000002,0
COC1=NN=C1COC=N,141.13,5,1,3,1,5,67.03,0.024569999999999925,0
N=COC1OC(=O)C1=N,128.087,5,2,2,1,5,83.23,-0.48725999999999997,1
Nc1nc(N)oc(=O)n1,128.09099999999998,6,2,0,1,6,108.02999999999999,-1.4057999999999997,0
N=c1oc(=NO)c1=NO,129.07500000000002,6,3,0,1,6,102.17,-1.78553,0
CCC1=NC(=O)N=N1,111.104,2,0,1,1,4,54.15,1.3807,0
NC1=NC(=CO)C(N)=N1,126.11899999999999,5,3,0,1,5,96.99,-0.9286999999999999,0
NC1=C(O)N=C1C=O,112.088,4,2,1,1,4,75.68,-0.6743000000000001,0
NC1=NC(=O)C(N)=N1,112.092,4,2,0,1,5,93.83,-1.8014999999999999,0
Cc1noc(=O)c(=N)o1,128.087,5,1,0,1,5,80.09,-0.5843099999999999,0
Nc1nc(C=O)c(O)[nH]1,127.10299999999997,4,3,1,1,5,92.0,-0.49000000000000016,0
NC(=O)C1=NC=NC1=O,125.08699999999999,3,1,1,1,5,84.88,-1.5188,0
N=C1NC=CNC(=O)O1,127.103,3,3,0,1,5,74.21000000000001,-0.27823000000000014,0
Nc1cncc(O)[n+]1[O-],127.10299999999998,4,2,0,1,5,86.08,-0.9971999999999999,0
CN=C1N=C(N)C(O)=N1,126.119,2,2,0,1,5,83.33,-0.7004999999999999,0
O=C1C=NC(CO)=N1,112.088,3,1,1,1,4,62.019999999999996,-1.0118,0
N=CN1CC(=O)NC1=O,127.10299999999998,3,2,1,1,5,73.26,-0.85473,0
N=c1nnc(C=O)c[nH]1,124.10299999999998,4,2,1,1,5,82.49000000000001,-0.9033300000000002,0
N=Cn1oc(=N)oc1=O,129.075,6,2,1,1,6,95.98000000000002,-1.0310599999999999,0
Cc1n[nH]c(=N)c(=O)o1,127.10299999999998,4,2,0,1,5,82.74,-0.84921,0
N=C1NCOC(=O)CO1,130.103,4,2,0,1,5,71.41,-0.9583300000000001,0
Nc1n[nH]cc1C=O,111.10399999999997,3,2,1,1,4,71.77,-0.19560000000000038,0
N#CC1=NC(=N)N=C1,106.088,2,1,0,1,4,72.36,-0.029849999999999988,0
N=CN1COCOC1=N,129.119,4,2,1,1,5,69.4,-0.2079600000000001,0
N=C1N=C(C(=N)O)N1,112.09199999999998,2,4,1,1,5,92.32000000000001,-0.5418600000000002,0
CNc1ncnc(C=N)n1,137.146,5,2,2,1,5,74.55000000000001,-0.08903000000000011,0
O=CC1NC(=O)OC1O,131.087,4,2,1,1,5,75.63000000000001,-1.3879000000000004,2
NC1=NC(=O)C(N)=N1,112.092,4,2,0,1,5,93.83,-1.8014999999999999,0
N=C1CN=COC(=O)O1,128.087,5,1,0,1,5,71.74,0.15876999999999997,0
COC1OC(=N)OC1=N,130.103,5,2,1,1,5,75.39000000000001,-0.08226000000000011,1
O=C1CNC(=O)C(=O)N1,128.087,3,2,0,1,5,75.27,-2.2409999999999997,0
NC(=O)C1=NC(N)=N1,112.09200000000001,4,2,1,1,5,93.83,-1.8014999999999999,0
NC1=CC(=O)C(N)=N1,111.10400000000001,4,2,0,1,4,81.47,-1.2735999999999998,0
COC1=NC(N)=C1N,113.12000000000002,4,2,0,1,4,73.63,-0.8686,0
N=C1OCC(=O)OC1=N,128.087,5,2,0,1,5,83.22999999999999,-0.48566000000000015,0
N=CN1C=NC1COC=O,141.12999999999997,4,1,4,1,5,65.75,-0.5635300000000001,1
N=NC1C(=O)NC1=O,113.076,4,2,1,1,5,82.38,-0.9576300000000002,0
NC(=O)C1=CN=C1N,111.104,3,2,1,1,4,81.47,-1.2736000000000003,0
N=CC1=C(N)C(C=O)=N1,123.115,4,2,2,1,4,79.3,-0.5402300000000002,0
O=CN1C(=O)C=C1O,113.07199999999997,3,1,1,1,4,57.61,-0.6156000000000001,0
N=CNC1=NC(=O)NC1,126.119,2,3,1,1,5,77.34,-0.69523,0
N=C1OC=NOC1CO,130.103,5,2,1,1,5,74.9,-0.68533,1
N#CCc1nc(N)no1,124.10300000000001,5,1,1,1,5,88.73,-0.28212000000000004,0
CN=c1ncoc(=O)o1,128.087,5,0,0,1,5,68.6,-0.8417000000000001,0
CNC1=NNC(=O)C1=O,127.10299999999998,4,2,0,1,5,70.56,-1.7817999999999996,0
N=C1N=C(N)N=C1C=O,124.103,4,2,1,1,5,91.66,-1.06813,0
CNc1nc(C=O)c(O)[nH]1,141.12999999999997,4,3,2,1,5,78.00999999999999,-0.030500000000000027,0
CC1=NC(=O)N=C1F,114.079,1,0,0,1,4,41.79,0.9489000000000001,0
N=C1N=C(N)N=C1C=O,124.103,4,2,1,1,5,91.66,-1.06813,0
N=C1OCC(=NO)C1=N,127.103,5,3,0,1,5,89.52000000000001,-0.1561600000000002,0
Cc1nc(N)coc1=O,126.11499999999998,4,1,0,1,4,69.12,-0.07457999999999987,0
N=C1CN=COC(=O)N1,127.10299999999998,4,2,0,1,5,74.53999999999999,-0.26823000000000013,0
CNc1nc(C=O)cn1N,140.14599999999996,5,2,2,1,5,72.94,-0.5489000000000002,0
N=C1NC(=O)C(=O)CO1,128.087,4,2,0,1,5,79.25000000000001,-1.36333,0
CN=C1N=NC(CO)=N1,126.11899999999999,3,1,1,1,5,69.67,-0.17119999999999996,0
N=C1NN(C=O)CC1=O,127.10299999999998,3,2,1,1,5,73.26,-1.4906300000000001,0
O=C1N=CC(CCO)=N1,126.115,2,1,2,1,4,62.019999999999996,0.014200000000000046,0
CN=c1nc(N)c1=O,111.104,4,1,0,1,4,68.34,-1.5698999999999999,0
NC(=O)C1=NC=C1O,112.08799999999998,3,2,1,1,4,75.68,-0.6742999999999999,0
CN=C1N=CN=C1O,111.10399999999998,2,1,0,1,4,57.31,0.013100000000000056,0
COC1=NC(=O)C(N)=N1,127.10300000000001,4,1,0,1,5,77.03999999999999,-1.1138000000000003,0
CC(O)C1=NN=C1N,113.12000000000002,4,2,1,1,4,70.97,-0.9060000000000001,1
Nc1noc(C=O)c1N,127.103,5,2,1,1,5,95.14,-0.3485000000000002,0
N=c1[nH]c(=O)oc(=N)o1,129.075,5,3,0,1,6,106.83999999999999,-1.4801599999999997,0
O=c1cnncc(O)n1,125.08699999999999,5,1,0,1,5,75.97,-1.0626000000000002,0
N=C1NC(=O)N=C1N,112.09200000000001,3,3,0,1,5,91.33,-0.95593,0
Cc1noc(=N)nc1O,127.103,5,2,0,1,5,83.0,-0.43691,0
CNC1N=CC(=O)N=CO1,141.13,4,1,1,1,5,63.05,-0.8547000000000002,1
N=C1N=C(N)C=NC1=O,124.103,3,2,0,1,5,91.66,-1.06813,0
CNC1=NC(N)=C1C=O,125.13099999999999,4,2,1,1,4,67.47999999999999,-1.0129,0
CN=c1cn[nH]c(O)n1,126.11899999999999,4,2,0,1,5,74.16,-0.9592000000000003,0
Cn1nc(N)nc1C=O,126.119,5,1,1,1,5,73.80000000000001,-0.7902,0
N=C1N=CNC(=O)CO1,127.10299999999998,3,2,0,1,5,74.54,-0.9041300000000001,0
N=CC1=NC(=O)C(=N)N1,124.103,3,3,1,1,5,89.16,-0.8584600000000002,0
N=c1cnc(C=O)n[nH]1,124.103,4,2,1,1,5,82.49000000000001,-0.9033300000000002,0
C#CC(=O)N1NC1=N,109.088,2,2,0,1,4,65.87,-1.0988300000000002,0
CN=c1onc(CCO)o1,144.13,5,1,2,1,5,71.76,-0.6671,0
N=C1NCC(=O)NCO1,129.119,3,3,0,1,5,74.21000000000001,-1.3853300000000002,0
N#CCOC1=NC(N)=N1,124.10300000000001,5,1,1,1,5,83.75999999999999,-0.78912,0
Cc1noc(N)nc1=N,126.11900000000001,5,2,0,1,5,88.78999999999999,-0.5603100000000001,0
N=CC1=C(N)C(N)=N1,110.12000000000002,4,3,1,1,4,88.25,-0.8229299999999997,0
CC1=NC(=N)N1C=NO,126.11899999999999,3,2,1,1,5,72.04,0.07267000000000001,0
CN=C(O)c1ncno1,127.103,4,1,1,1,5,71.51,0.00400000000000017,0
NCC1=NC(O)=NC1=O,127.10299999999998,3,2,1,1,5,88.03999999999999,-1.1597,0
N=C1N=C(CO)NC1=O,127.10299999999998,3,3,1,1,5,85.53999999999999,-1.5157300000000002,0
Cc1nc(N)c(C=O)o1,126.11499999999998,4,1,1,1,4,69.12,0.37772000000000006,0
N=COC1C(=N)OC1=O,128.087,5,2,2,1,5,83.22999999999999,-0.48725999999999997,1
N=Cc1ncc(N)c(=N)o1,138.13,5,3,1,1,5,99.75000000000001,-0.2660600000000001,0
CN=C1N=C(F)C(=N)O1,129.094,3,1,0,1,5,57.8,0.3476700000000001,0
N=C(O)C1=NC=NC1=O,125.08699999999999,3,2,1,1,5,85.87,-0.4688300000000001,0
N=Cc1onnc1C=O,125.08699999999999,5,1,2,1,5,79.84,-0.12023,0
CCC1=NC(N)=NC1=O,125.131,3,1,1,1,4,67.81,-0.30770000000000003,0
NC1=NC(=O)N=C1N,112.092,3,2,0,1,5,93.83,-1.1656,0
N=C1NC(=O)C(C=O)CO1,142.11399999999998,4,2,1,1,5,79.25000000000001,-1.11733,1
COC(=N)c1c[nH]nn1,126.119,4,2,1,1,5,74.65,-0.22353000000000017,0
CC(=O)OC1=NN=C1,112.08800000000001,4,0,0,1,4,51.019999999999996,-0.05259999999999998,0
NOC1NC(=O)CC1=O,130.103,4,2,1,1,5,81.41999999999999,-1.708200000000001,1
N=C1N=CN=C1C=O,109.08799999999998,3,1,1,1,4,65.64,-0.35453,0
CC(=O)C1=CC(=N)O1,111.09999999999998,3,1,1,1,3,50.150000000000006,0.46676999999999996,0
N=C1COC(=N)OCO1,130.103,5,2,0,1,5,75.39,-0.08066000000000012,0
CN=C1OC(CN)=NC1=O,141.13000000000002,4,1,1,1,5,77.03999999999999,-1.0713000000000001,0
CNC(=O)C1=C(N)N=N1,126.11900000000001,4,2,1,1,5,79.84,-0.6740000000000002,0
N=C1NC(=O)COC1=N,127.103,4,3,0,1,5,86.03,-0.9126600000000002,0
CN=C1C=NN=C1N,110.12,4,1,0,1,4,63.099999999999994,-0.5862,0
N#Cc1c(N)noc1O,125.08699999999999,5,2,0,1,5,96.07000000000001,-0.1659199999999999,0
N=C1NC(=O)C(=O)CO1,128.087,4,2,0,1,5,79.25000000000001,-1.36333,0
N=C1NC(=N)C(=O)O1,113.076,4,3,0,1,5,86.03000000000002,-0.95516,0
N=C(O)C1N=C(C=O)N1,127.10299999999998,4,3,2,1,5,85.53999999999999,-0.9516300000000002,1
N=C1NCNC(=O)O1,115.09199999999998,3,3,0,1,5,74.21000000000001,-0.79193,0
N=C1OCC(=O)OC1=N,128.087,5,2,0,1,5,83.22999999999999,-0.48566000000000015,0
O=CN1CC(=O)OCN1,130.103,4,1,1,1,5,58.64,-1.5362999999999996,0
N=C(N)OC1CC(=O)O1,130.10299999999998,4,2,1,1,5,85.40000000000002,-0.83053,1
CN=C1N=CC(N)=[N+]1[O-],126.119,3,1,0,1,5,76.80999999999999,-1.0758999999999999,0
O=C1CCC(=NO)O1,115.088,4,1,0,1,4,58.89,0.11110000000000003,0
COC1=C(N)N=NC1=N,126.11900000000001,4,2,1,1,5,83.82,0.20367000000000007,0
N=C1OCC(=O)C(=N)O1,128.087,5,2,0,1,5,83.23,-0.48566000000000015,0
NC1=NC(=O)N=C1CO,127.10299999999998,3,2,1,1,5,88.04,-1.0895000000000001,0
N=C1NC(=O)C(=O)N1,113.076,3,3,0,1,5,82.05000000000001,-1.8328300000000004,0
N=C1NC=CN(C=O)N1,126.119,2,3,1,1,5,68.22,-1.0414300000000003,0
N=C(N)c1nnco1,112.092,4,2,1,1,5,88.79,-0.6463300000000001,0
CC1=NOC(=N)C1=N,111.104,4,2,0,1,4,69.28999999999999,0.38954000000000005,0
N=C1NC(=O)COC1=N,127.103,4,3,0,1,5,86.03,-0.9126600000000002,0
N=C1N=COC(=O)CO1,128.087,4,1,0,1,5,71.74,-0.47713000000000005,0
N=C1N=C(N)C=C1N,110.12,3,3,0,1,4,88.25,-0.8229299999999997,0
CN1N=C(C=N)NN1N,128.139,6,3,1,1,6,80.74000000000001,-1.5098299999999991,0
N=C1NC(=O)N=C1CO,127.103,3,3,1,1,5,85.54,-0.8798300000000001,0
CNC1=NC(=O)N1CO,129.119,3,2,1,1,5,64.93,-1.0528000000000002,0
Cc1nnc(N)c(CO)n1,140.146,5,2,1,1,5,84.92,-0.7454800000000004,0
Cc1nnc(C=N)[nH]c1=O,138.13,4,2,1,1,5,82.49000000000001,-0.52901,0
N=CN1CC(=O)NCO1,129.119,3,2,1,1,5,65.42,-1.0856299999999999,0
CC1=NC(NC=N)=NC1=O,138.13,3,2,1,1,5,77.67,-0.4598300000000001,0
CCc1n[nH]nnc1=O,126.11899999999999,4,1,1,1,5,71.53,-0.8777000000000001,0
COC1=COC(=N)C1=N,126.115,4,2,1,1,4,66.16,0.50144,0
CC1=NC(=O)N=C1N,111.104,2,1,0,1,4,67.81,-0.061899999999999844,0
Nc1ncc(C=O)nn1,124.103,5,1,1,1,5,81.76,-0.7337000000000002,0
N=CN1CC(=O)OC1=O,128.087,4,1,1,1,5,70.46000000000001,-0.42772999999999994,0
Cn1nc(N)nc1C=O,126.119,5,1,1,1,5,73.80000000000001,-0.7902,0
Nc1nc(C=O)[nH]c1N,126.11899999999999,4,3,1,1,5,97.78999999999999,-0.6134000000000002,0
COc1cc(C=N)on1,126.115,4,1,2,1,4,59.11,0.6808699999999999,0
COC1=NN=C1NC=O,127.10299999999998,4,1,1,1,5,63.050000000000004,-0.8956000000000002,0
NCc1n[nH]c(=O)n1CO,144.134,5,3,2,1,6,96.92999999999999,-2.0201000000000002,0
N=C(N)OC1CNC1=N,128.135,3,4,1,1,5,94.98000000000002,-1.15446,1
Cc1nc(=O)[nH]nc1N,126.119,4,2,0,1,5,84.66,-0.9444800000000002,0
N=C1C=NC(C(N)=O)=C1,123.115,3,2,1,1,4,79.30000000000001,-0.5402300000000002,0
CC(O)C1=NN=C1N,113.12000000000002,4,2,1,1,4,70.97,-0.9060000000000001,1
O=C1C=C(O)OC1=O,114.05599999999998,4,1,0,1,4,63.6,-0.4883,0
CC(=O)C1=NN=C1N,111.10400000000001,4,1,1,1,4,67.81,-0.6978,0
N=CN1COC(=N)CO1,129.119,4,2,1,1,5,69.4,-0.2079600000000001,0
N=C1N=CC(O)=C1N,111.104,3,3,0,1,4,82.46,-0.22362999999999988,0
CN=C1N=C(O)C(=O)O1,128.087,3,1,0,1,5,71.25,-0.5145,0
C#Cc1nc(CN)no1,123.11500000000001,4,1,1,1,4,64.94,-0.4904000000000001,0
N=C1COC(=N)C(=O)N1,127.103,4,3,0,1,5,86.03,-0.9126600000000002,0
CNCc1noc(N)n1,128.135,5,2,2,1,5,76.97,-0.6288000000000002,0
Cc1onnc1NC=O,127.10299999999998,4,1,2,1,5,68.02000000000001,-0.053680000000000117,0
COc1cnc(=O)[nH]c1,126.11499999999998,3,1,1,1,4,54.98,-0.2215000000000002,0
CC1=NC(CO)=NC1=N,125.13099999999999,3,2,1,1,4,68.80000000000001,-0.17103000000000002,0
CC(=O)n1ncnn1,112.092,5,0,0,1,5,60.67,-0.6668000000000001,0
NC(=O)c1conn1,113.076,4,1,1,1,5,82.01,-0.8315000000000001,0
COc1cnc(=O)on1,128.087,5,0,1,1,5,65.22,-0.5616000000000001,0
NC1=CC(=O)N=C1N,111.10400000000001,3,2,0,1,4,81.47,-1.2736000000000003,0
N=CC1=NC(=O)C(N)=N1,124.10300000000001,4,2,1,1,5,91.66,-1.06813,0
N=C1OCC(=O)OC1=N,128.087,5,2,0,1,5,83.22999999999999,-0.48566000000000015,0
N=C(O)n1ccoc1=N,127.10299999999998,4,3,0,1,5,86.0,-0.09855999999999993,0
N=C1ON=C(N)C1=O,113.076,5,2,0,1,5,88.53,-1.16483,0
NC1=CC(=O)N=C1OCO,142.114,4,2,1,1,5,84.91000000000001,-1.2659,0
Cn1ncc(=N)c(=O)[nH]1,126.119,4,2,0,1,5,74.53,-1.4121299999999999,0
N=C1C=NC(N)=C1C=O,123.115,4,2,1,1,4,79.30000000000001,-0.5402300000000002,0
CN=C1OC(=O)N1CO,130.103,4,1,1,1,5,62.129999999999995,-0.6257999999999999,0
CN1CNC(=O)OC1=O,130.10299999999998,3,1,0,1,5,58.64000000000001,-0.2644999999999999,0
COc1cc(=N)nco1,126.115,4,1,1,1,4,59.11,0.16267000000000004,0
COC1=NC(=N)OC1=N,127.103,4,2,0,1,5,78.52000000000001,-0.02646000000000004,0
N=C1OC(=O)CN(C=O)O1,144.08599999999998,5,1,1,1,6,79.69000000000001,-1.13203,0
N=C1NCOC(C=O)N1,129.119,3,3,1,1,5,74.21,-1.3869300000000004,1
N=CN1C=NCOC1=O,127.10299999999998,4,1,1,1,5,65.75,0.03146999999999994,0
COC1=NC(=N)C(F)=N1,129.094,3,1,0,1,5,57.8,0.34767000000000003,0
N=C1N=NC(N)=C1CN,125.13500000000002,4,3,1,1,5,100.61,-0.44153000000000014,0
N=C1N=C(O)C(=O)CO1,128.087,3,2,0,1,5,82.74,-0.5230300000000001,0
N=C1OCC1OC(N)=O,130.103,4,2,1,1,5,85.4,-0.54223,1
O=CN=C1NN=C1OC=O,141.08599999999998,4,1,2,1,6,80.12,-1.369,0
N=C1C=C(C=O)N=C1O,124.09899999999998,3,2,1,1,4,73.51,0.059069999999999956,0
CCc1cc(=O)[nH]nn1,125.131,3,1,1,1,4,58.64,-0.2727000000000001,0
N#CCN1CC(O)=[N+]1[O-],127.10299999999998,3,1,1,1,5,73.33,-0.7926199999999999,0
CC1=NN=C(N)C1=O,111.104,4,1,0,1,4,67.81,-0.6978,0
N=C1CN=NC1CCO,127.14699999999998,4,2,2,1,4,68.8,0.22297,1
N=CN1COCC(=O)C1,128.13099999999997,3,1,1,1,4,53.39000000000001,-0.5477300000000003,0
N=CN1C=NC(C=O)N1,126.11899999999997,4,2,2,1,5,68.55,-1.0330300000000001,1
CNc1connc1=N,126.11900000000001,5,2,1,1,5,74.80000000000001,-0.40923000000000037,0
NCC(=O)C1=NC(N)=N1,126.11900000000001,5,2,2,1,5,93.83,-1.7589999999999995,0
N#CC(=O)OC1=CN1,110.07199999999999,4,1,1,1,4,72.03,-0.5447200000000001,0
N=C(N)C1N=CNC1=O,126.11899999999999,3,3,1,1,5,91.33000000000001,-1.5509300000000001,1
C#CC1=NC(=N)N=N1,106.08800000000001,2,1,0,1,4,60.93,0.4186700000000001,0
CC(=O)C1=NC(N)=N1,111.10400000000001,4,1,1,1,4,67.81,-0.6978,0
Nc1cnc(CO)cn1,125.13099999999999,4,2,1,1,4,72.03,-0.4489000000000001,0
Cc1onnc1NC=O,127.10299999999998,4,1,2,1,5,68.02000000000001,-0.053680000000000117,0
CC(=O)c1n[nH]c(N)n1,126.11900000000001,4,2,1,1,5,84.66,-0.41050000000000003,0
N=C1CC(=O)NC(=N)O1,127.10299999999998,4,3,0,1,5,86.03000000000002,-0.5650600000000003,0
N=COC1(C=N)OC1=O,128.087,5,2,3,1,5,86.53,-0.48725999999999997,1
N=CN1C(=O)NC1C=O,127.10299999999997,3,2,2,1,5,73.26,-0.8563300000000003,1
N=CN=C1N=CC(O)=N1,124.10299999999998,1,2,1,1,5,81.16,-0.009630000000000083,0
N=c1oc(=N)oc(=O)o1,130.059,6,2,0,1,6,104.19000000000001,-1.21526,0
CNC1=N[N-]C(=O)C1=N,125.11099999999999,4,2,0,1,5,79.41,-0.5470300000000001,0
CC1=NC(N)=NC1=N,110.12,3,2,0,1,4,74.59,-0.24712999999999996,0
Nn1c(C=O)coc1=O,128.087,5,1,1,1,5,78.22999999999999,-1.0324000000000002,0
N=C(N)C1=NN=CC1=N,123.119,4,3,1,1,5,98.44,-0.6174600000000001,0
N=COCC1=NOC1=N,127.103,5,2,3,1,5,78.52000000000001,-0.026460000000000095,0
N=C1NC(C=O)NC1=O,127.103,3,3,1,1,5,82.05000000000001,-1.7919299999999998,1
Nc1ncoc1C=NCO,141.13,5,2,2,1,5,84.64,-0.3745000000000002,0
N=C1N=CN=C1C=O,109.08799999999998,3,1,1,1,4,65.64,-0.35453,0
CC1(NC=O)NCC(=O)O1,144.13,4,2,2,1,5,67.43,-1.4474999999999996,1
CC(O)C1=NN=C1N,113.12000000000002,4,2,1,1,4,70.97,-0.9060000000000001,1
N#CC(=O)C1=NC=N1,107.072,4,0,1,1,4,65.58,-0.48052000000000006,0
N=C1C=C(N)N=C1O,111.104,3,3,0,1,4,82.46000000000001,-0.22363000000000027,0
N=C(O)c1cnon1,113.076,4,2,1,1,5,83.0,-0.04703000000000013,0
CN=C1N=C(N)N1C=O,126.119,3,1,1,1,5,71.05,-1.2411,0
CNC1=NC(=O)N=C1O,127.10299999999998,2,2,0,1,5,74.05,-0.3055999999999999,0
COC1=NC(=N)NC1=O,127.103,3,2,0,1,5,74.53999999999999,-0.9041300000000003,0
CN=C1N=C(O)C(=N)O1,127.10299999999998,3,2,0,1,5,78.03000000000002,-0.06382999999999994,0
COC1=NC(=N)N=C1N,126.11900000000001,3,2,0,1,5,83.82,-0.66313,0
CNc1nc(=O)nc(F)o1,145.093,5,1,1,1,6,68.02000000000001,-0.38940000000000013,0
Nc1cnc(C=O)nn1,124.103,5,1,1,1,5,81.76,-0.7337,0
CNC(=O)C1=NN=C1N,126.11900000000001,4,2,1,1,5,79.84,-1.5408,0
Cc1nc(C=N)c(O)[nH]1,125.13099999999997,3,3,1,1,4,72.75999999999999,0.42138999999999993,0
N=C1COCNC(=N)O1,129.119,4,3,0,1,5,78.19000000000001,-0.5076600000000004,0
Cn1ncc(=O)c(N)n1,126.11900000000001,5,1,0,1,5,73.8,-1.2425000000000004,0
N=CN=C1C=NC(N)=N1,123.119,3,2,1,1,5,86.95,-0.6089300000000002,0
NC(=O)Oc1ccno1,128.087,4,1,1,1,5,78.35000000000001,0.13210000000000022,0
N#CCc1nonc1N,124.10300000000001,5,1,1,1,5,88.73,-0.28212000000000004,0
N=C1OC=NCOC1=N,127.103,5,2,0,1,5,78.52000000000001,-0.026460000000000095,0
N=C1N=COC(C=O)O1,128.087,4,1,1,1,5,71.74,-0.4787300000000001,1
N=C1NC(=O)C=NCCO1,141.13,4,2,0,1,5,74.54,-0.8616300000000001,0
N=C1CC(=O)N1CO,114.10399999999998,3,2,1,1,4,64.39,-0.8542300000000003,0
NC1=C(N)C(=O)C=N1,111.10399999999998,4,2,0,1,4,81.47,-1.2736000000000003,0
N=C1NC=NCOC1=O,127.103,4,2,0,1,5,74.53999999999999,-0.9041300000000001,0
CN=C(N)c1nc[nH]n1,125.13499999999999,3,2,1,1,5,79.95,-0.8602000000000005,0
O=CCC1=NC=NC1=O,124.09899999999999,3,0,2,1,4,58.86,-0.4151,0
N#Cc1ncc(N)nn1,121.10300000000001,5,1,0,1,5,88.48,-0.6745200000000002,0
N=c1[nH]cnn1CCO,128.13500000000002,4,3,2,1,5,77.69,-1.3170300000000001,0
N=C1N=CNC(N)CO1,128.135,4,3,0,1,5,83.49000000000001,-1.1459300000000006,1
NCC1=NNC(=O)C1=O,127.10299999999997,4,2,1,1,5,84.54999999999998,-2.0,0
N=C1N=C(N)C(=O)O1,113.076,4,2,0,1,5,88.53000000000002,-1.16483,0
N#CCc1nncoc1=O,137.09799999999998,5,0,1,1,5,79.78,-0.50412,0
COC1=NN=C1C=N,111.10399999999998,4,1,1,1,4,57.800000000000004,0.05046999999999996,0
COC1=NC(=N)OC1=N,127.103,4,2,0,1,5,78.52000000000001,-0.02646000000000004,0
N=CC1=NN=C1[N+](=O)[O-],126.07499999999999,5,1,1,1,6,91.71000000000001,-0.31923000000000007,0
COC1=NC(=N)C(O)=N1,127.103,3,2,0,1,5,78.03,-0.06383000000000005,0
Cc1noc(N)c1C=O,126.115,4,1,1,1,4,69.12,0.37772000000000006,0
O=CC(=O)OCC1CN1,129.115,4,1,3,1,4,65.31,-1.2996999999999996,1
N=C1N=CN=C1CO,111.10399999999998,3,2,1,1,4,68.8,-0.5611300000000001,0
N=Cc1cnn[nH]c1=N,123.119,4,3,1,1,5,89.27000000000001,-0.7181600000000001,0
COC1=NN=C1NC=N,126.11899999999999,4,2,1,1,5,69.83000000000001,-0.4449300000000002,0
CC(=O)c1nc(N)n[nH]1,126.11900000000001,4,2,1,1,5,84.66,-0.41050000000000025,0
O=CNC1=NC=NC1=O,125.08699999999999,3,1,1,1,5,70.89,-1.3006000000000002,0
N=C1NCC(=O)N=CO1,127.103,3,2,0,1,5,74.54,-0.9041300000000001,0
N=COc1cc(N)ncn1,138.13,5,2,2,1,5,84.88,0.0446700000000001,0
Cc1c[nH]nnc1=NCO,140.14600000000002,4,2,1,1,5,74.16,-1.0363800000000003,0
N=C1N=COC(C=O)N1,127.10299999999998,3,2,1,1,5,74.53999999999999,-0.9057300000000001,1
COC(=O)C1=NC(O)=N1,128.087,4,1,1,1,5,71.25,-0.5145,0
CN=c1nc(N)c1=O,111.104,4,1,0,1,4,68.34,-1.5698999999999999,0
NC1=C(N)C(C=O)=N1,111.10399999999998,4,2,1,1,4,81.47,-1.2735999999999998,0
N=C1OCC(=O)OC1=N,128.087,5,2,0,1,5,83.22999999999999,-0.48566000000000015,0
CC(=N)n1cnnc1N,125.135,5,2,0,1,5,80.58,-0.29443000000000014,0
NC(=O)OC1=NCOC1,130.103,4,1,0,1,5,73.91000000000001,-0.5321,0
COc1n[nH]nc1C=N,126.11899999999999,4,2,2,1,5,74.65,-0.1890300000000002,0
N=CN1C(=N)N=C1N,111.108,3,3,1,1,5,89.32000000000001,-0.8414600000000001,0
CN=C1CONC(=O)N1,129.119,3,2,0,1,5,62.72,-0.7409000000000001,0
CNC1=NN=C1C=O,111.10399999999998,4,1,1,1,4,53.82,-0.8272000000000002,0
N=C1NCNC(=O)CO1,129.119,3,3,0,1,5,74.21000000000001,-1.3853300000000002,0
CC1(C(=O)O)NC1=N,114.104,2,3,1,1,4,83.09,-0.5898300000000003,1
COc1nn[nH]c1C=N,126.11899999999999,4,2,2,1,5,74.65,-0.1890300000000002,0
N=C1COCOC1=N,114.104,4,2,0,1,4,66.16,-0.012259999999999882,0
NC(=O)c1ncoc1N,127.103,4,2,1,1,5,95.14,-0.6443000000000003,0
N=C1NC(=O)C(=O)CO1,128.087,4,2,0,1,5,79.25000000000001,-1.36333,0
CCOC1=NC(=N)N=N1,126.11900000000001,3,1,1,1,5,70.16,0.7794700000000001,0
NC1=NC(=O)C(C=O)=C1,124.09899999999996,3,1,1,1,4,72.52,-0.9909000000000001,0
N=C1N=CN=C1NC=O,124.10299999999998,3,2,1,1,5,77.67,-0.8499300000000003,0
N=C1COC(=N)OCN1,129.119,4,3,0,1,5,78.19,-0.5076600000000002,0
N=CN1C=NC(C=O)N1,126.11899999999997,4,2,2,1,5,68.55,-1.0330300000000001,1
CN=C1N=C(N)C(C=N)=N1,137.146,3,2,1,1,5,86.95,-0.5664299999999998,0
N=C1OCNC(C=O)O1,130.10299999999998,5,2,1,1,5,71.41,-0.9599300000000004,1
N=c1cn[nH]nc1C=O,124.10299999999998,4,2,1,1,5,82.49000000000001,-0.9033300000000004,0
N=C1NC(CO)C(=O)O1,130.103,4,3,1,1,5,82.41000000000001,-1.5715299999999999,1
NC=C1N=CC(N)=[N+]1[O-],126.119,4,2,0,1,5,90.47,-1.3040999999999996,0
N=C1CNCOC(=N)O1,129.119,5,3,0,1,5,78.19000000000001,-0.5076600000000004,0
CC1=NC(N)=NC1=N,110.12,3,2,0,1,4,74.59,-0.24712999999999996,0
N=C1OC(=O)C(=O)O1,115.04399999999998,5,1,0,1,5,76.45,-0.9788300000000001,0
NC1=C(N)C(C=O)=N1,111.10399999999998,4,2,1,1,4,81.47,-1.2735999999999998,0
N=C1N=CN1CC(N)=O,126.119,2,2,2,1,5,82.53999999999999,-1.24963,0
CNC1N=COC(=O)N1,129.119,4,2,1,1,5,62.720000000000006,-0.7425000000000002,1
N=C1OCCOC(=N)O1,130.103,5,2,0,1,5,75.39,-0.0806599999999999,0
COC#Cc1n[nH]nc1O,139.114,4,2,0,1,5,71.03,-0.5343000000000001,0
C=Cc1nc(CO)n[nH]1,125.13099999999999,3,2,2,1,4,61.800000000000004,-0.05999999999999994,0
CN=C1N=C(N)OC1=O,127.103,4,1,0,1,5,77.03999999999999,-1.1138,0
CNC1=CN=NC1=O,111.104,3,1,1,1,4,53.82,0.03959999999999991,0
N=C1N=C(N)N=C1C=O,124.103,4,2,1,1,5,91.66,-1.06813,0
N=C1OC(C=O)OC1=O,129.071,5,1,1,1,5,76.44999999999999,-0.9379300000000002,1
N#CCNC1=NC(=O)N1,124.103,3,2,1,1,5,77.28,-0.8212200000000001,0
O=Cc1nnc(CO)[nH]1,127.10299999999998,4,2,2,1,5,78.87,-0.8905000000000001,0
N=c1oc(=N)n(C=O)o1,129.075,6,2,1,1,6,95.98,-1.3286600000000002,0
O=CN1C=NCOC1=O,128.087,4,0,1,1,5,58.970000000000006,-0.4192,0
CN1CNC(=N)C(=O)O1,129.119,4,2,0,1,5,65.42,-1.08563,0
N=CN1CCOC1=O,114.10399999999998,3,1,1,1,4,53.39000000000001,0.04566999999999988,0
N=C1N=C(N)OC1=N,112.092,4,3,0,1,5,95.31,-0.7141600000000001,0
CC1=NC(=O)N1CN,113.12,2,1,1,1,4,58.69,-0.24339999999999995,0
N=C1OCC(CN)=[N+]1[O-],129.11900000000003,4,2,1,1,5,85.16999999999999,-1.13863,0
CCc1nn[nH]c1N=O,126.11899999999999,4,1,2,1,5,71.0,0.7649999999999999,0
N#CCNC1=NOC1=N,124.103,5,2,1,1,5,81.25999999999999,-0.57945,0
C#Cc1noc(=N)n1N,124.10300000000001,5,2,0,1,5,80.83,-1.3493300000000004,0
N=C1OC(N)=C1NC=O,127.103,4,3,2,1,5,88.19999999999999,-1.1323300000000003,0
N=CC1=NCOC1=NO,127.103,5,2,1,1,5,78.03,-0.1476300000000001,0
CC1=NC(N)=NC1=O,111.104,3,1,0,1,4,67.81,-0.6978,0
N=C1N=CC(CO)=[N+]1[O-],127.103,3,2,1,1,5,82.50999999999999,-1.0508300000000002,0
N=C(CO)C1=NC(=O)O1,128.087,4,2,2,1,5,82.74,-0.45282999999999995,0
COC(=N)C1=NC(N)=N1,126.11900000000001,5,2,1,1,5,83.82,-0.6631300000000002,0
CC1=NC(=N)N=C1CN,124.147,2,2,1,1,4,74.59,-0.20462999999999998,0
N=C1COC(=N)OCO1,130.103,5,2,0,1,5,75.39,-0.08066000000000012,0
O=Cc1conc1O,113.07199999999999,4,1,1,1,4,63.33,0.19270000000000004,0
CC(=O)c1c(N)c1=N,110.116,3,2,1,1,3,66.94,-0.17353000000000007,0
CNC1=NN(CO)C1=N,128.135,4,3,1,1,5,71.71000000000001,-1.23803,0
O=C1COC(=O)NCN1,130.103,3,2,0,1,5,67.43,-1.2001,0
N=CC1=NC(C(N)=O)=N1,124.10300000000001,4,2,2,1,5,91.66000000000001,-1.06813,0
N#CN1OC(=N)OCC1=N,140.102,5,2,0,1,6,93.19,-0.35667999999999983,0
NC(C=O)c1c[nH]nn1,126.119,4,2,2,1,5,84.66000000000001,-0.9966000000000002,1
N=CN1CC(=O)C(=O)O1,128.087,4,1,1,1,5,70.46000000000001,-1.06363,0
N=C1NC(=N)C(=O)CO1,127.103,4,3,0,1,5,86.03000000000002,-0.91266,0
N=C1OC=NCNC1=O,127.103,4,2,0,1,5,74.53999999999999,-0.9041300000000003,0
N=C1NCC(=O)OC1=N,127.103,4,3,0,1,5,86.03,-0.9126600000000002,0
N=C1C=NC(=N)OCC1,125.131,3,2,0,1,4,69.29,0.43204,0
N#COCN=C1CN1C=N,138.13,4,1,3,1,5,72.24,-0.23725000000000013,0
CN=C1OC(=O)NC1=O,128.087,4,1,0,1,5,67.75999999999999,-0.7189000000000001,0
N=C1N=CC(=NO)O1,113.076,4,2,0,1,5,78.03,-0.19013000000000008,0
N=CNC1=NCNC(=N)O1,141.13400000000001,4,4,1,1,6,93.35000000000001,-0.94886,0
NCC(=O)C1=NC(=O)O1,128.087,4,1,2,1,5,81.75000000000001,-0.9370999999999998,0
CC1=NOC(=N)C1=O,112.088,4,1,0,1,4,62.51,-0.06112999999999996,0
Nc1cnoc1C=NCO,141.13,5,2,2,1,5,84.64,-0.3745,0
C#Cc1nnoc1N,109.088,4,1,0,1,4,64.94,-0.36689999999999995,0
Cc1nonc1NC=O,127.10299999999998,4,1,2,1,5,68.02000000000001,-0.053680000000000117,0
N=C1NC(C=O)=C1NO,127.10299999999998,4,4,2,1,5,85.21000000000001,-1.04383,0
CN=C1C=NC(C=N)=N1,122.13099999999999,3,1,1,1,4,60.93,0.14716999999999997,0
O=C1ON=C1COCO,131.08700000000002,5,1,3,1,5,68.12,-1.1343999999999999,0
CC1=NN=C(NC=O)C1=N,138.13,4,2,1,1,5,77.67,-0.4598300000000001,0
N=C1OCC(=O)OC1=N,128.087,5,2,0,1,5,83.22999999999999,-0.48566000000000015,0
Nc1ncnoc1=O,113.07599999999998,5,1,0,1,5,82.00999999999999,-0.988,0
NC(=O)OC1=CN=C1N,127.10300000000001,4,2,1,1,5,90.7,-0.7061,0
Cc1n[nH]c(=N)c(N)n1,125.135,4,3,0,1,5,91.44,-0.82521,0
N=C1CNC(=N)N1C=O,126.11899999999999,3,3,1,1,5,80.04,-1.0399600000000004,0
CNC1=C(N)N=NC1=O,126.11900000000001,4,2,1,1,5,79.84,-0.6740000000000002,0
N=C1C=C(F)N=C1N,113.09500000000001,3,2,0,1,4,62.230000000000004,0.18787000000000015,0
CNc1nc(C=O)n[nH]1,126.11899999999999,4,2,2,1,5,70.67,-0.3411000000000001,0
N=COC1C(=[NH2+])OCC1=O,143.122,4,2,2,1,5,84.97,-2.26443,1
Nc1nocc1N=NC=O,140.102,5,1,2,1,6,93.84,0.4969,0
Nc1cnc(=O)oc1,112.08799999999998,4,1,0,1,4,69.12,-0.383,0
NC1=C(CO)C(=O)N=N1,127.103,4,2,1,1,5,88.04,-0.8586000000000003,0
N#CCc1nncc(=N)o1,136.114,5,1,1,1,5,86.56,-0.3848500000000001,0
NC1=NC=C(O)C1=O,112.08799999999998,4,2,0,1,4,75.68,-0.6743000000000001,0
N=C1NC(=O)C(=O)N1,113.076,3,3,0,1,5,82.05000000000001,-1.8328300000000004,0
N=C1NCC(=O)OCO1,130.103,4,2,0,1,5,71.41000000000001,-0.9583300000000001,0
N=c1[nH]ncnc1C=O,124.10299999999998,4,2,1,1,5,82.49000000000001,-0.9033300000000004,0
CC(N)(O)C1=NC=N1,113.12,4,2,1,1,4,70.97,-0.9060000000000001,1
CN1C=NOC(N)=[N+]1[O-],130.107,5,1,0,1,6,76.91999999999999,-1.3683,0
N=C(C=O)OOC1CO1,131.087,5,1,3,1,5,71.91000000000001,-0.5329300000000001,1
Nc1cnc(=O)oc1N,127.103,5,2,0,1,5,95.14,-0.8008,0
CNC1=NC=NC1=O,111.10399999999998,3,1,0,1,4,53.82,-0.8272000000000002,0
O=C1N=C(CO)NC1=O,128.087,3,2,1,1,5,78.75999999999999,-1.9663999999999997,0
CN=C1NC(=O)C(=N)O1,127.10299999999998,4,2,0,1,5,74.54,-0.9041300000000001,0
N=CN=C1NCNC(=O)O1,142.118,3,3,1,1,6,86.57000000000001,-0.76363,0
N=CNC1COC1=NO,129.11900000000003,4,3,2,1,5,77.7,-0.63043,1
COC1=[N+]([O-])C(=N)N=C1,127.103,3,1,0,1,5,71.50999999999999,-0.43923000000000023,0
N=C1N=CC(CO)=C1O,126.11499999999998,3,3,1,1,4,76.67,-0.14752999999999994,0
N=C1CN=CNC(=O)O1,127.10299999999998,4,2,0,1,5,74.54,-0.26823000000000013,0
N=C1N=C(C(=O)O)O1,114.05999999999997,3,2,1,1,5,82.74000000000001,-0.5655299999999999,0
NC1=NC(C=O)OCO1,130.10299999999998,5,1,1,1,5,73.91,-1.1696,1
N=CCC1=NC=NC1=O,123.115,3,1,2,1,4,65.64,0.035569999999999935,0
CC(O)C1=C(N)N=N1,113.12000000000002,4,2,1,1,4,70.97,-0.03919999999999996,1
N=C1COC(=N)OCO1,130.103,5,2,0,1,5,75.39,-0.08066000000000012,0
COc1n[nH]c(C=O)n1,127.10299999999998,4,1,2,1,5,67.87,-0.37420000000000003,0
Cc1nonc1NC=N,126.11899999999999,4,2,2,1,5,74.80000000000001,0.39698999999999995,0
CC(=O)c1n[nH]c(N)n1,126.11900000000001,4,2,1,1,5,84.66,-0.41050000000000003,0
N=CC1=NN=C1CN,110.12,4,2,2,1,4,74.59,-0.59473,0
N=CN1COC(=O)CN1,129.119,4,2,1,1,5,65.42,-1.0856300000000003,0
COc1cc(=N)[nH]nn1,126.11900000000001,4,2,1,1,5,74.65,-0.7072300000000002,0
O=C(CO)c1ncn[nH]1,127.10300000000001,4,2,2,1,5,78.87,-1.0203000000000002,0
N=Cc1ncnoc1=O,125.08699999999999,5,1,1,1,5,79.84,-0.57253,0
NC(C=O)C(=O)C1=CN1,126.11499999999998,4,2,3,1,4,82.10000000000001,-1.4737000000000002,1
N=C1NC=CNC(=O)N1,126.119,2,4,0,1,5,77.01,-0.7052300000000002,0
N=C1C=NN=C(F)C1=O,127.07799999999999,4,1,0,1,5,65.64,-0.05732999999999999,0
COc1nn[nH]c(=N)n1,127.107,5,2,1,1,6,87.54,-1.3122300000000002,0
N=C1OC(N)=NC1=O,113.07600000000001,4,2,0,1,5,88.53,-1.1648300000000003,0
COc1nc(C=O)n[nH]1,127.103,4,1,2,1,5,67.87,-0.37420000000000025,0
N=CC(N)c1nc1=O,111.104,4,2,2,1,4,79.83000000000001,-1.0332299999999999,1
CC1=NC(=O)N=C1N,111.104,2,1,0,1,4,67.81,-0.061899999999999844,0
COC1=NC(N)=NC1=O,127.10300000000001,4,1,0,1,5,77.03999999999999,-1.1138000000000001,0
CC1=NN=C(NCO)C1=O,141.13,5,2,1,1,5,74.05000000000001,-1.1171000000000002,0
Cn1nnc(CCO)n1,128.135,5,1,2,1,5,63.83,-1.2551000000000003,0
N=C1N=CNC(=O)CO1,127.10299999999998,3,2,0,1,5,74.54,-0.9041300000000001,0
NC1=NC(=O)CC(=O)N1,127.10299999999998,3,2,0,1,5,84.55,-1.6524000000000005,0
Cn1ncnc1C(=N)O,126.11899999999999,4,2,1,1,5,74.79,-0.3015299999999997,0
C#CC(N)C1=NC(=N)O1,123.115,3,2,1,1,4,71.46,-0.6896300000000002,1
O=C1C=C(O)C(O)=N1,113.07199999999999,2,2,0,1,4,69.89,-0.07500000000000007,0
N=C1COC(=N)OCO1,130.103,5,2,0,1,5,75.39,-0.08066000000000012,0
CCc1nc(=O)[nH]n1C=O,141.13,4,1,2,1,5,67.75,-0.8279000000000003,0
NCC1=NN=C1NC=O,126.11899999999997,4,2,2,1,5,79.84,-1.5408000000000004,0
NC(=O)c1nnc(N)o1,128.091,5,2,1,1,6,108.03,-1.2493000000000007,0
NC(=O)CC1=NN=C1N,126.11900000000001,4,2,2,1,5,93.83,-1.4114,0
COc1cnnc(O)c1O,142.114,5,2,1,1,5,75.47000000000001,-0.10360000000000014,0
N=CN1CC(=O)NC1=N,126.11899999999999,3,3,1,1,5,80.04,-1.03996,0
N=CN1CC(C(=N)O)O1,129.11899999999997,3,3,2,1,5,80.4,-0.25545999999999985,1
NC1=NC(=O)C(=O)N=C1,125.08699999999997,3,1,0,1,5,84.88,-1.5188,0
N=C1CC(C(=O)O)O1,115.08799999999998,3,2,1,1,4,70.38000000000001,-0.16283000000000009,1
N=c1occc(=O)n1N,127.10300000000001,5,2,0,1,5,85.01,-1.36543,0
COc1cnoc1N=N,127.103,5,1,2,1,5,71.47,1.34567,0
N=C1NC(=O)C(C=O)O1,128.087,4,2,1,1,5,79.25000000000001,-1.3649300000000002,1
N=C1NCC(=O)C(=N)O1,127.103,4,3,0,1,5,86.03000000000002,-0.9126600000000002,0
COC1=NN=C1NC=N,126.11899999999999,4,2,1,1,5,69.83000000000001,-0.4449300000000002,0
N=C1NN=C(CN)C1=O,126.119,4,3,1,1,5,91.33000000000001,-1.5493300000000005,0
CN=C1N=CN=C1O,111.10399999999998,2,1,0,1,4,57.31,0.013100000000000056,0
N=C1N=C(N)C(O)=N1,112.092,2,3,0,1,5,94.82000000000001,-0.75153,0
O=CC1C(=NO)C1=NO,128.087,5,2,1,1,5,82.25,-0.5245000000000002,0
N=C1N=CN=C1NC=O,124.10299999999998,3,2,1,1,5,77.67,-0.8499300000000003,0
Cc1noc(=N)c(=O)o1,128.087,5,1,0,1,5,80.09,-0.5843100000000001,0
CCNc1ncc(=N)on1,140.146,5,2,2,1,5,74.80000000000001,-0.019130000000000202,0
N=c1cnnc(N)o1,112.092,5,2,0,1,5,88.79,-0.8687300000000002,0
O=C1C=C(CO)N=N1,112.08800000000001,3,1,1,1,4,62.019999999999996,-0.14500000000000005,0
COc1nn[nH]c1C=N,126.11899999999999,4,2,2,1,5,74.65,-0.1890300000000002,0
CC(=O)n1[nH]nc1O,115.09199999999998,4,2,0,1,5,70.91,-0.42310000000000014,0
N=Cn1nc(O)cc1N,126.11899999999999,5,3,1,1,5,87.92,-0.37393000000000004,0
N=C1CNC(=N)C(O)O1,129.11899999999997,4,4,0,1,5,89.19000000000001,-1.1208600000000006,1
N=CN1CC(=O)C(N)N1,128.135,4,3,1,1,5,82.21000000000001,-1.732429999999999,1
Nc1ocnc1C=O,112.08799999999998,4,1,1,1,4,69.12,0.06930000000000014,0
COC1OC(=N)OC1=N,130.103,5,2,1,1,5,75.39000000000001,-0.08226000000000011,1
N=CN1NC(=O)C1CO,129.119,3,3,2,1,5,76.42,-1.6988300000000003,1
Nc1nn[nH]c1C=O,112.09199999999997,4,2,1,1,5,84.66,-0.8006000000000004,0
N=c1oc(=N)oc(=O)o1,130.059,6,2,0,1,6,104.19000000000001,-1.21526,0
N=Cc1cnc(N)n1N,125.13500000000002,5,3,1,1,5,93.71,-0.8232300000000001,0
NC1=NC(=O)N=C1CO,127.10299999999998,3,2,1,1,5,88.04,-1.0895000000000001,0
N=Cc1ncc(N)n1O,126.119,5,3,1,1,5,87.92,-0.2997300000000002,0
N=C1OCC(=N)C(=N)O1,127.103,5,3,0,1,5,90.01,-0.034989999999999966,0
CC(=O)OC1=NC(=O)O1,129.071,4,0,0,1,5,64.96,0.05570000000000003,0
NC1=CN=NC1=O,97.077,3,1,0,1,4,67.81,-0.22110000000000002,0
Nc1cc(=O)oc(N)n1,127.10300000000001,5,2,0,1,5,95.14,-0.8008000000000002,0
Cc1noc(=O)c(=N)o1,128.087,5,1,0,1,5,80.09,-0.5843099999999999,0
Cc1nnc(N)n1C=O,126.119,5,1,1,1,5,73.8,-0.7929800000000002,0
N=c1onc(C(N)=O)o1,129.075,5,2,1,1,6,106.11,-1.1540300000000001,0
N=C1NN1C(=O)C=O,113.07599999999998,3,2,1,1,5,82.94,-1.53313,0
N=C1N=C(N)N=C1C=O,124.103,4,2,1,1,5,91.66,-1.06813,0
N=C1N=C(N)N=C1C=O,124.103,4,2,1,1,5,91.66,-1.06813,0
O=C1CCONC(=O)O1,131.087,4,1,0,1,5,64.63,-0.42549999999999993,0
N=C1OCOC1=NC=O,128.087,4,1,1,1,5,71.74000000000001,-0.47713000000000005,0
N=C1CC(=O)OC(=O)O1,129.07099999999997,5,1,0,1,5,76.45,0.047170000000000045,0
O=CC1=NC=NC1=O,110.07199999999999,3,0,1,1,4,58.86,-0.8052000000000001,0
Cc1nnc(CO)n1N,128.135,5,2,1,1,5,76.96000000000001,-1.2073800000000001,0
NC1=C(CO)C(=O)N1N,129.119,4,3,1,1,5,92.58,-2.1351,0
CN(C#N)C1=NC=N1,108.104,4,0,0,1,4,51.75,-0.20282,0
CCn1ncnc1N,112.136,4,1,1,1,4,56.730000000000004,-0.11980000000000002,0
COC1=NC(N)=NC1=O,127.10300000000001,4,1,0,1,5,77.03999999999999,-1.1138000000000001,0
COC1=NOC(=N)C1=O,128.087,5,1,0,1,5,71.74000000000001,-0.47713,0
N=Cc1nc(N)oc1CO,141.13000000000002,5,3,2,1,5,96.13000000000001,-0.2532299999999999,0
NN=C1OCC1=NCO,129.11900000000003,5,2,1,1,5,80.2,-1.3204000000000002,0
N#CCC1=NN=C1N,108.10400000000001,4,1,1,1,4,74.53,-0.37311999999999984,0
N=CN1CC(CO)=NN1,128.135,4,3,2,1,5,71.71000000000001,-1.23803,0
CNC1=NN=C(N)C1=N,125.135,5,3,0,1,5,86.62,-1.0901299999999996,0
NC(=O)NC1=CN=C1,111.10399999999998,2,2,1,1,4,67.48,-0.4195,0
CC(=O)n1nc(N)o1,115.092,5,1,0,1,5,74.05,-0.28159999999999996,0
CC(=O)C1=CN=NC1=O,124.09899999999999,3,0,1,1,4,58.86,0.4517,0
N=C1N=C(C(N)=O)O1,113.076,3,2,1,1,5,88.53000000000002,-1.1648300000000003,0
N=C1COC(=N)NCO1,129.119,4,3,0,1,5,78.19,-0.5076600000000002,0
N=C1OCC(=O)C(=N)O1,128.087,5,2,0,1,5,83.23,-0.48566000000000015,0
COC1=NC(F)=C1N,116.09500000000001,3,1,0,1,4,47.61,0.1422,0
N=C1ON=C1NC=CO,127.10299999999997,5,3,1,1,5,77.7,-0.07383000000000012,0
N=C1ON=C1NCC=O,127.10299999999998,5,2,2,1,5,74.53999999999999,-0.9041300000000003,0
N=c1nc(C=O)c1=O,110.07199999999997,4,1,1,1,4,70.88,-1.39063,0
N=CC1=NC(C(N)=O)=N1,124.10300000000001,4,2,2,1,5,91.66000000000001,-1.06813,0
N#CCc1c[nH]c(=N)o1,123.11499999999998,3,2,1,1,4,76.57,0.15325,0
N=C1CC(=O)COC1=N,126.11499999999998,4,2,0,1,4,74.0,-0.027159999999999795,0
Cc1n[nH]c(=O)n1C=N,126.11899999999999,4,2,1,1,5,74.53,-0.6650100000000001,0
N=C(O)C1=NC(O)=C1,112.08799999999998,3,3,1,1,4,76.67,0.37567,0
N=c1nc(CN)cn[nH]1,125.135,4,3,1,1,5,91.44,-1.2571300000000003,0
CN=C1N=CN=C1N,110.12,3,1,0,1,4,63.099999999999994,-0.5861999999999998,0
Cn1nc(N)c(CO)n1,128.135,5,2,1,1,5,76.96000000000001,-1.1104,0
Nc1ncn(C=O)c1N,126.11899999999999,5,2,1,1,5,86.92999999999999,-0.9142000000000001,0
Nc1cnoc1C=NC=O,139.11399999999998,4,1,2,1,5,81.47999999999999,-0.16789999999999994,0
O=Cc1n[nH]c(C=O)n1,125.08699999999997,4,1,2,1,5,75.71000000000001,-0.5703,0
COc1cn[nH]c(=N)n1,126.119,4,2,1,1,5,74.65,-0.70723,0
N=CN1C(=O)NC1=NO,128.09099999999998,4,3,1,1,6,88.78000000000002,-0.6361300000000003,0
Cc1noc(=N)c(O)n1,127.103,5,2,0,1,5,83.0,-0.43691,0
CN=C1N=C(N)NC1=O,126.119,3,2,0,1,5,79.84,-1.5408,0
CC1=NCNC(=O)CO1,128.13099999999997,3,1,0,1,4,50.69,-0.49130000000000007,0
COc1nc(N)cn1C=O,141.13,5,1,2,1,5,70.14,-0.4878,0
CN=C1N=NC(C=N)=N1,123.11899999999999,3,1,1,1,5,73.28999999999999,0.48607000000000006,0
N=Cc1oncc1CN,125.131,4,2,2,1,4,75.9,0.13097000000000014,0
N=C1N=NCOC1C=O,127.10299999999998,4,1,1,1,5,74.87,-0.028930000000000122,1
CC(=O)C1=NNC1=N,111.104,3,2,1,1,4,65.31,-0.4881300000000001,0
N=C1NC(=N)C(=O)OCO1,143.102,5,3,0,1,6,95.26000000000002,-0.98106,0
CC1=NC(=N)N=C1C=N,122.13099999999999,2,2,1,1,4,72.42,0.48624,0
CN=C1CONC(=O)N1,129.119,3,2,0,1,5,62.72,-0.7409000000000001,0
Cn1nc(N)c(CO)n1,128.135,5,2,1,1,5,76.96000000000001,-1.1104,0
CC1CNC(=N)OC1=O,128.131,3,2,0,1,4,62.18,-0.2963299999999999,1
CNc1cnc(=N)on1,126.119,5,2,1,1,5,74.80000000000001,-0.40923000000000015,0
CC(=O)n1cnnc1N,126.11900000000001,5,1,0,1,5,73.8,-0.47959999999999997,0
CNc1n[nH]c(C=O)n1,126.11899999999999,4,2,2,1,5,70.67,-0.3411000000000001,0
N=CC(N)C1N=C1O,113.11999999999999,3,3,2,1,4,82.46000000000001,-0.6980299999999999,2
N=C1OCC(C(N)=O)O1,130.103,4,2,1,1,5,85.39999999999999,-1.1781300000000001,1
O=CC1=NNC=NC=N1,124.10299999999998,5,1,1,1,5,66.18,-0.8414000000000001,0
NC1=CC(=O)C(=O)O1,113.07199999999999,4,1,0,1,4,69.39,-1.0876000000000001,0
N=C(N)OC1C=NC=N1,126.11899999999999,4,2,1,1,5,83.82000000000001,-0.66473,1
N=C1COC(=N)C(=O)O1,128.087,5,2,0,1,5,83.23,-0.48566000000000015,0
Cc1nc(=N)oc(=O)[nH]1,127.10299999999998,4,2,0,1,5,82.74000000000001,-0.8492100000000002,0
N=C1COC(=N)OCO1,130.103,5,2,0,1,5,75.39,-0.08066000000000012,0
CC1=NC(=N)N=C1N,110.12,2,2,0,1,4,74.59,-0.24712999999999996,0
NC(=O)N1C=NCC1=O,127.103,3,1,0,1,5,75.76,-1.0644,0
CC1=C(CO)C(=N)N=N1,125.131,3,2,1,1,4,68.8,0.6957700000000001,0
N=C1N=C(CO)N=C1N,126.119,4,3,1,1,5,94.82,-1.2747300000000001,0
CC1=NC(=N)NC1=O,111.10399999999998,2,2,0,1,4,65.31,-0.4881300000000001,0
CN=C1C=NN=C1N,110.12,4,1,0,1,4,63.099999999999994,-0.5862,0
NC(=O)C1=NC(=O)N1,113.076,2,2,1,1,5,84.55000000000001,-1.4066,0
CC1=C(OCO)C(=N)N=N1,141.13,4,2,2,1,5,78.03,0.6273700000000001,0
N=CN1OCOC1C=O,130.10299999999998,4,1,2,1,5,62.62000000000001,-0.6602300000000001,1
N=C1C=NC(=O)N=C1O,125.08699999999999,2,2,0,1,5,85.87,0.16707000000000005,0
N=COc1noc(C=N)n1,140.10199999999998,6,2,3,1,6,95.85000000000001,0.053139999999999965,0
CCn1cnc(=O)n1N,128.135,5,1,1,1,5,65.84,-1.2214999999999996,0
N=c1ncnc(C=O)[nH]1,124.10299999999998,4,2,1,1,5,82.49000000000001,-0.90333,0
N=C1COC(=O)N=CO1,128.087,4,1,0,1,5,71.74,0.15877000000000002,0
CCC1=NC(N)=NC1=O,125.131,3,1,1,1,4,67.81,-0.30770000000000003,0
CNc1ncoc(=N)n1,126.11899999999999,5,2,1,1,5,74.80000000000001,-0.4092299999999999,0
COC1=NN=C1NC=N,126.11899999999999,4,2,1,1,5,69.83000000000001,-0.4449300000000002,0
N=CC1N=COC(O)=N1,127.10299999999998,4,2,1,1,5,78.03,-0.06543000000000015,1
COc1cc(=N)[nH]cn1,125.131,3,2,1,1,4,61.76,-0.10222999999999993,0
N=C1N=C(N)C(=N)O1,112.092,4,3,0,1,5,95.31000000000002,-0.7141600000000001,0
N=C1OC(=O)OC1=N,114.05999999999999,5,2,0,1,5,83.22999999999999,0.10774,0
CC1=NC(=O)C(N)=N1,111.104,3,1,0,1,4,67.81,-0.6978,0
N=CCC1=NC(=N)C=N1,122.131,3,2,2,1,4,72.42,0.48624,0
NC(=O)N1C=NCCO1,129.119,3,1,0,1,5,67.92,-0.6594,0
Nc1cn(O)nc1CO,129.119,5,3,1,1,5,84.3,-0.8051000000000001,0
NC1=NOC(=O)C1=O,114.05999999999999,5,1,0,1,5,81.75,-1.6155,0
CC1(C(=N)O)NC1=N,113.11999999999999,2,4,1,1,4,89.87,-0.13916000000000006,1
N=C1COC(=N)OCO1,130.103,5,2,0,1,5,75.39,-0.08066000000000012,0
CCC(=O)C1CC(=O)N1,127.14299999999999,2,1,2,1,3,46.17,-0.14600000000000007,1
COC1=NC(F)=NC1=O,130.078,3,0,0,1,5,51.02,-0.10300000000000004,0
N=C1COC(C(=N)CN)O1,143.14600000000002,5,3,2,1,5,92.18,-0.68496,1
Cc1ncn[nH]c1=NC=O,138.13,3,1,1,1,5,71.0,-0.8297800000000002,0
CC(=O)C1=NC(=O)N1,112.088,2,1,1,1,4,58.53,-0.3028999999999999,0
C#CC(=O)C1=NC(=N)O1,122.083,3,1,1,1,4,62.510000000000005,-0.44783,0
N=C1COC(=N)OCO1,130.103,5,2,0,1,5,75.39,-0.08066000000000012,0
CN=C1OC(=N)N=C1N,126.11900000000001,4,2,0,1,5,83.82,-0.66313,0
N=C1N=C(C(=N)CN)CO1,140.14600000000002,4,3,2,1,5,95.31,-0.6291600000000002,0
NC(=O)C1=NC(N)=C1,111.104,3,2,1,1,4,81.47,-1.2736000000000003,0
CN=C1ON=C1CO,114.10399999999998,4,1,1,1,4,54.18000000000001,-0.6068,0
N=C(O)n1cnc(N)c1,126.119,4,3,0,1,5,87.92,-0.1938300000000001,0
N=CN1CC(O)C1=NO,129.119,4,3,1,1,5,79.91000000000001,-0.9423300000000001,1
N=C1NN=C1C(N)=O,112.092,3,3,1,1,5,91.33000000000001,-1.5918300000000003,0
Cc1nn[nH]c1NC=O,126.11899999999997,3,2,2,1,5,70.67,-0.31858000000000025,0
N=CC1=NC(=N)C(=O)N1,124.103,3,3,1,1,5,89.16,-0.8584600000000002,0
CC(N)(O)C1=CN=N1,113.12,4,2,1,1,4,70.97,-0.03919999999999996,1
CN=C1OC(=N)N=C1O,127.103,3,2,0,1,5,78.03,-0.06383000000000005,0
Nc1n[nH]nc1CC=O,126.11899999999999,4,2,2,1,5,84.66,-0.8717000000000006,0
COc1cnc(O)nc1O,142.114,5,2,1,1,5,75.47,-0.10360000000000019,0
N=c1[nH]ccn1CO,113.12,3,3,1,1,4,64.8,-0.7545300000000004,0
C#CCc1n[nH]nc1N,122.13100000000001,3,2,1,1,4,67.59,-0.4374000000000002,0
N=CN1C(=N)COC1=N,126.11899999999999,4,3,1,1,5,84.02000000000001,-0.1622900000000002,0
N=C1N=C(N)N=C1C=O,124.103,4,2,1,1,5,91.66,-1.06813,0
N=C1ON=C1NC=O,113.07599999999998,4,2,1,1,5,74.53999999999999,-0.9466300000000003,0
N=C1NCCNC(=O)O1,129.119,3,3,0,1,5,74.21000000000001,-0.7494299999999996,0
O=C1OC=NC1CO,115.08799999999998,4,1,1,1,4,58.89,-1.0676,1
N=C1NCCN=NC1O,128.13500000000002,4,3,0,1,5,80.83,-0.6625300000000001,1
O=CC1=NCC(=O)OCN1,142.114,5,1,1,1,5,67.76,-1.3123000000000005,0
N=CN=C1NOCC1=O,127.10299999999998,3,2,1,1,5,74.53999999999999,-0.9041300000000001,0
NC(=O)C1C=NC(N)=N1,126.11900000000001,4,2,1,1,5,93.83,-1.7605999999999993,1
N=C1NC(C=O)C(=O)O1,128.087,4,2,1,1,5,79.25000000000001,-1.3649300000000002,1
Cc1nc([NH3+])n[nH]c1=N,126.143,3,3,0,1,5,93.06,-1.5340099999999994,0
N=C1C(=O)ON=C1CN,127.10300000000001,5,2,1,1,5,88.53,-1.1223300000000003,0
N=C1NC(CN)=NC1=O,126.11900000000001,3,3,1,1,5,91.33000000000001,-1.5493299999999997,0
O=C1COC(=NO)CO1,131.087,5,1,0,1,5,68.12,-0.6525000000000001,0
N#Cc1cnc(N)nn1,121.10300000000001,5,1,0,1,5,88.48,-0.6745200000000002,0
N=c1nnocc1N,112.092,5,2,0,1,5,88.79,-0.8687300000000002,0
COc1c[nH]nnc1=N,126.119,4,2,1,1,5,74.65,-0.70723,0
N=C1NC(=O)COC1=N,127.103,4,3,0,1,5,86.03,-0.9126600000000002,0
N=C1NC(=O)OCCO1,130.103,4,2,0,1,5,71.41000000000001,-0.32243,0
N=C1C=NC(C(=N)N)=N1,123.11900000000001,3,3,1,1,5,98.44,-0.6174600000000001,0
CN=C1N=NC(CN)=N1,125.135,3,1,1,1,5,75.46,-0.20479999999999998,0
NC1=NC(=O)C(CO)=N1,127.10299999999998,4,2,1,1,5,88.03999999999999,-1.7253999999999996,0
N=c1oc(N)cn1C=O,127.103,5,2,1,1,5,85.00999999999999,-0.8189299999999999,0
N=CN1C(=O)OC1=NO,129.075,5,2,1,1,6,85.98,-0.20912999999999998,0
CC(N)(C#N)N1N=N1,111.10800000000002,5,1,1,1,5,77.54,-0.21731999999999985,1
N=C1C(O)C(N)N1C=O,129.119,4,3,1,1,5,90.41,-1.9186300000000005,2
CNc1ncc(=N)on1,126.11899999999999,5,2,1,1,5,74.80000000000001,-0.40923000000000015,0
NC(=O)n1cnc(N)n1,127.10700000000001,5,2,0,1,6,99.82000000000001,-1.2129,0
NCc1coc(C=O)n1,126.11499999999998,4,1,2,1,4,69.12,-0.054200000000000026,0
N=C1OC(=O)C(=CN)O1,128.087,5,2,0,1,5,85.4,-0.70533,0
Nc1nc(C=O)n[nH]1,112.09199999999998,4,2,1,1,5,84.66,-0.8006000000000002,0
N=CN1C(=O)OC1=O,114.05999999999997,4,1,1,1,5,70.46000000000001,0.16566999999999998,0
CNC1=NNC(=O)C1=O,127.10299999999998,4,2,0,1,5,70.56,-1.7817999999999996,0
N=C1CC(=O)NCO1,114.10399999999998,3,2,0,1,4,62.18000000000001,-0.5423300000000002,0
N=C1CC(N)OC(=N)O1,129.119,5,3,0,1,5,92.18000000000002,-0.37986000000000003,1
Nc1cc(C=O)[nH]c1O,126.11499999999998,3,3,1,1,4,79.11,0.11499999999999999,0
N=C1NN=C(CO)C1=N,126.11899999999999,4,4,1,1,5,92.32,-1.0650600000000003,0
O=Cc1nnc(CO)[nH]1,127.10299999999998,4,2,2,1,5,78.87,-0.8905000000000001,0
N=CC1=NN=C(N)C1=O,124.103,5,2,1,1,5,91.66,-1.06813,0
N=C1N=CN=C1C=O,109.08799999999998,3,1,1,1,4,65.64,-0.35453,0
N=C1OCC(N)C(=N)O1,129.119,5,3,0,1,5,92.17999999999999,-0.72746,1
CC(=O)C1=NC(=N)O1,112.088,3,1,1,1,4,62.510000000000005,-0.06112999999999996,0
COc1cnc(N)nn1,126.11900000000001,5,1,1,1,5,73.92,-0.5376000000000003,0
C#CC(=N)n1cno1,109.088,4,1,0,1,4,54.81,-0.06533000000000005,0
N=C(O)C1=NN=C[NH+]1N,128.115,4,4,1,1,6,99.25999999999999,-2.36433,1
COC1=NC(N)=NC1=N,126.11900000000001,4,2,0,1,5,83.82,-0.66313,0
N=Cc1nc(N)[n+]([O-])[nH]1,127.10700000000001,4,3,1,1,6,105.49000000000001,-1.3770300000000004,0
N=C1ON=C1C(=O)CO,128.087,5,2,2,1,5,82.74,-1.08873,0
NC1=NC(C=O)=C1N,111.10399999999998,4,2,1,1,4,81.47,-1.2736000000000003,0
COc1[nH]nnc1C=N,126.119,4,2,2,1,5,74.65,-0.1890300000000002,0
N=C1NC(=O)C(=O)CO1,128.087,4,2,0,1,5,79.25000000000001,-1.36333,0
N=CN1C(=N)OC1C=O,127.10299999999997,4,2,2,1,5,77.24000000000001,-0.6145600000000002,1
N#CC1=NN=C1NC=O,122.08699999999997,4,1,1,1,5,77.61,-0.9759200000000001,0
N=CN1CC(=O)N1C=O,127.10299999999998,3,1,2,1,5,64.47,-1.19093,0
CC1=NC(=O)OC1=NO,128.087,4,1,0,1,5,71.25,0.3852000000000001,0
NCc1nc(N)nn1C=O,141.13400000000001,6,2,2,1,6,99.82,-1.6426999999999998,0
N=Cc1ncnoc1=N,124.103,5,2,1,1,5,86.62,-0.45326000000000016,0
N=C1N=CC(C(N)=O)=N1,124.10300000000001,2,2,1,1,5,91.66000000000001,-1.06813,0
N=Cn1[nH]c(N)nc1=N,126.123,5,4,1,1,6,107.33000000000001,-1.27196,0
N#CCC(=N)N=C1CO1,123.115,3,1,1,1,4,72.53,0.30605,0
CC1=C(N)N=NC1=N,110.12,3,2,0,1,4,74.59,0.6196700000000002,0
COC1ON=C=NC1=N,127.10300000000001,4,1,1,1,5,67.03,0.055269999999999986,1
N=C1CN=COC(=N)O1,127.10299999999998,5,2,0,1,5,78.52,-0.026460000000000095,0
CC(=O)NC1=NC(=O)N1,127.103,2,2,0,1,5,70.56,-0.7983,0
NC1=CNC(=O)NCN1,128.13500000000002,3,4,0,1,5,79.17999999999999,-1.3961000000000001,0
CN=C1NN=C1N=O,112.092,4,1,0,1,5,66.18,-0.3022000000000001,0
CNC1=NC(=O)C(=O)N=C1,139.114,3,1,0,1,5,70.89,-1.2581000000000002,0
N=C1OC=NC(C=O)O1,128.087,5,1,1,1,5,71.74,-0.4787300000000001,1
N=C(N)OC1CNC1=O,129.119,3,3,1,1,5,88.20000000000002,-1.6051300000000004,1
Cn1ncc(C=N)c1O,125.13099999999999,4,2,1,1,4,61.900000000000006,0.12336999999999998,0
N=C1CC(=O)NC1=O,112.08799999999998,3,2,0,1,4,70.02000000000001,-0.9473300000000002,0
N=c1oc(=N)oc(=O)o1,130.059,6,2,0,1,6,104.19000000000001,-1.21526,0
N=C1NC(=O)C(=N)CO1,127.103,4,3,0,1,5,86.03000000000002,-0.9126600000000002,0
N=C1N=CC(C=O)=N1,109.088,2,1,1,1,4,65.64,-0.35453,0
CC(=N)n1cncn1,110.11999999999999,4,1,0,1,4,54.56,0.12337000000000004,0
N=CC1OC(=N)NC1=O,127.103,4,3,1,1,5,86.03,-0.9142600000000003,1
N=CN1C=CNC(=O)O1,127.10299999999998,3,2,1,1,5,65.42,0.021469999999999934,0
Cn1nc(N)nc1C=O,126.119,5,1,1,1,5,73.80000000000001,-0.7902,0
N=C1N=CC(=N)C(=O)O1,125.08699999999999,4,2,0,1,5,86.36,-0.4314600000000001,0
N=CN1OC1CC(=O)O,130.103,3,2,3,1,5,76.69,-0.35853000000000007,1
N=C1OCCOC1=NO,130.103,5,2,0,1,5,74.9,-0.20183000000000012,0
COC1=NNC(=N)C1=N,126.11899999999999,4,3,0,1,5,81.32,-0.45346000000000036,0
NCC1=NNC(=O)C1=O,127.10299999999997,4,2,1,1,5,84.54999999999998,-2.0,0
CC1(OC(=N)C#N)CN1,125.131,4,2,1,1,4,78.81,-0.17675000000000013,1
CN=C1N=NOC1=NC,126.11899999999999,4,0,0,1,5,58.67,0.44040000000000007,0
N=C1OC(=N)C(C=O)O1,128.087,5,2,1,1,5,83.23,-0.48726000000000025,1
N=c1oc(=N)oc(=O)o1,130.059,6,2,0,1,6,104.19000000000001,-1.21526,0
N=C1NC(=N)C(=O)OCO1,143.102,5,3,0,1,6,95.26000000000002,-0.98106,0
Nc1ncc(C=O)n1N,126.119,5,2,1,1,5,86.92999999999999,-1.0084000000000004,0
N=CN1COC(=N)OC1,129.11899999999997,4,2,1,1,5,69.4,-0.2079600000000001,0
N=C1C=NC(C=O)OCO1,142.11399999999998,5,1,1,1,5,71.74000000000001,-0.4362300000000001,1
CN=c1nc(N)c1=O,111.104,4,1,0,1,4,68.34,-1.5698999999999999,0
N=Cc1ncnc(N)n1,123.11900000000001,5,2,1,1,5,88.54,-0.5485300000000002,0
CN=C1NC(=O)C(=O)O1,128.087,4,1,0,1,5,67.76,-1.3548000000000002,0
N#CCCC1=C(O)N=N1,123.115,4,1,2,1,4,68.74,1.48308,0
CN=C1N=CC(=N)N=N1,123.119,2,1,0,1,5,73.28999999999999,0.48607000000000006,0
CC(=O)C1=NN=C1N,111.10400000000001,4,1,1,1,4,67.81,-0.6978,0
NC1=CC(=O)C=NC1=O,124.09899999999999,3,1,0,1,4,72.52000000000001,-0.9909000000000001,0
Cc1nc(C=O)nn1O,127.10299999999998,5,1,1,1,5,68.01,-0.36367999999999995,0
Nc1nc(C=O)oc1N,127.10299999999998,5,2,1,1,5,95.14,-0.3485,0
N=C1OCOC(=N)C1C=O,142.11399999999998,5,2,1,1,5,83.22999999999999,-0.23966000000000015,0
N=c1occ(N)n1C=O,127.10300000000001,5,2,1,1,5,85.00999999999999,-0.8189300000000002,0
CC(=O)C1=C(O)N=N1,112.088,4,1,1,1,4,62.019999999999996,0.7683,0
O=CC1=NC(=O)NC1=O,126.07099999999998,3,1,1,1,5,75.6,-1.1239000000000001,0
CNc1ncc(=O)[nH]n1,126.11899999999999,4,2,1,1,5,70.67,-0.7934000000000003,0
N=C1OC(=O)NC1=O,114.05999999999999,4,2,0,1,5,79.25,-0.7699300000000002,0
N=C1NC(=O)NCC1=O,127.103,3,3,0,1,5,82.05000000000001,-1.15443,0
COc1nnoc1C#N,125.08699999999999,5,0,1,1,5,71.94,-0.05012000000000011,0
N=C1COC(=N)C(=O)N1,127.103,4,3,0,1,5,86.03,-0.9126600000000002,0
N=C1NC(=O)OC1C=O,128.087,4,2,1,1,5,79.25,-0.7290300000000001,1
Nc1cnoc1CN=O,127.103,5,1,2,1,5,81.47999999999999,0.5232000000000001,0
CNC1=NC(O)=NC1=O,127.10299999999998,3,2,0,1,5,74.05000000000001,-0.9415000000000002,0
COC1=NC(=N)N1C=N,126.119,3,2,1,1,5,72.53,-0.15376,0
N#CCNC1=NC(=O)O1,125.08699999999999,4,1,1,1,5,74.48,-0.39421999999999996,0
N=C1OC(N)=NC1=O,113.07600000000001,4,2,0,1,5,88.53,-1.1648300000000003,0
COc1coc(=O)n1C=N,142.114,5,1,2,1,5,68.22,-0.09493000000000001,0
N=c1ncc(CO)no1,127.103,5,2,1,1,5,83.0,-0.9586300000000001,0
N#CC1C=C(O)N=NN1,124.10300000000001,5,2,0,1,5,80.77,0.24837999999999993,1
CN=C1C=NC(=O)N1,111.10399999999998,2,1,0,1,4,53.82,-0.19129999999999997,0
CC(=O)n1ncc(N)n1,126.119,5,1,0,1,5,73.8,-0.47959999999999997,0
N=CN1C=NOCC1=O,127.10299999999998,4,1,1,1,5,65.75,-0.6044300000000002,0
COC1=CN=NC(=N)C1=O,139.114,4,1,1,1,5,74.87,0.48637,0
N=COC1=C(N)N=C1C=O,139.114,5,2,3,1,5,88.53,-0.6086300000000002,0
CN=NC1N=C(C=O)N1,126.11899999999999,5,1,2,1,5,66.17999999999999,-0.44739999999999996,1
N=C1N=C(O)C(=N)N1,112.09199999999998,2,4,0,1,5,92.32,-0.5418600000000002,0
NCNC1=NC=NC1=O,126.11899999999999,4,2,1,1,5,79.84,-1.5407999999999995,0
N=CC1=NC=NC1=O,109.088,3,1,1,1,4,65.64,-0.35453,0
N=COc1nc(N)co1,127.103,5,2,2,1,5,85.13,0.24267,0
Nc1cnoc(=O)c1N,127.103,5,2,0,1,5,95.14,-0.8008,0
N=C1CC(=N)N1C=NO,126.11899999999999,4,3,1,1,5,83.53,0.06413999999999997,0
NC(=O)OC1COC=N1,130.10299999999998,4,1,1,1,5,73.91000000000001,-0.5337000000000001,1
CNC1=NC=NC1=O,111.10399999999998,3,1,0,1,4,53.82,-0.8272000000000002,0
COc1cnoc1CO,129.115,4,1,2,1,4,55.49000000000001,0.17549999999999993,0
N=C1C=C(O)C(=N)O1,112.08799999999998,4,3,0,1,4,77.16000000000001,0.41303999999999996,0
NC(=O)OC1=CN=C1N,127.10300000000001,4,2,1,1,5,90.7,-0.7061,0
N=C1N=CCOC(=O)O1,128.087,4,1,0,1,5,71.74,0.15876999999999997,0
COC1=NN=C(N)C1=O,127.103,5,1,0,1,5,77.03999999999999,-1.1138000000000001,0
CC1=NN=CC1=NCO,125.13099999999999,4,1,1,1,4,57.31,-0.16249999999999992,0
N=C1OCN=C(N)CO1,129.119,5,2,0,1,5,80.69,-0.71733,0
N=C1C=C(O)OC1=O,113.07199999999997,4,2,0,1,4,70.38,-0.03763000000000005,0
N=C(O)C1=NOC1=N,113.076,4,3,1,1,5,89.52000000000001,-0.11485999999999996,0
N=Cc1nncnc1N,123.119,5,2,1,1,5,88.54,-0.5485300000000002,0
O=CC(O)c1cnn[nH]1,127.10300000000001,4,2,2,1,5,78.87,-0.9630000000000003,1
N=C1N=NC(CN)=C1O,126.119,4,3,1,1,5,94.82000000000001,0.15777000000000002,0
COC1=NC(=O)C(O)=N1,128.087,3,1,0,1,5,71.25,-0.5145,0
N=C1N=C(N)C(CO)=N1,126.119,3,3,1,1,5,94.82000000000001,-1.2747300000000001,0
NC1=CN=C(N)C1=O,111.104,4,2,0,1,4,81.47,-1.2735999999999998,0
N=c1ocnnc1CO,127.103,5,2,1,1,5,83.0,-0.9586300000000001,0
O=CC1OC(=NO)C1=O,129.071,5,1,1,1,5,75.96000000000001,-1.0591000000000002,1
CCc1nn[nH]c(=O)n1,126.11899999999999,4,1,1,1,5,71.53,-0.8777000000000001,0
N=CN1C=NC(=O)OC1,127.10299999999998,3,1,1,1,5,65.75,0.031470000000000053,0
O=C1N=C(F)C(CO)=N1,130.07799999999997,2,1,1,1,5,62.019999999999996,-0.07869999999999988,0
N=C1C=NC(=N)C=N1,108.104,2,2,0,1,4,72.42,0.09614,0
N=CC1=NC=NC1=O,109.088,3,1,1,1,4,65.64,-0.35453,0
N=C1N=C(C=O)N=C1N,124.103,4,2,1,1,5,91.66,-1.06813,0
N#CC1NC(=N)OCO1,127.103,4,2,0,1,5,78.13000000000001,-0.6352500000000003,1
CC(=O)n1ncnc1N,126.119,5,1,0,1,5,73.8,-0.47959999999999997,0
CC1(C(=O)O)NCO1,117.104,3,2,1,1,4,58.56,-0.6355000000000002,1
N=C1N=C(CO)N=C1O,127.10299999999998,3,3,1,1,5,89.03,-0.67543,0
N=C1C=C(C=O)NCNO1,141.13,5,3,1,1,5,74.21000000000001,-0.8716300000000001,0
CC1(C(=O)O)C=NN1,114.104,3,2,1,1,4,61.69,-0.5812999999999999,1
N#CCc1cnnn1CO,138.13000000000002,5,1,2,1,5,74.73,-0.7060200000000001,0
NC(=O)C1=NC(N)=N1,112.09200000000001,4,2,1,1,5,93.83,-1.8014999999999999,0
NC1=NC(C(O)C=O)=N1,127.10299999999997,5,2,2,1,5,88.04,-1.7269999999999999,1
N=Cc1ncc(N)nc1O,138.13000000000002,5,3,1,1,5,95.88000000000001,-0.23793000000000003,0
N=Cc1ncc(N)n1C=O,138.13,5,2,2,1,5,84.75999999999999,-0.4987300000000001,0
COC1=COC(=N)C1=O,127.09899999999999,4,1,1,1,4,59.38,0.05077000000000004,0
CN=C1N=C(N)OC1=O,127.103,4,1,0,1,5,77.03999999999999,-1.1138,0
O=c1[nH]nnn1CCCO,144.13400000000001,5,2,3,1,6,83.8,-1.6512000000000002,0
COc1n[nH]nc1CO,129.119,4,2,2,1,5,71.03,-0.6944000000000001,0
N=C1N=CC(C(=N)O)=N1,124.103,2,3,1,1,5,92.65,-0.018159999999999954,0
N=C1OCOC(C=O)O1,131.087,5,1,1,1,5,68.61,-0.5329300000000001,1
O=C1CC(=O)C(=O)N1,113.07199999999999,3,1,0,1,4,63.24,-1.3980000000000001,0
N=c1occ(N)oc1=O,128.08700000000002,5,2,0,1,5,93.22,-0.70553,0
CNC(=O)c1conn1,127.103,4,1,1,1,5,68.02000000000001,-0.5708000000000002,0
N=C(N)N1CC(=O)CO1,129.119,3,2,0,1,5,79.41000000000001,-1.30383,0
N=C1OCC(=O)OC1=N,128.087,5,2,0,1,5,83.22999999999999,-0.48566000000000015,0
O=C1NN=C1CCO,114.10399999999998,3,2,2,1,4,61.69,-1.1454,0
N=C1COC(=O)OC1=O,129.071,5,1,0,1,5,76.44999999999999,-0.3004300000000002,0
N=C1C(CO)=NN1CO,129.11900000000003,4,3,2,1,5,79.91,-1.4226300000000003,0
N=COC1C(=N)OC1=N,127.103,5,3,2,1,5,90.00999999999999,-0.03658999999999979,0
N=c1cc(N)[nH]c(=O)o1,127.103,4,3,0,1,5,95.86999999999999,-0.9704300000000003,0
NCN=CN=C1C=NO1,126.11899999999999,4,1,2,1,5,72.33,-0.6546000000000001,0
COC1=NC(F)=NC1=O,130.078,3,0,0,1,5,51.02,-0.10300000000000004,0
Nc1ccc(=O)n(C=O)n1,139.114,5,1,1,1,5,77.98,-1.1362,0
CN=C1N=C(N)N1C=O,126.119,3,1,1,1,5,71.05,-1.2411,0
CNC1=NC(=N)NC1=O,126.11899999999999,3,3,0,1,5,77.34,-1.3311300000000001,0
COC1=NN=C1NC=N,126.11899999999999,4,2,1,1,5,69.83000000000001,-0.4449300000000002,0
N=C1OCNC(=O)CO1,130.10299999999998,4,2,0,1,5,71.41,-0.9583300000000003,0
Cc1noc(=N)nc1O,127.103,5,2,0,1,5,83.0,-0.43691,0
N=C1NC=NC(C=O)O1,127.10299999999998,4,2,1,1,5,74.54,-0.9057300000000001,1
NN=C1C=C(N)OC1=O,127.103,5,2,0,1,5,90.69999999999999,-1.3420000000000003,0
CN=C1NCOC(=N)N1,128.135,3,3,0,1,5,69.5,-0.9261300000000006,0
NCCC1=NN=C1N,112.13600000000001,4,2,2,1,4,76.75999999999999,-0.9379999999999997,0
N=C1NC(=O)C(=N)CO1,127.103,4,3,0,1,5,86.03000000000002,-0.9126600000000002,0
N=C1N=C(C(N)=O)O1,113.076,3,2,1,1,5,88.53000000000002,-1.1648300000000003,0
Nc1conc1C=NCO,141.13000000000002,5,2,2,1,5,84.64,-0.3745,0
N=CC1=CC(N)=NC1=O,123.11500000000001,3,2,1,1,4,79.30000000000001,-0.5402300000000002,0
COC1=NN=C(N)C1=N,126.119,5,2,0,1,5,83.82,-0.66313,0
NC(=O)c1cc[nH][n+]1[O-],127.10299999999998,2,2,1,1,5,85.82000000000001,-1.2530000000000001,0
CC(=O)n1nc[nH]c1=O,127.10299999999998,4,1,0,1,5,67.75,-0.7685,0
N=CN1CC(=N)OCO1,129.119,4,2,1,1,5,69.4,-0.2079600000000001,0
N=C(N)C1CN=C(O)O1,129.119,3,3,1,1,5,91.69000000000001,-0.7648300000000001,1
N=CN1CCONC1=O,129.119,3,2,1,1,5,65.42000000000002,-0.4497299999999999,0
N=C1COC(=N)N=CO1,127.103,4,2,0,1,5,78.52,-0.026460000000000095,0
N=CN1C(=N)OCOC1=N,142.118,5,3,1,1,6,93.25,-0.23069000000000023,0
CNC1=NCOC(=N)C1=N,140.146,5,3,0,1,5,81.32000000000001,-0.4109600000000004,0
Cc1nc(N)noc1=O,127.103,5,1,0,1,5,82.00999999999999,-0.6795800000000001,0
CN=C1NC(=O)NC1=O,127.10299999999998,3,2,0,1,5,70.56,-1.1459000000000001,0
O=CC(=O)C1NCN1,114.104,4,2,2,1,4,58.2,-1.7691999999999999,0
CN=C1CC(=O)NCO1,128.131,3,1,0,1,4,50.69,-0.49130000000000007,0
CN=C1N=C(N)C(=O)O1,127.103,4,1,0,1,5,77.04,-1.1138,0
Cn1cnc(=O)n1C=N,126.11899999999999,5,1,1,1,5,63.67,-0.96303,0
N=CN1NCC(=O)CO1,129.119,4,2,1,1,5,65.42,-1.0856299999999999,0
NC1=CC(=O)N=C1CO,126.115,3,2,1,1,4,75.68,-1.1975,0
Cc1nc(NC=O)no1,127.10299999999998,4,1,2,1,5,68.02000000000001,-0.053680000000000117,0
CC(=O)n1cnc(=N)o1,127.103,5,1,0,1,5,71.88,-0.38433,0
N=c1nc[nH]c(C=O)n1,124.10299999999998,4,2,1,1,5,82.49,-0.90333,0
Cc1n[nH]c(=O)[nH]c1=O,127.10299999999998,3,2,0,1,5,78.61,-1.2333800000000001,0
N=C1N=C(O)C(C=O)=N1,125.08699999999997,2,2,1,1,5,85.86999999999999,-0.4688300000000001,0
CNC(=O)C1=NC(N)=N1,126.11900000000001,4,2,1,1,5,79.84,-1.540799999999999,0
N=CN1C=COC(=O)O1,128.087,4,1,1,1,5,62.620000000000005,0.44847000000000004,0
N=C1CNC(=O)OC=N1,127.10299999999998,3,2,0,1,5,74.54,-0.26823000000000013,0
O=C1C=C(CO)C(O)=N1,127.09899999999999,2,2,1,1,4,69.89,-0.5982000000000001,0
N=C1N=C(N)C(C=O)=N1,124.103,3,2,1,1,5,91.66000000000001,-1.06813,0
NC1=NC=NC1=NCCO,140.14600000000002,4,2,2,1,5,83.33,-1.2237000000000002,0
N=C1OC(=O)N=C1F,116.051,3,1,0,1,5,62.51,0.4818700000000001,0
N=C1NC(=O)C(=N)O1,113.076,4,3,0,1,5,86.03000000000002,-0.9551600000000002,0
COc1cnc(=O)[nH]n1,127.103,4,1,1,1,5,67.87,-0.8265000000000002,0
NC1=NC(=O)C(O)=C1,112.08799999999997,3,2,0,1,4,75.67999999999999,-0.6742999999999999,0
N#Cc1cnoc1NC=N,136.11399999999998,4,2,2,1,5,85.7,0.5652499999999999,0
Cn1c(C=O)n[nH]c1=O,127.103,4,1,1,1,5,67.75,-1.0791000000000002,0
N=CN1CC(=O)NC1=N,126.11899999999999,3,3,1,1,5,80.04,-1.03996,0
NCc1nc(C=O)oc1O,142.11399999999998,5,2,2,1,5,89.35000000000001,-0.34860000000000013,0
N=CN1CCOC(=O)N1,129.119,3,2,1,1,5,65.42,-0.44973000000000013,0
N=C(N)C1=NC=NC1=N,123.119,3,3,1,1,5,98.44,-0.6174600000000001,0
N=C1C=NN1C(N)=O,112.092,3,2,0,1,5,82.53999999999999,-0.6562299999999999,0
N=CC1=NN=C1C(N)=O,124.103,4,2,2,1,5,91.66,-1.0681300000000002,0
N=Cc1nnc(N)nc1N,138.134,6,3,1,1,6,114.56,-0.9663300000000004,0
N=C1NC=COC(=O)N1,127.103,3,3,0,1,5,74.21,-0.27823000000000014,0
COC1=NC(C=O)NC1=O,142.11399999999998,4,1,1,1,5,67.75999999999999,-1.3139000000000003,1
N=C1NC(=O)C(=O)CO1,128.087,4,2,0,1,5,79.25000000000001,-1.36333,0
N#CC1=NN=C(N)C1=O,122.08699999999999,5,1,0,1,5,91.6,-1.19412,0
N=C1COC(=N)C(=O)O1,128.087,5,2,0,1,5,83.23,-0.48566000000000015,0
NC(=O)C1NC(=O)CO1,130.10299999999998,3,2,1,1,5,81.42,-2.0557999999999996,1
N=C1COCOC(=O)N1,130.103,4,2,0,1,5,71.41,-0.32242999999999994,0
N=C1NC(=O)C(=N)CO1,127.103,4,3,0,1,5,86.03000000000002,-0.9126600000000002,0
N=C1N=CC(=O)COCO1,142.114,4,1,0,1,5,71.74000000000001,-0.43463000000000007,0
N=C1N=C(O)N1CCO,129.119,2,3,2,1,5,79.91,-0.8569300000000002,0
N=C1NC(=O)OC1=N,113.076,4,3,0,1,5,86.03,-0.3192599999999998,0
CN=C1C=NC(CO)=N1,125.13099999999999,3,1,1,1,4,57.31,-0.5101000000000002,0
N=c1nc(C=O)on1N,128.09099999999998,6,2,1,1,6,97.89999999999999,-1.5181300000000004,0
N=C1CN=COC(=N)O1,127.10299999999998,5,2,0,1,5,78.52,-0.026460000000000095,0
CN=C1C=NC(N)=[N+]1[O-],126.119,4,1,0,1,5,76.80999999999999,-1.0758999999999999,0
Nc1cnc(=O)[nH]c1N,126.119,4,3,0,1,5,97.78999999999999,-1.0656999999999999,0
N=C1COC(=O)N=CO1,128.087,4,1,0,1,5,71.74,0.15877000000000002,0
N=C1C(C=O)=CN=C1O,124.09899999999999,3,2,1,1,4,73.51,0.059069999999999956,0
COC1=NC(=O)C(O)=N1,128.087,3,1,0,1,5,71.25,-0.5145,0
CC1N=CNC(=O)OCN1,143.146,4,2,0,1,5,62.72,-0.3524,1
CN=C1N=C(N)C(O)=N1,126.119,2,2,0,1,5,83.33,-0.7004999999999999,0
CN=C(N)C1=NN=C1,110.11999999999999,3,1,1,1,4,63.099999999999994,-0.5862,0
N#CC(N)c1cnn[nH]1,123.119,4,2,1,1,5,91.38,-0.6719200000000003,1
N=c1cnoc(CO)n1,127.103,5,2,1,1,5,83.0,-0.9586300000000001,0
N=CNC1C(=N)OC1=O,127.103,4,3,2,1,5,86.03,-0.9142600000000003,1
Cc1nc(N)nn1C=O,126.119,5,1,1,1,5,73.8,-0.7929800000000002,0
N=C1NC(=N)C(=O)CCO1,141.13,4,3,0,1,5,86.03000000000002,-0.5225599999999999,0
N=C1N=NC(N)=C1C=O,124.103,4,2,1,1,5,91.66,-0.20132999999999995,0
COc1cnoc(=O)c1N,142.11399999999998,5,1,1,1,5,78.35000000000001,-0.3744,0
Cn1cn[nH]c(=O)c1=O,127.10299999999998,4,1,0,1,5,67.75,-1.5314000000000003,0
CC(=O)C1=COC1=N,111.09999999999998,3,1,1,1,3,50.150000000000006,0.46676999999999996,0
NC1=C(N)C(=O)N=C1,111.10399999999998,3,2,0,1,4,81.47,-1.2736000000000003,0
CC(=N)N1COC1=N,113.11999999999999,3,2,0,1,4,60.17000000000001,0.20804,0
Nc1cnc(C=O)nc1N,138.12999999999997,5,2,1,1,5,94.89,-0.5465,0
CN=C1N=CN=C1N,110.12,3,1,0,1,4,63.099999999999994,-0.5861999999999998,0
N=C1CN(C=O)OCO1,130.10299999999998,4,1,1,1,5,62.620000000000005,-0.65863,0
CC(=O)C1=NN=C1N,111.10400000000001,4,1,1,1,4,67.81,-0.6978,0
COc1cnnn1C#N,124.10300000000001,5,0,1,1,5,63.730000000000004,-0.38412,0
N=C1NC(=O)OC1=O,114.05999999999999,4,2,0,1,5,79.25,-0.76993,0
COC1=NC(CO)=NC1=N,141.13,4,2,1,1,5,78.03,-0.5870300000000002,0
CC#Cc1onnc1N,123.11500000000001,4,1,0,1,4,64.94,0.0232,0
CNC1=NCOC(=N)CO1,143.146,5,2,0,1,5,66.7,-0.4566300000000003,0
COC1=NC(=N)C(=N)O1,127.103,4,2,0,1,5,78.52,-0.02646000000000004,0
N=CC1=NC(=O)C(N)=C1,123.115,3,2,1,1,4,79.3,-0.54023,0
Cc1nc(=O)cnn1N,126.119,5,1,0,1,5,73.8,-1.3394799999999996,0
N=C1NC(C(N)=O)N1,114.10800000000002,2,4,1,1,5,91.0,-2.07463,0
O=CNC1=NN=C1CO,127.103,4,2,2,1,5,74.05,-1.5072000000000003,0
N=C1NC(=O)C(=N)CO1,127.103,4,3,0,1,5,86.03000000000002,-0.9126600000000002,0
CNc1n[nH]c(=O)n1C=N,141.134,5,3,2,1,6,86.56,-0.93173,0
O=C1CN=NC(=O)N1,113.076,3,1,0,1,5,70.89,-0.31160000000000004,0
CC1=NC(=O)OC1=NC=N,139.11399999999998,3,1,1,1,5,74.87,0.60307,0
NCC(=O)C1=NC(N)=N1,126.11900000000001,5,2,2,1,5,93.83,-1.7589999999999995,0
N=C1COC(=N)OCO1,130.103,5,2,0,1,5,75.39,-0.08066000000000012,0
O=CC1COCNC1=O,129.115,3,1,1,1,4,55.4,-1.0945999999999998,1
N=C1CC(=O)OC(=N)O1,128.087,5,2,0,1,5,83.23,-0.13806000000000002,0
CC(C)c1nn[nH]c1N,126.16300000000001,3,2,1,1,4,67.59,0.5103000000000002,0
CN=C1N=C(O)C=[N+]1[O-],127.10299999999998,2,1,0,1,5,71.02,-0.4765999999999999,0
N=C1OCC(=O)OC1=N,128.087,5,2,0,1,5,83.22999999999999,-0.48566000000000015,0
CN=C1N=CC(=O)N=N1,124.103,2,0,0,1,5,66.50999999999999,0.0354000000000001,0
N=CN1C=COC(=O)O1,128.087,4,1,1,1,5,62.620000000000005,0.44847000000000004,0
CN=C1N=C(O)N1C=N,126.11899999999999,2,2,1,1,5,72.04,-0.19112999999999974,0
Nc1noc(C=O)n1,113.076,5,1,1,1,5,82.01,-0.5357000000000001,0
N=C1NCC(=O)NC(=O)N1,142.118,3,4,0,1,6,94.08000000000001,-1.6498299999999997,0
COC1=NC(=O)C(N)=N1,127.10300000000001,4,1,0,1,5,77.03999999999999,-1.1138000000000003,0
Nc1cnc(=O)[nH]c1,111.10399999999998,3,2,0,1,4,71.77,-0.6479000000000001,0
N=Cc1[nH]nnc1CN,125.13500000000002,4,3,2,1,5,91.44,-0.7389300000000001,0
N=C1ON=C1CC=NCO,141.13,5,2,3,1,5,78.03,-0.23942999999999998,0
COc1cn[nH]c1N=N,126.119,4,2,2,1,5,74.12,1.0807699999999998,0
N=CN1COC=NC1=O,127.10299999999998,3,1,1,1,5,65.75,0.03146999999999994,0
N=C1NC(=O)C(=O)O1,114.05999999999999,4,2,0,1,5,79.25000000000001,-1.4058300000000001,0
CC1=NCOC(=O)CN1,128.131,4,1,0,1,4,50.69,-0.4913,0
CC(=O)C1=NC(=N)N1,111.104,2,2,1,1,4,65.31,-0.4881300000000001,0
CN=c1ncoc(=N)o1,127.10299999999998,5,1,0,1,5,75.38,-0.7224300000000003,0
N=C1OC=NCN1C=O,127.103,4,1,1,1,5,65.75,-0.6044300000000002,0
COc1cn[nH]c(=O)n1,127.103,4,1,1,1,5,67.87,-0.8265,0
N=C1N=C(N)N=C1N,111.10800000000002,4,3,0,1,5,100.61,-1.3508300000000002,0
Nc1cnoc1COC=O,142.11399999999998,5,1,3,1,5,78.35,-0.07020000000000004,0
N=C1COC(=O)CCO1,129.115,4,1,0,1,4,59.379999999999995,-0.07282999999999995,0
N#CN1NN=C=NC1=N,122.091,4,2,0,1,6,87.63,-0.68865,0
N=C1N=C(N)C(CO)=N1,126.119,3,3,1,1,5,94.82000000000001,-1.2747300000000001,0
Cc1nnc(C=O)c(=N)o1,139.11399999999998,5,1,1,1,5,79.84,-0.33000999999999986,0
CC(=N)NC1=NC(=N)O1,126.119,3,3,0,1,5,81.32000000000001,-0.10585999999999995,0
CC1=NC(=O)NC1=NC=N,138.13,2,2,1,1,5,77.67,0.17607000000000006,0
N=CN=C1COC(=O)N1,127.10299999999998,3,2,1,1,5,74.53999999999999,-0.26823000000000013,0
N=CN1CC(=O)C(=N)N1,126.11899999999999,3,3,1,1,5,80.04,-1.03996,0
N=C(CO)C1=NN=C1,111.104,4,2,2,1,4,68.8,-0.5611300000000001,0
NC1=NN=C1C=NCO,126.11899999999999,5,2,2,1,5,83.33,-1.2662000000000002,0
Nc1c[n+]([O-])c(N)cn1,126.119,4,2,0,1,5,91.86999999999999,-1.1206,0
O=CN=C1NN=CC1=O,125.08699999999999,3,1,1,1,5,70.89,-1.3006,0
CN=C1OC(=N)NC1=O,127.103,4,2,0,1,5,74.53999999999999,-0.9041300000000003,0
N=C1N=COCC(=O)N1,127.103,3,2,0,1,5,74.53999999999999,-0.9041300000000001,0
CN=C1OC(=O)OC1=N,128.087,5,1,0,1,5,71.74000000000001,0.15877000000000002,0
C#Cc1ncnc(N)n1,120.11500000000001,4,1,0,1,4,64.69,-0.5649000000000002,0
N=C1NC(=CO)N=C1O,127.10299999999998,3,4,0,1,5,88.7,-0.11973,0
NC(=O)C1=NC(CO)=N1,127.103,4,2,2,1,5,88.04,-1.7253999999999996,0
CCC1=NC(=N)N=C1N,124.147,2,2,1,1,4,74.59,0.1429700000000002,0
CC1=NC(=N)N=C1O,111.10399999999998,1,2,0,1,4,68.8,0.3521700000000001,0
CN=C1ON=CC1=O,112.08799999999998,4,0,0,1,4,51.02,-0.4001999999999999,0
NC1=NC(=O)C(C=O)=N1,125.08699999999997,4,1,1,1,5,84.88,-1.5188,0
N#CC(=O)C1=NC(N)=N1,122.08700000000002,5,1,1,1,5,91.6,-1.19412,0
COC(=N)C1=NC(N)=N1,126.11900000000001,5,2,1,1,5,83.82,-0.6631300000000002,0
Nc1ncc(=O)oc1F,130.07799999999997,4,1,0,1,5,69.12,-0.24389999999999995,0
N=C1COC(=O)NCO1,130.103,4,2,0,1,5,71.41,-0.3224300000000002,0
N=C1CC(=O)N=NC1=O,125.08699999999999,3,1,0,1,5,82.71000000000001,-0.08472999999999992,0
COC1=C(O)N=NC1=N,127.103,4,2,1,1,5,78.03,0.80297,0
CC(=O)n1cnc(=O)o1,128.087,5,0,0,1,5,65.1,-0.5036,0
COC1=CN=C(N)C1=N,125.131,4,2,1,1,4,71.46000000000001,-0.13522999999999985,0
N=C1NC(=O)OCCO1,130.103,4,2,0,1,5,71.41000000000001,-0.32243,0
N=C1OCC(=O)C(=N)O1,128.087,5,2,0,1,5,83.23,-0.48566000000000015,0
NC1=COC(=CO)N1CO,144.13,5,3,1,1,5,78.95,-0.6170999999999998,0
N=C1N=C(O)C(CO)O1,130.10299999999998,3,3,1,1,5,85.9,-0.7312300000000003,1
CN=C1C=NOC1=O,112.08799999999998,4,0,0,1,4,51.02,-0.4002000000000001,0
Cc1noc(=N)c(O)n1,127.103,5,2,0,1,5,83.0,-0.43691,0
N=C1OC(=N)C(=N)O1,113.076,5,3,0,1,5,90.01,-0.07748999999999995,0
N=CNc1cnc[nH]c1=N,137.146,3,4,2,1,5,88.41,-0.09186000000000016,0
CN=C1C=NC(=N)N1O,126.11899999999999,3,2,0,1,5,72.04,-0.27493,0
N=CN1C(=N)NC1=O,112.09199999999998,3,3,1,1,5,80.04,-0.44656,0
CC1NC(=O)ON1C=N,129.119,3,2,1,1,5,65.42,-0.10372999999999977,1
Cn1ncc(C=O)nc1=N,138.13,5,1,1,1,5,71.63,-0.89293,0
N#CC(O)c1cnon1,125.087,5,1,1,1,5,82.94,-0.37342000000000003,1
CC(=O)n1cn[nH]c1=O,127.103,4,1,0,1,5,67.75,-0.7685,0
N=C1NC(=O)C(=O)O1,114.05999999999999,4,2,0,1,5,79.25000000000001,-1.4058300000000001,0
CN=C1N=CN=C1CO,125.13099999999999,3,1,1,1,4,57.31,-0.5101,0
N=C(N)c1cnoc1,111.10399999999998,3,2,1,1,4,75.9,-0.04132999999999959,0
Cc1c(O)[nH]nnc1=O,127.10300000000001,4,2,0,1,5,78.87,-0.8210800000000003,0
N=C(N)C1=COC1=N,111.10399999999998,3,3,1,1,4,82.95000000000002,-0.18626000000000004,0
N=C1NC1OC(N)=O,115.09200000000001,3,3,1,1,5,98.11000000000001,-1.01173,1
N=C1NC(=O)OC1=N,113.076,4,3,0,1,5,86.03,-0.3192599999999998,0
N=CN1COC(C=O)N1,129.11899999999997,4,2,2,1,5,65.42,-1.0872300000000001,1
N=C1NC(=N)C(=O)CO1,127.103,4,3,0,1,5,86.03000000000002,-0.91266,0
CC(O)C1=C(O)N=C1N,128.131,4,3,1,1,4,78.84,-0.4923999999999999,1
N=CC1(N)NC(=O)O1,115.09199999999998,4,3,1,1,5,88.2,-1.0117299999999996,1
Nc1cc(OC=O)n[nH]1,127.103,4,2,2,1,5,81.0,-0.47290000000000026,0
CC(N)(O)c1nc1=O,114.104,4,2,1,1,4,76.21000000000001,-1.5589000000000002,1
N=C(N)N1COC1=O,115.09199999999998,3,2,0,1,5,79.41,-0.7104299999999999,0
COC1=NNC(=O)C1=N,127.10299999999998,4,2,0,1,5,74.53999999999999,-0.9041300000000001,0
COc1cnc(N)nc1,125.131,4,1,1,1,4,61.03,0.0673999999999999,0
N=C1ON=C(CO)C1=N,127.10299999999998,5,3,1,1,5,89.52000000000001,-0.6380600000000003,0
N=c1ncc(C=O)n[nH]1,124.103,4,2,1,1,5,82.49000000000001,-0.9033300000000002,0
N=C1NC(CO)C(=N)O1,129.119,4,4,1,1,5,89.19000000000001,-1.1208600000000002,1
N=C1N=C(CO)OC1=O,128.087,4,2,1,1,5,82.74000000000001,-1.0887300000000002,0
N=COC1=CN1OC=N,127.10299999999998,5,2,4,1,5,69.16999999999999,0.2632399999999999,0
N=C1N=C(CO)C(=N)N1,126.11899999999999,3,4,1,1,5,92.32,-1.0650600000000003,0
NC1=NC(=O)N=C1C=O,125.08699999999997,3,1,1,1,5,84.88,-0.8829,0
NC1=C(N)C(=O)N=C1,111.10399999999998,3,2,0,1,4,81.47,-1.2736000000000003,0
N#CC1=NC(=O)N=C1,107.07199999999999,2,0,0,1,4,65.58,0.15538000000000007,0
C#CC1=NC(=O)OC1=O,123.06699999999998,3,0,0,1,4,55.73,-0.26259999999999994,0
NC1=NN=C1C=NCO,126.11899999999999,5,2,2,1,5,83.33,-1.2662000000000002,0
N=C1COC(=N)N=CO1,127.103,4,2,0,1,5,78.52,-0.026460000000000095,0
NC(=O)N1CC=NCN1,128.13500000000002,3,2,0,1,5,70.72,-1.0864,0
Nc1ncc(C=O)n1N,126.119,5,2,1,1,5,86.92999999999999,-1.0084000000000004,0
O=C1COC(=O)OCN1,131.087,4,1,0,1,5,64.63000000000001,-0.7730999999999999,0
CC1=NC(=N)N=C1N,110.12,2,2,0,1,4,74.59,-0.24712999999999996,0
COc1cnoc(=O)n1,128.087,5,0,1,1,5,65.22,-0.5616000000000001,0
NC1=C(N)C(=O)C=N1,111.10399999999998,4,2,0,1,4,81.47,-1.2736000000000003,0
N=C1OCC(=O)C(=N)O1,128.087,5,2,0,1,5,83.23,-0.48566000000000015,0
COc1nnc(C=N)o1,127.10299999999998,5,1,2,1,5,72.0,0.07586999999999994,0
N=C1N=C(N)C(O)=N1,112.092,2,3,0,1,5,94.82000000000001,-0.75153,0
N#CCc1conc1N,123.115,4,1,1,1,4,75.84,0.32288000000000006,0
N=C1N=C(O)C=C1N,111.10399999999998,2,3,0,1,4,82.46,-0.22362999999999988,0
N=C1OCC1=NOC=O,128.087,5,1,2,1,5,71.74000000000001,-0.47713000000000005,0
N=CC1=NNN=NC=C1O,139.118,6,3,1,1,6,93.19000000000001,0.36177,0
CNC1=CN=NC1=O,111.104,3,1,1,1,4,53.82,0.03959999999999991,0
CNC1=NC=C1N=O,111.10399999999998,4,1,1,1,4,53.82,0.22569999999999996,0
N=C1OCC(C=O)C(=N)O1,142.11399999999998,5,2,1,1,5,83.23,-0.23966000000000015,1
N=CC1=NC(N)=NC1=N,123.11900000000001,4,3,1,1,5,98.44,-0.6174600000000001,0
COc1coc(=N)nc1N,141.13,5,2,1,1,5,85.13,-0.25512999999999997,0
N=C(N)C1=CC(O)=N1,111.10399999999998,2,3,1,1,4,82.46000000000001,-0.22363000000000005,0
CN=C1C=NC(C=O)=N1,123.11499999999998,3,0,1,1,4,54.15,-0.3035000000000001,0
C#CC(=O)n1cn[nH]1,109.088,3,1,0,1,4,50.68,-0.5154000000000001,0
N=C1COC(=N)OCO1,130.103,5,2,0,1,5,75.39,-0.08066000000000012,0
CC(=O)OC1=NC=N1,112.08800000000001,4,0,0,1,4,51.019999999999996,-0.05259999999999998,0
N#CCNc1ncno1,124.103,5,1,2,1,5,74.74000000000001,0.005080000000000029,0
N=CNC1=NC=NC1=N,123.119,3,3,1,1,5,84.45,-0.3992599999999999,0
CC1=NC(N)=NC1=N,110.12,3,2,0,1,4,74.59,-0.24712999999999996,0
N=C1NC(=O)C(=O)CO1,128.087,4,2,0,1,5,79.25000000000001,-1.36333,0
Cc1nc(=O)occ1N,126.11499999999998,4,1,0,1,4,69.12,-0.07457999999999998,0
O=Cc1n[nH]c(C=O)n1,125.08699999999997,4,1,2,1,5,75.71000000000001,-0.5703,0
Nc1cc(CC=O)no1,126.115,4,1,2,1,4,69.12,-0.0017999999999999683,0
N=C1OC(N)=NC1=O,113.07600000000001,4,2,0,1,5,88.53,-1.1648300000000003,0
COc1c[nH]nnc1=N,126.119,4,2,1,1,5,74.65,-0.70723,0
N=CN1CNC(=O)COC1,143.14599999999996,3,2,1,1,5,65.42,-1.04313,0
Nc1ncc(NC=O)o1,127.10299999999998,4,2,2,1,5,81.14999999999999,-0.17490000000000022,0
O=c1ncoc(=O)[nH]1,114.05999999999999,4,1,0,1,5,75.96000000000001,-1.2769,0
COc1coc(N)[n+]1[O-],130.103,4,1,1,1,5,75.33,-0.4961999999999999,0
N=C1CC(=N)OC(=O)O1,128.087,5,2,0,1,5,83.23,0.49784,0
N#CC1=NC(N)=NC1=O,122.087,4,1,0,1,5,91.6,-1.19412,0
COC1=NC(N)=NC1=O,127.10300000000001,4,1,0,1,5,77.03999999999999,-1.1138000000000001,0
NC1=NC(OC=O)=C1N,127.10299999999998,5,2,2,1,5,90.7,-1.3419999999999999,0
Cc1nc(N)noc1=O,127.103,5,1,0,1,5,82.00999999999999,-0.6795800000000001,0
O=Cc1nc(CO)n[nH]1,127.103,4,2,2,1,5,78.87,-0.8905000000000003,0
CC1OC(=N)OC(=N)O1,130.10299999999998,5,2,0,1,5,75.39,0.2653399999999999,0
N=Cn1cnc(=O)o1,113.07599999999998,5,1,1,1,5,71.88,-0.7085299999999999,0
Nc1cncc(C=O)n1,123.11499999999998,4,1,1,1,4,68.87,-0.12869999999999998,0
NC1=NC(=O)OC1=O,114.05999999999997,4,1,0,1,5,81.75,-0.9796,0
N=C1COCNC(=O)O1,130.103,4,2,0,1,5,71.41,-0.32243000000000016,0
N=Cc1cnc(N)n1O,126.119,5,3,1,1,5,87.92,-0.2997300000000002,0
COc1cnoc1N=N,127.103,5,1,2,1,5,71.47,1.34567,0
CNC1=NC(=N)OC1=N,126.11899999999999,4,3,0,1,5,81.32,-0.45346000000000036,0
N=C1C=NC(CO)=[N+]1[O-],127.103,4,2,1,1,5,82.50999999999999,-1.0508300000000002,0
N=c1[nH]n(C=O)cc1N,126.11899999999999,4,3,1,1,5,87.66,-1.0838300000000003,0
N=C(O)C1=NC(=O)O1,114.05999999999999,3,2,1,1,5,82.74,0.07036999999999999,0
N=C1N=C(N)N=C1C=O,124.103,4,2,1,1,5,91.66,-1.06813,0
COC1=NN=C1C=N,111.10399999999998,4,1,1,1,4,57.800000000000004,0.05046999999999996,0
NN=C1C=C(CO)N=N1,126.119,4,2,1,1,5,83.33,-0.39940000000000014,0
Nc1cncnc1C=O,123.11499999999998,4,1,1,1,4,68.87,-0.12869999999999976,0
O=C1C(=NO)C1=NCO,128.087,5,2,1,1,5,82.25,-1.2099000000000002,0
COC1=NC(=O)C(N)=N1,127.10300000000001,4,1,0,1,5,77.03999999999999,-1.1138000000000003,0
N=C1NC(=N)C(CO)N1,128.135,3,5,1,1,5,91.99000000000001,-1.5478600000000002,1
NC1OC(=O)OC1=O,117.05999999999997,5,1,0,1,5,78.62,-1.0354,1
Nc1ncn[nH]c1=O,112.09199999999998,4,2,0,1,5,84.66,-1.2529000000000006,0
N=C1CNC(O)C(=N)O1,129.11899999999997,5,4,0,1,5,89.19000000000001,-1.1208600000000006,1
NC1=NC(C=O)NCN1,128.135,5,3,1,1,5,79.50999999999999,-2.023599999999999,1
CNC1=NN=CC1=N,110.11999999999999,4,2,0,1,4,60.6,-0.3765300000000002,0
CC(N)C1=NN=C1C#N,122.131,4,1,1,1,4,74.53,-0.3322199999999999,1
COc1cn[nH]c1N=O,127.103,4,1,2,1,5,67.34,0.8161999999999998,0
N=CC1=NN=C1C(=N)O,124.10299999999998,4,3,2,1,5,92.65,-0.018159999999999954,0
NC1=NC=NC(=O)C1=O,125.08699999999997,4,1,0,1,5,84.88,-1.5188,0
N=C1CONC(=O)CO1,130.10299999999998,4,2,0,1,5,71.41,-0.9583300000000003,0
CN=C1NCC(N)=[N+]1[O-],128.13500000000002,3,2,0,1,5,76.47999999999999,-1.5570999999999995,0
N=C1OCC(=O)OC1=N,128.087,5,2,0,1,5,83.22999999999999,-0.48566000000000015,0
COC1=C(N)C(=N)N=C1,125.131,3,2,1,1,4,71.46000000000001,-0.13522999999999985,0
N=C1COC(=N)OCN1,129.119,4,3,0,1,5,78.19,-0.5076600000000002,0
CN=C1N=C(N)C(N)=N1,125.13500000000002,3,2,0,1,5,89.11999999999999,-1.2997999999999994,0
NC(=O)Oc1nc[nH]n1,128.091,4,2,1,1,6,93.89,-0.7378,0
NCC(=O)C1=NC(N)=C1,125.131,4,2,2,1,4,81.47,-1.2311000000000003,0
N=c1cnncc(N)n1,123.119,5,2,0,1,5,88.54,-1.0667300000000004,0
N=CN1C=NC1C(=O)O,127.10299999999997,3,2,2,1,5,76.75,-0.6519299999999999,1
COC1=C(N)N=NC1=N,126.11900000000001,4,2,1,1,5,83.82,0.20367000000000007,0
Nc1nc(C=O)[nH]c1N,126.11899999999999,4,3,1,1,5,97.78999999999999,-0.6134000000000002,0
N=C1ON=C(CO)C1=N,127.10299999999998,5,3,1,1,5,89.52000000000001,-0.6380600000000003,0
O=Cc1nc(CO)co1,127.09899999999998,4,1,2,1,4,63.33,-0.020600000000000007,0
N=COc1ccnc(N)n1,138.13,5,2,2,1,5,84.88,0.044669999999999876,0
N#CCn1cnc(N)n1,123.119,5,1,1,1,5,80.52,-0.6161200000000002,0
N=C1N=CN=C1NC=O,124.10299999999998,3,2,1,1,5,77.67,-0.8499300000000003,0
N#CCOC1=NNC1=O,125.08699999999999,4,1,1,1,5,74.47999999999999,-1.0301200000000001,0
N=c1cnoc(N)n1,112.09200000000001,5,2,0,1,5,88.79,-0.8687300000000002,0
Nn1cncc1C(=O)O,127.10299999999997,4,2,1,1,5,81.14,-0.7049000000000003,0
Nc1ncoc(=O)c1N,127.103,5,2,0,1,5,95.14,-0.8008,0
N#CCC1=NN=C1CN,122.13100000000001,4,1,2,1,4,74.53,-0.33061999999999986,0
O=C1C=C([N+](=O)[O-])N1,114.06,3,1,1,1,5,72.24,-0.7657,0
N=C1OC=NC(C=O)O1,128.087,5,1,1,1,5,71.74,-0.4787300000000001,1
CCN=C1NN=NC1=N,125.135,3,2,1,1,5,72.96000000000001,0.35247000000000006,0
N=C1NCC(=NC=O)O1,127.103,3,2,1,1,5,74.54,-0.9041300000000001,0
N=C(O)Oc1nnc[nH]1,128.091,4,3,1,1,6,94.88,-0.32373,0
N=C1OCOC1=NCCO,144.13000000000002,5,2,2,1,5,74.9,-0.6412300000000002,0
N=COC(=N)C1CON1,129.119,5,3,2,1,5,78.19,-0.5092600000000003,1
N=C(N)OC1NC1=N,114.10799999999999,3,4,1,1,5,104.89000000000001,-1.19696,1
N=C1OCC(=O)OC(=N)O1,144.08599999999998,6,2,0,1,6,92.46,-0.5540600000000002,0
N=C1OC(=N)C(=CN)O1,127.103,5,3,0,1,5,92.18,-0.25466,0
N=C1OCC(=NCN)C1=O,141.13000000000002,5,2,1,1,5,88.53,-1.0798299999999998,0
Nc1oncc1C=O,112.08799999999998,4,1,1,1,4,69.12,0.06930000000000003,0
Nc1ncoc1C=O,112.08799999999998,4,1,1,1,4,69.12,0.06930000000000003,0
N=C(OC=O)OC1=NC1,128.087,5,1,1,1,5,71.74,-0.47713000000000005,0
O=Cc1n[nH]c(O)n1,113.07599999999998,4,2,1,1,5,78.87,-0.6772000000000001,0
N=C1N=C(N)C(CO)=N1,126.119,3,3,1,1,5,94.82000000000001,-1.2747300000000001,0
CC(O)C1=C(N)OC1=N,128.131,4,3,1,1,4,79.33000000000001,-0.4550300000000002,1
N=Cc1nn[nH]c1C=N,123.11899999999999,4,3,2,1,5,89.27000000000001,-0.19995999999999986,0
N#CCc1n[nH]oc1=O,125.08699999999999,4,1,1,1,5,82.68,-0.5710200000000001,0
N=C1N=COC(=O)CO1,128.087,4,1,0,1,5,71.74,-0.47713000000000005,0
NC(=O)C1=CN=NC1=O,125.08699999999999,3,1,1,1,5,84.88,-0.6520000000000001,0
COC1=NC(=N)C(N)=N1,126.11900000000001,4,2,0,1,5,83.82,-0.6631300000000002,0
N=CC(N)Nc1c(N)c1=O,140.146,5,4,3,1,5,104.99000000000001,-1.1491299999999995,1
Cn1c(=O)ncoc1=N,127.10299999999998,5,1,0,1,5,71.88,-1.1472300000000004,0
N=c1nc(C=O)cn[nH]1,124.10299999999998,4,2,1,1,5,82.49000000000001,-0.9033300000000002,0
NCC(=O)c1conn1,127.103,5,1,2,1,5,82.01,-0.7890000000000004,0
N=C1C=C(CN)N=N1,110.12000000000002,3,2,1,1,4,74.59,0.2720699999999999,0
NC(=O)n1ccc(=O)[nH]1,127.10299999999998,3,2,0,1,5,80.88,-0.8968,0
NC(=O)C(=O)C1CN1O,130.103,4,2,2,1,5,83.4,-1.8857999999999997,2
N=CNC1NCOC1=O,129.119,4,3,2,1,5,74.21000000000001,-1.3869300000000002,1
COC1=NC(=O)C(N)=C1,126.115,3,1,0,1,4,64.67999999999999,-0.5859000000000001,0
N=C1NC(=O)CN=CO1,127.103,4,2,0,1,5,74.54,-0.9041300000000001,0
Nc1oncc(=O)c1N,127.103,5,2,0,1,5,95.14,-0.8008,0
N=C1N=C(O)COC1=N,127.10299999999998,3,3,0,1,5,89.52000000000001,-0.07236000000000015,0
[N-]C1=C(N)C(=O)N=N1,110.076,3,1,0,1,5,90.11,-0.055400000000000005,0
CC(=O)C1=NC(O)=N1,112.088,3,1,1,1,4,62.019999999999996,-0.09849999999999998,0
N=C1N=C(C(=N)CO)O1,127.10299999999998,4,3,2,1,5,89.52000000000001,-0.6380600000000001,0
Cc1nc(N)nn1C=N,125.135,5,2,1,1,5,80.58,-0.3761100000000001,0
COC1=NC(O)=C1N,114.104,4,2,0,1,4,67.84,-0.2693,0
N=CN1CNC(=O)C1=O,127.10299999999997,3,2,1,1,5,73.26,-1.4906300000000001,0
N=c1ncc(CO)no1,127.103,5,2,1,1,5,83.0,-0.9586300000000001,0
Nc1oc(C=O)cc1O,127.09899999999996,4,2,1,1,4,76.46,0.37990000000000007,0
NC1=[N+]([O-])C(=O)C=N1,113.076,4,1,0,1,5,81.52,-1.5775999999999997,0
NC1=NC(CO)=NC1=O,127.10299999999998,4,2,1,1,5,88.03999999999999,-1.7254,0
N=CC1=NC(=O)C(N)=N1,124.10300000000001,4,2,1,1,5,91.66,-1.06813,0
N=C1OCC(=O)C(=O)O1,129.071,5,1,0,1,5,76.45,-0.9363300000000001,0
N#CCC1=NC(=O)N=C1,121.09899999999999,2,0,1,1,4,65.58,0.5454800000000001,0
CC1=NC(=O)N=C1NC=N,138.13,2,2,1,1,5,77.67,0.17607000000000006,0
N#CC(N)c1cnon1,124.103,5,1,1,1,5,88.73,-0.40702000000000016,1
N=C1N=CNCC(=O)O1,127.10299999999998,4,2,0,1,5,74.54,-0.9041300000000001,0
N=C1OCC(=O)NC1=O,128.087,4,2,0,1,5,79.25,-1.36333,0
NC1=CON=C(C=O)N=C1,139.114,5,1,1,1,5,77.04,-0.6001000000000001,0
N=CNC1NCOC1=O,129.119,4,3,2,1,5,74.21000000000001,-1.3869300000000002,1
NC1=C(N)C(=O)N=C1,111.10399999999998,3,2,0,1,4,81.47,-1.2736000000000003,0
COC1=NC(=N)N=C1N,126.11900000000001,3,2,0,1,5,83.82,-0.66313,0
COC1=NC(N)=NC1=O,127.10300000000001,4,1,0,1,5,77.03999999999999,-1.1138000000000001,0
COc1ncn[nH]c1=N,126.119,4,2,1,1,5,74.65,-0.70723,0
N=C1CNC(=O)C(=N)O1,127.10299999999998,4,3,0,1,5,86.03000000000002,-0.9126600000000002,0
N=CCC1=NN=CC1=O,123.115,4,1,2,1,4,65.64,0.035569999999999935,0
CC1=NC(=O)OC1=O,113.07199999999997,3,0,0,1,4,55.73,0.12410000000000004,0
COc1nc(C=O)n[nH]1,127.103,4,1,2,1,5,67.87,-0.37420000000000025,0
NC(C=O)C1=NC(O)=N1,127.103,4,2,2,1,5,88.04,-1.1612999999999998,1
N=C1N=C(C[NH3+])OC1=O,128.111,3,2,1,1,5,90.15,-1.83913,0
N=c1oc(=O)oc(=O)o1,131.04299999999998,6,1,0,1,6,97.41000000000001,-1.33453,0
N=C1NCC(=N)C(=O)N1,126.119,3,4,0,1,5,88.83000000000001,-1.3396599999999999,0
N=C1N=CC(C(N)=O)=N1,124.10300000000001,2,2,1,1,5,91.66000000000001,-1.06813,0
CC1=NC(=N)N=C1O,111.10399999999998,1,2,0,1,4,68.8,0.3521700000000001,0
COC1=NC(N)=NC1=N,126.11900000000001,4,2,0,1,5,83.82,-0.66313,0
Nc1connc1=O,113.07600000000001,5,1,0,1,5,82.00999999999999,-0.988,0
CN=C1N=NC(CN)=N1,125.135,3,1,1,1,5,75.46,-0.20479999999999998,0
CN=C(N)c1ncno1,126.11899999999999,4,1,1,1,5,77.3,-0.5953000000000004,0
CC1=NN=C(N)C1=N,110.12,4,2,0,1,4,74.59,-0.24712999999999996,0
CC1=NC(=NO)COC1,128.13099999999997,3,1,0,1,4,54.18000000000001,0.26520000000000005,0
N=C1N=C(CO)C=[N+]1[O-],127.10299999999998,3,2,1,1,5,82.50999999999999,-1.0508300000000002,0
CN=C1N=CNC1=N,110.11999999999999,2,2,0,1,4,60.6,-0.3765300000000002,0
N=C(N)c1cnc(O)o1,127.10299999999998,4,3,1,1,5,96.13000000000001,-0.3357299999999997,0
N#CC(=N)n1nco1,110.076,5,1,0,1,5,78.60000000000001,-0.17495,0
CN=C1NN=C(N)C1=O,126.119,4,2,0,1,5,79.84,-1.5408,0
NC1=NC(=O)C(O)=C1,112.08799999999997,3,2,0,1,4,75.67999999999999,-0.6742999999999999,0
CN1C(=N)N=C1CO,113.11999999999999,2,2,1,1,4,59.68000000000001,-0.7426299999999999,0
C#CCc1n[nH]c(N)n1,122.13100000000001,3,2,1,1,4,67.59,-0.4374000000000002,0
N=CC1OCON1C=O,130.103,4,1,2,1,5,62.620000000000005,-0.6602300000000001,1
Nn1nc(CO)oc1=O,131.09099999999998,6,2,1,1,6,94.28,-1.9576000000000002,0
N=CN1C(=N)NC1C=O,126.11899999999997,3,3,2,1,5,80.04,-1.0415600000000003,1
N=C1NC(=N)C(=O)N1,112.092,3,4,0,1,5,88.83000000000001,-1.3821599999999998,0
N=Cn1ccnnc1=N,123.119,5,2,1,1,5,78.41,-0.7872600000000001,0
N=C1N=C(N)C(=N)N1,111.108,3,4,0,1,5,98.11000000000001,-1.1411600000000002,0
NCC1C(=O)OC1=O,115.08799999999998,4,1,1,1,4,69.39000000000001,-1.3553,0
CN=C1N=C(N)N=C1N,125.13500000000002,4,2,0,1,5,89.11999999999999,-1.2997999999999994,0
CN=c1[nH]cnc(=O)o1,127.10299999999998,4,1,0,1,5,71.25,-1.1066000000000003,0
CNC1=NN=C1C=O,111.10399999999998,4,1,1,1,4,53.82,-0.8272000000000002,0
N=c1[nH]c(=N)oc(=O)[nH]1,128.091,4,4,0,1,6,109.48999999999998,-1.7450600000000005,0
N=CC1OC(=N)OC1=O,128.087,5,2,1,1,5,83.22999999999999,-0.48725999999999997,1
N=C1COC(=N)OCO1,130.103,5,2,0,1,5,75.39,-0.08066000000000012,0
CC1(O)COC(=O)C1=N,129.115,4,2,0,1,4,70.38,-0.6860299999999999,1
COC1=NC(N)=NC1=O,127.10300000000001,4,1,0,1,5,77.03999999999999,-1.1138000000000001,0
N=C1COC(=O)NC1=N,127.103,4,3,0,1,5,86.03,-0.27676000000000023,0
N=C1ON=C(N)C1=N,112.092,5,3,0,1,5,95.31,-0.7141600000000001,0
N=C1N=CC(N)=C1N,110.12000000000002,3,3,0,1,4,88.25,-0.8229300000000002,0
C#CC(=O)c1ncon1,122.083,4,0,1,1,4,55.99,-0.11450000000000005,0
N#CCc1cn[nH][n+]1[O-],124.103,3,1,1,1,5,79.41,-0.89082,0
N=COC1=NC(=O)OC1,128.087,4,1,1,1,5,71.74,0.15877000000000002,0
CN=C1C=NC(N)=N1,110.12,3,1,0,1,4,63.099999999999994,-0.5862,0
N=Cc1nncn1N,111.108,5,2,1,1,5,80.58,-1.0104300000000002,0
N=Cc1noc(=N)n1CO,142.11800000000002,6,3,2,1,6,98.89,-1.0969600000000004,0
Nc1cnc(C=O)c(=O)o1,140.09799999999998,5,1,1,1,5,86.19,-0.5705,0
CN=C1N=CNC1=N,110.11999999999999,2,2,0,1,4,60.6,-0.3765300000000002,0
NC1=NC(=O)C(CO)=N1,127.10299999999998,4,2,1,1,5,88.03999999999999,-1.7253999999999996,0
N=C1N=CN=C(F)C1=O,127.07799999999999,3,1,0,1,5,65.64,-0.05732999999999999,0
N=C1NC(=O)NCCO1,129.119,3,3,0,1,5,74.21000000000001,-0.74943,0
CN=C1N=C(O)N=C1N,126.119,3,2,0,1,5,83.33,-0.7004999999999999,0
N=C1C=C(C(N)=O)O1,112.088,3,2,1,1,4,76.17,-0.6369300000000002,0
CC(C#N)C1=NN=[N+]1[O-],124.10300000000001,4,0,1,1,5,74.58,0.43568000000000007,1
N=C1N=COCOC1=N,127.103,4,2,0,1,5,78.52000000000001,-0.026460000000000095,0
N=C1CC(=NO)C1=O,112.08799999999998,4,2,0,1,4,73.50999999999999,-0.19083,0
Nc1oncc1C=O,112.08799999999998,4,1,1,1,4,69.12,0.06930000000000003,0
CCn1oc(=O)nc1N,129.119,5,1,1,1,5,74.05,-0.5616000000000001,0
Nc1ccn[nH]c1=NC=O,138.13,3,2,1,1,5,84.13,-0.9510000000000003,0
NC=C1N=NC(CN)=N1,125.135,5,2,1,1,5,89.11999999999999,-0.433,0
COc1nn[nH]c1C=O,127.10299999999998,4,1,2,1,5,67.87,-0.37420000000000025,0
N=C1N=COC(=O)CO1,128.087,4,1,0,1,5,71.74,-0.47713000000000005,0
N=C1OCC(=O)C1=NO,128.087,5,2,0,1,5,82.74,-0.60683,0
N=C1OCCC(=O)C(=N)O1,142.114,5,2,0,1,5,83.23,-0.09556000000000003,0
N=CN1CC(=O)OC1=N,127.10299999999998,4,2,1,1,5,77.24000000000001,-0.61296,0
Nc1nc[nH]c(=O)n1,112.09199999999998,4,2,0,1,5,84.66,-1.2529000000000001,0
CC1=NN=C1NC=N,110.11999999999999,3,2,1,1,4,60.6,-0.0289299999999999,0
N=CC(N)n1ccnc1,124.14699999999998,4,2,2,1,4,67.69,-0.010030000000000372,1
Nc1cnc(=O)on1,113.076,5,1,0,1,5,82.01,-0.988,0
N=C1NC(=N)C(=O)O1,113.076,4,3,0,1,5,86.03000000000002,-0.95516,0
N=CN1C=NCC(=O)O1,127.10299999999998,4,1,1,1,5,65.75,-0.6044300000000002,0
N=CCc1noc(=N)[nH]1,126.119,4,3,2,1,5,89.52000000000001,-0.32576,0
COc1nn[nH]c1C#N,124.103,4,1,1,1,5,74.59,-0.31502000000000013,0
N#CCc1nnoc1N,124.10300000000001,5,1,1,1,5,88.73,-0.28212000000000004,0
CC1=NC(=N)N=C1N,110.12,2,2,0,1,4,74.59,-0.24712999999999996,0
O=c1ccoc(CCO)n1,141.126,4,1,2,1,4,63.33,-0.43040000000000006,0
CCNN1C(=O)N=C1N,128.135,3,2,2,1,5,70.72,-0.7387999999999999,0
NC1=C(C=O)C(=O)N=N1,125.087,4,1,1,1,5,84.88000000000001,-0.6520000000000001,0
N=C1COCOC(=N)O1,130.103,5,2,0,1,5,75.39,-0.0806599999999999,0
NC(=O)C1=CN=C1N,111.104,3,2,1,1,4,81.47,-1.2736000000000003,0
CN=C1OC(=N)C(=O)O1,128.087,5,1,0,1,5,71.74,-0.47713,0
COC1=NNC(=N)C1=N,126.11899999999999,4,3,0,1,5,81.32,-0.45346000000000036,0
N=Cc1nc(C=O)no1,125.08699999999999,5,1,2,1,5,79.84,-0.12023,0
N=C1NC(C=O)OC1=O,128.087,4,2,1,1,5,79.25,-1.3649300000000002,1
N=c1oc(=N)c1=NO,113.076,5,3,0,1,5,93.43,-1.5959600000000003,0
N#Cc1[nH]ncc1C=O,121.09899999999998,3,1,1,1,4,69.53999999999999,0.09388000000000002,0
N=C1NCC(=O)COCO1,144.13,4,2,0,1,5,71.41000000000001,-0.9158300000000001,0
CCC(=O)OC1=NN=C1,126.115,4,0,1,1,4,51.019999999999996,0.3375,0
O=Cc1n[nH]c(CCO)n1,141.12999999999997,4,2,3,1,5,78.87,-0.8480000000000001,0
CN=C1C=NN=C1N,110.12,4,1,0,1,4,63.099999999999994,-0.5862,0
N=C1NC(=O)C(=O)OCO1,144.08599999999998,5,2,0,1,6,88.48000000000002,-1.43173,0
N=C1OC(=N)C(=N)O1,113.076,5,3,0,1,5,90.01,-0.07748999999999995,0
N=CN1CC(=O)OC1=O,128.087,4,1,1,1,5,70.46000000000001,-0.42772999999999994,0
NC1=NC(=O)C(CO)=N1,127.10299999999998,4,2,1,1,5,88.03999999999999,-1.7253999999999996,0
N=C1NC(=O)C(=O)CO1,128.087,4,2,0,1,5,79.25000000000001,-1.36333,0
NC(=O)C1=NN=C1N,112.09200000000001,4,2,1,1,5,93.83,-1.8014999999999999,0
N=C1COC(=N)C(=O)N1,127.103,4,3,0,1,5,86.03,-0.9126600000000002,0
CN1CC(=N)N(C=O)N1,128.135,4,2,1,1,5,59.43000000000001,-1.2129299999999998,0
N=C1N=C(C(N)=O)O1,113.076,3,2,1,1,5,88.53000000000002,-1.1648300000000003,0
N=CC1=NC(=O)C(=O)O1,126.07099999999998,4,1,1,1,5,79.58,-0.8821300000000001,0
O=C1N=NCN=CCO1,127.103,4,0,0,1,5,63.379999999999995,0.6171,0
N=c1cncc(N)n1N,125.13500000000002,5,3,0,1,5,93.71,-1.34143,0
Nc1cc(NC=O)ncn1,138.13,4,2,2,1,5,80.89999999999999,-0.37290000000000045,0
N=c1occ(C=O)oc1=O,141.082,5,1,1,1,5,84.27000000000001,-0.47523000000000004,0
CN=C1OC(=N)C(=O)O1,128.087,5,1,0,1,5,71.74,-0.47713,0
N=C1NC(C=O)OC1=N,127.103,4,3,1,1,5,86.03,-0.9142600000000001,1
CN=C1OC(N)=NC1=O,127.10300000000001,4,1,0,1,5,77.03999999999999,-1.1138000000000001,0
N=C(O)n1cncc1O,127.10299999999998,4,3,0,1,5,82.13,-0.07043000000000005,0
N=CN=C1N=CC(N)=N1,123.119,2,2,1,1,5,86.95,-0.6089300000000002,0
COC1=C(CO)N=NC1=N,141.13,4,2,2,1,5,78.03,0.27976999999999996,0
CC1=NC(=N)NC1=O,111.10399999999998,2,2,0,1,4,65.31,-0.4881300000000001,0
N#CCC1=NN=C1N,108.10400000000001,4,1,1,1,4,74.53,-0.37311999999999984,0
N=C1CC(N)OC1=NO,129.119,5,3,0,1,5,91.69000000000001,-0.5010300000000003,1
N=C1OC(=O)OC1=NO,130.059,6,2,0,1,6,91.97,-0.08182999999999996,0
N#Cc1nc(CO)n[nH]1,124.103,4,2,1,1,5,85.59,-0.8313200000000003,0
CN=C1N=CC(N)=N1,110.12,2,1,0,1,4,63.099999999999994,-0.5862,0
CC(=O)n1cnc(=N)o1,127.103,5,1,0,1,5,71.88,-0.38433,0
NC1=C(O)N=C1C=O,112.088,4,2,1,1,4,75.68,-0.6743000000000001,0
CN=C1OC(=N)OC1=O,128.087,5,1,0,1,5,71.74000000000001,-0.47713,0
NC1=C(NC=O)C(=O)C=N1,139.11399999999998,4,2,2,1,5,84.55,-1.4863000000000004,0
COC1=NC(N)=NC1=O,127.10300000000001,4,1,0,1,5,77.03999999999999,-1.1138000000000001,0
CC(=O)n1ncn1N,114.108,5,1,0,1,5,65.84,-0.9415,0
CC(=O)C1=NC(=O)N1,112.088,2,1,1,1,4,58.53,-0.3028999999999999,0
NC1=COC(=O)C1=O,113.07199999999999,4,1,0,1,4,69.39,-1.0876000000000001,0
CN=c1nc(N)[nH]n1C,127.15100000000001,4,2,0,1,5,71.99000000000001,-1.1390999999999998,0
N=CC1OC(=O)NC1=N,127.103,4,3,1,1,5,86.03,-0.27836000000000005,1
N=C1COCOC(=N)N1,129.119,4,3,0,1,5,78.19,-0.50766,0
N=C1OC=NC1=CN,111.104,4,2,0,1,4,71.46,-0.17773000000000005,0
COc1ncc(N)nn1,126.11900000000001,5,1,1,1,5,73.92,-0.5376000000000003,0
COc1nc[nH]c(=O)n1,127.103,4,1,1,1,5,67.87,-0.8265,0
CN=C1NC(=N)OC1=O,127.10299999999998,4,2,0,1,5,74.53999999999999,-0.9041300000000003,0
CC1=NC(N)=NC1=N,110.12,3,2,0,1,4,74.59,-0.24712999999999996,0
CC1=NN=C(N)C1=O,111.104,4,1,0,1,4,67.81,-0.6978,0
N=c1occ[nH]c1=NO,127.103,4,3,0,1,5,85.37,-0.6229300000000002,0
NC1=C(C=O)C(=O)O1,113.07199999999999,4,1,1,1,4,69.39,-1.0876000000000001,0
N=C(O)C1=CC(=O)N=N1,125.08699999999999,3,2,1,1,5,85.86999999999999,0.39796999999999993,0
CN=C1N=CNC1=O,111.10399999999998,2,1,0,1,4,53.82,-0.8272000000000002,0
N=Cn1cnc(=N)[nH]1,111.10799999999999,4,3,1,1,5,81.31,-0.8541600000000003,0
NC1=NC(C=O)N=CO1,127.10299999999998,5,1,1,1,5,77.04,-1.1154000000000002,1
COC(=O)C1=NNC1=O,128.08700000000002,4,1,1,1,5,67.75999999999999,-1.3548000000000002,0
NC1(C=O)NCOC1=O,130.103,5,2,1,1,5,81.42000000000002,-2.0558000000000005,1
CN=c1c(N)nc1=O,111.104,4,1,0,1,4,68.34,-1.5698999999999999,0
N=C1C=NC(N)=C1O,111.104,4,3,0,1,4,82.46000000000001,-0.22363000000000027,0
N=C1NC(=N)OC(=O)CO1,143.102,5,3,0,1,6,95.26,-0.98106,0
N=C1COC(=N)NCO1,129.119,4,3,0,1,5,78.19,-0.5076600000000002,0
Nc1nnc(OC=O)[nH]1,128.09099999999998,5,2,2,1,6,93.88999999999999,-1.0779000000000005,0
NC(C=O)C1=NC(O)=N1,127.103,4,2,2,1,5,88.04,-1.1612999999999998,1
CNC1COC(=O)NC=N1,143.14600000000002,4,2,1,1,5,62.72,-0.7000000000000002,1
CC(N)C1=NC(=O)N=N1,126.119,3,1,1,1,5,80.17,0.3179000000000002,1
CC(=O)C1=NN=C1N,111.10400000000001,4,1,1,1,4,67.81,-0.6978,0
N=C1COC(=O)NC1=O,128.087,4,2,0,1,5,79.25,-0.7274300000000002,0
Cn1cnc(=O)oc1=O,128.087,5,0,0,1,5,65.1,-1.2665,0
N=C1COC(=N)C(=O)N1,127.103,4,3,0,1,5,86.03,-0.9126600000000002,0
COc1cnoc(=N)n1,127.103,5,1,1,1,5,72.0,-0.44233000000000006,0
N=C1NC(=N)C(=O)N1,112.092,3,4,0,1,5,88.83000000000001,-1.3821599999999998,0
N=C1CN(C=O)C(=N)O1,127.10299999999998,4,2,1,1,5,77.24000000000001,-0.61296,0
COC(=O)c1cnno1,128.08700000000002,5,0,1,1,5,65.22,-0.14380000000000015,0
N=CN1C(=N)N=C1CO,126.11899999999999,3,3,2,1,5,83.53,-0.76536,0
N=CC1OC(=O)N1C=N,127.103,4,2,2,1,5,77.24000000000001,0.021340000000000192,1
CC(O)C1=NNC1=O,114.104,3,2,1,1,4,61.690000000000005,-1.1470000000000002,1
N=C1N=C(O)N=C1C=O,125.08699999999997,3,2,1,1,5,85.87,-0.4688300000000001,0
N=C1NC(C=O)NC1=O,127.103,3,3,1,1,5,82.05000000000001,-1.7919299999999998,1
CN=C1C=NNC1=N,110.11999999999999,3,2,0,1,4,60.6,-0.3765300000000002,0
CC1=NN=C(CO)C1=O,126.11499999999998,4,1,1,1,4,62.02,-0.6216999999999999,0
CC(O)C1=NN=C1N,113.12000000000002,4,2,1,1,4,70.97,-0.9060000000000001,1
N=CN1CC(=O)NC1=O,127.10299999999998,3,2,1,1,5,73.26,-0.85473,0
N=C1N=CCNC(=O)O1,127.103,3,2,0,1,5,74.54,-0.26823000000000013,0
O=CC1=NOC(CO)=NN1,143.102,6,2,2,1,6,83.28,-1.5756000000000001,0
CN=C1N=NC(CO)=N1,126.11899999999999,3,1,1,1,5,69.67,-0.17119999999999996,0
CN=C1ON=C(N)C1=O,127.103,5,1,0,1,5,77.03999999999999,-1.1138,0
N=C1OC=NCOC1=N,127.103,5,2,0,1,5,78.52000000000001,-0.026460000000000095,0
N=C1CC(=N)OC(=O)C1,126.11499999999998,4,2,0,1,4,74.0,0.32044000000000006,0
N=C1OCC(C=O)NC1=O,142.11399999999998,4,2,1,1,5,79.25,-1.3224300000000002,1
CC(O)C1=NN=C1N,113.12000000000002,4,2,1,1,4,70.97,-0.9060000000000001,1
COC1=NC(=O)C(N)=N1,127.10300000000001,4,1,0,1,5,77.03999999999999,-1.1138000000000003,0
N=C1OC(=O)OC1=NO,130.059,6,2,0,1,6,91.97,-0.08182999999999996,0
N=c1nc(C=O)nco1,125.08699999999997,5,1,1,1,5,79.84,-0.6384300000000003,0
N=C1ON=C1CCO,114.10399999999998,4,2,2,1,4,65.67,-0.26773,0
N=C1OCCNC1=NC=O,141.13,3,2,1,1,5,74.53999999999999,-0.8616300000000003,0
CN=C1N=C(N)N1C=O,126.119,3,1,1,1,5,71.05,-1.2411,0
N=C1C=C(N)C(=N)O1,111.104,4,3,0,1,4,82.95,-0.18625999999999998,0
COC1=NNC(=O)C1=O,128.087,4,1,0,1,5,67.75999999999999,-1.3548000000000002,0
N=C1NCOC(=O)CN1,129.119,3,3,0,1,5,74.21,-1.3853300000000002,0
Nc1noc(=O)nc1N,128.091,6,2,0,1,6,108.03,-1.4058000000000002,0
N=C1N=NC(O)=C1C=O,125.08699999999997,4,2,1,1,5,85.87,0.39796999999999993,0
CC1=NC(CO)=NC1=N,125.13099999999999,3,2,1,1,4,68.80000000000001,-0.17103000000000002,0
Nc1nc(C=O)c(N)o1,127.10299999999998,5,2,1,1,5,95.14,-0.3485,0
N=C1OC(=O)NC1=O,114.05999999999999,4,2,0,1,5,79.25,-0.7699300000000002,0
COc1oncc1OC=N,142.11399999999998,5,1,3,1,5,68.34,0.6690699999999998,0
CN=C1ON=CC1=N,111.10399999999998,4,1,0,1,4,57.800000000000004,0.05047000000000007,0
N=C(O)C1=NC(O)=N1,113.076,3,3,1,1,5,89.03,-0.1522300000000002,0
COc1cnc(=N)on1,127.103,5,1,1,1,5,72.0,-0.44233000000000006,0
N=CN1NC1C(=N)O,114.10799999999998,3,4,2,1,5,92.88000000000001,-0.7249599999999998,1
N=C1OC(=O)N=C1N,113.07600000000001,4,2,0,1,5,88.53,-0.5289300000000001,0
N=C1OCN=C1NC=O,127.10299999999998,4,2,1,1,5,74.53999999999999,-0.9041300000000003,0
N=CN1C(=N)OCC1=NO,142.118,5,3,1,1,6,92.76,-0.35186,0
NC(=O)C1=NN=C1O,113.076,3,2,1,1,5,88.04,-1.2022,0
CNC(C#N)n1nno1,127.10700000000001,6,1,2,1,6,79.67,-0.8873200000000003,1
CN1CC(=N)NOC1=O,129.119,3,2,0,1,5,65.42000000000002,-0.4497299999999999,0
CC1=NN=C(N)C1=O,111.104,4,1,0,1,4,67.81,-0.6978,0
NCC1=NOC(=O)C1=O,128.087,5,1,1,1,5,81.75,-1.5730000000000004,0
N=C1COC(=N)C(=O)O1,128.087,5,2,0,1,5,83.23,-0.48566000000000015,0
N=C1COC(=O)N=CO1,128.087,4,1,0,1,5,71.74,0.15877000000000002,0
N=C(N)Nc1cnoc1,126.11899999999999,3,3,1,1,5,87.93,-0.020030000000000325,0
N=CN1CC(=O)C(=O)O1,128.087,4,1,1,1,5,70.46000000000001,-1.06363,0
Nc1conc1N,99.09300000000002,4,2,0,1,4,78.07,-0.16099999999999992,0
N=C1N=C(O)N=C1C=O,125.08699999999997,3,2,1,1,5,85.87,-0.4688300000000001,0
COC1=NNC(=N)C1=O,127.10299999999998,4,2,0,1,5,74.53999999999999,-0.9041300000000003,0
N=C1N=CC(CN)=[N+]1[O-],126.11900000000001,3,2,1,1,5,88.30000000000001,-1.08443,0
N=C1N=C(N)N=C1CN,125.13500000000002,4,3,1,1,5,100.61,-1.3083300000000002,0
N=CCn1c(N)noc1=N,141.13400000000001,6,3,2,1,6,104.68,-0.8126599999999999,0
NCC1=C(CN)C(=O)N=N1,140.146,4,2,2,1,5,93.83,-0.8496999999999999,0
C#CC1=NC(N)=NC1=O,121.099,3,1,0,1,4,67.81,-1.0845,0
Nc1cnc(C=O)n1N,126.119,5,2,1,1,5,86.92999999999999,-1.0084,0
Nc1cnc(O)oc1=O,128.087,5,2,0,1,5,89.35,-0.6774,0
CN=c1cn[nH]c(=O)o1,127.10299999999998,4,1,0,1,5,71.25,-1.1065999999999998,0
N=c1nc(C=O)cno1,125.08699999999997,5,1,1,1,5,79.84,-0.63843,0
Cc1connc1=NC=O,139.114,4,0,1,1,5,68.35,-0.5648800000000003,0
CN=C(N)c1conn1,126.11899999999999,4,1,1,1,5,77.3,-0.5953000000000004,0
Nc1oc(=O)oc1CO,131.087,5,2,1,1,5,89.60000000000001,-0.6926999999999999,0
N=C1CNC(=O)C1=NO,127.10299999999998,4,3,0,1,5,85.54,-1.0338300000000005,0
N=c1ncc(CCO)no1,141.13,5,2,2,1,5,83.0,-0.9161299999999999,0
N=C1N=C(CCO)N=C1N,140.146,4,3,2,1,5,94.82,-0.88463,0
N#CCc1nc(N)no1,124.10300000000001,5,1,1,1,5,88.73,-0.28212000000000004,0
Nc1cc(OC=O)no1,128.087,5,1,2,1,5,78.35000000000001,-0.20800000000000013,0
C#CC(N)C1=NN=C1N,122.13100000000001,4,2,1,1,4,76.75999999999999,-1.3262999999999998,1
N#CCC1=NC(=N)N=N1,121.10300000000001,3,1,1,1,5,84.72,0.69915,0
N=C1OCN=C1NCO,129.119,5,3,1,1,5,77.7,-1.1107300000000002,0
CC(=O)N1N=C1C=N,111.10399999999998,3,1,1,1,4,56.29,-0.18842999999999993,0
CN=C1N=CN=C1N,110.12,3,1,0,1,4,63.099999999999994,-0.5861999999999998,0
N=C1OC(=O)CC1=O,113.07199999999999,4,1,0,1,4,67.22,-0.52033,0
C#CC(=N)NC1NC1=O,123.11499999999998,2,3,1,1,4,74.89000000000001,-1.3576300000000006,1
Cc1n[nH]c(=N)c(=O)o1,127.10299999999998,4,2,0,1,5,82.74,-0.84921,0
COC1=NC(N)=NC1=O,127.10300000000001,4,1,0,1,5,77.03999999999999,-1.1138000000000001,0
CC(=O)C1=NC(N)=N1,111.10400000000001,4,1,1,1,4,67.81,-0.6978,0
CNC(=O)C1=NOC1=O,128.087,4,1,1,1,5,67.75999999999999,-1.3548000000000002,0
N=C1OCC(=N)C(=O)O1,128.087,5,2,0,1,5,83.23,-0.48566000000000015,0
N=C1CC(N)=NC(=O)O1,127.103,4,2,0,1,5,88.53000000000002,-0.1388299999999999,0
N#CCNC1=NC(=O)O1,125.08699999999999,4,1,1,1,5,74.48,-0.39421999999999996,0
N=C1COCC(=N)OC1,128.131,4,2,0,1,4,66.16,0.030239999999999878,0
N=C1NCC(=O)N=NO1,128.091,4,2,0,1,6,86.9,-0.5652300000000001,0
N=C1N=C(O)N=C1C=O,125.08699999999997,3,2,1,1,5,85.87,-0.4688300000000001,0
NC(=O)C1N=CNC1=O,127.10299999999998,3,2,1,1,5,84.55000000000001,-2.0016,1
NC1=C(CO)C(O)=N1,114.10399999999998,3,3,1,1,4,78.84,-0.8809000000000002,0
N=C(N)C1=CN=NC1=O,124.103,3,2,1,1,5,91.66,-0.20132999999999995,0
Cc1nonc1NC=O,127.10299999999998,4,1,2,1,5,68.02000000000001,-0.053680000000000117,0
N=COC1NCNC1=O,129.119,4,3,2,1,5,74.21000000000001,-1.38693,1
N=C1COCC(=NO)O1,130.103,5,2,0,1,5,74.9,-0.20183000000000012,0
NC1=C(NC=O)C(=O)O1,128.087,4,2,2,1,5,81.42,-1.5830000000000004,0
N=C1COC(=N)NCO1,129.119,4,3,0,1,5,78.19,-0.5076600000000002,0
N=C(N)C1=NC(N)=N1,111.10800000000002,4,3,1,1,5,100.61,-1.3508299999999998,0
N=C1CC(=N)OC(O)C1,128.13099999999997,4,3,0,1,4,77.16000000000001,0.11224000000000006,1
NC1=NC(=O)C(C=O)=N1,125.08699999999997,4,1,1,1,5,84.88,-1.5188,0
Cc1nnc(CO)nn1,126.119,5,1,1,1,5,71.79,-0.9326800000000002,0
COC1=NC(=N)N=C1N,126.11900000000001,3,2,0,1,5,83.82,-0.66313,0
CN=C(N)C1=C(O)N=N1,126.11899999999999,4,2,1,1,5,83.33,0.16629999999999995,0
CNC1=NC(=O)OCO1,130.10299999999998,4,1,0,1,5,59.92,-0.31390000000000007,0
N=C1COC(=N)C(=N)O1,127.103,5,3,0,1,5,90.01,-0.034989999999999966,0
N=Cn1on(C=O)c1=O,129.075,6,1,2,1,6,80.99000000000001,-1.26373,0
N=COC1OCNC1=O,130.103,4,2,2,1,5,71.41,-0.9599300000000002,1
CC(O)C1=NN=C1N,113.12000000000002,4,2,1,1,4,70.97,-0.9060000000000001,1
CN=C1NC(=O)NC1=O,127.10299999999998,3,2,0,1,5,70.56,-1.1459000000000001,0
N=C1OC(C=O)OC1=O,129.071,5,1,1,1,5,76.44999999999999,-0.9379300000000002,1
Nc1cncn1C=C=NO,138.13,5,2,1,1,5,76.42999999999999,-0.005099999999999827,0
N=C(N)C1C=NNC=N1,125.135,4,3,1,1,5,86.62,-1.0917299999999999,1
N=Cn1oc(=O)[nH]c1=N,128.091,5,3,1,1,6,98.63,-1.2959600000000002,0
N=C1OCCOC(=N)O1,130.103,5,2,0,1,5,75.39,-0.0806599999999999,0
N=C1N=COC(N)C1=O,127.103,4,2,0,1,5,88.53,-1.12393,1
COC1=NC(N)=NC1=O,127.10300000000001,4,1,0,1,5,77.03999999999999,-1.1138000000000001,0
Nc1coc(=O)n1NC=O,143.102,5,2,2,1,6,90.25999999999999,-1.2766000000000002,0
N=C1N=CC(C(N)=O)O1,127.103,3,2,1,1,5,88.53000000000002,-1.12393,1
Cn1cnc(F)nc1=N,128.11,4,1,0,1,5,54.56,-0.5663300000000002,0
CN=C(N)C1=NOC1=O,127.10299999999998,4,1,1,1,5,77.03999999999999,-1.1138000000000001,0
CC1=NC(N)=NC1=O,111.104,3,1,0,1,4,67.81,-0.6978,0
CN1N=C(C=NO)C=CO1,141.12999999999997,5,1,1,1,5,57.42,0.19309999999999988,0
NC1=CN=C(N)C1=O,111.104,4,2,0,1,4,81.47,-1.2735999999999998,0
N=C1CCN=NC(=O)O1,127.10299999999998,4,1,0,1,5,74.87,0.95617,0
N=C1CNC(=O)N=CO1,127.10299999999998,3,2,0,1,5,74.54,-0.26823000000000013,0
CC1=NN=C(N)C1=NC=N,137.14600000000002,4,2,1,1,5,86.94999999999999,-0.21883000000000002,0
CNC1=NN=C1C=O,111.10399999999998,4,1,1,1,4,53.82,-0.8272000000000002,0
CN=C1N=C(O)C(O)=N1,127.10299999999998,1,2,0,1,5,77.54,-0.10120000000000007,0
COc1n[nH]nc1C=N,126.11899999999999,4,2,2,1,5,74.65,-0.1890300000000002,0
Cn1nc(C=O)c(=O)o1,128.087,5,0,1,1,5,65.1,-0.8142,0
NC1=NC(=O)C(O)=N1,113.07599999999998,3,2,0,1,5,88.03999999999999,-1.2022000000000002,0
N=C1N=COCOC1=N,127.103,4,2,0,1,5,78.52000000000001,-0.026460000000000095,0
CC(=O)C1=C(N)N=N1,111.10400000000001,4,1,1,1,4,67.81,0.16900000000000004,0
N=CNC1C(=O)OC1=O,128.087,4,2,2,1,5,79.25,-1.3649300000000002,0
Nc1nc(CC=O)no1,127.10299999999998,5,1,2,1,5,82.01,-0.6068000000000002,0
N=C1NC(=N)OC(=O)CO1,143.102,5,3,0,1,6,95.26,-0.98106,0
CNC(=N)C1OC(=O)O1,130.10299999999998,4,2,1,1,5,71.41,-0.3240300000000002,0
N=C1COC(=N)OCO1,130.103,5,2,0,1,5,75.39,-0.08066000000000012,0
CN=C1CNC(=O)O1,114.10399999999997,3,1,0,1,4,50.69,-0.2455,0
N=CC1=NC=NC1=N,108.104,3,2,1,1,4,72.42,0.09614,0
CC1(O)OC(=O)C1=N,115.088,4,2,0,1,4,70.38,-0.7285300000000003,1
CC1COC(=O)C(=N)N1,128.131,3,2,0,1,4,62.18000000000001,-0.50143,1
CC1=NC(F)=NC1=N,113.095,2,1,0,1,4,48.57,0.7636700000000001,0
CNC1=NC(=O)OCO1,130.10299999999998,4,1,0,1,5,59.92,-0.31390000000000007,0
N=CN1CC(=N)NC1=N,125.13499999999999,3,4,1,1,5,86.82000000000001,-0.5892900000000003,0
CC1=NC(=O)C(CO)=N1,126.11499999999998,3,1,1,1,4,62.019999999999996,-0.6217000000000001,0
N=C1CC(=N)OC(=N)O1,127.10299999999998,5,3,0,1,5,90.01,0.31261,0
Nc1nc(O)cn1C=O,127.10299999999997,5,2,1,1,5,81.13999999999999,-0.7908000000000002,0
N=C1OCC(=O)C1=NO,128.087,5,2,0,1,5,82.74,-0.60683,0
N=Cc1nc(=O)cn[nH]1,124.103,4,2,1,1,5,82.49000000000001,-0.8374300000000001,0
N=C1C=NC(C=O)=C1N,123.115,4,2,1,1,4,79.3,-0.54023,0
CNc1ncoc(=N)n1,126.11899999999999,5,2,1,1,5,74.80000000000001,-0.4092299999999999,0
COc1ncc(=N)[nH]n1,126.119,4,2,1,1,5,74.65,-0.7072300000000002,0
CC1=NC(=O)C(CO)=N1,126.11499999999998,3,1,1,1,4,62.019999999999996,-0.6217000000000001,0
NOc1nn[nH]c1C=O,128.09099999999998,5,2,2,1,6,93.88999999999999,-1.1303,0
N=CN=C1N=C(CO)N1,126.11899999999999,2,3,2,1,5,80.83,-1.0565300000000002,0
Cc1nc(C=O)nn1N,126.119,5,1,1,1,5,73.8,-0.8871800000000001,0
N=C1NC(=O)CC(=O)O1,128.087,4,2,0,1,5,79.25000000000001,-1.0157300000000002,0
NC1=COC(=O)OCO1,131.087,5,1,0,1,5,70.78,-0.11509999999999992,0
N=Cn1cc(N)oc1=N,126.119,5,3,1,1,5,91.78999999999999,-0.40206000000000003,0
N=C1OC(C=O)C1=N,112.088,4,2,1,1,4,74.0,-0.41885999999999995,1
N=C1ON1C(=O)C=O,114.05999999999997,4,1,1,1,5,73.53,-1.10613,0
COC1=NNC(=N)C1=N,126.11899999999999,4,3,0,1,5,81.32,-0.45346000000000036,0
N=Cc1nnncc1C=O,136.11399999999998,5,1,2,1,5,79.59,-0.31823,0
CC(=O)C1=NC(N)=N1,111.10400000000001,4,1,1,1,4,67.81,-0.6978,0
CC(O)c1nc(N)no1,129.11900000000003,5,2,1,1,5,85.17,-0.2949000000000001,1
CCN=C1ON=NC1=N,126.119,4,1,1,1,5,70.16,0.7794700000000001,0
NC(=O)OC1=CN=N1,113.07600000000001,4,1,1,1,5,77.04,0.34640000000000015,0
N=C1OCCOC(=N)O1,130.103,5,2,0,1,5,75.39,-0.0806599999999999,0
CC1=[N+]([O-])C(=N)N=N1,112.09200000000001,3,1,0,1,5,74.64,0.31566999999999995,0
N=C1OC(=O)OCC1C=O,143.09799999999998,5,1,1,1,5,76.44999999999999,-0.05442999999999998,1
N#CC1(C(=O)CN)CO1,126.115,4,1,2,1,4,79.41,-1.1932200000000002,1
Cc1nc(=N)[nH]c(=O)o1,127.10299999999998,4,2,0,1,5,82.74,-0.84921,0
COC1=NN=C(O)C1=O,128.087,4,1,0,1,5,71.25,-0.5145000000000002,0
N=Cn1oc(=O)oc1=N,129.075,6,2,1,1,6,95.97999999999999,-1.0310599999999999,0
N#Cc1ncn(C(=N)N)n1,136.118,5,2,0,1,6,104.37,-1.1086500000000001,0
O=COC1=NC=CC1=O,125.08299999999997,4,0,1,1,4,55.73,-0.3457000000000001,0
N=C1N=C(O)N=C1C=O,125.08699999999997,3,2,1,1,5,85.87,-0.4688300000000001,0
N=c1nc(C=O)cn[nH]1,124.10299999999998,4,2,1,1,5,82.49000000000001,-0.9033300000000002,0
Cn1cnc(NC=O)c1O,141.13,4,2,2,1,5,67.15,-0.30600000000000016,0
Nc1ncn(CC=O)n1,126.11899999999999,5,1,2,1,5,73.8,-0.9408000000000003,0
CC(=O)C1=NC(=O)O1,113.07199999999999,3,0,1,1,4,55.730000000000004,0.12410000000000004,0
NC1=NC(=O)C(=O)C=C1,124.09899999999996,3,1,0,1,4,72.52,-0.9909000000000001,0
N=C(N)C1=NC(=O)O1,113.076,3,2,1,1,5,88.53000000000002,-0.5289299999999999,0
N=C1C=C(N)C(=O)O1,112.088,4,2,0,1,4,76.17,-0.6369300000000002,0
COC1NC(=O)C1=O,115.088,3,1,1,1,4,55.4,-1.3422,1
O=c1nc[nH]c(=O)n1O,129.075,5,2,0,1,6,87.98,-1.8311000000000002,0
N=COC1=NC(CO)C1=N,141.13,5,3,2,1,5,89.52000000000001,-0.5971600000000001,1
N=C1OC(=N)C(=NO)O1,129.075,6,3,0,1,6,98.75,-0.26705999999999996,0
N=C1CNC(=O)N=CO1,127.10299999999998,3,2,0,1,5,74.54,-0.26823000000000013,0
N=C1OCC(=O)C(=N)O1,128.087,5,2,0,1,5,83.23,-0.48566000000000015,0
NC1=CN(NC=O)C1=O,127.10299999999998,3,2,2,1,5,75.43,-1.7103000000000004,0
N=C1NC(N)=NC1=O,112.09200000000001,3,3,0,1,5,91.33000000000001,-1.5918299999999994,0
CC1=NC(=O)C(N)=N1,111.104,3,1,0,1,4,67.81,-0.6978,0
N=C1OC=NCNC1=O,127.103,4,2,0,1,5,74.53999999999999,-0.9041300000000003,0
NC(=O)c1cnc(N)o1,127.103,4,2,1,1,5,95.14,-0.6443000000000001,0
N=C1OCNC(=O)CO1,130.10299999999998,4,2,0,1,5,71.41,-0.9583300000000003,0
COc1cn[nH]c(=N)[n+]1[O-],142.118,4,2,1,1,6,88.7,-1.468829999999999,0
N=CC1NC(=O)C(=N)O1,127.103,4,3,1,1,5,86.03000000000002,-0.9142600000000001,1
N=C1C=C(N)OC1=O,112.088,4,2,0,1,4,76.17000000000002,-0.6369300000000002,0
N#CC1=NN=C(N)C1=N,121.103,5,2,0,1,5,98.38,-0.7434500000000002,0
NC1=NC(=O)C(O)=N1,113.07599999999998,3,2,0,1,5,88.03999999999999,-1.2022000000000002,0
CC(=O)c1nn[nH]n1,112.09200000000001,4,1,1,1,5,71.53,-0.5977000000000001,0
N=C1N=C(O)C(CO)=N1,127.10299999999998,2,3,1,1,5,89.03,-0.6754300000000002,0
N=C(N)C1=NN=C1C=O,124.103,4,2,2,1,5,91.66,-1.06813,0
N=C1N=CN=C1N,96.093,3,2,0,1,4,74.59,-0.63723,0
N=C1CN=NCC(=O)O1,127.10299999999998,5,1,0,1,5,74.87,-0.027330000000000076,0
N=C1N=C(N)N=C1C=O,124.103,4,2,1,1,5,91.66,-1.06813,0
NC(=O)c1nc(O)c[nH]1,127.10299999999998,3,3,1,1,5,92.0,-0.7858000000000003,0
CC(=O)C1C=NC(N)=N1,125.13100000000001,4,1,1,1,4,67.81,-0.6569,1
N#Cc1nnoc1N,110.076,5,1,0,1,5,88.73,-0.47652,0
CNC1=NC(=N)N=N1,111.108,3,2,0,1,5,72.96000000000001,-0.03763000000000016,0
N=c1ncnc(C=O)[nH]1,124.10299999999998,4,2,1,1,5,82.49000000000001,-0.90333,0
N#Cc1n[nH]nc1C=N,121.10299999999998,4,2,1,1,5,89.21000000000001,-0.32595000000000013,0
N=CNc1ncc(N)o1,126.119,4,3,2,1,5,87.93,0.27577,0
O=Cc1nc[nH]c(=O)n1,125.08699999999999,4,1,1,1,5,75.71000000000001,-1.0226,0
N=CN1CC(=O)NC1=N,126.11899999999999,3,3,1,1,5,80.04,-1.03996,0
N=CC1OC(=N)ON1C=N,142.118,5,3,2,1,6,93.25,-0.23229000000000005,1
COC1=NC(=N)C(=O)O1,128.087,4,1,0,1,5,71.74,-0.47713,0
NC(=O)C1C=NON=C1,127.103,4,1,1,1,5,77.04,-0.9103000000000001,0
CC(=O)c1c(O)c1=O,112.08399999999997,3,1,1,1,3,54.37,-0.16940000000000005,0
N#CC1OCOC(=N)O1,128.087,5,1,0,1,5,75.33,-0.20825,1
CN1OC(=O)CNC1=N,129.119,3,2,0,1,5,65.42,-1.08563,0
CN1OOC(=O)NC1=N,131.091,4,2,0,1,6,74.65,-0.56063,0
Cc1n[nH]c(=N)c(=O)o1,127.10299999999998,4,2,0,1,5,82.74,-0.84921,0
N=C1OCC(=O)NC1=O,128.087,4,2,0,1,5,79.25,-1.36333,0
O=Cc1nn[nH]c1CO,127.10299999999998,4,2,2,1,5,78.87,-0.8905000000000001,0
N#CCc1nonc1N,124.10300000000001,5,1,1,1,5,88.73,-0.28212000000000004,0
COC1=NC(=N)C(N)=N1,126.11900000000001,4,2,0,1,5,83.82,-0.6631300000000002,0
N=C(N)C1=NN=C1C=O,124.103,4,2,2,1,5,91.66,-1.06813,0
N=C1NCC(N)(C=O)O1,129.119,4,3,1,1,5,88.2,-1.6051299999999993,1
N=C1N=C(N)C=[N+]1[O-],112.092,3,2,0,1,5,88.30000000000001,-1.12693,0
N=C1NCC(=O)N=CO1,127.103,3,2,0,1,5,74.54,-0.9041300000000001,0
CN=c1[nH]ncoc1=N,126.11899999999999,4,2,0,1,5,78.03,-0.9873300000000005,0
N=CNc1c[nH]c(=O)o1,127.10299999999998,3,3,2,1,5,81.88000000000001,-0.013130000000000197,0
Cn1nnc(CCO)n1,128.135,5,1,2,1,5,63.83,-1.2551000000000003,0
COc1noc(C=N)n1,127.103,5,1,2,1,5,72.0,0.07586999999999994,0
N=C(O)c1c[nH]c(=N)o1,127.10299999999998,3,4,1,1,5,96.86,-0.029460000000000153,0
N=C1OCC(=O)OC1=N,128.087,5,2,0,1,5,83.22999999999999,-0.48566000000000015,0
N#Cc1nc(C=N)no1,122.08699999999999,5,1,1,1,5,86.56,-0.06104999999999999,0
CC(=O)c1nnc(O)[nH]1,127.103,4,2,1,1,5,78.87,-0.2871000000000001,0
Cn1ncnc(N)c1=O,126.119,5,1,0,1,5,73.80000000000001,-1.2425000000000004,0
Cc1nc(N)cn[n+]1[O-],126.119,4,1,0,1,5,78.74,-0.9993799999999999,0
N=CN1C(=N)NC1=O,112.09199999999998,3,3,1,1,5,80.04,-0.44656,0
N=C1COC(=O)NCO1,130.103,4,2,0,1,5,71.41,-0.3224300000000002,0
CN=C1OCC(=O)NO1,130.103,4,1,0,1,5,59.92,-0.9498,0
O=CC1N=NCC1=O,112.088,4,0,1,1,4,58.86,-0.4112,1
COC1=NNC(=O)C1=N,127.10299999999998,4,2,0,1,5,74.53999999999999,-0.9041300000000001,0
N=C1OC(=N)C(C=O)O1,128.087,5,2,1,1,5,83.23,-0.48726000000000025,1
Nc1coc(=O)cc1O,127.09899999999998,4,2,0,1,4,76.46,-0.07239999999999985,0
N=C1NC(C=O)OCO1,130.103,4,2,1,1,5,71.41000000000001,-0.9599300000000002,1
COC#CC1=NN=C1O,124.09899999999999,3,1,0,1,4,54.18000000000001,-0.0802,0
Nc1conc1NC=O,127.103,4,2,2,1,5,81.15,-0.1749,0
N=C1COC(=O)NCN1,129.119,3,3,0,1,5,74.21,-0.7494300000000003,0
NC1=NC(=O)N1CCO,129.119,3,2,2,1,5,78.92,-1.271,0
N=C1N=C(N)N=C1C=O,124.103,4,2,1,1,5,91.66,-1.06813,0
COc1nocc1N=N,127.103,5,1,2,1,5,71.47,1.34567,0
N=CN1C=NCC(=O)O1,127.10299999999998,4,1,1,1,5,65.75,-0.6044300000000002,0
CNC1=NC(=N)N=C1O,126.11899999999999,2,3,0,1,5,80.83,-0.49083000000000016,0
N=C1OCC(=O)NC1=O,128.087,4,2,0,1,5,79.25,-1.36333,0
N=C(N)c1nc[n+]([O-])[nH]1,127.107,3,3,1,1,6,105.49000000000001,-1.67283,0
CNC1=NNC(=O)C1=O,127.10299999999998,4,2,0,1,5,70.56,-1.7817999999999996,0
N=C1OCOC(=O)CO1,131.087,5,1,0,1,5,68.61,-0.5313300000000001,0
N=C1N=C(N)N=C1C=O,124.103,4,2,1,1,5,91.66,-1.06813,0
Cn1cc(N)c(=O)o1,114.104,4,1,0,1,4,61.16,-0.43949999999999995,0
N=Cc1ncnoc1=N,124.103,5,2,1,1,5,86.62,-0.45326000000000016,0
N=C1N=COC(=O)CN1,127.103,3,2,0,1,5,74.53999999999999,-0.9041300000000001,0
N=C1N=C(N)N=C1C=O,124.103,4,2,1,1,5,91.66,-1.06813,0
N#Cc1cnoc1N,109.088,4,1,0,1,4,75.84,0.12848000000000004,0
CC(O)C1=NC(N)=[N+]1[O-],129.11900000000003,4,2,1,1,5,84.67999999999999,-1.3957000000000002,1
CNC(=O)C1=NC(=O)O1,128.087,3,1,1,1,5,67.76,-0.7189000000000001,0
N#CCC1=NN=C(O)C1=N,136.114,4,2,1,1,5,92.59,0.24595,0
O=Cc1nc(O)n[nH]1,113.076,4,2,1,1,5,78.87,-0.6772000000000002,0
N=C1OCC(=O)C(=N)O1,128.087,5,2,0,1,5,83.23,-0.48566000000000015,0
CNc1cnoc(=O)n1,127.103,5,1,1,1,5,68.02000000000001,-0.5285000000000002,0
CN1N=CC(=N)NN1C,127.15100000000001,4,2,0,1,5,54.720000000000006,-0.7537299999999998,0
N=C1OCNC(=O)CO1,130.10299999999998,4,2,0,1,5,71.41,-0.9583300000000003,0
O=Cc1nc[nH]c1N=O,125.08699999999999,4,1,2,1,5,75.18,0.6201,0
CC(=O)n1cnc(N)n1,126.11900000000001,5,1,0,1,5,73.8,-0.47959999999999997,0
CC1=NC(=O)C(CO)=N1,126.11499999999998,3,1,1,1,4,62.019999999999996,-0.6217000000000001,0
Nc1cnc(N)n1C=O,126.119,5,2,1,1,5,86.92999999999998,-0.9142000000000001,0
N=C1OC(=N)C(=N)O1,113.076,5,3,0,1,5,90.01,-0.07748999999999995,0
NC1=NC(=O)C(C=O)=N1,125.08699999999997,4,1,1,1,5,84.88,-1.5188,0
COc1cnoc1N,114.104,4,1,1,1,4,61.28,0.26539999999999997,0
Nc1noc(CO)c1N,129.119,5,3,1,1,5,98.3,-0.6687000000000003,0
N=Cc1coc(=N)cn1,123.115,4,2,1,1,4,73.73,0.1517400000000001,0
CN=NC1CC(=N)OCO1,143.14600000000002,5,1,1,1,5,67.03,0.76617,1
COc1noc(=N)n1C=N,142.118,6,2,2,1,6,87.89000000000001,-0.58066,0
NC1=NC(=O)C(=O)C=N1,125.08699999999997,4,1,0,1,5,84.88,-1.5188,0
N=C1N=NC=C1NC=O,124.10299999999998,3,2,2,1,5,77.67,0.01687000000000005,0
COc1nc(=N)occ1N,141.12999999999997,5,2,1,1,5,85.13,-0.25512999999999975,0
Cn1cc(OCO)c(=O)o1,145.11399999999998,5,1,2,1,5,64.6,-0.6931,0
O=C1C=NN=C1C=NO,125.08699999999999,5,1,1,1,5,74.38,-0.5441000000000003,0
CC1=NC(N)=NC1=O,111.104,3,1,0,1,4,67.81,-0.6978,0
N=C1NCNC(=O)CO1,129.119,3,3,0,1,5,74.21000000000001,-1.3853300000000002,0
COC(C#N)n1nno1,128.09100000000004,6,0,2,1,6,76.87,-0.46032000000000006,1
N=C1N=CN=C1NC=O,124.10299999999998,3,2,1,1,5,77.67,-0.8499300000000003,0
N=c1oc(N)coc1=O,128.087,5,2,0,1,5,93.22,-0.70553,0
N=C1COC(=N)NC=N1,126.119,3,3,0,1,5,81.32,-0.4534600000000002,0
C#CCOc1n[nH]nc1N,138.13,4,2,2,1,5,76.82,-0.6011000000000002,0
NC1=NN=C1C=NCO,126.11899999999999,5,2,2,1,5,83.33,-1.2662000000000002,0
COC1=NC(=O)C(N)=N1,127.10300000000001,4,1,0,1,5,77.03999999999999,-1.1138000000000003,0
N=C1OC=NCC(=O)O1,128.087,5,1,0,1,5,71.74,-0.47713000000000005,0
N=C1OCNC(=O)CO1,130.10299999999998,4,2,0,1,5,71.41,-0.9583300000000003,0
Cc1noc(=N)n1C#N,124.10300000000001,5,1,0,1,5,78.6,-0.40682999999999997,0
O=NC1=C(C=NCO)O1,128.087,5,1,3,1,5,74.55,-0.02729999999999999,0
Nc1nc(N)oc(=O)n1,128.09099999999998,6,2,0,1,6,108.02999999999999,-1.4057999999999997,0
NC1=CC(=O)N=C1O,112.088,2,2,0,1,4,75.68,-0.6742999999999999,0
N=C1NCC(=NO)CO1,129.119,4,3,0,1,5,77.7,-0.6288300000000002,0
N=C(N)C1N=C(O)N1,114.10799999999999,3,4,1,1,5,94.49000000000001,-1.2343300000000001,1
NCCC1=NC(=O)N=C1O,141.13,2,2,2,1,5,88.04,-0.13369999999999976,0
N#CC1=NC(=N)OC1=N,122.08699999999999,4,2,0,1,5,93.08000000000001,-0.10677999999999999,0
CC(=O)c1noc(N)n1,127.10300000000001,5,1,1,1,5,82.01,-0.14560000000000006,0
COC1OC(=N)C(=N)O1,130.103,5,2,1,1,5,75.39,-0.08225999999999989,0
N=C1COC(=N)C(=O)O1,128.087,5,2,0,1,5,83.23,-0.48566000000000015,0
N=C1COCC(=O)CO1,129.115,4,1,0,1,4,59.379999999999995,-0.4204300000000001,0
N=C1N=C(N)N=C1C=O,124.103,4,2,1,1,5,91.66,-1.06813,0
CN=C1COCOC(=O)N1,144.13,4,1,0,1,5,59.92,-0.2713999999999998,0
CC(=O)C1=NC(=N)N=N1,124.10300000000001,3,1,1,1,5,78.0,0.3744700000000001,0
CC1=NC(=N)OC1=O,112.08799999999998,3,1,0,1,4,62.51,-0.06112999999999996,0
N=C1NC(CN)OC1=O,129.11900000000003,4,3,1,1,5,88.20000000000002,-1.60513,1
N=C1COC(=O)NCO1,130.103,4,2,0,1,5,71.41,-0.3224300000000002,0
N=CN1COC(=O)C1=O,128.087,4,1,1,1,5,70.46000000000001,-1.0636300000000003,0
CC(=O)C1=NN=C1N,111.10400000000001,4,1,1,1,4,67.81,-0.6978,0
CC(O)C1=NC(=N)O1,114.104,3,2,1,1,4,65.67,-0.26933000000000007,1
N=C1OCC=NC1N=O,127.103,5,1,1,1,5,74.87,0.15716999999999998,1
N=CN1C(=N)OC1C=O,127.10299999999997,4,2,2,1,5,77.24000000000001,-0.6145600000000002,1
N=C1CN=CON=CO1,127.10299999999998,5,1,0,1,5,67.03,-0.01793,0
N#Cn1cc(CO)nc1N,138.13,5,2,1,1,5,87.86,-0.7132200000000002,0
N=C1COC(=O)NCO1,130.103,4,2,0,1,5,71.41,-0.3224300000000002,0
CN=C1NN=C1C=O,111.10399999999998,3,1,1,1,4,53.82,-0.8272000000000002,0
N=c1[nH]c(=O)[nH]c(=N)o1,128.091,4,4,0,1,6,109.49,-1.7450599999999996,0
N=C1OCOC1C(=O)CN,144.12999999999997,5,2,2,1,5,85.4,-1.13563,1
N=c1cc(N)n(C=O)o1,127.103,5,2,1,1,5,85.01,-0.8189300000000002,0
N=CNC1C(=N)OC1=N,126.119,4,4,2,1,5,92.81,-0.46359000000000034,0
NN=C1CN=CN1C=O,126.11899999999997,4,1,1,1,5,71.05,-1.2410999999999999,0
Cc1nnc(CO)n1N,128.135,5,2,1,1,5,76.96000000000001,-1.2073800000000001,0
CN=C1C=NC(N)=N1,110.12,3,1,0,1,4,63.099999999999994,-0.5862,0
N=C1C=NN=C1C=O,109.08799999999998,4,1,1,1,4,65.64,-0.35453,0
N=C(O)C1=NC(=O)C=N1,125.08699999999999,3,2,1,1,5,85.86999999999999,-0.4688300000000001,0
CNC1=CNC(=O)OC=N1,141.12999999999997,4,2,1,1,5,62.72,-0.2272,0
N=c1c(N)nc1=NC=O,124.10299999999998,4,2,1,1,5,92.19,-1.92403,0
N=C1NC(=N)C(=N)CO1,126.119,4,4,0,1,5,92.81000000000002,-0.4619900000000001,0
CN=C1N=NC(N)=N1,111.108,3,1,0,1,5,75.46,-0.24729999999999996,0
NC(=O)n1cncn1,112.092,4,1,0,1,5,73.80000000000001,-0.7951000000000001,0
N=C1OCC(=O)OC(=N)O1,144.08599999999998,6,2,0,1,6,92.46,-0.5540600000000002,0
CC(=NO)C1OC(=O)O1,131.087,5,1,1,1,5,68.12,0.3294,0
N=C1OCC(=O)C(=N)O1,128.087,5,2,0,1,5,83.23,-0.48566000000000015,0
N=C1NC(=O)CC(=O)O1,128.087,4,2,0,1,5,79.25000000000001,-1.0157300000000002,0
CC(=O)C1=C(O)N=N1,112.088,4,1,1,1,4,62.019999999999996,0.7683,0
CC(=O)n1ncc(N)n1,126.119,5,1,0,1,5,73.8,-0.47959999999999997,0
Cc1noc(NC=N)n1,126.119,4,2,2,1,5,74.80000000000001,0.39698999999999984,0
CC(=O)c1nnn[nH]1,112.09200000000001,4,1,1,1,5,71.53,-0.5977000000000001,0
CC1CNC(=O)C(=N)N1,127.14699999999999,2,3,0,1,4,64.98,-0.9284299999999996,1
Cc1n[nH]nc1CO,113.11999999999999,3,2,1,1,4,61.8,-0.39458000000000004,0
N=C1NC(=N)C(=O)O1,113.076,4,3,0,1,5,86.03000000000002,-0.95516,0
N=C1NC(=N)OCCO1,129.119,4,3,0,1,5,78.19000000000001,-0.50766,0
CN=C1C=NC(N)=[N+]1[O-],126.119,4,1,0,1,5,76.80999999999999,-1.0758999999999999,0
NC(=O)C1NC1C=O,114.10399999999997,3,2,2,1,4,82.1,-1.989,2
Nc1ncc(C=O)nn1,124.103,5,1,1,1,5,81.76,-0.7337000000000002,0
N#CCc1cnoc1N,123.115,4,1,1,1,4,75.84,0.32288000000000006,0
N=C1OCC(=N)C(=O)O1,128.087,5,2,0,1,5,83.23,-0.48566000000000015,0
N=CN1C(=O)OC1C=O,128.08699999999996,4,1,2,1,5,70.46000000000001,-0.42933,1
N=C1OC=NCNC1=O,127.103,4,2,0,1,5,74.53999999999999,-0.9041300000000003,0
N=CN1C(=O)OC1=NO,129.075,5,2,1,1,6,85.98,-0.20912999999999998,0
O=Cc1cnc(=O)[nH]n1,125.08699999999999,4,1,1,1,5,75.71000000000001,-1.0226000000000002,0
Nc1nc(CC=O)no1,127.10299999999998,5,1,2,1,5,82.01,-0.6068000000000002,0
CC1(C(N)=O)OCO1,117.10399999999998,3,1,1,1,4,61.55000000000001,-0.8078000000000001,0
CC1=NN=C(N)C1=O,111.104,4,1,0,1,4,67.81,-0.6978,0
Nc1coc(=O)nc1N,127.10300000000001,5,2,0,1,5,95.14,-0.8008,0
N=C1N=CC(F)=NC1=N,126.09400000000001,2,2,0,1,5,72.42,0.39334,0
N=C1COC(=N)C(=N)O1,127.103,5,3,0,1,5,90.01,-0.034989999999999966,0
NC1=NC(N)=C1C=O,111.10399999999998,4,2,1,1,4,81.47,-1.2735999999999998,0
N=C1NC(=O)C(=N)O1,113.076,4,3,0,1,5,86.03000000000002,-0.9551600000000002,0
NC(=O)C1=NC(O)=C1,112.08799999999998,3,2,1,1,4,75.68,-0.6742999999999999,0
N=C1CC(=O)C(=O)CO1,127.09899999999998,4,1,0,1,4,67.22,-0.4778300000000002,0
N=C1ON=C1COC=O,128.087,5,1,3,1,5,71.74000000000001,-0.47713000000000005,0
N=C1ON=C(N)C1=O,113.076,5,2,0,1,5,88.53,-1.16483,0
N=C(C=O)OC1=NC=N1,125.087,5,1,1,1,5,74.87,-0.42293000000000003,0
N=C1NC(C=O)NCO1,129.119,4,3,1,1,5,74.21000000000001,-1.38693,1
N=C1CN=COC(=N)OC1,141.12999999999997,5,2,0,1,5,78.52,0.016039999999999888,0
N=Cn1oc(N)cc1=O,127.103,5,2,1,1,5,85.00999999999999,-0.5213300000000001,0
Cc1n[nH]c(=N)c(=O)o1,127.10299999999998,4,2,0,1,5,82.74,-0.84921,0
CC(=O)C1=NC(=N)C=N1,123.115,3,1,1,1,4,65.64,0.035570000000000046,0
CN=C1NC(=N)COC1=O,141.13,4,2,0,1,5,74.53999999999999,-0.8616300000000003,0
N=CN1OCCOC1=O,130.103,4,1,1,1,5,62.62000000000001,-0.022729999999999917,0
N=C1CC(N)=NC(=O)O1,127.103,4,2,0,1,5,88.53000000000002,-0.1388299999999999,0
N#CCc1nc(N)no1,124.10300000000001,5,1,1,1,5,88.73,-0.28212000000000004,0
COC1=NC(=O)C(N)=N1,127.10300000000001,4,1,0,1,5,77.03999999999999,-1.1138000000000003,0
NC1=NC(F)=CC1=O,114.07899999999998,3,1,0,1,4,55.449999999999996,-0.26279999999999987,0
N=C1CNC(=O)OCO1,130.10299999999998,4,2,0,1,5,71.41000000000001,-0.3224300000000002,0
COc1cnc(C=O)[nH]1,126.11499999999998,3,1,2,1,4,54.98,0.23079999999999995,0
CC1=NC([N+](=O)[O-])=C1,112.08799999999998,3,0,1,1,4,55.5,0.579,0
N=C1OCC(=O)C(O)O1,131.087,5,2,0,1,5,79.61,-1.1445300000000003,1
CC1=NN=CC1=NC=O,123.11499999999998,3,0,1,1,4,54.15,0.04410000000000003,0
N=C1OC(=N)C(=N)O1,113.076,5,3,0,1,5,90.01,-0.07748999999999995,0
CN=c1nc[nH]n1CN,127.15100000000001,4,2,1,1,5,71.99,-1.3420999999999998,0
N=C(N)C1=CN=C1N,110.12,3,3,1,1,4,88.25,-0.8229299999999997,0
O=CC1=NCNC1=O,112.088,3,1,1,1,4,58.53,-1.2864000000000002,0
CCN1C(=O)NC1=NO,129.119,3,2,1,1,5,64.93,-0.22330000000000017,0
N=C1C=C(O)N=C1O,112.08799999999998,3,3,0,1,4,76.67,0.37567,0
N=C1NN1C(=O)C=O,113.07599999999998,3,2,1,1,5,82.94,-1.53313,0
NC(=O)C1=NC(N)=C1,111.104,3,2,1,1,4,81.47,-1.2736000000000003,0
N=c1onc(N)nc1O,128.091,6,3,0,1,6,109.02000000000001,-1.1631300000000002,0
COc1ncoc(=N)n1,127.103,5,1,1,1,5,72.0,-0.44233000000000006,0
N#CCOC(=N)C1=NCO1,139.114,5,1,2,1,5,78.46,-0.10995000000000005,0
Nc1cnc(C=O)c(O)n1,139.11399999999998,5,2,1,1,5,89.1,-0.4230999999999999,0
Cc1noc(=N)[nH]c1=O,127.103,4,2,0,1,5,82.74000000000001,-0.84921,0
N=C1OC(C=O)=C1N,112.088,4,2,1,1,4,76.17,-0.63693,0
N=C1NC(=N)C(=O)N1,112.092,3,4,0,1,5,88.83000000000001,-1.3821599999999998,0
N=C1OCC(=O)OC1=N,128.087,5,2,0,1,5,83.22999999999999,-0.48566000000000015,0
N=C1OCC(=O)C(=N)O1,128.087,5,2,0,1,5,83.23,-0.48566000000000015,0
N=C(N)NC1(C=O)CO1,129.119,3,3,2,1,5,91.5,-1.6051299999999997,1
N=C1OC(=O)NC1=CN,127.103,4,3,0,1,5,88.2,-0.4964300000000001,0
CC(=O)n1cnnc1N,126.11900000000001,5,1,0,1,5,73.8,-0.47959999999999997,0
NC1=NC(C=O)=C1N,111.10399999999998,4,2,1,1,4,81.47,-1.2736000000000003,0
N=C1COCNC(=O)N1,129.119,3,3,0,1,5,74.21,-0.7494300000000003,0
COC(=O)C1=NNC1=O,128.08700000000002,4,1,1,1,5,67.75999999999999,-1.3548000000000002,0
N=C1OC(=N)C(=O)O1,114.05999999999999,5,2,0,1,5,83.23,-0.5281600000000002,0
N=C1OC(C=O)OC1=O,129.071,5,1,1,1,5,76.44999999999999,-0.9379300000000002,1
N=C1N=NC(C=O)=C1O,125.08699999999997,4,2,1,1,5,85.87,0.39796999999999993,0
C#CC1=NC(O)=NC1=O,122.08299999999998,2,1,0,1,4,62.02,-0.4851999999999999,0
N=C1C=C(N)C(O)=N1,111.104,2,3,0,1,4,82.46000000000001,-0.22363000000000005,0
N=C1CN(C=O)OCN1,129.119,3,2,1,1,5,65.42,-1.0856300000000003,0
N=COc1ncc(N)o1,127.103,5,2,2,1,5,85.13,0.24267,0
N=C1NC=COC(=O)N1,127.103,3,3,0,1,5,74.21,-0.27823000000000014,0
N=CCN1C(=O)N=C1O,127.10299999999998,2,2,2,1,5,76.75,-0.014429999999999998,0
NC1NCC(=O)C(=O)O1,130.10299999999998,5,2,0,1,5,81.42,-2.0557999999999996,1
CN=c1cnnno1,112.092,5,0,0,1,5,64.17,-1.0049000000000001,0
CNC(=O)c1ncon1,127.103,4,1,1,1,5,68.02000000000001,-0.5708000000000002,0
O=Cc1nc[nH]c(=O)n1,125.08699999999999,4,1,1,1,5,75.71000000000001,-1.0226,0
N=c1nnc(N)co1,112.092,5,2,0,1,5,88.79,-0.8687300000000002,0
COc1noc(=N)n1C=O,143.102,6,1,2,1,6,81.11000000000001,-0.99753,0
CN=C1N=C(N)N=C1O,126.119,3,2,0,1,5,83.33,-0.7004999999999997,0
N=C1NC(CO)=NC1=O,127.103,3,3,1,1,5,85.53999999999999,-1.51573,0
N=Cc1nnn[nH]c1=O,125.091,5,2,1,1,6,95.38,-1.4424299999999999,0
N=C1OCOC(=O)CO1,131.087,5,1,0,1,5,68.61,-0.5313300000000001,0
N=C1OCC(O)C(=NO)O1,146.102,6,3,0,1,6,95.13000000000001,-0.8834300000000004,1
COC(=N)c1ncon1,127.103,5,1,1,1,5,72.0,0.04136999999999996,0
N=C1OCOC1OC=O,131.087,5,1,2,1,5,68.61000000000001,-0.5329300000000001,1
CC(=O)C1=NC(N)=N1,111.10400000000001,4,1,1,1,4,67.81,-0.6978,0
COC1=NOC(=O)C1=N,128.087,5,1,0,1,5,71.74000000000001,-0.47713,0
CC1=NN=C(N)C1=O,111.104,4,1,0,1,4,67.81,-0.6978,0
N=C1CCOC(=N)N=CO1,141.13,4,2,0,1,5,78.52,0.36363999999999996,0
N=C1OC(=O)COC1=O,129.071,5,1,0,1,5,76.44999999999999,-0.9363300000000001,0
Cn1[nH]c(=O)nc1CN,128.135,4,2,1,1,5,76.7,-1.4328999999999996,0
N=CNC1NC=CC1=O,125.13099999999997,3,3,2,1,4,64.98,-0.8048300000000002,1
N=C1NC(=N)C(=O)N1,112.092,3,4,0,1,5,88.83000000000001,-1.3821599999999998,0
N=C(N)c1coc(=N)o1,127.10299999999998,4,3,1,1,5,100.00000000000001,-0.3638599999999998,0
Cc1nc(N)nn1C=O,126.119,5,1,1,1,5,73.8,-0.7929800000000002,0
NC(=O)c1cncn1N,126.119,4,2,1,1,5,86.93,-1.3042000000000002,0
CC1(NC=O)OC(=N)O1,130.103,4,2,2,1,5,71.41,-0.61233,0
CN=C1N=C(N)OC1=O,127.103,4,1,0,1,5,77.03999999999999,-1.1138,0
N=Cc1ncnoc1=N,124.103,5,2,1,1,5,86.62,-0.45326000000000016,0
N=c1nnc(CN)co1,126.119,5,2,1,1,5,88.79,-0.99223,0
N=c1oc(=O)[nH]c(=O)o1,130.059,5,2,0,1,6,100.05999999999999,-1.5994300000000008,0
N=CN1CC(=O)NC=N1,126.11899999999999,3,2,1,1,5,68.55000000000001,-1.03143,0
CC(=O)c1cnc(O)o1,127.09899999999998,4,1,1,1,4,63.33,0.5828,0
N=C1OCC(=O)OC1=O,129.071,5,1,0,1,5,76.44999999999999,-0.9363300000000001,0
N=C1N=COCNC=CO1,141.13,4,2,0,1,5,66.7,0.014569999999999805,0
Cn1cnnc1NC=O,126.11899999999999,4,1,2,1,5,59.81,-0.6166000000000005,0
N=C1COC(=N)NCO1,129.119,4,3,0,1,5,78.19,-0.5076600000000002,0
N=C1N=C(N)C(CO)=N1,126.119,3,3,1,1,5,94.82000000000001,-1.2747300000000001,0
N=C1CONC(C=O)O1,130.10299999999998,5,2,1,1,5,71.41,-0.9599300000000004,1
N=CN1COCOC1=N,129.119,4,2,1,1,5,69.4,-0.2079600000000001,0
N=C1C=NC(=O)C(=N)O1,125.08699999999999,4,2,0,1,5,86.36,-0.4314599999999999,0
N=CN1CC(=O)C(=N)O1,127.10299999999998,4,2,1,1,5,77.24000000000001,-0.61296,0
N=CNC1(C=O)OC1=N,127.10299999999998,4,3,3,1,5,89.33000000000001,-0.9142600000000001,1
NC(=O)OC1=CN=C1,112.088,3,1,1,1,4,64.68,0.007500000000000173,0
CNC1NC(=O)OC1=O,130.10299999999998,4,2,1,1,5,67.43,-1.2017000000000002,1
COc1ncc(O)n1N,129.119,5,2,1,1,5,73.3,-0.6889000000000003,0
COC1=NC(N)=NC1=O,127.10300000000001,4,1,0,1,5,77.03999999999999,-1.1138000000000001,0
CN=C1N=C(N)C(O)=N1,126.119,2,2,0,1,5,83.33,-0.7004999999999999,0
COc1cnoc1C=O,127.09899999999998,4,0,2,1,4,52.330000000000005,0.4956999999999999,0
N=C1NCC(=O)OC1=NO,143.102,5,3,0,1,6,94.77000000000001,-1.10223,0
N=C1NCC(=O)OCO1,130.103,4,2,0,1,5,71.41000000000001,-0.9583300000000001,0
N=C1COC(=N)C(=O)N1,127.103,4,3,0,1,5,86.03,-0.9126600000000002,0
N=CNc1[nH]cnc1N,125.135,3,4,2,1,5,90.58,0.010869999999999824,0
CNC1=NN=C1C=N,110.11999999999999,4,2,1,1,4,60.6,-0.3765300000000002,0
N=C1NC(=N)C(=O)CO1,127.103,4,3,0,1,5,86.03000000000002,-0.91266,0
N=C1NC(C=O)OCO1,130.103,4,2,1,1,5,71.41000000000001,-0.9599300000000002,1
C#CC1(N)N=CN=N1,108.104,4,1,0,1,4,63.099999999999994,-0.2738,1
N=c1oc(N)coc1=O,128.087,5,2,0,1,5,93.22,-0.70553,0
N=C1N=C(N)N=C1C=O,124.103,4,2,1,1,5,91.66,-1.06813,0
N#Cc1ncnn1C=N,121.103,5,1,1,1,5,78.35,-0.39505000000000007,0
N=C1C=C(N)C(O)=N1,111.104,2,3,0,1,4,82.46000000000001,-0.22363000000000005,0
N=C1OCN=C1NCO,129.119,5,3,1,1,5,77.7,-1.1107300000000002,0
N=C1OC(=N)C(=N)O1,113.076,5,3,0,1,5,90.01,-0.07748999999999995,0
Cc1noc(=N)n1CO,129.11900000000003,5,2,1,1,5,75.04,-0.7862100000000003,0
N=C1OCCOC(=N)O1,130.103,5,2,0,1,5,75.39,-0.0806599999999999,0
N=Cc1cc(N)[n+]([O-])o1,127.10300000000001,4,2,1,1,5,89.95,-0.5071299999999999,0
N=CN=NC1NC1=C=O,124.10299999999998,4,2,2,1,5,87.58000000000001,-0.30953,1
CC(=O)Oc1nc1=O,113.072,4,0,1,1,4,56.26,-0.7572999999999999,0
CN=C1OCCNC1=N,127.147,3,2,0,1,4,57.47,-0.38823000000000024,0
CN=C1NC(=O)OC1=N,127.10299999999998,4,2,0,1,5,74.53999999999999,-0.2682300000000001,0
N=C1CONC(=O)O1,116.07599999999998,4,2,0,1,5,71.41,-0.36493000000000014,0
N=C1N=CC(N)=C1N,110.12000000000002,3,3,0,1,4,88.25,-0.8229300000000002,0
CC(=O)C1=NC(=N)N1,111.104,2,2,1,1,4,65.31,-0.4881300000000001,0
N=C1NC(C(N)C=O)O1,129.119,4,3,2,1,5,88.2,-1.60673,2
N=C1OCC(=O)C(=N)O1,128.087,5,2,0,1,5,83.23,-0.48566000000000015,0
N=CN=C1N=CN=C1N,123.119,3,2,1,1,5,86.95,-0.60893,0
N=CC1=NC(=O)C(N)=N1,124.10300000000001,4,2,1,1,5,91.66,-1.06813,0
N#CN=C1N=NC=C1N,121.10300000000001,4,1,0,1,5,86.89,0.1318800000000001,0
N=Cc1ncc(=N)on1,124.103,5,2,1,1,5,86.62,-0.45325999999999994,0
N=CNC1OCNC1=O,129.119,3,3,2,1,5,74.21000000000001,-1.3869300000000002,1
N=C1N=C(C=O)N=C1O,125.08699999999997,3,2,1,1,5,85.87,-0.4688299999999999,0
N=CN1COCNC1=N,128.135,3,3,1,1,5,72.20000000000002,-0.6349600000000002,0
N=C1COC(=N)OCO1,130.103,5,2,0,1,5,75.39,-0.08066000000000012,0
N=C1C=C(O)N=C1N,111.104,4,3,0,1,4,82.46,-0.22362999999999988,0
N=C1CNC1OC(N)=O,129.119,4,3,1,1,5,88.19999999999999,-0.9692300000000003,1
N=C1N=CN=C1C=O,109.08799999999998,3,1,1,1,4,65.64,-0.35453,0
N=C1N=C(N)N=C1C=O,124.103,4,2,1,1,5,91.66,-1.06813,0
N=c1oc(=N)oc(=N)o1,129.075,6,3,0,1,6,110.97000000000001,-1.0959900000000002,0
N=C1OC(N)C1C=O,114.10399999999998,4,2,1,1,4,76.16999999999999,-0.9062300000000001,2
O=Cc1n[nH]nc1CO,127.10299999999998,4,2,2,1,5,78.87,-0.8905000000000001,0
CCc1cc(=O)onn1,126.115,4,0,1,1,4,55.99,-0.007800000000000029,0
Cc1noc(=O)nc1O,128.087,5,1,0,1,5,76.22,-0.5561800000000001,0
CC(=O)C1=NNC1=O,112.088,3,1,1,1,4,58.53,-0.9388000000000001,0
N=C1CNCC(=NO)O1,129.119,5,3,0,1,5,77.7,-0.6288300000000002,0
CNC(=O)c1ccn[nH]1,125.13099999999999,2,2,1,1,4,57.78,-0.23070000000000007,0
N=CN1COC(=N)CO1,129.119,4,2,1,1,5,69.4,-0.2079600000000001,0
N=C(O)c1coc(=N)[nH]1,127.10299999999998,3,4,1,1,5,96.85999999999999,-0.02945999999999993,0
CC(=O)c1cn[nH][n+]1[O-],127.103,3,1,1,1,5,72.69,-0.7543,0
N=C1NC(=N)OCCO1,129.119,4,3,0,1,5,78.19000000000001,-0.50766,0
N=C1OCOC(=O)C(=N)O1,144.08599999999998,6,2,0,1,6,92.46000000000001,-0.5540600000000002,0
N=CN1C=C(O)OCO1,130.10299999999998,4,2,1,1,5,65.78000000000002,0.17166999999999993,0
Nc1cnc(CO)nn1,126.119,5,2,1,1,5,84.92,-1.0539,0
Cc1nc(=N)on1C=O,127.10299999999998,5,1,1,1,5,71.88,-0.69771,0
CC1(N)OC(=N)C(=O)O1,130.10299999999998,5,2,0,1,5,85.4,-0.83053,1
Cc1nc(N)nn1C=N,125.135,5,2,1,1,5,80.58,-0.3761100000000001,0
N=C1OCC(=N)C(=O)O1,128.087,5,2,0,1,5,83.23,-0.48566000000000015,0
N=C1NCC(=O)OCO1,130.103,4,2,0,1,5,71.41000000000001,-0.9583300000000001,0
Cn1cnc(=O)n1C=N,126.11899999999999,5,1,1,1,5,63.67,-0.96303,0
N=C1OCOC(=N)C1=O,128.087,5,2,0,1,5,83.22999999999999,-0.48566000000000015,0
N=c1ncoc(CO)n1,127.103,5,2,1,1,5,83.0,-0.9586300000000001,0
CC(=O)C1=NC(=N)O1,112.088,3,1,1,1,4,62.510000000000005,-0.06112999999999996,0
COc1nc(C=N)no1,127.103,5,1,2,1,5,72.0,0.07586999999999994,0
N=CC1(N)OCN=C1O,129.119,4,3,1,1,5,91.69000000000001,-0.7648300000000001,1
NC(CO)C1=NC(=O)N1,129.119,3,3,2,1,5,87.71000000000001,-1.5723000000000005,1
Cc1nc(=N)on1C=O,127.10299999999998,5,1,1,1,5,71.88,-0.69771,0
N=C1OCC(=O)NC1=O,128.087,4,2,0,1,5,79.25,-1.36333,0
CN=C1C=NC(N)=[N+]1[O-],126.119,4,1,0,1,5,76.80999999999999,-1.0758999999999999,0
O=CC1=NC(C=O)OC1,127.09899999999998,4,0,2,1,4,55.730000000000004,-0.8185000000000002,1
N=CN1CCOC1=NO,129.119,4,2,1,1,5,68.91000000000001,-0.3291300000000003,0
COC1=CN=C(O)C1=N,126.11499999999998,3,2,1,1,4,65.67,0.46407,0
O=CC1=NCNC(=O)O1,128.087,4,1,1,1,5,67.76,-0.7189000000000001,0
N=C1NC(=O)OC1=O,114.05999999999999,4,2,0,1,5,79.25,-0.76993,0
N=CN1CC(=O)OC1=O,128.087,4,1,1,1,5,70.46000000000001,-0.42772999999999994,0
Cc1nnc(=N)[nH]c1O,126.11899999999999,4,3,0,1,5,85.65,-0.7018100000000002,0
N=CN1CC(=O)OCO1,130.10299999999998,4,1,1,1,5,62.620000000000005,-0.65863,0
N=C(O)C(N)C1COC1,130.147,3,3,2,1,4,79.33,-0.5046300000000001,1
N=CN1C(=O)NC1=NO,128.09099999999998,4,3,1,1,6,88.78000000000002,-0.6361300000000003,0
NC1=NNN=CN=C1C=O,139.118,6,2,1,1,6,92.19999999999999,-1.5549999999999997,0
N=Cc1ncc(=N)on1,124.103,5,2,1,1,5,86.62,-0.45325999999999994,0
N=C1OC(=O)N=C1N,113.07600000000001,4,2,0,1,5,88.53,-0.5289300000000001,0
CC(=O)C1=NC(O)=N1,112.088,3,1,1,1,4,62.019999999999996,-0.09849999999999998,0
N=COC1C(=N)OC1=O,128.087,5,2,2,1,5,83.22999999999999,-0.48725999999999997,1
CN=C1ON=C1C=O,112.08799999999998,4,0,1,1,4,51.02,-0.4001999999999999,0
NCC1=NC(=O)[N+]([O-])=C1,127.10299999999998,3,1,1,1,5,81.52,-0.8992,0
N#CC(=N)N1COC1=N,124.103,4,2,0,1,5,83.96000000000001,-0.2882799999999998,0
N=c1ncc(C=O)c[nH]1,123.11499999999998,3,2,1,1,4,69.6,-0.29832999999999993,0
O=CCOC1=NNC1=O,128.087,4,1,2,1,5,67.75999999999999,-1.3548,0
NC(=O)C1=NN=C1C=O,125.08699999999999,4,1,2,1,5,84.88,-1.5188,0
N=C(N)N1C=COC=N1,126.11899999999997,3,2,0,1,5,74.7,-0.37342999999999993,0
Cc1nnc(N)n1C=O,126.119,5,1,1,1,5,73.8,-0.7929800000000002,0
N=C1OCN(CC(N)=O)O1,145.118,5,2,2,1,6,88.64,-1.3722299999999996,0
NC1=C(C=O)NC1=O,112.088,3,2,1,1,4,72.19,-1.5146000000000004,0
CC1=NC(=N)NC1=O,111.10399999999998,2,2,0,1,4,65.31,-0.4881300000000001,0
O=CN1CNC(=O)OC1,130.10299999999998,3,1,1,1,5,58.64,-0.9004000000000001,0
NC1=C(N)C(N=O)=N1,112.092,5,2,0,1,5,93.83,-0.7486000000000002,0
N=C1CNC(=O)OCO1,130.10299999999998,4,2,0,1,5,71.41000000000001,-0.3224300000000002,0
COC1=NN=C1C=N,111.10399999999998,4,1,1,1,4,57.800000000000004,0.05046999999999996,0
CN=C1N=CC(CO)=N1,125.13099999999999,2,1,1,1,4,57.31,-0.5101,0
CN=C1NN=CC1=N,110.11999999999999,3,2,0,1,4,60.6,-0.3765300000000002,0
N=C1N=C(N)C(=N)O1,112.092,4,3,0,1,5,95.31000000000002,-0.7141600000000001,0
NCc1noc(C=O)n1,127.10299999999998,5,1,2,1,5,82.01,-0.6592000000000002,0
CCN1N=C(N)C1=O,113.11999999999999,3,1,1,1,4,58.69,-0.8793000000000002,0
CC(=O)c1nnoc1O,128.087,5,1,1,1,5,76.22,-0.022200000000000053,0
CC(O)C1=NNC1=N,113.12,3,3,1,1,4,68.47,-0.6963300000000001,1
O=C1N=NC(CO)=N1,113.076,3,1,1,1,5,74.38,-0.03699999999999992,0
CC(=O)n1ncnc1N,126.119,5,1,0,1,5,73.8,-0.47959999999999997,0
CC(=O)n1ncc(N)n1,126.119,5,1,0,1,5,73.8,-0.47959999999999997,0
CNC(=O)c1conn1,127.103,4,1,1,1,5,68.02000000000001,-0.5708000000000002,0
CN=C1N=COC1=O,112.08799999999998,3,0,0,1,4,51.02,-0.4001999999999999,0
N=c1ncoc(N)[n+]1[O-],128.091,5,2,0,1,6,102.84,-1.6303299999999998,0
Cc1n[nH]nc1N=N,111.108,4,2,1,1,5,77.78,0.7755899999999998,0
NC1=C(O)C=NC1=O,112.088,3,2,0,1,4,75.68,-0.6742999999999999,0
COC(=O)c1ncn[nH]1,127.10300000000001,4,1,1,1,5,67.87,-0.4087,0
NC(=O)NC1COC1=O,130.10299999999998,3,2,1,1,5,81.42000000000002,-1.4199000000000004,1
N=C1OC(=N)N1C=O,113.076,4,2,1,1,5,77.24000000000001,-0.6554600000000002,0
CN=NC1=NC=NC1=O,124.103,4,0,0,1,5,66.50999999999999,0.03540000000000004,0
O=c1[nH]nncc1CO,127.10299999999998,4,2,1,1,5,78.87,-1.3428000000000002,0
N=C1C=NC(N)=C1N,110.12000000000002,4,3,0,1,4,88.25,-0.8229300000000002,0
CN=C1OC(=O)N=C1O,128.087,3,1,0,1,5,71.25,0.12140000000000001,0
N=CN1COC1=NCC=O,141.13,4,1,3,1,5,65.75,-0.5619300000000003,0
N=C1OC(=N)C(O)O1,116.07599999999998,5,3,0,1,5,86.39,-0.7363600000000001,1
Cc1nc(CN=O)n[nH]1,126.119,4,1,2,1,5,71.0,0.3795199999999999,0
N=C1N=NC=C1C=NC=O,136.11399999999998,3,1,2,1,5,78.0,0.54057,0
N=CN(C=N)N1OC1=O,128.09099999999998,4,2,3,1,6,83.55000000000001,-0.21525999999999995,0
NC(=O)Oc1cnc[nH]1,127.103,3,2,1,1,5,81.0,-0.13279999999999997,0
Cc1nc(=N)c(O)no1,127.10299999999998,5,2,0,1,5,83.0,-0.43691,0
COC1=NN=C(N)C1=N,126.119,5,2,0,1,5,83.82,-0.66313,0
N=c1ncoc(=N)[nH]1,112.092,4,3,0,1,5,89.52000000000001,-1.0383600000000002,0
N=c1nc(C=O)nc[nH]1,124.10299999999998,4,2,1,1,5,82.49000000000001,-0.9033300000000004,0
N=CN1C=NC(=O)CN1,126.11899999999999,3,2,1,1,5,68.55,-1.03143,0
N=C1NCC(=N)C(=O)O1,127.103,4,3,0,1,5,86.03000000000002,-0.91266,0
CC1(C(=N)O)NC1=N,113.11999999999999,2,4,1,1,4,89.87,-0.13916000000000006,1
N=C1C=C(N)N=C1C=O,123.115,4,2,1,1,4,79.30000000000001,-0.5402300000000002,0
Nc1nc(C=O)oc1N,127.10299999999998,5,2,1,1,5,95.14,-0.3485,0
N=Cc1ncoc(=O)n1,125.08699999999999,5,1,1,1,5,79.84,-0.5725300000000002,0
O=CC1NC(=O)OC1=O,129.071,4,1,1,1,5,72.47,-1.1797000000000002,1
N=c1[nH]c(=N)oc(=O)[nH]1,128.091,4,4,0,1,6,109.48999999999998,-1.7450600000000005,0
N=C1OC(=O)C=C1N,112.088,4,2,0,1,4,76.17,-0.63693,0
COC1=NC(=N)N=C1N,126.11900000000001,3,2,0,1,5,83.82,-0.66313,0
COc1cn[nH]c(=N)n1,126.119,4,2,1,1,5,74.65,-0.70723,0
N=Cc1ncc(N)cn1,122.131,4,2,1,1,4,75.65,0.05646999999999991,0
CC(=O)n1ncnc1N,126.119,5,1,0,1,5,73.8,-0.47959999999999997,0
N=C1NC(=O)C(=O)CO1,128.087,4,2,0,1,5,79.25000000000001,-1.36333,0
N=CN1CC(NC=O)O1,129.11899999999997,3,2,3,1,5,65.42,-1.0872300000000001,1
N=C1NC(=O)C(=NO)CO1,143.102,5,3,0,1,6,94.77000000000001,-1.10223,0
COC(=O)c1cnn[nH]1,127.10300000000001,4,1,1,1,5,67.87,-0.40870000000000023,0
N#CCc1n[nH]nc1C=O,136.114,4,1,2,1,5,82.43,-0.31672000000000006,0
C#CCc1nnoc1O,124.09899999999999,4,1,1,1,4,59.150000000000006,-0.04910000000000009,0
N=CN=C1C=NC(N)=N1,123.119,3,2,1,1,5,86.95,-0.6089300000000002,0
COC(=O)c1con1N,130.10299999999998,5,1,1,1,5,70.39,-0.41850000000000004,0
Nc1ncc(C=O)n1O,127.10299999999998,5,2,1,1,5,81.14,-0.48490000000000005,0
NC1=NC(=O)N=C1C=O,125.08699999999997,3,1,1,1,5,84.88,-0.8829,0
N=C1CONC(=O)CO1,130.10299999999998,4,2,0,1,5,71.41,-0.9583300000000003,0
Nc1nc(C=O)no1,113.07599999999998,5,1,1,1,5,82.01,-0.5357000000000001,0
N=C1NC(=O)OCCO1,130.103,4,2,0,1,5,71.41000000000001,-0.32243,0
NOC1=NC=C(N)C1=O,127.103,5,2,0,1,5,90.69999999999999,-1.3420000000000003,0
N=C(N)C1=CN=NC1=N,123.119,3,3,1,1,5,98.44,0.24934000000000028,0
COc1n[nH]c(C=O)n1,127.10299999999998,4,1,2,1,5,67.87,-0.37420000000000003,0
Cc1noc(=N)n1N,114.10800000000002,5,2,0,1,5,80.83,-1.02221,0
N=CC1(N)C(=O)N1C=O,127.10299999999998,4,2,2,1,5,87.02000000000001,-1.71043,1
NCC(=O)c1cnoc1,126.11499999999998,4,1,2,1,4,69.12,-0.18400000000000039,0
N=C1COC(=N)OCN1,129.119,4,3,0,1,5,78.19,-0.5076600000000002,0
CC1=NC(O)=NC1=N,111.10399999999998,2,2,0,1,4,68.80000000000001,0.35217,0
NC=Cn1ncc(N)n1,125.135,5,2,1,1,5,82.75,-0.7528000000000004,0
NC1=C(C=O)C(=O)NCO1,142.114,4,2,1,1,5,81.42,-1.5405000000000002,0
CC(N)C1=NN=NC1=O,126.119,4,1,1,1,5,80.16999999999999,-0.318,1
Nc1nc(COC=O)n[nH]1,142.118,5,2,3,1,6,93.89000000000001,-0.9401000000000004,0
N=C1N=C(N)N=C1CO,126.119,4,3,1,1,5,94.82000000000001,-1.27473,0
COc1ncc(N)nc1N,140.146,5,2,1,1,5,87.05,-0.3504000000000002,0
N=C1NCC(O)N=CO1,129.119,4,3,0,1,5,77.7,-1.11233,1
N=CN1C(=O)OC1C=O,128.08699999999996,4,1,2,1,5,70.46000000000001,-0.42933,1
CC1=NOC(N)=NN1C=N,141.13400000000001,5,2,1,1,6,87.06,-0.5112299999999999,0
COc1cnoc1N=O,128.087,5,0,2,1,5,64.69,1.0810999999999997,0
N=C1OCC(O)C(=N)O1,130.10299999999998,5,3,0,1,5,86.39,-0.6938600000000001,1
COc1cnnc(N)n1,126.11900000000001,5,1,1,1,5,73.92,-0.5376000000000003,0
N=C1N=CN=C1C(N)=O,124.103,3,2,1,1,5,91.66,-1.0681300000000002,0
CC(=O)NC1=NNC1=O,127.103,3,2,0,1,5,70.56,-1.4342000000000001,0
N=C1OCNC(=O)CO1,130.10299999999998,4,2,0,1,5,71.41,-0.9583300000000003,0
CN=C1OC(N)=NC1=O,127.10300000000001,4,1,0,1,5,77.03999999999999,-1.1138000000000001,0
COc1n[nH]c(=O)n1CO,145.118,5,2,2,1,6,80.14,-1.4702000000000004,0
N=C1ON=C(N)C1=N,112.092,5,3,0,1,5,95.31,-0.7141600000000001,0
COc1cn[nH]c(=O)n1,127.103,4,1,1,1,5,67.87,-0.8265,0
N=C1N=C(N)N=C1C=O,124.103,4,2,1,1,5,91.66,-1.06813,0
N=C1NC(=N)C(=N)O1,112.092,4,4,0,1,5,92.81000000000002,-0.5044900000000001,0
N=COC1OCC1=NO,130.103,5,2,2,1,5,74.9,-0.20342999999999994,1
Nc1cnc(N)n1C=O,126.119,5,2,1,1,5,86.92999999999998,-0.9142000000000001,0
Cc1noc(=N)n1C=N,126.119,5,2,1,1,5,78.66,-0.2808399999999999,0
O=C1N=C(O)N=C1CO,128.087,3,2,1,1,5,82.25,-1.1261,0
N=C1OC(=O)NCC1=O,128.087,4,2,0,1,5,79.25,-0.7274300000000002,0
Cn1ncc(N)nc1=N,125.13500000000002,5,2,0,1,5,80.58000000000001,-1.12323,0
CN=C1N=C(C(=O)O)O1,128.087,3,1,1,1,5,71.25,-0.5144999999999997,0
N=C1N=C(N)N=C1O,112.092,3,3,0,1,5,94.82000000000001,-0.7515299999999998,0
CN=C1N=C(N)C(=O)O1,127.103,4,1,0,1,5,77.04,-1.1138,0
CCN1COC(=N)C1=O,128.131,3,1,1,1,4,53.39,-0.20013000000000009,0
N=C1N=CN=C1NC=O,124.10299999999998,3,2,1,1,5,77.67,-0.8499300000000003,0
N=c1cn[nH]nc1C=O,124.10299999999998,4,2,1,1,5,82.49000000000001,-0.9033300000000004,0
Cc1nc(CO)nn1C=N,140.146,5,2,2,1,5,74.79,-0.4660100000000002,0
N=CN1C(=N)OC1C=O,127.10299999999997,4,2,2,1,5,77.24000000000001,-0.6145600000000002,1
N=C1OC(CN)=NC1=O,127.10300000000001,4,2,1,1,5,88.53,-1.1223300000000003,0
N=c1ocn[nH]c1=O,113.076,4,2,0,1,5,82.74000000000001,-1.1576300000000002,0
CC(=O)C1=NC(=N)O1,112.088,3,1,1,1,4,62.510000000000005,-0.06112999999999996,0
OCC#Cc1c[nH]nn1,123.115,3,2,0,1,4,61.8,-0.8515000000000004,0
Nc1cnc(O)c(=O)o1,128.087,5,2,0,1,5,89.35000000000001,-0.6774,0
CN=C1OC(=N)C(=O)O1,128.087,5,1,0,1,5,71.74,-0.47713,0
CC1=NC(=O)N=C1C=N,123.11499999999998,2,1,1,1,4,65.64,0.67147,0
CN=C1C(N)=NC=[N+]1[O-],126.119,4,1,0,1,5,76.80999999999999,-1.0758999999999999,0
N=C1OC(C=O)=C1N,112.088,4,2,1,1,4,76.17,-0.63693,0
N=C1OCCN(C=O)CO1,144.13,4,1,1,1,5,62.620000000000005,-0.6161300000000003,0
N=C1N=C(O)C(CO)=N1,127.10299999999998,2,3,1,1,5,89.03,-0.6754300000000002,0
N=Cn1cc(O)c(=N)o1,127.10299999999998,5,3,1,1,5,86.00000000000001,-0.27865999999999996,0
CC(N)C1=CN=NC1=N,124.14699999999999,3,2,1,1,4,74.59,0.6605700000000001,1
N=c1nnocc1CN,126.119,5,2,1,1,5,88.79,-0.99223,0
CN=C(O)C1=C(N)N=N1,126.11900000000001,4,2,1,1,5,83.33,0.16630000000000017,0
CCn1nnc(=N)c(O)n1,141.134,6,2,1,1,6,87.68,-1.12193,0
N=C1CNC(=O)N=CO1,127.10299999999998,3,2,0,1,5,74.54,-0.26823000000000013,0
Nc1ncc(=O)[nH]c1N,126.119,4,3,0,1,5,97.78999999999999,-1.0657000000000003,0
COc1n[nH]c(=N)n1C=O,142.118,5,2,2,1,6,83.75999999999999,-1.26243,0
N=C1CNC(=NO)CO1,129.119,4,3,0,1,5,77.7,-0.6288300000000002,0
Cc1cnn(CCO)n1,127.147,4,1,2,1,4,50.94,-0.42118000000000005,0
N=CN(C=O)OC1CO1,130.10299999999998,4,1,4,1,5,65.92,-0.6602300000000001,1
CC(O)C(=O)C1=NN1,114.104,4,2,2,1,4,71.6,-1.1470000000000002,1
O=C1CC(=NO)C(=O)O1,129.071,5,1,0,1,5,75.96,-0.7099,0
N=C1N=C=NC=C(N)O1,124.103,4,2,0,1,5,83.82000000000001,-0.11712999999999985,0
N=C1N=CCOC(=N)O1,127.103,4,2,0,1,5,78.52,-0.026460000000000095,0
NC(=NCO)C1OC1=O,130.10299999999998,4,2,2,1,5,88.21000000000001,-1.7812000000000003,1
O=CC1NCNC(=O)O1,130.103,4,2,1,1,5,67.43,-1.2017000000000002,1
N#CC(=O)c1cnno1,123.071,5,0,1,1,5,79.78,-0.22411999999999999,0
NC1=NOC(=O)C1=O,114.05999999999999,5,1,0,1,5,81.75,-1.6155,0
CCC1=NNC(=N)C1=O,125.13099999999997,3,2,1,1,4,65.31,-0.09802999999999995,0
O=CC(=O)n1nc[nH]1,113.076,4,1,1,1,5,67.75,-0.9497000000000004,0
CC1NC(=O)NC=NC1=O,141.13,2,2,0,1,5,70.56,-0.7574000000000001,1
N=C1COC(O)C(=O)N1,130.10299999999998,4,3,0,1,5,82.41,-1.5715300000000003,1
CCC(=O)c1cn[nH]n1,125.131,3,1,2,1,4,58.64,0.39740000000000003,0
N=C1N=CC(N)=C1N,110.12000000000002,3,3,0,1,4,88.25,-0.8229300000000002,0
N=C1OCC(=N)C(=N)O1,127.103,5,3,0,1,5,90.01,-0.034989999999999966,0
NC(=O)C1=NN=C1N,112.09200000000001,4,2,1,1,5,93.83,-1.8014999999999999,0
Nc1ccoc(=O)[n+]1[O-],128.08700000000002,4,1,0,1,5,83.17,-1.1446,0
N=C1CNCNC(=O)O1,129.119,4,3,0,1,5,74.21000000000001,-0.7494300000000005,0
COc1nc(O)n[nH]1,115.092,4,2,1,1,5,71.03,-0.48110000000000025,0
CC(=O)Oc1cnoc1,127.09899999999999,4,0,1,1,4,52.33,0.5999,0
N=C1N=CNC(C=O)N1,126.11899999999997,3,3,1,1,5,77.34,-1.3327300000000002,1
N=c1cc(NC=O)o[nH]1,127.10299999999998,3,3,2,1,5,81.88,-0.34453000000000017,0
N=C1COC(=N)OCN1,129.119,4,3,0,1,5,78.19,-0.5076600000000002,0
Cn1ncc(N)nc1=O,126.11900000000001,5,1,0,1,5,73.80000000000001,-1.2425000000000004,0
N=C1NC(=N)C(=O)CO1,127.103,4,3,0,1,5,86.03000000000002,-0.91266,0
N=C1CN(C(=O)CN)O1,129.119,4,2,1,1,5,79.41000000000001,-1.3038300000000003,0
CNC(=O)c1cnoc1N,141.12999999999997,4,2,1,1,5,81.15,-0.3836000000000001,0
NC1=NC(N)=C1C=O,111.10399999999998,4,2,1,1,4,81.47,-1.2735999999999998,0
CNc1noc(=O)n1C,129.11899999999997,5,1,1,1,5,60.06,-0.5850000000000002,0
N=Cc1cc(=O)on1O,128.087,5,2,1,1,5,79.22,-0.32373,0
Cc1nc(NC=N)co1,125.13099999999997,3,2,2,1,4,61.910000000000004,1.00199,0
N=c1nc(CN)cno1,126.119,5,2,1,1,5,88.79,-0.99223,0
N=C1NC=NC(C=O)N1,126.11899999999999,3,3,1,1,5,77.34,-1.3327300000000004,1
CN=C1N=C(N)OC1=O,127.103,4,1,0,1,5,77.03999999999999,-1.1138,0
N#CC(N)C1=NC(N)=N1,123.11900000000001,5,2,1,1,5,100.55,-1.4359199999999994,1
CN=C1OC=NC1=N,111.104,3,1,0,1,4,57.800000000000004,0.05046999999999996,0
CN1CNC(=O)C(=O)N1,129.119,3,2,0,1,5,61.440000000000005,-1.9632999999999994,0
N=C1COC(=O)C(=O)O1,129.071,5,1,0,1,5,76.45,-0.9363300000000001,0
COc1n[nH]nc1C=O,127.10299999999998,4,1,2,1,5,67.87,-0.37420000000000025,0
COc1cnoc1N=O,128.087,5,0,2,1,5,64.69,1.0810999999999997,0
N=C1CN(C=O)C(=O)O1,128.087,4,1,1,1,5,70.46000000000001,-0.42772999999999994,0
N=C1OCOC(=O)CO1,131.087,5,1,0,1,5,68.61,-0.5313300000000001,0
N=C1CC(CO)N=CO1,128.131,4,2,1,1,4,65.67,-0.22683000000000003,1
N=C1COC(=O)N=CN1,127.103,3,2,0,1,5,74.53999999999999,-0.26823000000000013,0
COc1nc(=N)c1=N,111.104,4,2,1,1,4,69.82,-1.0752599999999999,0
NC(=O)N1C(N)=C1C=O,127.103,3,2,1,1,5,89.19,-1.2926,0
N=CC1NC(=O)NC1=N,126.119,3,4,1,1,5,88.83000000000001,-0.7053600000000002,1
NC1=C(C=O)OC1=O,113.07199999999999,4,1,1,1,4,69.39000000000001,-1.0876000000000001,0
N=CN1OCCOC1=N,129.119,4,2,1,1,5,69.4,-0.2079600000000001,0
CC(=O)C1=NC(O)=N1,112.088,3,1,1,1,4,62.019999999999996,-0.09849999999999998,0
N#CC(N)N1COC=N1,126.11899999999999,5,1,1,1,5,74.64,-0.9722200000000003,1
NC1=NC(=O)C(N)=N1,112.092,4,2,0,1,5,93.83,-1.8014999999999999,0
O=Cc1ncn[nH]c1=O,125.08699999999999,4,1,1,1,5,75.71000000000001,-1.0226,0
N=COC1NCC(=N)O1,129.119,5,3,2,1,5,78.19000000000001,-0.5092600000000003,1
COC1=NN=C(N)C1=O,127.103,5,1,0,1,5,77.03999999999999,-1.1138000000000001,0
Cc1noc(=N)oc1=O,128.087,5,1,0,1,5,80.09,-0.5843099999999999,0
N=CN1CCNC(=O)C1=O,141.13,3,2,1,1,5,73.26,-1.4481299999999997,0
N=C1NCC(C=O)CO1,128.131,3,2,1,1,4,62.18000000000001,-0.6439300000000001,1
Nc1nnc(C=O)n1N,127.107,6,2,1,1,6,99.82000000000001,-1.6134000000000004,0
N=C1N=C(N)C(=O)CO1,127.103,4,2,0,1,5,88.53000000000002,-1.1223299999999998,0
CN=C(N)C1OC(=O)O1,130.10299999999998,4,1,1,1,5,73.91000000000001,-0.5337000000000001,0
N=CC1=NN=C(N)C1=O,124.103,5,2,1,1,5,91.66,-1.06813,0
N#CC(=O)C1=CN=N1,107.072,4,0,1,1,4,65.58,0.38627999999999996,0
N=C1C(N)=CN=C1CO,125.13099999999999,4,3,1,1,4,82.46000000000001,-0.7468300000000003,0
Cn1cc(NC#N)nn1,123.11900000000001,5,1,1,1,5,66.53,-0.2919200000000001,0
CNC(=O)c1ncn[nH]1,126.119,3,2,1,1,5,70.67,-0.8357000000000003,0
O=Cc1cc(CO)on1,127.09899999999999,4,1,2,1,4,63.33,-0.02059999999999998,0
O=C1C=C(O)OC1=O,114.05599999999998,4,1,0,1,4,63.6,-0.4883,0
N=CN1OC(=O)C1C=O,128.087,4,1,2,1,5,70.46000000000001,-1.0652300000000001,1
N=C1NC(=O)COC(=N)O1,143.102,5,3,0,1,6,95.26,-0.9810600000000003,0
CC(=O)C1=NN=C1N,111.10400000000001,4,1,1,1,4,67.81,-0.6978,0
CC(O)c1onnc1N,129.119,5,2,1,1,5,85.17,-0.2949000000000001,1
NC(=O)c1ncc(N)o1,127.103,4,2,1,1,5,95.14,-0.6443000000000003,0
NC(=O)OC1OCC1=O,131.087,4,1,1,1,5,78.62,-0.9929000000000001,1
CNC1(OC=O)OC1=N,130.10299999999998,5,2,3,1,5,74.71000000000001,-0.9599300000000004,1
Cc1nc(N)c(O)n1C=O,141.13,5,2,1,1,5,81.13999999999999,-0.48238000000000014,0
NC(=O)NCn1cco1,129.119,3,2,2,1,5,73.19,-0.29310000000000036,0
CC1=NC(C(O)C#N)O1,126.11499999999998,4,1,1,1,4,65.61,-0.35442,2
CN=C1NC(=O)NCO1,129.119,3,2,0,1,5,62.72,-0.7409000000000001,0
N=C1NC(=O)NCO1,115.092,3,3,0,1,5,74.21000000000001,-0.79193,0
N=C1C=CN=C1N,95.105,3,2,0,1,3,62.230000000000004,-0.10932999999999982,0
Cc1n[nH]c(=O)c(=N)o1,127.10299999999998,4,2,0,1,5,82.74,-0.8492100000000002,0
CC1(OC=NCO)CO1,131.131,4,1,3,1,4,54.35,-0.27249999999999996,1
N=c1cc[nH]c(=NN)o1,126.119,4,3,0,1,5,91.16,-1.13843,0
N=CC1=NC(=O)C(N)=N1,124.10300000000001,4,2,1,1,5,91.66,-1.06813,0
CNC(=N)c1ncno1,126.119,4,2,1,1,5,74.80000000000001,-0.38563000000000036,0
N=C1NC(C=O)NC1=O,127.103,3,3,1,1,5,82.05000000000001,-1.7919299999999998,1
N#CCC1=NC(N)=[N+]1[O-],124.10300000000001,4,1,1,1,5,88.24000000000001,-0.8628199999999997,0
N=CN1CC(=O)NCO1,129.119,3,2,1,1,5,65.42,-1.0856299999999999,0
Nc1cnc(NC=O)[nH]1,126.11899999999999,3,3,2,1,5,83.79999999999998,-0.43980000000000036,0
N=C1NCC(=O)COC1=N,141.13,4,3,0,1,5,86.03,-0.8701600000000003,0
N=CN1CC(=O)NCO1,129.119,3,2,1,1,5,65.42,-1.0856299999999999,0
N#CCc1n[nH]nc1N,123.11900000000001,4,2,1,1,5,91.38,-0.5470200000000003,0
N=C1C(N)=CN=C1N,110.12,4,3,0,1,4,88.25,-0.8229300000000002,0
Cn1cnoc1=NC=N,126.11899999999999,4,1,1,1,5,67.17,-0.4791300000000002,0
N#CCNc1cnon1,124.103,5,1,2,1,5,74.74000000000001,0.005079999999999807,0
N=C1CNC(=O)OCO1,130.10299999999998,4,2,0,1,5,71.41000000000001,-0.3224300000000002,0
N=CC1=NC(N)=NC1=N,123.11900000000001,4,3,1,1,5,98.44,-0.6174600000000001,0
CN=C1C=NN=C1N,110.12,4,1,0,1,4,63.099999999999994,-0.5862,0
N#CC(=N)C1=NC(=N)O1,122.08699999999999,4,2,1,1,5,93.08,-0.10677999999999999,0
Nc1noc(C=O)c1O,128.087,5,2,1,1,5,89.35000000000001,-0.22510000000000002,0
CCC1=NC(=O)N=C1N,125.131,2,1,1,1,4,67.81,0.32820000000000016,0
N=C1N=NC(N)=C1CO,126.119,4,3,1,1,5,94.82000000000001,-0.40793,0
N#CCN1OCOC1C=O,142.11399999999998,5,0,2,1,5,62.56000000000001,-0.7437200000000002,1
NC(=O)NC1COC=N1,129.11899999999997,3,2,1,1,5,76.71000000000001,-0.9607000000000001,1
N=C1OC=NCC(O)O1,130.10299999999998,5,2,0,1,5,74.9,-0.68533,1
N=C1N=CC(O)=NC1=N,124.103,2,3,0,1,5,92.65,-0.018159999999999954,0
O=C(O)c1coc(O)n1,129.07099999999997,4,2,1,1,5,83.56,0.07839999999999997,0
O=Cc1nn[nH]c1C=O,125.08699999999997,4,1,2,1,5,75.71000000000001,-0.5703000000000003,0
N=C1COCOC(=N)N1,129.119,4,3,0,1,5,78.19,-0.50766,0
N#CCc1nonc1N,124.10300000000001,5,1,1,1,5,88.73,-0.28212000000000004,0
CC1=C(N)N=NC1=N,110.12,3,2,0,1,4,74.59,0.6196700000000002,0
N=C1COC(=NO)CO1,130.103,5,2,0,1,5,74.9,-0.20183000000000012,0
CN=C(N)c1conn1,126.11899999999999,4,1,1,1,5,77.3,-0.5953000000000004,0
N=C1N=C(C(N)=O)O1,113.076,3,2,1,1,5,88.53000000000002,-1.1648300000000003,0
N=C1N=NC=C1CO,111.10399999999998,3,2,1,1,4,68.8,0.30566999999999994,0
N=C1CC(OC(N)=O)O1,130.103,4,2,1,1,5,85.39999999999999,-0.19462999999999997,1
N#Cc1cnnoc1=N,122.08699999999999,5,1,0,1,5,86.56,-0.57925,0
O=COc1cnn[nH]c1=O,141.08599999999998,5,1,2,1,6,84.94,-1.2999000000000003,0
COC1=NN=C1CO,114.10399999999998,4,1,1,1,4,54.18000000000001,-0.6068,0
CN=C1CC(C(=N)O)O1,128.13099999999997,3,2,1,1,4,65.67,0.33887,1
Nc1ncc(C=O)nn1,124.103,5,1,1,1,5,81.76,-0.7337000000000002,0
CN1N=COC(NC=N)=N1,141.134,5,2,1,1,6,73.07,-0.6406300000000003,0
N=c1[nH]cc(N)n[n+]1[O-],127.10700000000003,4,3,0,1,6,105.49,-1.8952299999999997,0
N=C1C(=O)NN=C1CO,127.103,4,3,1,1,5,85.54,-1.51573,0
Nc1nc(C=O)oc1O,128.08699999999996,5,2,1,1,5,89.35000000000001,-0.2250999999999999,0
CNC(=O)c1ncn[nH]1,126.119,3,2,1,1,5,70.67,-0.8357000000000003,0
COC1=NNC(=N)C1=O,127.10299999999998,4,2,0,1,5,74.53999999999999,-0.9041300000000003,0
CC(=O)n1ncnc1N,126.119,5,1,0,1,5,73.8,-0.47959999999999997,0
CC(O)(O)C1=NC=N1,114.10400000000001,4,2,1,1,4,65.18,-0.8724000000000001,0
N=C(N)N1C=NC=CN1,125.13499999999998,3,3,0,1,5,77.5,-0.8004300000000002,0
NC1=NC(=O)N=C1N,112.092,3,2,0,1,5,93.83,-1.1656,0
CC(N)C1=NC(=O)O1,114.10399999999998,3,1,1,1,4,64.67999999999999,-0.1176999999999998,1
NCC1=NC(=O)C(N)=N1,126.119,4,2,1,1,5,93.83,-1.7589999999999995,0
CNc1cnoc(=O)n1,127.103,5,1,1,1,5,68.02000000000001,-0.5285000000000002,0
N=C1OCN1CC(=O)O,130.103,3,2,2,1,5,73.62,-0.7045300000000001,0
N=C1OCC(=O)NC1=O,128.087,4,2,0,1,5,79.25,-1.36333,0
CNn1cnnc1N,113.12400000000001,5,2,1,1,5,68.76,-0.9664000000000001,0
Nc1cnc(C=O)n1N,126.119,5,2,1,1,5,86.92999999999999,-1.0084,0
N=C1C(N)=NCN1C=O,126.11899999999999,4,2,1,1,5,82.53999999999999,-1.24963,0
N=C1NCNC(=O)O1,115.09199999999998,3,3,0,1,5,74.21000000000001,-0.79193,0
N=CN1CC(=O)OC1=N,127.10299999999998,4,2,1,1,5,77.24000000000001,-0.61296,0
Nc1cc(N)c(N)nn1,125.13500000000003,5,3,0,1,5,103.84,-0.7768000000000004,0
N=C1OC(N)=C1C=O,112.088,4,2,1,1,4,76.16999999999999,-0.6369300000000002,0
N#CCc1nncn1N,123.11900000000001,5,1,1,1,5,80.52,-0.9420200000000001,0
N#CC1=NCN1C(=O)O,125.08699999999999,3,1,0,1,5,76.69,-0.14042000000000004,0
N=C1NC(=O)COC1=N,127.103,4,3,0,1,5,86.03,-0.9126600000000002,0
N#CCOc1cnoc1,124.09899999999998,4,0,2,1,4,59.05,0.5769799999999999,0
CC(=O)N1OC1=O,101.06099999999999,3,0,0,1,4,49.68,-0.09989999999999993,0
N=Cn1c(CN)noc1=O,142.118,6,2,2,1,6,97.9,-1.24983,0
Cc1nonc1C=NCO,141.13,5,1,2,1,5,71.51,-0.25328,0
NCC1=NC(=O)C(N)=N1,126.119,4,2,1,1,5,93.83,-1.7589999999999995,0
N=C1NC(O)C(=N)O1,115.092,4,4,0,1,5,89.19000000000001,-1.1633600000000002,1
O=CC1=NC(CO)=N1,112.088,4,1,2,1,4,62.019999999999996,-1.0118,0
NC(=O)C1=NC=C1N,111.104,3,2,1,1,4,81.47,-1.2736000000000003,0
N=C1OCNC(=O)CO1,130.10299999999998,4,2,0,1,5,71.41,-0.9583300000000003,0
CC(O)C1=NC(=N)N=N1,126.11900000000001,3,2,1,1,5,81.16000000000001,0.16626999999999992,1
N=C1COC(=N)OCO1,130.103,5,2,0,1,5,75.39,-0.08066000000000012,0
CC(=O)n1cnc(N)n1,126.11900000000001,5,1,0,1,5,73.8,-0.47959999999999997,0
Nc1cnc(=O)oc1C=O,140.09799999999998,5,1,1,1,5,86.19,-0.5705,0
N#CCc1noc(F)n1,127.078,4,0,1,1,5,62.71,0.27477999999999997,0
N=CN1CON=C1CO,129.119,4,2,2,1,5,68.91000000000001,-0.8110299999999999,0
CNc1cnc(=N)on1,126.119,5,2,1,1,5,74.80000000000001,-0.40923000000000015,0
CNc1nonc1C=N,126.11899999999999,5,2,2,1,5,74.80000000000001,0.1089699999999999,0
CNC(=O)c1cn[nH]n1,126.119,3,2,1,1,5,70.67,-0.8357000000000003,0
NC1=C(F)C(=O)N=C1,114.079,2,1,0,1,4,55.45,-0.26279999999999987,0
Nc1coc(=O)c(N)n1,127.10300000000001,5,2,0,1,5,95.14,-0.8008,0
Nc1conc(N)c1=O,127.10300000000001,5,2,0,1,5,95.13999999999999,-0.8008,0
N=C1COC(=N)N=CO1,127.103,4,2,0,1,5,78.52,-0.026460000000000095,0
N=C1CNC(=N)OCCO1,143.146,4,3,0,1,5,78.19000000000001,-0.46516000000000046,0
Cc1nnc(=O)[nH]c1O,127.10299999999998,4,2,0,1,5,78.87,-0.8210800000000003,0
N=C1OC(C=O)OC1=O,129.071,5,1,1,1,5,76.44999999999999,-0.9379300000000002,1
CC1=C(O)C(=O)N=N1,112.08800000000001,3,1,0,1,4,62.019999999999996,0.7683,0
CNC(=N)N1NC1=O,114.10799999999999,2,3,0,1,5,77.9,-0.9192300000000002,0
O=CC(=O)c1ncno1,126.071,5,0,2,1,5,73.06,-0.5488,0
CC(=O)c1nn[nH]c1N,126.11900000000001,4,2,1,1,5,84.66,-0.41050000000000003,0
N=C1N=C(N)N=C1C=O,124.103,4,2,1,1,5,91.66,-1.06813,0
N=C1C=C(N)OC1=N,111.104,4,3,0,1,4,82.95000000000002,-0.18625999999999998,0
N=C1OC(=O)N1C=O,114.05999999999999,4,1,1,1,5,70.46000000000001,-0.47023000000000015,0
NC1=NN=C1C=NCO,126.11899999999999,5,2,2,1,5,83.33,-1.2662000000000002,0
N=C1NCNC(C=O)N1,128.135,3,4,1,1,5,77.01,-1.81393,1
CC(=O)NC1=NC(N)=N1,126.11900000000001,4,2,0,1,5,79.84,-1.1931999999999996,0
N=CN1C(=N)N=C1CN,125.135,3,3,2,1,5,89.32000000000001,-0.7989599999999999,0
N=C1NCC(C(=O)O)O1,130.10299999999998,3,3,1,1,5,82.41000000000001,-1.0058300000000002,1
CC1=NC(CO)=NC1=O,126.11499999999998,3,1,1,1,4,62.02,-0.6217000000000001,0
N=c1oncc(=NO)o1,129.075,6,2,0,1,6,95.61,-0.9630300000000003,0
N=C1N=C(N)N=C1C=O,124.103,4,2,1,1,5,91.66,-1.06813,0
Nc1nncc(C=O)n1,124.10299999999998,5,1,1,1,5,81.76,-0.7337000000000005,0
N=CN1C=NC(O)OC1,129.11899999999997,4,2,1,1,5,68.91000000000001,-0.8126300000000002,1
CC1=C(CO)C(=N)N=N1,125.131,3,2,1,1,4,68.8,0.6957700000000001,0
N#CC(N)c1ncn[nH]1,123.119,4,2,1,1,5,91.38,-0.6719200000000001,1
Nc1nc(C=O)c(N)o1,127.10299999999998,5,2,1,1,5,95.14,-0.3485,0
N=CN1COCOC1=N,129.119,4,2,1,1,5,69.4,-0.2079600000000001,0
NC=C1NC(=O)NC1=O,127.10299999999998,3,3,0,1,5,84.22,-1.3741,0
N=C1COC(=N)C(=N)O1,127.103,5,3,0,1,5,90.01,-0.034989999999999966,0
N=Cc1cnc(N)cn1,122.131,4,2,1,1,4,75.65,0.05646999999999991,0
Cn1cnnc1NC=O,126.11899999999999,4,1,2,1,5,59.81,-0.6166000000000005,0
Nc1nc(C(=O)O)c[nH]1,127.10299999999997,3,3,1,1,5,92.0,-0.30990000000000023,0
CC(=O)C1=NC(=O)O1,113.07199999999999,3,0,1,1,4,55.730000000000004,0.12410000000000004,0
CN=CNC1OC(=O)C1=O,142.11399999999998,4,1,2,1,5,67.76,-1.3139000000000003,1
N=C1NC(=N)C(=O)O1,113.076,4,3,0,1,5,86.03000000000002,-0.95516,0
COC1=NC(=O)C(N)=N1,127.10300000000001,4,1,0,1,5,77.03999999999999,-1.1138000000000003,0
N=C1OCC(=O)C(=N)O1,128.087,5,2,0,1,5,83.23,-0.48566000000000015,0
N=c1oc(F)cn[n+]1[O-],131.066,4,1,0,1,6,76.82000000000001,-1.0734299999999999,0
N=Cn1c(N)cnc1N,125.135,5,3,1,1,5,93.71,-0.49733,0
N=C1N=NC=C1CO,111.10399999999998,3,2,1,1,4,68.8,0.30566999999999994,0
COC1=NC(N)=NC1=O,127.10300000000001,4,1,0,1,5,77.03999999999999,-1.1138000000000001,0
CC1=NC(=N)NC1=N,110.11999999999999,2,3,0,1,4,72.09,-0.03745999999999988,0
CN=c1ncoc(=O)[nH]1,127.10299999999998,4,1,0,1,5,71.25,-1.1066000000000003,0
N=CC1=NC(=N)C(=O)O1,125.08699999999999,4,2,1,1,5,86.36,-0.4314600000000001,0
CC(O)C1=NN=C1N,113.12000000000002,4,2,1,1,4,70.97,-0.9060000000000001,1
N=C(O)C1=NC(N)=N1,112.09200000000001,4,3,1,1,5,94.82,-0.75153,0
N=c1cnc(C=O)no1,125.08699999999999,5,1,1,1,5,79.84,-0.63843,0
N=C1CONC=NCO1,129.119,5,2,0,1,5,66.7,-0.4991300000000003,0
N#CCC1=NC(N)=N1,108.10400000000001,4,1,1,1,4,74.53,-0.37311999999999984,0
N=C1NCOC(C=O)N1,129.119,3,3,1,1,5,74.21,-1.3869300000000004,1
N=c1nnc(N)co1,112.092,5,2,0,1,5,88.79,-0.8687300000000002,0
N=C1OCC(=O)C1=NO,128.087,5,2,0,1,5,82.74,-0.60683,0
C#CC(O)C1=NC(=N)O1,124.099,3,2,1,1,4,65.67,-0.6560300000000001,1
N=C1OC(=N)C(=N)O1,113.076,5,3,0,1,5,90.01,-0.07748999999999995,0
N=Cc1n[nH]ncc1=N,123.11899999999999,4,3,1,1,5,89.27000000000001,-0.7181600000000001,0
CN1COC(=O)C(=N)O1,130.10299999999998,5,1,0,1,5,62.620000000000005,-0.6586300000000003,0
NCC1=NC(=O)C=N1,111.10399999999998,3,1,1,1,4,67.81,-1.0453999999999999,0
NC1=CN=C(N)C1=NC=O,138.13,4,2,1,1,5,93.82999999999998,-1.2452999999999999,0
N=C1CNC(=N)C(=O)O1,127.10299999999998,4,3,0,1,5,86.03000000000002,-0.9126600000000005,0
N#CC(=O)c1conn1,123.071,5,0,1,1,5,79.78,-0.22411999999999999,0
CC(N)C(=O)C1=NC=N1,125.13099999999999,4,1,2,1,4,67.81,-0.6569,1
Cn1cnc(=N)c(N)n1,125.135,5,2,0,1,5,80.58,-1.12323,0
COc1n[nH]nc(N)c1=O,142.118,5,2,1,1,6,93.88999999999999,-1.2443000000000002,0
Cn1ncc(C=O)c1N,125.131,4,1,1,1,4,60.91,-0.18519999999999992,0
N=C1N=C(N)C(=O)O1,113.076,4,2,0,1,5,88.53000000000002,-1.16483,0
CNc1cnoc1C=N,125.13099999999999,4,2,2,1,4,61.910000000000004,0.7139699999999999,0
N=Cc1nn[nH]c1C=O,124.10299999999998,4,2,2,1,5,82.49000000000001,-0.38513,0
N=C(O)c1n[nH]c(=N)o1,128.091,4,4,1,1,6,109.74999999999999,-0.63446,0
N=C1OC(=N)C(=N)O1,113.076,5,3,0,1,5,90.01,-0.07748999999999995,0
N=C1OC(=O)CNC1=O,128.087,4,2,0,1,5,79.25,-1.36333,0
Nc1nc(C=O)[nH][n+]1[O-],128.09099999999998,4,2,1,1,6,98.71,-1.5622,0
Nc1ncc(C=O)n1N,126.119,5,2,1,1,5,86.92999999999999,-1.0084000000000004,0
CC1=NC(=N)C(=O)C=N1,123.11499999999998,3,1,0,1,4,65.64,0.035569999999999935,0
NC(=O)C1N=CN=N1,112.092,4,1,1,1,5,80.17,-0.7081000000000002,1
C#CCn1[nH]cnc1=N,122.13099999999999,3,2,1,1,4,57.46,-0.6761300000000001,0
N#CC(=N)OC1NC1=N,124.10299999999998,4,3,1,1,5,102.66,-0.58958,1
NC1=NC(=O)C(C=O)=N1,125.08699999999997,4,1,1,1,5,84.88,-1.5188,0
CC(=O)C1=NNC1=N,111.104,3,2,1,1,4,65.31,-0.4881300000000001,0
N=CN=C1OCOC1=N,127.10299999999998,4,2,1,1,5,78.52000000000001,-0.026460000000000095,0
N=C1NCC(=O)N=CO1,127.103,3,2,0,1,5,74.54,-0.9041300000000001,0
NC1=C(O)C(=O)N=C1,112.088,3,2,0,1,4,75.68,-0.6742999999999999,0
N=C1C=C(N)N=C1C=O,123.115,4,2,1,1,4,79.30000000000001,-0.5402300000000002,0
N=C1CN=CNOC1=O,127.10299999999998,5,2,0,1,5,74.53999999999999,-0.9041300000000003,0
CN=C1C=NC(N)=N1,110.12,3,1,0,1,4,63.099999999999994,-0.5862,0
N=C1OCCOC1=NO,130.103,5,2,0,1,5,74.9,-0.20183000000000012,0
N=CN1CC(=O)NCN1,128.135,3,3,1,1,5,68.22,-1.5126299999999993,0
COC(=N)C1OC1=O,115.08799999999998,4,1,1,1,4,62.68,-0.4645300000000001,1
NC1=NC(=O)C(C=O)=N1,125.08699999999997,4,1,1,1,5,84.88,-1.5188,0
CN=C1N=C(N)N1C=O,126.119,3,1,1,1,5,71.05,-1.2411,0
CNC1=NNC(=O)C1=N,126.11899999999999,4,3,0,1,5,77.34,-1.3311299999999993,0
COC1=NN=C(CO)C1=N,141.13,5,2,1,1,5,78.03,-0.5870300000000002,0
N=COC1=NC=NC1=O,125.08699999999999,4,1,1,1,5,74.87,-0.42293000000000003,0
N=C1NCCOC(=N)O1,129.119,4,3,0,1,5,78.19000000000001,-0.50766,0
O=CC(=O)c1cnno1,126.071,5,0,2,1,5,73.06,-0.5488000000000002,0
Nc1ncc(O)c(C=O)n1,139.11399999999998,5,2,1,1,5,89.10000000000001,-0.42310000000000014,0
CC1(C(N)=O)COCN1,130.147,3,2,1,1,4,64.35000000000001,-1.1922999999999995,1
N=C1NCC(C(=N)O)O1,129.119,3,4,1,1,5,89.19000000000001,-0.5551600000000001,1
O=CNc1nc(C=O)n[nH]1,140.102,4,2,3,1,6,87.74000000000001,-0.8145000000000002,0
N#COCCC1=NN=C1O,139.11400000000003,4,1,3,1,5,77.97,0.20027999999999996,0
N=Cc1cnc(N)c(N)n1,137.14600000000002,5,3,1,1,5,101.67,-0.3613300000000001,0
N=C1OC(CO)NC1=O,130.103,4,3,1,1,5,82.41,-1.5715299999999999,1
Nc1cc(=O)nc(N)o1,127.10300000000001,5,2,0,1,5,95.14,-0.8008000000000002,0
CNc1cnc(=O)oc1,126.11499999999998,4,1,1,1,4,55.13,0.07649999999999996,0
N=C1COC=NC(=N)O1,127.103,4,2,0,1,5,78.52,-0.026460000000000095,0
NCN=CC1=NC=C1N,124.147,4,2,2,1,4,76.75999999999999,-0.7719,0
N#Cc1cn(C=N)[nH]1,108.10399999999998,3,2,1,1,4,68.36,0.14305,0
N=CN1CC(=N)OC1=O,127.10299999999998,4,2,1,1,5,77.24000000000001,0.022940000000000016,0
COC1=C(O)C(=N)N=C1,126.11499999999998,3,2,1,1,4,65.67,0.46407,0
N=CN1OCN=C1CO,129.11900000000003,4,2,2,1,5,68.91000000000001,-0.8110299999999999,0
N=CN1CC(=O)OC1=N,127.10299999999998,4,2,1,1,5,77.24000000000001,-0.61296,0
N=CC1=NC(=N)N=N1,109.09200000000001,3,2,1,1,5,84.78,0.43504,0
C#Cc1cnc(N)nn1,120.11500000000001,4,1,0,1,4,64.69,-0.5649000000000002,0
O=Cc1n[nH]c(CO)n1,127.10299999999998,4,2,2,1,5,78.87,-0.8905000000000001,0
CN=C1N=CNC1=O,111.10399999999998,2,1,0,1,4,53.82,-0.8272000000000002,0
N=C1COC(=O)OCN1,130.103,4,2,0,1,5,71.41,-0.32243000000000016,0
N=Cc1nc(C=O)no1,125.08699999999999,5,1,2,1,5,79.84,-0.12023,0
NC1=CN=C(N)C1=NC=O,138.13,4,2,1,1,5,93.82999999999998,-1.2452999999999999,0
N=COC1OCC(=N)O1,130.103,5,2,2,1,5,75.39,-0.08225999999999994,1
N=C1N=C(N)OC1=O,113.076,4,2,0,1,5,88.53,-1.16483,0
CN1COC(=N)C(=O)O1,130.10299999999998,5,1,0,1,5,62.620000000000005,-0.6586300000000003,0
N=CN1C(=N)NC1C=O,126.11899999999997,3,3,2,1,5,80.04,-1.0415600000000003,1
N=C1C=C(CN)C(=O)O1,126.115,4,2,1,1,4,76.17,-0.5944300000000002,0
CNC(=O)C1=NNC1=O,127.103,3,2,1,1,5,70.56,-1.7817999999999996,0
COc1cn[nH]c(=N)n1,126.119,4,2,1,1,5,74.65,-0.70723,0
NC(=O)n1ccnc1O,127.10299999999998,4,2,0,1,5,81.14,-0.48450000000000004,0
CC1=NC(N)=NC1=O,111.104,3,1,0,1,4,67.81,-0.6978,0
N=C1COC(=O)C(=N)N1,127.103,4,3,0,1,5,86.03,-0.9126600000000002,0
NC1=CN=C(N)C1=O,111.104,4,2,0,1,4,81.47,-1.2735999999999998,0
N=C1NC(N)=NC1=O,112.09200000000001,3,3,0,1,5,91.33000000000001,-1.5918299999999994,0
CNC(=O)c1cn[nH]n1,126.119,3,2,1,1,5,70.67,-0.8357000000000003,0
N=C1ON=C(N)C1=N,112.092,5,3,0,1,5,95.31,-0.7141600000000001,0
CC(O)C1=NOC1=N,114.104,4,2,1,1,4,65.67000000000002,-0.26933000000000007,1
CC1=C(N)C(=O)N=N1,111.104,3,1,0,1,4,67.81,0.16900000000000015,0
NC(=O)OC1=COC1=O,129.071,4,1,1,1,5,78.62,-0.5201,0
N=C1NC(=N)C(O)CO1,129.119,4,4,0,1,5,89.19000000000001,-1.1208600000000002,1
N=CC1=NC=NC1=N,108.104,3,2,1,1,4,72.42,0.09614,0
COc1n[nH]nc1C=N,126.11899999999999,4,2,2,1,5,74.65,-0.1890300000000002,0
CNC1=C(O)C(=N)N=N1,126.119,4,3,1,1,5,80.83,0.37596999999999997,0
N=c1cnc(C=O)n[nH]1,124.103,4,2,1,1,5,82.49000000000001,-0.9033300000000002,0
N#Cc1nc(CO)no1,125.08699999999999,5,1,1,1,5,82.94,-0.5664200000000001,0
Cc1nnoc1NC=N,126.11899999999999,4,2,2,1,5,74.80000000000001,0.39698999999999995,0
NC1=NC(C=O)=NC1=O,125.08699999999997,4,1,1,1,5,84.88,-1.5188,0
N=C1CNC(=O)C(=N)O1,127.10299999999998,4,3,0,1,5,86.03000000000002,-0.9126600000000002,0
N=CN1C=NC(=O)NC1,126.11899999999999,2,2,1,1,5,68.55,-0.39553000000000016,0
[N-]c1cnc(N)n1C=O,124.103,4,1,1,1,5,83.20999999999998,-0.026900000000000035,0
NC1=CN=C(N)C1=O,111.104,4,2,0,1,4,81.47,-1.2735999999999998,0
N=CN1C(=N)OC1=O,113.07599999999998,4,2,1,1,5,77.24000000000001,-0.01955999999999991,0
CC1N=NC(=O)NC1=O,127.10299999999998,3,1,0,1,5,70.89,0.07690000000000002,1
N=CN1C=NC(=O)OC1,127.10299999999998,3,1,1,1,5,65.75,0.031470000000000053,0
N=C1N=CC(C(N)=O)=N1,124.10300000000001,2,2,1,1,5,91.66000000000001,-1.06813,0
N=CC1=NN=C(N)C1=O,124.103,5,2,1,1,5,91.66,-1.06813,0
N=C1NCC(=O)C(=O)N1,127.103,3,3,0,1,5,82.05000000000001,-1.79033,0
COC1=NN=C(N)C1=O,127.103,5,1,0,1,5,77.03999999999999,-1.1138000000000001,0
CN=c1ncoc(=N)o1,127.10299999999998,5,1,0,1,5,75.38,-0.7224300000000003,0
N=CN1CN=C1CO,113.11999999999998,3,2,2,1,4,59.68000000000001,-0.7426299999999999,0
N=C1NC=C1OCOC=O,142.114,4,2,4,1,5,71.41,-0.4446300000000001,0
N=CN1N=CCOC1=O,127.10299999999998,4,1,1,1,5,65.75,0.03146999999999994,0
C#CC(O)c1conn1,124.099,4,1,1,1,4,59.150000000000006,-0.26380000000000003,1
N=COC1COC(=N)CO1,144.13,5,2,2,1,5,75.39,-0.03975999999999996,1
N=C1ON=C(CO)C1=N,127.10299999999998,5,3,1,1,5,89.52000000000001,-0.6380600000000003,0
CN=C1N=CN=C1N,110.12,3,1,0,1,4,63.099999999999994,-0.5861999999999998,0
Cc1noc(N)nc1=O,127.10300000000001,5,1,0,1,5,82.00999999999999,-0.6795800000000001,0
Nc1cc(NC=O)n[nH]1,126.119,3,3,2,1,5,83.79999999999998,-0.43980000000000036,0
N=C1C=C(N)C(=N)O1,111.104,4,3,0,1,4,82.95,-0.18625999999999998,0
CN1NN=CN1C=NCO,143.15,5,2,2,1,6,63.459999999999994,-1.4252000000000002,0
CN=C1N=CN=C1C=O,123.11499999999998,3,0,1,1,4,54.15,-0.3034999999999999,0
N=C1OCOC(=N)C1=O,128.087,5,2,0,1,5,83.22999999999999,-0.48566000000000015,0
CN=C1N=CNC1=O,111.10399999999998,2,1,0,1,4,53.82,-0.8272000000000002,0
N=C1NC(=O)C(=N)O1,113.076,4,3,0,1,5,86.03000000000002,-0.9551600000000002,0
CCOC1=NC(=N)N=C1,125.131,2,1,1,1,4,57.8,0.4405700000000001,0
CC(=N)NC1=NC(=O)O1,127.103,3,2,0,1,5,74.54,0.07937000000000005,0
CC1=NC(=N)N=C1O,111.10399999999998,1,2,0,1,4,68.8,0.3521700000000001,0
N=C(N)C1=CN=NC1=O,124.103,3,2,1,1,5,91.66,-0.20132999999999995,0
CC1=NC(=O)NC1=NO,127.10299999999998,3,2,0,1,5,74.05,-0.04179999999999995,0
COCc1nnc(=N)[nH]n1,141.13400000000001,5,2,2,1,6,87.54,-1.17443,0
CN=C1OC(=O)NC1=O,128.087,4,1,0,1,5,67.75999999999999,-0.7189000000000001,0
CC(N)c1nn[nH]n1,113.12400000000001,4,2,1,1,5,80.48,-0.7806000000000002,1
N=CN1OCOC1C=O,130.10299999999998,4,1,2,1,5,62.62000000000001,-0.6602300000000001,1
CN1N=COCC(=N)O1,129.119,5,1,0,1,5,57.91,-0.19942999999999994,0
N=C(N)C1NCC(=O)N1,128.135,3,4,1,1,5,91.0,-2.0321299999999995,1
O=c1nc(CO)c1=NO,128.087,5,2,1,1,5,82.78,-1.9004000000000003,0
N#CCN=C1OCN1C=N,138.13,4,1,2,1,5,72.47,-0.23725000000000013,0
N=C1OCC(N)C1=N,113.12,4,3,0,1,4,82.94999999999999,-0.65906,1
CN=C1C=NN=C1N,110.12,4,1,0,1,4,63.099999999999994,-0.5862,0
N=C1OC(C=O)OC1=N,128.087,5,2,1,1,5,83.22999999999999,-0.48725999999999997,0
Cc1nc(=N)on1C=O,127.10299999999998,5,1,1,1,5,71.88,-0.69771,0
N=C(O)C1=NC(O)=N1,113.076,3,3,1,1,5,89.03,-0.1522300000000002,0
N=COC1OCOC1=N,130.103,5,2,2,1,5,75.39000000000001,-0.08226000000000017,1
COC(=O)C1=NOC1=N,128.08700000000002,5,1,1,1,5,71.74000000000001,-0.47713,0
CN=C1C=NOC1=N,111.10399999999998,4,1,0,1,4,57.800000000000004,0.05046999999999996,0
N=C1OCC(=O)C(=N)O1,128.087,5,2,0,1,5,83.23,-0.48566000000000015,0
CC(O)C1=NC(CN)=N1,127.14700000000002,4,2,2,1,4,70.97,-0.8635000000000002,1
N=CN1COC(=O)CO1,130.10299999999998,4,1,1,1,5,62.620000000000005,-0.6586300000000003,0
N=C1OCOC(=N)C1=O,128.087,5,2,0,1,5,83.22999999999999,-0.48566000000000015,0
COC1=NC(=N)OC1=N,127.103,4,2,0,1,5,78.52000000000001,-0.02646000000000004,0
N=C1OCNC(=O)CO1,130.10299999999998,4,2,0,1,5,71.41,-0.9583300000000003,0
Nc1nnncc1C=O,124.10299999999997,5,1,1,1,5,81.75999999999999,-0.7337000000000002,0
Nc1cnc(NC=O)o1,127.10299999999998,4,2,2,1,5,81.14999999999999,-0.17490000000000022,0
N=c1nc(CO)nco1,127.10299999999998,5,2,1,1,5,83.0,-0.9586300000000001,0
N=C1COC(=N)C(=N)N1,126.119,4,4,0,1,5,92.81,-0.46199000000000007,0
CC1=NC(=O)N=C1N,111.104,2,1,0,1,4,67.81,-0.061899999999999844,0
CN=C1NC(=O)NC1=O,127.10299999999998,3,2,0,1,5,70.56,-1.1459000000000001,0
N=C1CN=COC(=O)O1,128.087,5,1,0,1,5,71.74,0.15876999999999997,0
N=c1cnc(C=O)n[nH]1,124.103,4,2,1,1,5,82.49000000000001,-0.9033300000000002,0
CC1COC(=O)OC1=N,129.11499999999998,4,1,0,1,4,59.38,0.76657,1
COc1n[nH]nc1C=O,127.10299999999998,4,1,2,1,5,67.87,-0.37420000000000025,0
COc1cn[nH]c(=O)n1,127.103,4,1,1,1,5,67.87,-0.8265,0
COC1=C(N)C(=N)N=N1,126.11900000000001,4,2,1,1,5,83.82000000000001,0.20367000000000018,0
N=COC1N=COC1=O,128.087,5,1,2,1,5,71.74000000000001,-0.4787300000000001,1
N=C1CNC(=O)NC1=N,126.11899999999999,3,4,0,1,5,88.83000000000001,-0.7037600000000004,0
N=C1OCCOC(=N)O1,130.103,5,2,0,1,5,75.39,-0.0806599999999999,0
N=C(O)C1=NC(=O)N1,113.076,2,3,1,1,5,85.53999999999999,-0.35662999999999995,0
CCn1nn[nH]c1=O,114.10799999999999,4,1,1,1,5,63.57,-1.0137,0
O=Cc1cnoc1O,113.07199999999997,4,1,1,1,4,63.33,0.19269999999999993,0
Cc1nc(C=O)[nH][n+]1[O-],127.10299999999998,3,1,1,1,5,72.69,-0.83598,0
CC1=NC(CO)=NC1=N,125.13099999999999,3,2,1,1,4,68.80000000000001,-0.17103000000000002,0
COC(=O)C1=NC=C1N,126.11500000000001,4,1,1,1,4,64.67999999999999,-0.5859000000000001,0
CNC1=NC(=N)OC1=N,126.11899999999999,4,3,0,1,5,81.32,-0.45346000000000036,0
N=CN1CC(=O)C(=O)O1,128.087,4,1,1,1,5,70.46000000000001,-1.06363,0
CN=c1ncn(C=O)[nH]1,126.11899999999999,4,1,1,1,5,63.04,-1.2200000000000004,0
N=C1NC(=O)C(=O)O1,114.05999999999999,4,2,0,1,5,79.25000000000001,-1.4058300000000001,0
N=Cc1noc(C=O)n1,125.08699999999999,5,1,2,1,5,79.84,-0.12023,0
CN1C=NC(=O)NCO1,129.119,3,1,0,1,5,53.93000000000001,-0.44120000000000004,0
COC1=NC(=O)C(N)=N1,127.10300000000001,4,1,0,1,5,77.03999999999999,-1.1138000000000003,0
N=C1COC(=N)OCO1,130.103,5,2,0,1,5,75.39,-0.08066000000000012,0
CN=C1N=NC(C=N)=N1,123.11899999999999,3,1,1,1,5,73.28999999999999,0.48607000000000006,0
N=CN1COCNC1=O,129.119,3,2,1,1,5,65.42000000000002,-0.4497299999999999,0
Nc1cnc(N)nn1,111.10800000000002,5,2,0,1,5,90.71,-0.9640000000000002,0
N#CN=CC1=NN=C1N,121.10300000000002,5,1,1,1,5,86.89,-0.73492,0
COC1=C(O)C(=N)O1,115.08799999999998,4,2,1,1,4,62.540000000000006,0.36737,0
CC1=NC(=N)N=C1N,110.12,2,2,0,1,4,74.59,-0.24712999999999996,0
NC1=NC(=O)N=C1N,112.092,3,2,0,1,5,93.83,-1.1656,0
CC(O)C1=NNC1=O,114.104,3,2,1,1,4,61.690000000000005,-1.1470000000000002,1
N=C1N=C(C=O)N1CO,127.10299999999998,3,2,2,1,5,76.75,-1.2160300000000002,0
CNC(=O)C1=NC(=O)N1,127.103,2,2,1,1,5,70.56,-1.1459000000000001,0
N=C1N=CC(N)=NC1=N,123.11900000000001,3,3,0,1,5,98.44,-0.6174600000000001,0
N=C1C=NC(CO)=N1,111.104,3,2,1,1,4,68.8,-0.5611300000000001,0
N=C1COC(=O)NCN1,129.119,3,3,0,1,5,74.21,-0.7494300000000003,0
CN=C1NC(=O)N1CO,129.119,3,2,1,1,5,64.93,-1.0528000000000002,0
N=CCc1noc(N)n1,126.11900000000001,5,2,2,1,5,88.79,-0.15613,0
CC1=NC(=O)N=C1N,111.104,2,1,0,1,4,67.81,-0.061899999999999844,0
CNC1OC(=N)OC(=O)O1,146.102,6,2,1,1,6,80.64,-0.39243,1
N=C1CC(=O)OC(=N)O1,128.087,5,2,0,1,5,83.23,-0.13806000000000002,0
COC1=NOC(=N)C1=N,127.103,5,2,0,1,5,78.52000000000001,-0.02646000000000004,0
N=C1NC=CNC(=O)CO1,141.13,3,3,0,1,5,74.21000000000001,-0.8716300000000001,0
N=C1COC(=N)OC=CN1,141.13,4,3,0,1,5,78.19,0.006039999999999934,0
N=CN1COC(=N)C1=O,127.10299999999998,4,2,1,1,5,77.24000000000001,-0.6129600000000004,0
CN=C1N=C(N)NC1=O,126.119,3,2,0,1,5,79.84,-1.5408,0
CC(=O)c1cn[nH][n+]1[O-],127.103,3,1,1,1,5,72.69,-0.7543,0
N=CC1=NC(N)=NC1=O,124.10300000000001,4,2,1,1,5,91.66,-1.0681300000000002,0
N=Cc1ocnc1N,111.10400000000001,4,2,1,1,4,75.9,0.25447000000000014,0
N=C1COC(=N)N=CO1,127.103,4,2,0,1,5,78.52,-0.026460000000000095,0
N=c1[nH]c(=N)oc(=N)o1,128.091,5,4,0,1,6,113.61999999999999,-1.3608900000000004,0
N=C1COC(=N)OCO1,130.103,5,2,0,1,5,75.39,-0.08066000000000012,0
CC(O)C1=NOC1=O,115.088,4,1,1,1,4,58.89000000000001,-0.7200000000000002,1
N=CN1C(=N)OC1C=O,127.10299999999997,4,2,2,1,5,77.24000000000001,-0.6145600000000002,1
Nc1cnoc1C=O,112.08799999999998,4,1,1,1,4,69.12,0.06930000000000014,0
Cc1nc(N)nn1C=O,126.119,5,1,1,1,5,73.8,-0.7929800000000002,0
NC(=O)N1CC(=O)N1,115.092,2,2,0,1,5,75.43,-1.5881000000000003,0
N=CC1=NC=NC1=N,108.104,3,2,1,1,4,72.42,0.09614,0
N=c1ncoc(=O)o1,114.05999999999999,5,1,0,1,5,80.09,-0.89273,0
N=C1N=C(C(N)=O)N1,112.092,2,3,1,1,5,91.33000000000001,-1.5918300000000003,0
N=c1nncc(CO)[n-]1,125.11099999999999,4,2,1,1,5,83.96000000000001,-1.5944300000000002,0
N=C1COC(=N)C(N)OC1,143.146,5,3,0,1,5,92.18,-0.68496,1
Nc1nc(=O)[nH]c(=O)o1,129.075,5,2,0,1,6,101.98,-1.6947,0
N=C1C=C(N)C(C=O)=N1,123.115,3,2,1,1,4,79.3,-0.5402300000000002,0
N=C1OC(=O)C(=O)O1,115.04399999999998,5,1,0,1,5,76.45,-0.9788300000000001,0
CC(=O)NC1=NC(N)=N1,126.11900000000001,4,2,0,1,5,79.84,-1.1931999999999996,0
NC(=O)n1ccnc1N,126.119,4,2,0,1,5,86.93,-0.6079000000000001,0
N=CC1=NC(=N)[N+]([O-])=C1,124.103,3,2,1,1,5,86.13,-0.39356000000000013,0
N=C1OC(CO)=NC1=O,128.087,4,2,1,1,5,82.74000000000001,-1.0887300000000002,0
CN=C1N=CN=C1N,110.12,3,1,0,1,4,63.099999999999994,-0.5861999999999998,0
COC1=NC(=N)OC1=O,128.087,4,1,0,1,5,71.74000000000001,-0.47713,0
COC1=NC(=O)C(=O)O1,129.071,4,0,0,1,5,64.96,-0.9278000000000002,0
Nc1ncc(C=O)nn1,124.103,5,1,1,1,5,81.76,-0.7337000000000002,0
NC1=NN=C(CO)C1=O,127.10299999999998,5,2,1,1,5,88.03999999999999,-1.7254,0
CN=C1C=NC(=O)N1O,127.10299999999998,3,1,0,1,5,65.26,-0.08969999999999995,0
N=C1CNC(=O)C(=N)O1,127.10299999999998,4,3,0,1,5,86.03000000000002,-0.9126600000000002,0
NC1=NC(O)=NC1=O,113.07599999999998,3,2,0,1,5,88.03999999999999,-1.2022,0
CNC1=CN=C(O)C1=O,126.11499999999998,3,2,1,1,4,61.690000000000005,-0.41360000000000025,0
N=c1[nH]nc(C=O)n1CO,142.118,5,3,2,1,6,94.76,-1.5470300000000001,0
N=C1OCOC(=O)O1,117.05999999999999,5,1,0,1,5,68.61,0.06206999999999996,0
CC(=N)N1NCOC1=O,129.119,4,2,0,1,5,65.42000000000002,-0.10213,0
NC(C=O)C1=NN=N1,112.09200000000001,5,1,2,1,5,80.17,-0.7081000000000002,1
COC(=N)N1C=NC1=N,126.119,3,2,0,1,5,72.53,-0.15376,0
Nc1cnc(C=O)n1F,129.094,4,1,1,1,5,60.91,0.010400000000000187,0
NC1=NC(=O)C(C=O)=N1,125.08699999999997,4,1,1,1,5,84.88,-1.5188,0
N=C1COCOC(=N)CO1,144.13,5,2,0,1,5,75.39,-0.038159999999999916,0
N=C1COCOC(=N)O1,130.103,5,2,0,1,5,75.39,-0.0806599999999999,0
N=C1N=NC=C1C=O,109.08799999999998,3,1,1,1,4,65.64,0.51227,0
CNC1=NC(=O)C=N1,111.10399999999998,3,1,0,1,4,53.82,-0.8272000000000002,0
N=C(N)C1OCC(=O)O1,130.103,4,2,1,1,5,85.40000000000002,-1.1781300000000001,1
N=CN1CC(=O)OC1=O,128.087,4,1,1,1,5,70.46000000000001,-0.42772999999999994,0
Nc1c(O)cnoc1=O,128.087,5,2,0,1,5,89.35,-0.6774,0
N=C1N=CC(N)=C1CO,125.131,3,3,1,1,4,82.46000000000001,-0.7468300000000003,0
N=CNC1=NC(=O)OC1,127.103,3,2,1,1,5,74.54,-0.26822999999999997,0
N=C1N=CC(O)=C1N,111.104,3,3,0,1,4,82.46,-0.22362999999999988,0
N=C1NC(=O)CN=CO1,127.103,4,2,0,1,5,74.54,-0.9041300000000001,0
N=C1C=NN=C1N,96.093,4,2,0,1,4,74.59,-0.63723,0
CC1=NC(=N)OC1=O,112.08799999999998,3,1,0,1,4,62.51,-0.06112999999999996,0
N=C1OC=NCCOC1=O,142.114,5,1,0,1,5,71.74000000000001,-0.43463000000000007,0
Nc1oncc1C=O,112.08799999999998,4,1,1,1,4,69.12,0.06930000000000003,0
O=CN1C=NC(O)OC1,130.10299999999998,4,1,1,1,5,62.13000000000001,-1.2633000000000003,1
COC1=NC(=O)C(O)=N1,128.087,3,1,0,1,5,71.25,-0.5145,0
CNC1=NN=C(N)C1=O,126.119,5,2,0,1,5,79.84,-1.5408,0
N#CC1NCOC(=N)O1,127.103,5,2,0,1,5,78.13000000000001,-0.6352500000000003,1
N=C1N=CC(N)=C1C=O,123.115,3,2,1,1,4,79.30000000000001,-0.5402300000000002,0
N=CC1OC(=N)C(=O)O1,128.087,5,2,1,1,5,83.23,-0.48725999999999997,1
Cc1n[nH]c(NC=O)n1,126.11899999999999,3,2,2,1,5,70.67,-0.31858000000000025,0
CNC(=O)c1cnc(N)o1,141.13,4,2,1,1,5,81.15,-0.3836000000000001,0
NC1=NC(=O)N=C1N,112.092,3,2,0,1,5,93.83,-1.1656,0
Nc1nc(O)cnc1O,127.10299999999997,5,3,0,1,5,92.26,-0.53,0
CC(=O)n1cnoc1=O,128.087,5,0,0,1,5,65.1,-0.5035999999999999,0
NC(=O)C1C=NNC1=O,127.103,3,2,1,1,5,84.55000000000001,-1.7965,1
Cc1nnc(CO)n1C=N,140.146,5,2,2,1,5,74.79,-0.4660100000000002,0
COc1conc1O,115.088,4,1,1,1,4,55.49000000000001,0.38879999999999987,0
CN=C1OC(=N)NC1=O,127.103,4,2,0,1,5,74.53999999999999,-0.9041300000000003,0
COc1[nH]nnc1C=N,126.119,4,2,2,1,5,74.65,-0.1890300000000002,0
CN=C1N=C(N)C(=N)O1,126.119,4,2,0,1,5,83.82000000000001,-0.66313,0
NN=C1OCOC1C=O,130.10299999999998,5,1,1,1,5,73.91,-1.1696,1
CC1=NC(=N)N=C1O,111.10399999999998,1,2,0,1,4,68.8,0.3521700000000001,0
COC1=NC(=N)NC1=O,127.103,3,2,0,1,5,74.53999999999999,-0.9041300000000003,0
N=C1C=C(N)N=C1N,110.12000000000002,4,3,0,1,4,88.25,-0.8229300000000002,0
CN1CC(=O)OC(N)=N1,129.119,5,1,0,1,5,67.92,-1.2953,0
Cc1nc(N)noc1=O,127.103,5,1,0,1,5,82.00999999999999,-0.6795800000000001,0
NC1=NC(=O)C(C=O)=N1,125.08699999999997,4,1,1,1,5,84.88,-1.5188,0
NC1=NCOC(C=O)N1,129.11899999999997,5,2,1,1,5,76.71000000000001,-1.5966,1
NC(=O)COC1=CN=N1,127.103,4,1,3,1,5,77.04,-0.2470000000000001,0
CN=C1N=CC(C=O)=N1,123.11499999999998,2,0,1,1,4,54.15,-0.3034999999999999,0
N=C1NCCN=C(CO)O1,143.14600000000002,4,3,1,1,5,77.7,-1.0682300000000002,0
N=C1OCC(=O)C(=N)O1,128.087,5,2,0,1,5,83.23,-0.48566000000000015,0
NC1=NC(C=O)=CC1=O,124.09899999999996,4,1,1,1,4,72.52,-0.9909000000000001,0
N#Cn1oc(CN)nc1=N,139.11800000000002,6,2,1,1,6,104.62,-1.25655,0
N#CC(N)N1N=C1CO,126.11899999999999,5,2,2,1,5,85.41000000000001,-1.58382,1
N=C1NN=C(CO)C1=O,127.10299999999998,4,3,1,1,5,85.53999999999999,-1.5157300000000002,0
Nn1c(C=O)cnc1O,127.10299999999998,5,2,1,1,5,81.14,-0.8850000000000002,0
Cc1nnc(=N)oc1N,126.119,5,2,0,1,5,88.79,-0.5603100000000001,0
N#CCc1n[nH]c(N)n1,123.11900000000001,4,2,1,1,5,91.38,-0.5470200000000003,0
N=CN1C(=O)NC1=O,113.07599999999998,3,2,1,1,5,73.26,-0.26133,0
N=Cc1nocc1C=O,124.09899999999998,4,1,2,1,4,66.95,0.48477000000000003,0
CC(=O)C1=NC(N)=N1,111.10400000000001,4,1,1,1,4,67.81,-0.6978,0
N=C1OC(=O)C(C=O)O1,129.07099999999997,5,1,1,1,5,76.45,-0.9379300000000002,1
N=CN1NCOC1C=O,129.11899999999997,4,2,2,1,5,65.42000000000002,-1.0872300000000001,1
N=CNC1(C=O)CN1,113.11999999999999,3,3,3,1,4,74.89,-1.3185299999999998,1
N#Cc1nnoc1N,110.076,5,1,0,1,5,88.73,-0.47652,0
CC1=NN=C(CO)C1=O,126.11499999999998,4,1,1,1,4,62.02,-0.6216999999999999,0
N=C1COC(=N)OC=N1,127.103,4,2,0,1,5,78.52,-0.026460000000000095,0
N=c1cc(N)ncn1C=O,138.13,5,2,1,1,5,84.75999999999999,-1.0169300000000001,0
CC1=NN=C(N)C1=N,110.12,4,2,0,1,4,74.59,-0.24712999999999996,0
N=C(N)C1N=CC(N)=N1,125.135,4,3,1,1,5,100.61,-1.30993,1
COC1=NC(=N)NC1=O,127.103,3,2,0,1,5,74.53999999999999,-0.9041300000000003,0
N=Cc1nc(N)n(CO)n1,141.13400000000001,6,3,2,1,6,100.81,-1.1922300000000006,0
CC(N)C1=NOC1=O,114.10399999999998,4,1,1,1,4,64.68,-0.7536,1
CN=NC1C=NOC1=O,127.103,5,0,1,1,5,63.38,-0.020399999999999974,1
C#CC1NC(=N)NCO1,125.131,2,3,0,1,4,57.14,-0.9526300000000001,1
CC(=O)n1cc(N)o1,114.104,4,1,0,1,4,61.16,0.3234,0
N=C1NCNC(=O)CO1,129.119,3,3,0,1,5,74.21000000000001,-1.3853300000000002,0
N#CN1CN(C=N)CC1=O,138.13,3,1,1,1,5,71.19,-0.82375,0
N=C1NCOC(=O)CN1,129.119,3,3,0,1,5,74.21,-1.3853300000000002,0
N=C(N)C1=NOC1=O,113.076,4,2,1,1,5,88.53,-1.16483,0
N=Cn1nc([O-])nc1CO,141.11,6,2,2,1,6,97.85000000000001,-1.70083,0
CC(=O)C1=NC(=N)N=C1,123.115,2,1,1,1,4,65.64,0.035570000000000046,0
N=C1N=C(O)C=C1C=O,124.09899999999996,2,2,1,1,4,73.50999999999999,0.059069999999999956,0
NCN=CN1C=NC1=NO,141.13400000000001,4,2,2,1,6,86.57000000000001,-0.98,0
N=C(N)C1N=COC1=N,126.11899999999999,4,3,1,1,5,95.31,-0.67326,1
Cn1cnc(=N)n1CO,128.135,5,2,1,1,5,66.83,-1.3491300000000002,0
NC(=O)C1=NC=NC1=O,125.08699999999999,3,1,1,1,5,84.88,-1.5188,0
CN1COC(O)=NC1=N,129.119,2,2,0,1,5,68.91,-0.24532999999999983,0
COC1=NC(N)=NC1=N,126.11900000000001,4,2,0,1,5,83.82,-0.66313,0
N=C(N)C1=NN=C1CO,126.119,4,3,2,1,5,94.82000000000001,-1.27473,0
Cc1nc(C=N)o[n+]1[O-],127.10299999999998,4,1,1,1,5,76.82000000000001,-0.3859099999999999,0
N=CNc1nccn1N,125.135,4,3,2,1,5,79.72,-0.38413000000000025,0
N=C1NCC(=O)C1=O,112.088,3,2,0,1,4,70.02000000000001,-1.2949300000000001,0
N=CN1CC(=O)OCO1,130.10299999999998,4,1,1,1,5,62.620000000000005,-0.65863,0
CC(=O)n1cnnc1N,126.11900000000001,5,1,0,1,5,73.8,-0.47959999999999997,0
CN1C=NC(NC=O)=NO1,142.118,5,1,1,1,6,66.29,-1.0913,0
N=CCn1[nH]ncc1=O,126.11899999999999,4,2,2,1,5,74.53,-0.7790300000000003,0
N=C1OCC(N)OC(=O)O1,146.102,6,2,0,1,6,94.63000000000001,-0.61063,1
N=C1COC(=O)C(=N)O1,128.087,5,2,0,1,5,83.23,-0.48566000000000015,0
N=CN1COC(=O)C1=N,127.10299999999998,4,2,1,1,5,77.24000000000001,-0.6129600000000004,0
Cn1ncc(NC=O)n1,126.119,4,1,2,1,5,59.81,-0.6166000000000003,0
N=C1OC(=N)C(C=O)O1,128.087,5,2,1,1,5,83.23,-0.48726000000000025,1
N=C1N=C(N)N=C1C=O,124.103,4,2,1,1,5,91.66,-1.06813,0
NC1=NC(N)=C(O)C1=O,127.10299999999998,5,3,0,1,5,101.69999999999999,-1.3878999999999997,0
N=c1oc(=N)oc(=O)o1,130.059,6,2,0,1,6,104.19000000000001,-1.21526,0
N=C1NC(=O)C(C=O)N1,127.10299999999998,3,3,1,1,5,82.05000000000001,-1.7919299999999998,1
NC(=O)C1C=NC(N)=N1,126.11900000000001,4,2,1,1,5,93.83,-1.7605999999999993,1
N=C1C(N)=CN=C1O,111.10399999999998,3,3,0,1,4,82.46000000000001,-0.22363000000000027,0
N=CC1=NN=C(N)C1=O,124.103,5,2,1,1,5,91.66,-1.06813,0
N=C1N=C(N)N=C1C=O,124.103,4,2,1,1,5,91.66,-1.06813,0
Nc1c(O)n[nH]c1C=O,127.103,4,3,1,1,5,92.0,-0.4900000000000002,0
COc1[nH]nnc1C=N,126.119,4,2,2,1,5,74.65,-0.1890300000000002,0
N=COc1cncc(N)n1,138.13,5,2,2,1,5,84.88,0.044669999999999876,0
NC1=CC(=O)N1C=O,112.088,3,1,1,1,4,63.400000000000006,-1.2149,0
NC1N=C(C=O)OCO1,130.10299999999998,5,1,1,1,5,73.91,-1.1696,1
CC(N)C1=C(C#N)N=N1,122.131,4,1,1,1,4,74.53,0.5345800000000002,1
O=C1C=C(O)C(=O)O1,114.05599999999998,4,1,0,1,4,63.599999999999994,-0.4883,0
CNC1=NC(=N)N=C1N,125.135,3,3,0,1,5,86.62,-1.0901299999999996,0
N=C1CC(=O)C(=O)ON1,128.087,4,2,0,1,5,79.25,-1.0157300000000002,0
Cn1nc(N)c(N)[n+]1[O-],129.12300000000002,5,2,0,1,6,96.8,-1.7820999999999998,0
Cc1nnc(N)n1C=O,126.119,5,1,1,1,5,73.8,-0.7929800000000002,0
N=CCN1C=NC1=N,110.11999999999999,2,2,2,1,4,63.300000000000004,-0.08536000000000005,0
CCN=C1N=C(N)C(=O)O1,141.13,4,1,1,1,5,77.04,-0.7237,0
N=C1NC(=O)C(=O)CO1,128.087,4,2,0,1,5,79.25000000000001,-1.36333,0
N=Cn1[nH]cnc1=O,112.09199999999998,4,2,1,1,5,74.53,-0.97343,0
N=C(N)C1=NC=NC1=O,124.103,3,2,1,1,5,91.66,-1.06813,0
N=C1OCC(=O)C(=O)O1,129.071,5,1,0,1,5,76.45,-0.9363300000000001,0
N=c1oc(N)ncc1C=O,139.114,5,2,1,1,5,92.97,-0.45123000000000024,0
Cc1n[nH]c(=O)n1CO,129.119,4,2,1,1,5,70.91,-1.1703800000000004,0
Nc1nocc1C=O,112.08799999999998,4,1,1,1,4,69.12,0.06930000000000003,0
N=c1[nH]c(=O)[nH]c(=O)o1,129.075,4,3,0,1,6,102.71,-1.8643299999999998,0
NC(=O)C(=O)C1NCO1,130.10299999999998,4,2,2,1,5,81.42,-2.0557999999999996,1
COc1cnoc(=N)n1,127.103,5,1,1,1,5,72.0,-0.44233000000000006,0
CN1CC(=O)NC(=O)CN1,143.146,4,2,0,1,5,61.440000000000005,-1.920799999999999,0
Cc1n[nH]c(=O)n1CO,129.119,4,2,1,1,5,70.91,-1.1703800000000004,0
Cc1noc(=O)n1CO,130.103,5,1,1,1,5,68.26,-0.9054800000000001,0
N=C1NCCNC(=O)O1,129.119,3,3,0,1,5,74.21000000000001,-0.7494299999999996,0
CC(O)C1=NC(=O)O1,115.088,3,1,1,1,4,58.89,-0.08410000000000006,1
N=C1CN=COC(=O)O1,128.087,5,1,0,1,5,71.74,0.15876999999999997,0
COC1=NN=C(N)C1=N,126.119,5,2,0,1,5,83.82,-0.66313,0
N=C1OCC(=O)NC1=O,128.087,4,2,0,1,5,79.25,-1.36333,0
CN=CN=c1oc1=NO,127.10299999999998,4,1,1,1,5,70.45,-0.9961000000000002,0
N=CN1C(=O)OC1=NO,129.075,5,2,1,1,6,85.98,-0.20912999999999998,0
N=Cn1c(O)cnc1N,126.11899999999999,5,3,1,1,5,87.92,-0.37393000000000004,0
CC(=N)Oc1cn[nH]n1,126.119,4,2,1,1,5,74.65,0.18067,0
N=C1OC(=N)C(C=O)O1,128.087,5,2,1,1,5,83.23,-0.48726000000000025,1
N#CCC1=NC=NC1=N,120.115,3,1,1,1,4,72.36,0.36025,0
CC1=NC(=O)N=C1O,112.08799999999998,1,1,0,1,4,62.019999999999996,0.5374000000000001,0
CC(O)C1=NC(N)=N1,113.12000000000002,4,2,1,1,4,70.97,-0.9060000000000001,1
N=CN1C=NC(CO)CN1,142.16199999999998,4,3,2,1,5,71.71000000000001,-1.1971300000000002,1
COC1=NC(=N)C=N1,111.104,3,1,0,1,4,57.8,0.05046999999999996,0
N#CCC1=NC(=N)N1N,123.11900000000001,3,2,1,1,5,89.26,-0.57735,0
CC(=O)C1=NC(=N)O1,112.088,3,1,1,1,4,62.510000000000005,-0.06112999999999996,0
N=C1NC(=O)C(=N)CO1,127.103,4,3,0,1,5,86.03000000000002,-0.9126600000000002,0
N=C1CC(=O)NOC=N1,127.10299999999998,3,2,0,1,5,74.54,-0.5565300000000002,0
N=CC1NC(=N)C(=O)O1,127.103,4,3,1,1,5,86.03000000000002,-0.9142600000000003,1
Nc1coc(=O)c(O)n1,128.087,5,2,0,1,5,89.35,-0.6774,0
NC(=O)c1ncn[nH]1,112.092,3,2,1,1,5,84.66,-1.0964000000000005,0
C=C(O)C1=NN=C1O,112.088,3,2,1,1,4,65.18,0.3842,0
N=C1OC(=O)NC1=O,114.05999999999999,4,2,0,1,5,79.25,-0.7699300000000002,0
CC1=NC(=O)N=C1N,111.104,2,1,0,1,4,67.81,-0.061899999999999844,0
C#Cc1nc(N)nn1N,123.11900000000003,5,2,0,1,5,82.75,-1.4446000000000003,0
CN=C1ON=C1NC=O,127.10299999999998,4,1,1,1,5,63.050000000000004,-0.8956000000000002,0
O=C1CC(=O)OC(O)N1,131.087,4,2,0,1,5,75.63000000000001,-1.6746,1
CC(C=O)c1nc1=O,111.1,3,0,2,1,3,47.03,-0.3802,1
N=CC1=NC(=O)C(O)=N1,125.08699999999999,3,2,1,1,5,85.87,-0.46883000000000014,0
N=CN1C=CNC(=O)O1,127.10299999999998,3,2,1,1,5,65.42,0.021469999999999934,0
CNc1ncoc(=O)n1,127.10299999999998,5,1,1,1,5,68.02000000000001,-0.5285,0
N=CN1C=NC(=O)OC1,127.10299999999998,3,1,1,1,5,65.75,0.031470000000000053,0
NC1=C(O)C(=O)C=N1,112.088,4,2,0,1,4,75.68,-0.6742999999999999,0
O=Nc1nc(CO)co1,128.087,5,1,2,1,5,75.69,0.5648,0
N=Cc1nncc(N)n1,123.119,5,2,1,1,5,88.54,-0.5485300000000002,0
N=C1OCC(=O)C(=N)O1,128.087,5,2,0,1,5,83.23,-0.48566000000000015,0
N=C1N=C(CO)C=C1N,125.13099999999999,3,3,1,1,4,82.46,-0.7468300000000001,0
COC1OC(=N)NC1=O,130.103,4,2,1,1,5,71.41,-0.9599300000000002,1
CNC1=NC(=O)NCCN1,142.162,3,3,0,1,5,65.52,-1.1254,0
CN=C1N=CC(=N)N=N1,123.119,2,1,0,1,5,73.28999999999999,0.48607000000000006,0
CN=C1NC(=O)N=C1O,127.10299999999998,2,2,0,1,5,74.05,-0.3055999999999999,0
N=C1ON=C(N)C1=O,113.076,5,2,0,1,5,88.53,-1.16483,0
NC1=NC(=O)C(CO)=N1,127.10299999999998,4,2,1,1,5,88.03999999999999,-1.7253999999999996,0
CC1=NC(=O)NC1=O,112.08799999999998,2,1,0,1,4,58.53,-0.3028999999999999,0
N=C1OC(=N)C(=O)O1,114.05999999999999,5,2,0,1,5,83.23,-0.5281600000000002,0
CC1=NC(=N)N=C1N,110.12,2,2,0,1,4,74.59,-0.24712999999999996,0
NC(=O)C1=NC(=O)N=C1,125.08699999999999,2,1,1,1,5,84.88000000000001,-0.8829,0
CC(=O)C1=NC(N)=N1,111.10400000000001,4,1,1,1,4,67.81,-0.6978,0
N=Cn1nc(O)[nH]c1=N,127.10699999999999,5,4,1,1,6,101.53999999999999,-1.1485600000000005,0
N=CC1=NC(=O)C(N)=N1,124.10300000000001,4,2,1,1,5,91.66,-1.06813,0
N=Cc1cnc(N)nn1,123.11900000000001,5,2,1,1,5,88.54,-0.5485300000000002,0
N=CN1C(=O)CNC1=O,127.10299999999998,3,2,1,1,5,73.26,-0.85473,0
C#Cc1n[nH]c(=N)n1C=O,136.11399999999998,4,2,1,1,5,74.53,-1.28973,0
N=CN1CC(=O)OC(=N)O1,143.10199999999998,5,2,1,1,6,86.47000000000001,-0.68136,0
NC1=C(N)C(=O)C=N1,111.10399999999998,4,2,0,1,4,81.47,-1.2736000000000003,0
CN=C1N=C(O)N=C1N,126.119,3,2,0,1,5,83.33,-0.7004999999999999,0
Nc1cn(C=O)nc1N,126.119,5,2,1,1,5,86.92999999999999,-0.9142000000000001,0
COC1=NC(N)=NC1=N,126.11900000000001,4,2,0,1,5,83.82,-0.66313,0
N=C1OCC(=O)C(=N)O1,128.087,5,2,0,1,5,83.23,-0.48566000000000015,0
N=COC1OC(=N)NC1=O,143.102,5,3,2,1,6,95.25999999999999,-0.9826600000000003,1
CC1=CN=NC1=NO,111.104,3,1,0,1,4,57.31,1.1437,0
CC1=NC(=O)N=C1N,111.104,2,1,0,1,4,67.81,-0.061899999999999844,0
Cc1nc(O)n[nH]c1=O,127.10299999999998,4,2,0,1,5,78.87,-0.8210800000000003,0
N=C1OC=NCC(O)O1,130.10299999999998,5,2,0,1,5,74.9,-0.68533,1
N=c1[nH]c(=O)[nH]c(=O)o1,129.075,4,3,0,1,6,102.71,-1.8643299999999998,0
Nc1cnc(C=O)oc1=O,140.09799999999998,5,1,1,1,5,86.19,-0.5704999999999998,0
CC(=N)c1nc[nH][n+]1[O-],126.119,3,2,1,1,5,79.47,-0.5691299999999999,0
CNC1=NOC(=O)C1=N,127.10299999999998,5,2,0,1,5,74.54,-0.9041300000000001,0
CC1=NC(N)=NC1=N,110.12,3,2,0,1,4,74.59,-0.24712999999999996,0
COC1ONC(=N)C1=O,130.103,4,2,1,1,5,71.41,-0.9599300000000002,1
N=C1N=C(N)N=C1C=O,124.103,4,2,1,1,5,91.66,-1.06813,0
CC1=NC(N)=NC1=N,110.12,3,2,0,1,4,74.59,-0.24712999999999996,0
N=CN1C(=N)COC1=O,127.10299999999998,4,2,1,1,5,77.24000000000001,0.022940000000000016,0
N=C1OCN=C(CO)C1=N,141.13,5,3,1,1,5,89.52000000000001,-0.5955600000000003,0
Cn1cnc(NC=O)n1,126.11899999999999,4,1,2,1,5,59.81,-0.6166000000000003,0
CC(N)C1=NNC1=N,112.136,3,3,1,1,4,74.25999999999999,-0.72993,1
Nc1nn[nH]c1C=O,112.09199999999997,4,2,1,1,5,84.66,-0.8006000000000004,0
CC1=NC(=O)N=C1N,111.104,2,1,0,1,4,67.81,-0.061899999999999844,0
N=CN=C1N=C(O)CO1,127.10299999999998,2,2,1,1,5,78.03,-0.06383000000000011,0
N=CN1OCC(=C=O)O1,128.087,4,1,1,1,5,62.620000000000005,-0.51223,0
N=C1COCNC(=O)O1,130.103,4,2,0,1,5,71.41,-0.32243000000000016,0
COC1=NC(N)=NC1=O,127.10300000000001,4,1,0,1,5,77.03999999999999,-1.1138000000000001,0
CCn1cnnc1OC#N,138.13,5,0,2,1,5,63.73,0.1578799999999999,0
CC1=NC(=N)OC1=N,111.10399999999998,3,2,0,1,4,69.28999999999999,0.38954000000000005,0
N=C1N=C(C(N)=O)N1,112.092,2,3,1,1,5,91.33000000000001,-1.5918300000000003,0
CC(=O)n1cnc(N)n1,126.11900000000001,5,1,0,1,5,73.8,-0.47959999999999997,0
N#Cc1nc(C=O)co1,122.08299999999997,4,0,1,1,4,66.89,0.35878,0
O=CN1CC(=O)C(=O)O1,129.071,4,0,1,1,5,63.68000000000001,-1.5143000000000002,0
N=CN1C(=O)CNC1=O,127.10299999999998,3,2,1,1,5,73.26,-0.85473,0
CC1=NC(N)=NC1=O,111.104,3,1,0,1,4,67.81,-0.6978,0
Cn1nc(N)c(N)n1,113.12400000000002,5,2,0,1,5,82.75,-1.0204999999999995,0
COC1=NN=C(N)C1=N,126.119,5,2,0,1,5,83.82,-0.66313,0
N=Cn1ncoc1=O,113.07599999999998,5,1,1,1,5,71.88,-0.7085299999999999,0
N=C1N=C(CO)C(=N)O1,127.10299999999998,4,3,1,1,5,89.52,-0.6380600000000001,0
N=C1COC(=O)C(N)N1,129.119,4,3,0,1,5,88.2,-1.60513,1
N=C1NC(=O)C(C=O)N1,127.10299999999998,3,3,1,1,5,82.05000000000001,-1.7919299999999998,1
N=c1ncc(C=O)n[nH]1,124.103,4,2,1,1,5,82.49000000000001,-0.9033300000000002,0
N=C1OCNC(=O)CO1,130.10299999999998,4,2,0,1,5,71.41,-0.9583300000000003,0
N=CNC1C(=O)COC1=O,142.114,4,2,2,1,5,79.25,-1.3224300000000002,1
CN=C1OCNC(=O)O1,130.103,4,1,0,1,5,59.92,-0.3139,0
N=C1NCCOC(=O)O1,130.103,4,2,0,1,5,71.41,-0.32243,0
N=C1COC(=O)NC1=N,127.103,4,3,0,1,5,86.03,-0.27676000000000023,0
COC1=CC(=O)C(N)=N1,126.11500000000001,4,1,1,1,4,64.68,-0.5859000000000001,0
CC1=NC(N)=NC1=N,110.12,3,2,0,1,4,74.59,-0.24712999999999996,0
N=C1C=NC(N)=NC1=O,124.10300000000001,4,2,0,1,5,91.66,-1.0681300000000002,0
CN=c1nc[nH]c(=O)o1,127.10299999999998,4,1,0,1,5,71.25,-1.1066000000000003,0
NC1=NC(O)C(=O)O1,116.07599999999998,5,2,0,1,5,84.91000000000001,-1.8236999999999999,1
N=c1occ(C(=O)O)o1,129.071,4,2,1,1,5,87.43,0.05027000000000004,0
NC(=O)c1ncc(C=O)o1,140.09799999999998,4,1,2,1,5,86.19000000000001,-0.41400000000000037,0
N=Cc1nncc(N)n1,123.119,5,2,1,1,5,88.54,-0.5485300000000002,0
N=C1OC=C(N)C1=N,111.10400000000001,4,3,0,1,4,82.94999999999999,-0.18625999999999998,0
CC1=CN=C(CO)C1=N,124.14299999999999,3,2,1,1,3,56.440000000000005,0.35687,0
CN=C1OC(=N)N=C1O,127.103,3,2,0,1,5,78.03,-0.06383000000000005,0
CNC1=NC(=O)N=C1O,127.10299999999998,2,2,0,1,5,74.05,-0.3055999999999999,0
O=C(O)C1=NC(O)=C1,113.07199999999999,3,2,1,1,4,69.89,-0.07499999999999996,0
CN=c1cnoc(=O)[nH]1,127.10299999999998,4,1,0,1,5,71.25,-1.1066,0
CC1=NC(N)=NC1=O,111.104,3,1,0,1,4,67.81,-0.6978,0
N=C1CNC(=O)N=CO1,127.10299999999998,3,2,0,1,5,74.54,-0.26823000000000013,0
Cc1nc(N)nn1C=O,126.119,5,1,1,1,5,73.8,-0.7929800000000002,0
Nc1cn[nH]c1C=O,111.10399999999998,3,2,1,1,4,71.77,-0.19559999999999994,0
N=C(N)NC1C=[N+]1[O-],114.10799999999999,2,3,1,1,5,87.97000000000001,-1.6097299999999994,1
CNC1(OC=O)N=CO1,130.10299999999998,5,1,3,1,5,59.92,-0.9514000000000002,1
C#CC(=O)n1cn[nH]1,109.088,3,1,0,1,4,50.68,-0.5154000000000001,0
COC1=NC(N)=C1C=N,125.131,4,2,1,1,4,71.46000000000001,-0.13522999999999985,0
N=C1N=NCC(=O)CO1,127.103,4,1,0,1,5,74.87,-0.027329999999999854,0
N=C1NC(C=O)NC1=O,127.103,3,3,1,1,5,82.05000000000001,-1.7919299999999998,1
COC1=NC(=N)N=C1O,127.103,2,2,0,1,5,78.03,-0.06383000000000005,0
N=C1NC(=N)C(=O)CO1,127.103,4,3,0,1,5,86.03000000000002,-0.91266,0
COc1cc(=N)[nH]nn1,126.11900000000001,4,2,1,1,5,74.65,-0.7072300000000002,0
NC(=O)C1=NC(=O)N=C1,125.08699999999999,2,1,1,1,5,84.88000000000001,-0.8829,0
CC1=NN=C(N)C1=O,111.104,4,1,0,1,4,67.81,-0.6978,0
N=Cc1oncc1N,111.104,4,2,1,1,4,75.9,0.25447000000000003,0
N=C1CN(C=O)C(=N)O1,127.10299999999998,4,2,1,1,5,77.24000000000001,-0.61296,0
N=C1N=C(CO)C(=N)O1,127.10299999999998,4,3,1,1,5,89.52,-0.6380600000000001,0
CC(O)C1=NN=C1N,113.12000000000002,4,2,1,1,4,70.97,-0.9060000000000001,1
N=C1C=C(N)C(CO)=N1,125.131,3,3,1,1,4,82.46000000000001,-0.7468300000000001,0
CN=C1OC(N)=NC1=O,127.10300000000001,4,1,0,1,5,77.03999999999999,-1.1138000000000001,0
N=C1COC(=O)N=CO1,128.087,4,1,0,1,5,71.74,0.15877000000000002,0
CN1C=NC(NC=O)=NN1,141.134,5,2,1,1,6,69.09,-1.5182999999999993,0
N=C1COC(=N)OCO1,130.103,5,2,0,1,5,75.39,-0.08066000000000012,0
CC(O)C1=NOC1=N,114.104,4,2,1,1,4,65.67000000000002,-0.26933000000000007,1
CN=c1nc(CO)c1=O,126.11499999999998,4,1,1,1,4,62.550000000000004,-1.6598000000000004,0
N=C1C=NN=C1NC=O,124.10299999999998,4,2,1,1,5,77.67,-0.8499300000000003,0
COC1=NC(=N)C(N)=N1,126.11900000000001,4,2,0,1,5,83.82,-0.6631300000000002,0
N=C1N=C(N)N=C1C=O,124.103,4,2,1,1,5,91.66,-1.06813,0
COC1=NC(=N)N=C1N,126.11900000000001,3,2,0,1,5,83.82,-0.66313,0
N=C1COC(=N)N=CO1,127.103,4,2,0,1,5,78.52,-0.026460000000000095,0
NC1CNC(=O)C(=O)O1,130.10299999999998,4,2,0,1,5,81.42,-2.0557999999999996,1
NC(=O)n1ccnc1N,126.119,4,2,0,1,5,86.93,-0.6079000000000001,0
Nn1c(C=O)c[nH]c1=O,127.10299999999998,4,2,1,1,5,80.88,-1.2973000000000003,0
Nc1cnc(C=O)n1O,127.10299999999998,5,2,1,1,5,81.14,-0.48490000000000005,0
N#CC1OC(=N)N1C=N,124.103,4,2,1,1,5,83.96000000000001,-0.2898800000000001,1
N=CC1=NC(CO)=[N+]1[O-],127.103,4,2,2,1,5,82.50999999999999,-1.0508300000000002,0
N=C1NC(O)=NC1=O,113.076,2,3,0,1,5,85.53999999999999,-0.9925299999999999,0
N=C1OCC(=O)N1C=O,128.087,4,1,1,1,5,70.46000000000001,-1.06363,0
Nc1c(O)cnnc1C=O,139.114,5,2,1,1,5,89.1,-0.4230999999999999,0
N=C1N=C(N)C(CO)=N1,126.119,3,3,1,1,5,94.82000000000001,-1.2747300000000001,0
N=CC1NC(=N)C(=O)O1,127.103,4,3,1,1,5,86.03000000000002,-0.9142600000000003,1
N=c1ncc(C=O)no1,125.08699999999999,5,1,1,1,5,79.84,-0.63843,0
N=CC1=NCNC(=N)O1,126.119,4,3,1,1,5,81.32000000000001,-0.45346000000000036,0
N#Cc1cnc(F)n1N,126.09400000000001,4,1,0,1,5,67.63,-0.39231999999999995,0
CC(=O)c1noc(=N)[nH]1,127.103,4,2,1,1,5,82.74000000000001,-0.31523000000000007,0
COC1=CC(=O)C(=N)O1,127.09899999999999,4,1,1,1,4,59.38000000000001,0.050769999999999926,0
Cc1nc(=N)[nH]c[n+]1[O-],126.11899999999999,3,2,0,1,5,79.47,-1.16901,0
COc1[nH]nc(N)[n+]1[O-],130.10700000000003,4,2,1,1,6,90.86999999999999,-1.3660999999999994,0
N=C1OCC(=O)C(=N)O1,128.087,5,2,0,1,5,83.23,-0.48566000000000015,0
N=C1COCOC(=N)N1,129.119,4,3,0,1,5,78.19,-0.50766,0
N=C1N=COC(=N)CN1,126.119,3,3,0,1,5,81.32,-0.45346000000000014,0
NC1=NN=C1CC=O,111.10399999999998,4,1,2,1,4,67.81,-0.6978,0
N=c1cncnoc1=N,124.103,5,2,0,1,5,86.62,-0.97146,0
Cn1cc(N)nc1N,112.13600000000002,4,2,0,1,4,69.86,-0.41550000000000015,0
N=C1N=CN=C1NC=O,124.10299999999998,3,2,1,1,5,77.67,-0.8499300000000003,0
CC(C#N)C1=NN=C1O,123.115,3,1,1,1,4,68.74,0.47218000000000004,1
Cc1nc(O)n[nH]c1=O,127.10299999999998,4,2,0,1,5,78.87,-0.8210800000000003,0
N=C1CCOC(=N)NCO1,143.146,4,3,0,1,5,78.19,-0.11756000000000005,0
COc1nncc(N)n1,126.119,5,1,1,1,5,73.92,-0.5376000000000003,0
N=C1CN=NC1C=NC=O,138.12999999999997,4,1,2,1,5,78.0,0.06776999999999989,1
NC1=NC(=O)N=C1N,112.092,3,2,0,1,5,93.83,-1.1656,0
Nc1cnc(C=O)n1N,126.119,5,2,1,1,5,86.92999999999999,-1.0084,0
O=CC1=NC(CO)=C1O,127.09899999999998,4,2,2,1,4,69.89,-0.5982000000000001,0
N=C1N=C(N)C(C=O)=N1,124.103,3,2,1,1,5,91.66000000000001,-1.06813,0
N=CN1OCCOC1=N,129.119,4,2,1,1,5,69.4,-0.2079600000000001,0
NC1=CC(=O)C(N)=N1,111.10400000000001,4,2,0,1,4,81.47,-1.2735999999999998,0
N=CN1C=NC(=O)OCN1,142.118,4,2,1,1,6,77.78,-0.4639299999999999,0
CN=C1NC(=O)N=C1O,127.10299999999998,2,2,0,1,5,74.05,-0.3055999999999999,0
CC(N)(O)C1=NN=C1N,128.13500000000002,5,3,1,1,5,96.99,-1.6195999999999997,1
N=C1OCC(=O)C(=N)O1,128.087,5,2,0,1,5,83.23,-0.48566000000000015,0
N=C1N=C(N)OC1=N,112.092,4,3,0,1,5,95.31,-0.7141600000000001,0
N=C1NCCC(=O)NCO1,143.14600000000002,3,3,0,1,5,74.21000000000001,-0.9952300000000003,0
N=C(O)C1=NC(N)=N1,112.09200000000001,4,3,1,1,5,94.82,-0.75153,0
N#Cc1ccnoc1=O,122.08299999999998,4,0,0,1,4,66.89,-0.09352000000000016,0
O=C1COC(=O)NC=N1,128.087,3,1,0,1,5,67.76,-0.7189000000000001,0
NC1=CC(N)=NC1=C=O,123.11500000000001,4,2,0,1,4,81.47,-1.0847,0
COC1=NN=C(N)C1=N,126.119,5,2,0,1,5,83.82,-0.66313,0
Cc1nc(C=N)oc1N,125.13099999999999,4,2,1,1,4,75.9,0.5628900000000001,0
N=CN1COCOC1=O,130.10299999999998,4,1,1,1,5,62.62000000000001,-0.022729999999999917,0
C#CC(=O)n1cn[nH]1,109.088,3,1,0,1,4,50.68,-0.5154000000000001,0
N=CN1OCCOC1=O,130.103,4,1,1,1,5,62.62000000000001,-0.022729999999999917,0
Nc1ncc(C=O)n1O,127.10299999999998,5,2,1,1,5,81.14,-0.48490000000000005,0
N=C1C=NN=C1C=O,109.08799999999998,4,1,1,1,4,65.64,-0.35453,0
Cc1nc(N)nn1C=N,125.135,5,2,1,1,5,80.58,-0.3761100000000001,0
N=C1OCC(=NO)C1=N,127.103,5,3,0,1,5,89.52000000000001,-0.1561600000000002,0
CC1(OC(=N)O)COC1,131.13099999999997,3,2,1,1,4,62.540000000000006,0.2846699999999999,0
CN=C1C=NC(N)=[N+]1[O-],126.119,4,1,0,1,5,76.80999999999999,-1.0758999999999999,0
Nc1cnc(=O)oc1O,128.087,5,2,0,1,5,89.35000000000001,-0.6774,0
N=C1OCOC(=N)C1=O,128.087,5,2,0,1,5,83.22999999999999,-0.48566000000000015,0
N=Cc1cnncc1N,122.131,4,2,1,1,4,75.65,0.05647000000000013,0
Nc1nc(C=O)cnc1O,139.11399999999998,5,2,1,1,5,89.10000000000001,-0.4230999999999999,0
NC1=NN=C1CC=NCO,140.14600000000002,5,2,3,1,5,83.33,-0.8760999999999999,0
N=Cc1cnncc1N,122.131,4,2,1,1,4,75.65,0.05647000000000013,0
N=C1COC(=N)C(=N)O1,127.103,5,3,0,1,5,90.01,-0.034989999999999966,0
Nc1noc(=O)cc1O,128.087,5,2,0,1,5,89.35000000000001,-0.6774000000000002,0
CC1=NN=C(N)C1=N,110.12,4,2,0,1,4,74.59,-0.24712999999999996,0
CN=C1N=COC1=N,111.10399999999998,3,1,0,1,4,57.800000000000004,0.05047000000000007,0
N=C(O)c1ccnnn1,124.103,4,2,1,1,5,82.75,-0.24503000000000014,0
N=C1NC(=O)C(=O)CO1,128.087,4,2,0,1,5,79.25000000000001,-1.36333,0
NC(=O)c1ncc(O)[nH]1,127.10299999999998,3,3,1,1,5,92.0,-0.7858000000000005,0
Nc1ncc(CO)nn1,126.119,5,2,1,1,5,84.92,-1.0539000000000003,0
N#CCC1=C(OC=N)N1,123.11499999999998,4,2,3,1,4,78.81,0.2960499999999999,0
CNC1=C(CO)N=NC1=O,141.13,4,2,2,1,5,74.05,-0.5979000000000001,0
CN1C=NC(C=O)=C(N)O1,141.13,5,1,1,1,5,67.92,-0.7816000000000001,0
N=c1cnc(N)c(O)[nH]1,126.119,4,4,0,1,5,98.78,-0.8230300000000004,0
COC1=NC=C(O)C1=O,127.09899999999998,4,1,0,1,4,58.89,0.013399999999999801,0
CNC(=O)C1=NC(O)=N1,127.103,3,2,1,1,5,74.05,-0.9415,0
N=c1[nH]nc(C=O)n1C=O,140.10199999999998,5,2,2,1,6,91.6,-1.4585299999999997,0
CNC1=NN=C1CCO,127.14699999999999,4,2,2,1,4,56.980000000000004,-0.6437000000000002,0
O=CC(=O)NC1OC1=O,129.07099999999997,4,1,2,1,5,75.77000000000001,-1.8156,1
N=c1[nH]c(=O)[nH]c(=O)o1,129.075,4,3,0,1,6,102.71,-1.8643299999999998,0
N=C1COC(=N)OCO1,130.103,5,2,0,1,5,75.39,-0.08066000000000012,0
N=Cn1ccn1CO,113.11999999999999,4,2,2,1,4,53.94,-0.30543000000000003,0
CNC1OC(=N)OC1=O,130.103,5,2,1,1,5,71.41,-0.9599300000000002,1
NC(=O)C1=NC(N)=N1,112.09200000000001,4,2,1,1,5,93.83,-1.8014999999999999,0
N=C1OC=NCN1C=O,127.103,4,1,1,1,5,65.75,-0.6044300000000002,0
N=C1OC(C=O)OC1=N,128.087,5,2,1,1,5,83.22999999999999,-0.48725999999999997,0
CNC1=NC(=O)C(N)=N1,126.119,4,2,0,1,5,79.84,-1.540799999999999,0
Nc1cnc(=O)[nH][n+]1[O-],128.091,4,2,0,1,6,98.71,-2.0145,0
N=C1NCNC(C=O)O1,129.11899999999997,4,3,1,1,5,74.21000000000001,-1.3869300000000004,1
COC1=NC(N)=NC1=O,127.10300000000001,4,1,0,1,5,77.03999999999999,-1.1138000000000001,0
N#CCc1noc(N)n1,124.10300000000001,5,1,1,1,5,88.73,-0.28212000000000004,0
N=C1NC(C=O)CNC1=O,141.13,3,3,1,1,5,82.05000000000001,-1.7494299999999996,1
CC1=NN=C(N)C1=N,110.12,4,2,0,1,4,74.59,-0.24712999999999996,0
COc1n[nH]nc1C#N,124.103,4,1,1,1,5,74.59,-0.31502000000000013,0
NC(=O)C1=NC(=O)N1,113.076,2,2,1,1,5,84.55000000000001,-1.4066,0
O=Cc1nc(CO)no1,128.087,5,1,2,1,5,76.22,-0.6256000000000002,0
N=C1OCC(=O)NC1=O,128.087,4,2,0,1,5,79.25,-1.36333,0
CN=c1nc[nH]c(=N)o1,126.11899999999999,4,2,0,1,5,78.03,-0.9873300000000003,0
N=C1OCCC(=O)NO1,130.103,4,2,0,1,5,71.41,-0.6107300000000002,0
COc1cnc(N)nn1,126.11900000000001,5,1,1,1,5,73.92,-0.5376000000000003,0
N=C1N=NC(C=O)=C1N,124.103,4,2,1,1,5,91.66,-0.2013299999999999,0
N=C1OCC(=N)C(=N)O1,127.103,5,3,0,1,5,90.01,-0.034989999999999966,0
O=CNC1=NN=CC1=O,125.08699999999999,4,1,1,1,5,70.89,-1.3006000000000002,0
CNC(=N)c1ncc(O)o1,141.13,4,3,1,1,5,82.14,-0.07503000000000021,0
CC(=O)n1ncn1N,114.108,5,1,0,1,5,65.84,-0.9415,0
N=Cc1cc(N)nnn1,123.11900000000003,5,2,1,1,5,88.54,-0.5485300000000002,0
NC(=O)NC1CNC1=O,129.119,2,3,1,1,5,84.22,-1.8468999999999998,1
CNC1=NC(N)=NC1=N,125.135,4,3,0,1,5,86.62,-1.0901299999999996,0
NC1=NC(C=O)=C1N,111.10399999999998,4,2,1,1,4,81.47,-1.2736000000000003,0
CN=C1N=CC(C=O)=N1,123.11499999999998,2,0,1,1,4,54.15,-0.3034999999999999,0
CNC(=O)C1=NC(O)=N1,127.103,3,2,1,1,5,74.05,-0.9415,0
O=C1CN=NC=NC1O,127.10299999999998,5,1,0,1,5,74.38,-0.6319999999999999,1
N=C1NC=COC(=N)O1,127.103,4,3,0,1,5,78.19000000000001,-0.03646000000000005,0
NCc1nc(N)nn1C=O,141.13400000000001,6,2,2,1,6,99.82,-1.6426999999999998,0
N=C(O)C1=CN=NC1=N,124.103,3,3,1,1,5,92.65,0.8486400000000001,0
CCC1=NN=C(O)C1=N,125.13099999999997,3,2,1,1,4,68.80000000000001,0.74227,0
N=C(N)n1cncn1,111.10799999999999,4,2,0,1,5,80.58,-0.9803300000000004,0
N=C1CNC(C=O)OCO1,144.12999999999997,5,2,1,1,5,71.41000000000001,-0.9174300000000004,1
NC1CC(=O)N=NC1=O,127.103,3,1,0,1,5,84.88,-0.7772000000000003,1
N=C1NCC(C(=N)O)O1,129.119,3,4,1,1,5,89.19000000000001,-0.5551600000000001,1
Nc1cnc(CO)c(N)n1,140.146,5,3,1,1,5,98.05,-0.8667,0
CC(=O)NC1=NN=C1N,126.11900000000001,4,2,0,1,5,79.84,-1.1931999999999996,0
NC(=O)n1cncc1O,127.10299999999998,4,2,0,1,5,81.14,-0.48450000000000004,0
COc1n[nH]nc1C#N,124.103,4,1,1,1,5,74.59,-0.31502000000000013,0
N=Cn1c(N)coc1=O,127.10299999999998,5,2,1,1,5,85.00999999999999,-0.5213300000000001,0
N=C1COC(=O)N=CN1,127.103,3,2,0,1,5,74.53999999999999,-0.26823000000000013,0
N#Cc1noc(CO)n1,125.08699999999999,5,1,1,1,5,82.94,-0.5664200000000001,0
COC1=C(N)C(=O)C=N1,126.115,4,1,1,1,4,64.68,-0.5859000000000001,0
N=c1oc(=O)oc(=O)o1,131.04299999999998,6,1,0,1,6,97.41000000000001,-1.33453,0
N=CN1C=NC(C=O)O1,127.10299999999997,4,1,2,1,5,65.75,-0.6060300000000001,1
N=C1OCNC=NC1=O,127.10299999999998,4,2,0,1,5,74.53999999999999,-0.9041300000000003,0
NCC1=NN1C(N)=O,114.10799999999999,3,2,1,1,5,84.47999999999999,-1.3471000000000002,0
N=C1N=CC(C(N)=O)=N1,124.10300000000001,2,2,1,1,5,91.66000000000001,-1.06813,0
CN1C=C(OCO)C=NO1,144.12999999999997,5,1,2,1,5,54.290000000000006,-0.3429999999999999,0
NC1=NC(=O)C(C=O)=N1,125.08699999999997,4,1,1,1,5,84.88,-1.5188,0
CC1=NC(N)=NC1=O,111.104,3,1,0,1,4,67.81,-0.6978,0
N=C1N=C(N)N=C1C=O,124.103,4,2,1,1,5,91.66,-1.06813,0
CC1(N)COC(N)=[N+]1[O-],131.13500000000002,4,2,0,1,5,87.34,-1.4834999999999987,1
CNc1cc(=O)nc(N)o1,141.13000000000002,5,2,1,1,5,81.15,-0.3413000000000001,0
Nc1ocnc1C=O,112.08799999999998,4,1,1,1,4,69.12,0.06930000000000014,0
CC1=NC(=O)N=C1NC=O,139.11399999999998,2,1,1,1,5,70.89,-0.2745999999999999,0
N=COC1=NC(O)CN1,129.119,5,3,1,1,5,77.7,-1.11233,1
N=C1CC(=N)OC(=O)CN1,141.13,4,3,0,1,5,86.03,-0.5225600000000001,0
N=Cc1cnnc(N)n1,123.11900000000001,5,2,1,1,5,88.54,-0.5485300000000002,0
N=Cc1n[nH]cnc1=O,124.10299999999998,4,2,1,1,5,82.49000000000001,-0.8374300000000001,0
CNC(=O)C1=NC(=O)N1,127.103,2,2,1,1,5,70.56,-1.1459000000000001,0
CC1=C(C=NO)C(=N)N=N1,138.13,4,2,1,1,5,81.16000000000001,1.16347,0
CN=C1ON=C(N)C1=N,126.119,5,2,0,1,5,83.82,-0.66313,0
Nc1cc(C=O)cnn1,123.115,4,1,1,1,4,68.87,-0.12869999999999998,0
NC=C1COC(=O)N1,114.10399999999998,3,2,0,1,4,64.35,-0.47369999999999995,0
COc1n[nH]c(O)c1N,129.11899999999997,4,3,1,1,5,84.16,-0.2939,0
Nc1cc(OC=O)[nH]n1,127.103,4,2,2,1,5,81.0,-0.47290000000000026,0
N=Cc1ncnc(N)n1,123.11900000000001,5,2,1,1,5,88.54,-0.5485300000000002,0
NC(=O)c1cn[nH]n1,112.092,3,2,1,1,5,84.66000000000001,-1.0964000000000003,0
CNc1nn[nH]c1C=O,126.11899999999999,4,2,2,1,5,70.67,-0.34110000000000035,0
CC1=NC(=N)C(=O)N1,111.10399999999998,2,2,0,1,4,65.31,-0.4881300000000001,0
CNC(=O)c1nc1=N,111.104,3,2,1,1,4,65.84,-1.20373,0
N#COCc1ncoc1N,139.11399999999998,5,1,2,1,5,85.07,0.25448000000000004,0
COC(=O)c1con1N,130.10299999999998,5,1,1,1,5,70.39,-0.41850000000000004,0
N=CN=C1N=CN=C1CN,137.146,3,2,2,1,5,86.95,-0.56643,0
N=Cc1coc(C=O)n1,124.09899999999999,4,1,2,1,4,66.95,0.48477000000000003,0
NC(=O)N1COC=[N+]1[O-],131.091,3,1,0,1,6,81.63,-1.1916,0
NC1=CN=C(N)C1=O,111.104,4,2,0,1,4,81.47,-1.2735999999999998,0
N=CN=C1ON=C1N,112.092,4,2,1,1,5,83.82,-0.70563,0
CN=C1OC(=N)C(=O)O1,128.087,5,1,0,1,5,71.74,-0.47713,0
N=C1OCC(=O)C(=N)O1,128.087,5,2,0,1,5,83.23,-0.48566000000000015,0
C#Cc1nnc(=N)[nH]n1,121.103,4,2,0,1,5,78.31,-1.33953,0
N=C1COC(=O)NCN1,129.119,3,3,0,1,5,74.21,-0.7494300000000003,0
C#CC1(N)NCC1=O,110.11599999999999,3,2,0,1,3,55.12,-1.5531000000000001,1
CN=C1OC(=O)N=C1N,127.10300000000001,4,1,0,1,5,77.03999999999999,-0.47789999999999994,0
Cc1noc(=N)nc1N,126.11900000000001,5,2,0,1,5,88.79,-0.5603100000000001,0
N=CN1CC(=N)NC1=O,126.11899999999999,3,3,1,1,5,80.04,-0.40406000000000003,0
N=C1N=CN=C1CC=O,123.11499999999998,3,1,2,1,4,65.64,0.035569999999999935,0
NCC1(N)CNC(=O)C1=O,143.146,4,3,1,1,5,98.20999999999998,-2.658499999999999,1
COC1=CN=NC1=NC#N,136.114,4,0,1,1,5,70.1,0.81958,0
N=Cn1cnoc1=N,112.09199999999998,5,2,1,1,5,78.66,-0.5892599999999999,0
N=C1N=NC=C1C(N)=O,124.103,3,2,1,1,5,91.66,-0.2013299999999999,0
N=C1CNC(=O)OCO1,130.10299999999998,4,2,0,1,5,71.41000000000001,-0.3224300000000002,0
C#CC1(C(N)=O)CN1,110.11599999999999,2,2,1,1,3,65.03,-1.5531000000000001,1
N=CC1=CN=NC1=N,108.104,3,2,1,1,4,72.42,0.9629399999999999,0
N=Cc1nc(N)no1,112.09200000000001,5,2,1,1,5,88.79,-0.3505300000000002,0
COc1n[nH]nc1N=O,128.091,5,1,2,1,6,80.22999999999999,0.21119999999999978,0
N=CN=CN1CNC1=O,126.11899999999999,2,2,2,1,5,68.55000000000001,-0.3955299999999999,0
N=C1NC(C=O)C(=N)O1,127.103,4,3,1,1,5,86.03000000000002,-0.9142600000000001,1
NC1=C(N)C(=O)C=N1,111.10399999999998,4,2,0,1,4,81.47,-1.2736000000000003,0
N=C1NCC(=O)NCO1,129.119,3,3,0,1,5,74.21000000000001,-1.3853300000000002,0
N=Cc1coc(CO)n1,126.115,4,2,2,1,4,70.11,0.16457000000000005,0
N=C1NC(=O)C(=O)CO1,128.087,4,2,0,1,5,79.25000000000001,-1.36333,0
N#CC(=O)NC1OCO1,128.087,4,1,1,1,5,71.35000000000001,-1.0859200000000002,0
N=C1CN=C(N)OCO1,129.119,5,2,0,1,5,80.69000000000001,-0.71733,0
COC1=NC(=N)NC1=O,127.103,3,2,0,1,5,74.53999999999999,-0.9041300000000003,0
CC(O)C1=NNC1=O,114.104,3,2,1,1,4,61.690000000000005,-1.1470000000000002,1
N=C1NC(O)=C1C=O,112.08799999999998,3,3,1,1,4,73.18,-0.4646300000000001,0
N=C1OCNCC(=O)O1,130.10299999999998,5,2,0,1,5,71.41,-0.9583300000000003,0
N=c1nc(N)cc(N)o1,126.119,5,3,0,1,5,101.92,-0.6815300000000004,0
Nc1cnoc1NC=O,127.10299999999998,4,2,2,1,5,81.15,-0.1749,0
CNC(=O)C1=NN=C1N,126.11900000000001,4,2,1,1,5,79.84,-1.5408,0
CC(=O)c1oncc1N,126.115,4,1,1,1,4,69.12,0.45940000000000003,0
CN1CC(=O)NC(=N)O1,129.119,4,2,0,1,5,65.42,-1.08563,0
CC(=O)C1=NN=C1N,111.10400000000001,4,1,1,1,4,67.81,-0.6978,0
N=C1N=C(N)N=C1C=O,124.103,4,2,1,1,5,91.66,-1.06813,0
O=Cc1nn[nH]c1C=O,125.08699999999997,4,1,2,1,5,75.71000000000001,-0.5703000000000003,0
CC1=NC(=N)C(O)=N1,111.10399999999998,2,2,0,1,4,68.8,0.35217,0
NCC1=NN=C(O)C1=O,127.10299999999997,4,2,1,1,5,88.03999999999999,-1.1597,0
N#CN=Cn1cn[nH]c1=N,136.118,5,2,1,1,6,93.60999999999999,-0.9518500000000003,0
CNC(=O)c1cnon1,127.103,4,1,1,1,5,68.02000000000001,-0.5708000000000002,0
CN=C1C=NN=C1N,110.12,4,1,0,1,4,63.099999999999994,-0.5862,0
CC(N)C1=NOC1=N,113.11999999999999,4,2,1,1,4,71.46000000000001,-0.30292999999999987,1
N=CN1COCC(=O)C1=NO,157.129,5,2,1,1,6,85.98,-0.7600300000000002,0
N=Cc1[nH]nnc1C=O,124.103,4,2,2,1,5,82.49000000000001,-0.38513,0
NC1=NC(=O)C(=O)C=N1,125.08699999999997,4,1,0,1,5,84.88,-1.5188,0
Nc1nncc(C=O)n1,124.10299999999998,5,1,1,1,5,81.76,-0.7337000000000005,0
N=C1COC(=N)N=CO1,127.103,4,2,0,1,5,78.52,-0.026460000000000095,0
NC1=C(N)C(C=O)=N1,111.10399999999998,4,2,1,1,4,81.47,-1.2735999999999998,0
N=C1N=CN=C1C=O,109.08799999999998,3,1,1,1,4,65.64,-0.35453,0
N=C1OC(=N)C(=O)O1,114.05999999999999,5,2,0,1,5,83.23,-0.5281600000000002,0
O=c1nc(CO)o[nH]c1=O,144.08599999999998,5,2,1,1,6,96.19,-1.7846,0
O=CN1NCNCC1=O,129.119,4,2,1,1,5,61.440000000000005,-1.9632999999999996,0
N=C1OCC(=O)C(=O)O1,129.071,5,1,0,1,5,76.45,-0.9363300000000001,0
C#CCNc1nncn1N,137.146,5,2,2,1,5,68.76,-0.9630000000000001,0
N=C1N=C(N)C(CO)=N1,126.119,3,3,1,1,5,94.82000000000001,-1.2747300000000001,0
N=C1COC(=NO)CO1,130.103,5,2,0,1,5,74.9,-0.20183000000000012,0
CN=C1C=NC(=N)N1O,126.11899999999999,3,2,0,1,5,72.04,-0.27493,0
N=C1NC(C=O)C(=N)O1,127.103,4,3,1,1,5,86.03000000000002,-0.9142600000000001,1
Nc1nc(=O)cno1,113.07599999999998,5,1,0,1,5,82.01,-0.9880000000000002,0
COc1noc(=O)n1C,130.10299999999998,5,0,1,1,5,57.260000000000005,-0.6181000000000001,0
NC1=NN=C1C=NCO,126.11899999999999,5,2,2,1,5,83.33,-1.2662000000000002,0
NC=C1C=C(N)N=N1,110.12000000000002,4,2,0,1,4,76.76,0.05240000000000011,0
Nc1cc(N)c(C=O)nn1,138.13,5,2,1,1,5,94.89,-0.5465000000000002,0
CC(=O)n1nc[nH]c1=O,127.10299999999998,4,1,0,1,5,67.75,-0.7685,0
CC(=O)C1=NC(N)=N1,111.10400000000001,4,1,1,1,4,67.81,-0.6978,0
C#Cc1ncc(=O)on1,122.08299999999998,4,0,0,1,4,55.99,-0.5889,0
CC1(C(=N)N=O)CN1,113.12,3,2,1,1,4,75.22,0.09197,1
N#CC(=N)n1nc[nH]1,109.092,4,2,0,1,5,81.25,-0.43985,0
N=c1cn[nH]nc1C=O,124.10299999999998,4,2,1,1,5,82.49000000000001,-0.9033300000000004,0
CN=C1NN=NC1=NC=N,138.13400000000001,3,2,1,1,6,85.32,-0.00933000000000006,0
N=C1OCC(=O)OC1=N,128.087,5,2,0,1,5,83.22999999999999,-0.48566000000000015,0
N=CC1=C(N)N=NC1=N,123.11900000000001,4,3,1,1,5,98.44,0.24934000000000006,0
Cc1nn[nH]c(=N)n1,111.10799999999999,4,2,0,1,5,78.31,-1.0124100000000003,0
NC1=NC(=O)[N-]C1=O,112.06799999999998,3,1,0,1,5,86.62,-0.6225,0
N=[N+]C1=NC(=O)C=N1,110.076,4,1,0,1,5,79.74,-0.6798300000000002,0
N=CNC1CONC1=O,129.119,3,3,2,1,5,74.21000000000001,-1.3869300000000002,1
CC(=O)c1n[nH]c(=N)o1,127.103,4,2,1,1,5,82.74,-0.31523000000000007,0
N=COC1=C(N)N=CC1=N,138.13,5,3,2,1,5,95.31,-0.15796,0
N=C1NC(=O)C(C=O)O1,128.087,4,2,1,1,5,79.25000000000001,-1.3649300000000002,1
CC1=[N+]([O-])C(N)=CNN=N1,141.13400000000001,5,2,0,1,6,88.84,-0.35689999999999994,0
CCC1=NC(O)=NC1=N,125.13099999999999,2,2,1,1,4,68.80000000000001,0.74227,0
COC1=NN=C(N)C1=O,127.103,5,1,0,1,5,77.03999999999999,-1.1138000000000001,0
N=C1N=CN=C1CO,111.10399999999998,3,2,1,1,4,68.8,-0.5611300000000001,0
N=C1COC(=O)NC1=N,127.103,4,3,0,1,5,86.03,-0.27676000000000023,0
N=C(N)C1=NC=NC1=O,124.103,3,2,1,1,5,91.66,-1.06813,0
NC1=C(N)C(=O)N=C1,111.10399999999998,3,2,0,1,4,81.47,-1.2736000000000003,0
N=CNC1(C=O)NC1=O,127.10299999999998,3,3,3,1,5,91.96000000000001,-1.7919299999999998,1
Cc1nnc(C=N)c(O)n1,138.12999999999997,5,2,1,1,5,82.75,-0.11670999999999998,0
CC1=NC(NC=O)=C1F,128.10599999999997,2,1,2,1,4,41.46,0.3455000000000001,0
O=C1CNC(O)C(=O)O1,131.087,5,2,0,1,5,75.63000000000001,-2.0221999999999993,1
CC(=O)c1nn[nH]n1,112.09200000000001,4,1,1,1,5,71.53,-0.5977000000000001,0
N=CN1CC(=O)NCO1,129.119,3,2,1,1,5,65.42,-1.0856299999999999,0
N=Cc1ncnnc1N,123.11900000000001,5,2,1,1,5,88.54,-0.5485300000000002,0
CN=C1C=NN=C1N,110.12,4,1,0,1,4,63.099999999999994,-0.5862,0
N=CN1C=NC(=O)CO1,127.10299999999998,3,1,1,1,5,65.75,-0.60443,0
N=C(N)C1=NOC1=O,113.076,4,2,1,1,5,88.53,-1.16483,0
N=C1OCOC(C=O)O1,131.087,5,1,1,1,5,68.61,-0.5329300000000001,1
N=C1COC(=N)N=CN1,126.119,3,3,0,1,5,81.32,-0.45346000000000014,0
O=Cc1n[nH]c(C=O)n1,125.08699999999997,4,1,2,1,5,75.71000000000001,-0.5703,0
N=C1OCCOC(=O)C1=N,142.114,5,2,0,1,5,83.23,-0.44316000000000016,0
N=C1CNC(=O)OC1=O,128.087,4,2,0,1,5,79.25,-0.7274300000000002,0
N=C1OC(=N)C(C=O)O1,128.087,5,2,1,1,5,83.23,-0.48726000000000025,1
CN=c1ncncn1N,125.135,5,1,0,1,5,69.09,-1.4776,0
COc1cnc(=N)[nH]n1,126.119,4,2,1,1,5,74.65,-0.7072300000000002,0
N=CNC1NC(=O)CO1,129.119,3,3,2,1,5,74.21000000000001,-1.3869300000000002,1
N=Cn1[nH]c(=O)[nH]c1=O,128.09099999999998,4,3,1,1,6,94.5,-1.6801300000000001,0
N=COc1c[nH]nnc1=N,139.118,5,3,2,1,6,98.5,-0.7299600000000002,0
COC1=NC(CO)=C1N,128.131,4,2,1,1,4,67.84,-0.7925000000000002,0
N=c1nnc(CO)c[nH]1,126.11899999999999,4,3,1,1,5,85.65,-1.2235300000000002,0
Cc1nnc(=N)oc1N,126.119,5,2,0,1,5,88.79,-0.5603100000000001,0
N=COc1cnc(N)cn1,138.13,5,2,2,1,5,84.88,0.044669999999999876,0
N=C1NC(O)C(=O)CO1,130.103,4,3,0,1,5,82.41000000000001,-1.5715299999999999,1
CC(=O)NC1=NC=C1N,125.131,3,2,0,1,4,67.48,-0.6653,0
C#CC(N)C1=NN=N1,108.10400000000001,4,1,1,1,4,63.099999999999994,-0.27379999999999993,1
CC1=NC(=O)N=C1N,111.104,2,1,0,1,4,67.81,-0.061899999999999844,0
Cc1cnoc(=O)c1N,126.115,4,1,0,1,4,69.12,-0.07458000000000009,0
N=C(O)C1N=C(N)CO1,129.119,4,3,1,1,5,91.69,-0.7648300000000001,1
NC1=C(C=O)C(=O)N=C1,124.09899999999999,3,1,1,1,4,72.52000000000001,-0.9909000000000001,0
N=CN1CC(=N)OC1=O,127.10299999999998,4,2,1,1,5,77.24000000000001,0.022940000000000016,0
NC1=C(N)C(=O)C=N1,111.10399999999998,4,2,0,1,4,81.47,-1.2736000000000003,0
CC1=C(N)N=NC1=N,110.12,3,2,0,1,4,74.59,0.6196700000000002,0
N=C1N=COC(=O)CO1,128.087,4,1,0,1,5,71.74,-0.47713000000000005,0
COc1[nH]nnc1C#N,124.10300000000001,4,1,1,1,5,74.59,-0.31502000000000013,0
Nc1nocc1CC=O,126.11499999999998,4,1,2,1,4,69.12,-0.0017999999999999683,0
Cc1noc(=N)n1CO,129.11900000000003,5,2,1,1,5,75.04,-0.7862100000000003,0
O=C1N=CC(CCO)=N1,126.115,2,1,2,1,4,62.019999999999996,0.014200000000000046,0
N#CCC1=NOC1=N,109.088,4,1,1,1,4,69.22999999999999,0.26355,0
N#CCc1n[nH]c(=N)o1,124.103,4,2,1,1,5,89.46,-0.45175000000000026,0
CC(=O)n1cnc(N)n1,126.11900000000001,5,1,0,1,5,73.8,-0.47959999999999997,0
N=CN1NCOCC1=O,129.119,4,2,1,1,5,65.42000000000002,-1.0856299999999999,0
N=CN1COCNC1=O,129.119,3,2,1,1,5,65.42000000000002,-0.4497299999999999,0
Nc1ncc(=O)oc1N,127.103,5,2,0,1,5,95.14,-0.8008000000000002,0
N=c1occ(N)n1CO,129.11900000000003,5,3,1,1,5,88.17,-0.9074300000000004,0
CN=C1N=C(N)C(=O)O1,127.103,4,1,0,1,5,77.04,-1.1138,0
COC1=NC(=N)N=C1O,127.103,2,2,0,1,5,78.03,-0.06383000000000005,0
NC(=O)C1=NC=C1N,111.104,3,2,1,1,4,81.47,-1.2736000000000003,0
N=C1NC(N=O)C1=O,113.076,4,2,1,1,5,82.38,-0.77153,1
N=C1NC(=O)OC1=N,113.076,4,3,0,1,5,86.03,-0.3192599999999998,0
N=C1OC(=N)C(=O)O1,114.05999999999999,5,2,0,1,5,83.23,-0.5281600000000002,0
Cn1ncc(=O)n1CN,128.13500000000002,5,1,1,1,5,65.84,-1.5019999999999991,0
CN=C1OCOC(=N)CO1,144.13,5,1,0,1,5,63.900000000000006,-0.02962999999999999,0
N=C1NC=NCOC1=O,127.103,4,2,0,1,5,74.53999999999999,-0.9041300000000001,0
N=CN1COCOC1=O,130.10299999999998,4,1,1,1,5,62.62000000000001,-0.022729999999999917,0
CC1=NC(N)=NC1=N,110.12,3,2,0,1,4,74.59,-0.24712999999999996,0
Cn1nc(N)nc1C=O,126.119,5,1,1,1,5,73.80000000000001,-0.7902,0
COC1=CN=NC1=O,112.088,3,0,1,1,4,51.02,0.4666,0
CN=C1C=C(N)N=N1,110.12000000000002,3,1,0,1,4,63.099999999999994,0.28060000000000007,0
COc1n[nH]ncc1=N,126.11899999999999,4,2,1,1,5,74.65,-0.70723,0
COc1ncn(C=N)n1,126.119,5,1,2,1,5,63.790000000000006,-0.25813000000000014,0
CN=C1N=C(O)C(=N)N1,126.11899999999999,2,3,0,1,5,80.83000000000001,-0.49083000000000004,0
N=C1OCN=CNC1=O,127.10299999999998,4,2,0,1,5,74.53999999999999,-0.9041300000000003,0
Nc1oncc1C=NC=O,139.11399999999998,4,1,2,1,5,81.47999999999999,-0.16790000000000016,0
N=C1NCOCC1C=O,128.131,3,2,1,1,4,62.18,-0.6439300000000001,1
CC(=O)C1=NN=C1N,111.10400000000001,4,1,1,1,4,67.81,-0.6978,0
NC1=C(N)C(=O)N=C1,111.10399999999998,3,2,0,1,4,81.47,-1.2736000000000003,0
NC1=CC(=O)N=C1N,111.10400000000001,3,2,0,1,4,81.47,-1.2736000000000003,0
NC1=CC(=O)C(N)=N1,111.10400000000001,4,2,0,1,4,81.47,-1.2735999999999998,0
NC1=NC(=O)C(CO)=N1,127.10299999999998,4,2,1,1,5,88.03999999999999,-1.7253999999999996,0
N=Cc1nn[nH]c1C=O,124.10299999999998,4,2,2,1,5,82.49000000000001,-0.38513,0
COc1nonc1C=N,127.103,5,1,2,1,5,72.0,0.07586999999999994,0
NCC1=[N+]([O-])C(=O)C=N1,127.10299999999998,4,1,1,1,5,81.52,-1.5350999999999997,0
CN=C1C=NNC1=N,110.11999999999999,3,2,0,1,4,60.6,-0.3765300000000002,0
NC1=NCCNC(=O)O1,129.119,4,2,0,1,5,76.71,-0.9590999999999998,0
N#CC1=NC(=N)N=C1,106.088,2,1,0,1,4,72.36,-0.029849999999999988,0
N=CN1CC(=N)C(=O)N1,126.11899999999999,3,3,1,1,5,80.04,-1.0399600000000004,0
NC(=O)C1=NN=C1N,112.09200000000001,4,2,1,1,5,93.83,-1.8014999999999999,0
Cc1c(O)nc(O)n1O,130.103,5,3,0,1,5,78.51,-0.15998000000000023,0
N#CCc1noc(N)n1,124.10300000000001,5,1,1,1,5,88.73,-0.28212000000000004,0
O=C1COCNC(=O)C1,129.11499999999998,3,1,0,1,4,55.4,-0.9504999999999999,0
N=C1OC(CN)=C1N,113.12000000000002,4,3,1,1,4,85.11999999999999,-0.8771299999999997,0
CC(=O)C1=NC(=N)N=C1,123.115,2,1,1,1,4,65.64,0.035570000000000046,0
CC1=NC(=N)N=C1NC#N,135.13,3,2,0,1,5,84.39,-0.13515,0
CC1=NC(=N)C(CO)=N1,125.13099999999999,3,2,1,1,4,68.8,-0.17103000000000002,0
N=CNC1=CN=CC1=O,123.11499999999998,3,2,2,1,4,65.31,-0.32203000000000004,0
N=C1ON=C1C(N)=O,113.076,4,2,1,1,5,88.53,-1.1648300000000003,0
N=CN1COC(=O)OC1,130.10299999999998,4,1,1,1,5,62.620000000000005,-0.02273000000000014,0
N#CNc1onnc1C=O,138.08599999999998,6,1,2,1,6,91.81,-0.22492000000000006,0
C#CC(O)n1nn[nH]1,112.09200000000001,4,2,1,1,5,66.72999999999999,-1.2697000000000003,1
CC(=O)NC1=NC=N1,111.104,3,1,0,1,4,53.82,-0.4796,0
COC1=NC(N)=NC1=O,127.10300000000001,4,1,0,1,5,77.03999999999999,-1.1138000000000001,0
CC1=NC(=N)C(=O)O1,112.08799999999998,3,1,0,1,4,62.510000000000005,-0.06113000000000007,0
NN=C1N=CN=C1C=O,124.10299999999998,4,1,1,1,5,80.16999999999999,-1.0596,0
N=C(N)C1=NC(O)=N1,112.092,3,3,1,1,5,94.82000000000001,-0.75153,0
Nc1cnc(N)[n+]([O-])c1,126.119,4,2,0,1,5,91.86999999999999,-1.1206,0
N=C1N=C(CO)OC1=N,127.10299999999998,4,3,1,1,5,89.52000000000001,-0.6380600000000003,0
N=C1N=C(N)C=NC1=O,124.103,3,2,0,1,5,91.66,-1.06813,0
CCc1nnc(F)n1C=O,143.12099999999998,4,0,2,1,5,47.78,0.017900000000000027,0
C#CC(=N)n1cn[nH]1,108.104,3,2,0,1,4,57.46,-0.3302300000000002,0
N#CCc1coc(=N)[nH]1,123.11499999999998,3,2,1,1,4,76.57,0.15325,0
N=CC1OCON1C=N,129.119,4,2,2,1,5,69.4,-0.2095599999999999,1
N=c1cn[nH]nc1C=O,124.10299999999998,4,2,1,1,5,82.49000000000001,-0.9033300000000004,0
N=CC(=O)NC1=NN1,112.092,4,3,1,1,5,87.25,-1.3736300000000001,0
N=C1NC(=O)C(=O)CO1,128.087,4,2,0,1,5,79.25000000000001,-1.36333,0
CN=C1N=NC(C=O)=N1,124.10299999999998,3,0,1,1,5,66.50999999999999,0.0354000000000001,0
N=C1C=NC(=N)OCCO1,141.13,4,2,0,1,5,78.52000000000001,0.016039999999999888,0
Nc1nnc(N)c(=O)o1,128.091,6,2,0,1,6,108.02999999999999,-1.4058000000000002,0
N=C1NC(=O)C(=O)CO1,128.087,4,2,0,1,5,79.25000000000001,-1.36333,0
N=C1OC(C=O)=C1N,112.088,4,2,1,1,4,76.17,-0.63693,0
C#Cc1nc(C=N)no1,121.09899999999999,4,1,1,1,4,62.77,0.04857000000000006,0
COc1connc1=N,127.10300000000001,5,1,1,1,5,72.0,-0.44233000000000006,0
N=C1COC(=N)OC=N1,127.103,4,2,0,1,5,78.52,-0.026460000000000095,0
N=c1ocnc(=O)o1,114.05999999999999,5,1,0,1,5,80.09,-0.89273,0
CN=C1N=CN=C1N,110.12,3,1,0,1,4,63.099999999999994,-0.5861999999999998,0
N=C1CN=NC(=O)NC1,126.11899999999999,3,2,0,1,5,77.67,0.18157000000000006,0
N=C1CCNC(=O)OC1,128.13099999999997,3,2,0,1,4,62.18000000000001,0.13606999999999997,0
N=CC1OCNN1C=N,128.13500000000002,4,3,2,1,5,72.2,-0.63656,1
N=CN1CN=C(O)OC1,129.11899999999997,3,2,1,1,5,68.91000000000001,-0.2453300000000001,0
CC(=O)n1ncnc1N,126.119,5,1,0,1,5,73.8,-0.47959999999999997,0
N=C1N=C(N)N=C1CO,126.119,4,3,1,1,5,94.82000000000001,-1.27473,0
COC(=O)C1=NC=C1N,126.11500000000001,4,1,1,1,4,64.67999999999999,-0.5859000000000001,0
N=C1COC(=O)NCO1,130.103,4,2,0,1,5,71.41,-0.3224300000000002,0
CN=c1[nH]c(=O)c1=O,112.08799999999998,3,1,0,1,4,62.29,-1.8587999999999996,0
N=C1OC1C=NC(=O)O,128.087,3,2,1,1,5,86.04,0.11126999999999998,1
N=C1COC(=O)C(N)N1,129.119,4,3,0,1,5,88.2,-1.60513,1
C#Cc1noc(=N)n1CO,139.114,5,2,1,1,5,75.04,-1.1133300000000002,0
CC(=O)C1=NC(N)=N1,111.10400000000001,4,1,1,1,4,67.81,-0.6978,0
O=C1NN=CC1=NCO,127.10299999999998,4,2,1,1,5,74.05,-1.5072000000000003,0
O=c1nc(CO)nc[nH]1,127.10299999999998,4,2,1,1,5,78.87,-1.3428000000000004,0
O=c1nc[nH]c(=O)o1,114.05999999999997,4,1,0,1,5,75.96000000000001,-1.2769,0
N=CC1=NN=CC1=O,109.08799999999998,4,1,1,1,4,65.64,-0.35453,0
C#CCn1ncc(O)n1,123.11499999999998,4,1,1,1,4,50.94,-0.38310000000000016,0
N#CCn1ncnc1O,124.10299999999998,5,1,1,1,5,74.73,-0.49272,0
CNc1ncc(=O)[nH]n1,126.11899999999999,4,2,1,1,5,70.67,-0.7934000000000003,0
CNc1cc(=O)[nH]c(N)n1,140.14600000000002,4,3,1,1,5,83.8,-0.6062000000000003,0
N=C(O)C1=NC(N)=N1,112.09200000000001,4,3,1,1,5,94.82,-0.75153,0
N=CN1C(=N)OC1=O,113.07599999999998,4,2,1,1,5,77.24000000000001,-0.01955999999999991,0
NC(=O)C1=NC(N)=N1,112.09200000000001,4,2,1,1,5,93.83,-1.8014999999999999,0
N=CN1CC(=N)NC1=O,126.11899999999999,3,3,1,1,5,80.04,-0.40406000000000003,0
O=C1CN=NCC(=O)O1,128.087,5,0,0,1,5,68.09,-0.478,0
N=CC1=CC(N)=NC1=O,123.11500000000001,3,2,1,1,4,79.30000000000001,-0.5402300000000002,0
N=CNC1=NC(C=O)=N1,124.103,4,2,2,1,5,77.67,-0.8499300000000001,0
Cc1nnc([NH3+])n1NC=O,142.142,4,2,2,1,6,87.44999999999999,-1.8401800000000004,0
CC(=O)n1cnnc1N,126.11900000000001,5,1,0,1,5,73.8,-0.47959999999999997,0
NCc1cnc(N)nn1,125.135,5,2,1,1,5,90.71,-1.0875000000000001,0
Nc1cnc(C=O)n1O,127.10299999999998,5,2,1,1,5,81.14,-0.48490000000000005,0
CN=NC1=CN=NC1=N,123.119,4,1,1,1,5,73.28999999999999,1.35287,0
CC(=O)c1cnoc1,111.09999999999998,3,0,1,1,3,43.1,0.8772,0
N=C1C=NN=C1C=O,109.08799999999998,4,1,1,1,4,65.64,-0.35453,0
Cn1c(C#N)noc1=O,125.08699999999999,5,0,0,1,5,71.82,-0.75502,0
COC(=N)C1=NC(N)=N1,126.11900000000001,5,2,1,1,5,83.82,-0.6631300000000002,0
O=c1cn[nH]c(CO)n1,127.103,4,2,1,1,5,78.87,-1.3428000000000002,0
Nc1cnc(CO)nn1,126.119,5,2,1,1,5,84.92,-1.0539,0
N=c1ncc(CN)no1,126.11900000000001,5,2,1,1,5,88.79,-0.99223,0
N#CC(N)NC1OC1=N,126.11899999999997,5,3,2,1,5,98.22,-1.2820500000000001,2
CC(O)C1=NN=C1CO,128.131,4,2,2,1,4,65.18,-0.8299000000000003,1
COC1=NC(C=N)=C1O,126.11499999999998,4,2,1,1,4,65.67,0.46407,0
Cn1nc(N)c(CO)n1,128.135,5,2,1,1,5,76.96000000000001,-1.1104,0
NC1=NC(O)=C1C=O,112.08799999999997,4,2,1,1,4,75.68,-0.6743000000000001,0
N=C(O)C1=NC(N)=N1,112.09200000000001,4,3,1,1,5,94.82,-0.75153,0
N=C1NCOCC(=O)N1,129.119,3,3,0,1,5,74.21,-1.3853300000000002,0
COC1=NC(=N)N=C1C#N,136.114,3,1,0,1,5,81.59,-0.05575000000000002,0
N=CNC1C(=N)NC1=O,126.119,3,4,2,1,5,88.83000000000001,-1.3412600000000003,1
NC(=O)C1=NC(N)=N1,112.09200000000001,4,2,1,1,5,93.83,-1.8014999999999999,0
N=Cc1[nH]c(=O)cnc1N,138.12999999999997,4,3,1,1,5,95.61999999999999,-0.6502300000000001,0
COc1noc(=N)n1CO,145.118,6,2,2,1,6,84.27000000000001,-1.0860300000000003,0
N=C1N=NC(N)=C1O,112.092,4,3,0,1,5,94.82000000000001,0.11527000000000004,0
CNC1=NC(=O)C(=O)O1,128.087,4,1,0,1,5,67.76,-1.3548000000000002,0
N=C1OCC(=O)OC1=N,128.087,5,2,0,1,5,83.22999999999999,-0.48566000000000015,0
N#CCNC1=NC(=N)O1,124.103,4,2,1,1,5,81.26,-0.57945,0
N=C1COC(=O)OC1=N,128.087,5,2,0,1,5,83.22999999999999,0.15023999999999993,0
CC1=NC(N)=NC1=N,110.12,3,2,0,1,4,74.59,-0.24712999999999996,0
CC1=NC(N)=NC1=NO,126.119,4,2,0,1,5,83.33,-0.4366999999999998,0
O=Cn1[nH]nc1CCO,129.119,4,2,3,1,5,70.91,-1.2157000000000002,0
COC1=NOC(=N)C1=O,128.087,5,1,0,1,5,71.74000000000001,-0.47713,0
Nc1n[nH]nc1C=NC=O,139.118,4,2,2,1,6,97.02000000000001,-1.0378000000000005,0
N=C1NC(N)=NC1=O,112.09200000000001,3,3,0,1,5,91.33000000000001,-1.5918299999999994,0
O=Cc1noc(C=O)n1,126.07099999999998,5,0,2,1,5,73.06,-0.3054,0
Nc1cnc(=O)[nH]c1N,126.119,4,3,0,1,5,97.78999999999999,-1.0656999999999999,0
CC(=O)n1cnc(N)n1,126.11900000000001,5,1,0,1,5,73.8,-0.47959999999999997,0
N=C1N=CC(O)=C1N,111.104,3,3,0,1,4,82.46,-0.22362999999999988,0
N=C1OCC(=O)OC(=N)O1,144.08599999999998,6,2,0,1,6,92.46,-0.5540600000000002,0
CNC1=NC(=O)OCN1,129.119,4,2,0,1,5,62.72,-0.7409000000000001,0
N#CC(O)N1COC1=O,128.087,4,1,1,1,5,73.56,-0.7619199999999999,1
Nc1ccc(N)nn1,110.12000000000003,4,2,0,1,4,77.82000000000001,-0.35900000000000015,0
CN=C1C=NC(N)=[N+]1[O-],126.119,4,1,0,1,5,76.80999999999999,-1.0758999999999999,0
N=COC1OC(=O)C1=N,128.087,5,2,2,1,5,83.23,-0.48725999999999997,1
CNC(=O)c1conn1,127.103,4,1,1,1,5,68.02000000000001,-0.5708000000000002,0
Cn1nc(N)c(C=O)n1,126.119,5,1,1,1,5,73.80000000000001,-0.7902,0
Cc1noc(=N)c(=O)[nH]1,127.103,4,2,0,1,5,82.74000000000001,-0.8492100000000002,0
N=C1NC(=N)C(=O)CO1,127.103,4,3,0,1,5,86.03000000000002,-0.91266,0
C#CCn1nnnc1N,123.11900000000001,5,1,1,1,5,69.62,-1.1115000000000002,0
N=C1N=C(C=O)N=C1N,124.103,4,2,1,1,5,91.66,-1.06813,0
N#CC(N)C1COCN1,127.14699999999999,4,2,1,1,4,71.07000000000001,-1.2168200000000005,2
CN=C1C=NC(=N)O1,111.10399999999998,3,1,0,1,4,57.8,0.05046999999999996,0
CC1(N)OC(=N)NC1=O,129.119,4,3,0,1,5,88.19999999999999,-1.25753,1
O=Cc1ncnc(O)n1,125.08699999999999,5,1,1,1,5,75.97,-0.6103000000000001,0
Nc1nc(C=O)nc(=O)o1,141.08599999999998,6,1,1,1,6,99.08,-1.1755000000000002,0
NC1=NN=C(C=O)C1=O,125.08699999999997,5,1,1,1,5,84.88,-1.5188,0
NCC(=O)C1=NC(O)=N1,127.103,4,2,2,1,5,88.04,-1.1596999999999995,0
O=CC1=NC(=O)N=N1,111.06,3,0,1,1,5,71.22,0.16959999999999997,0
N=c1[nH]c(=N)c(CO)co1,141.13,4,4,1,1,5,96.86,-0.94106,0
N=c1[nH]cc(O)oc1=O,128.087,4,3,0,1,5,90.08000000000001,-0.8470300000000002,0
CCOC1=C(N)C(=N)N=N1,140.14600000000002,4,2,2,1,5,83.82000000000001,0.5937700000000001,0
N=C1OCC(=O)C(=N)O1,128.087,5,2,0,1,5,83.23,-0.48566000000000015,0
O=c1ncoc(=O)[nH]1,114.05999999999999,4,1,0,1,5,75.96000000000001,-1.2769,0
NC(=O)NC1=NC=NCO1,142.118,4,2,0,1,6,89.07000000000001,-0.9733,0
N#CC1NC(=N)C(=O)N1,124.103,3,3,0,1,5,88.77000000000001,-1.46725,1
N=C1COC(=N)OCO1,130.103,5,2,0,1,5,75.39,-0.08066000000000012,0
COC1=NC(N)=NC1=N,126.11900000000001,4,2,0,1,5,83.82,-0.66313,0
N=Cc1cnn(C=N)c1N,137.146,5,3,2,1,5,91.54,-0.08185999999999993,0
N=C1NC(=O)OC1C=O,128.087,4,2,1,1,5,79.25,-0.7290300000000001,1
N#CC(N)N1C=NC1=O,124.10299999999998,3,1,1,1,5,82.47999999999999,-0.74132,1
N=C1OCNC(=O)CO1,130.10299999999998,4,2,0,1,5,71.41,-0.9583300000000003,0
COc1nnc(N)n1C=O,142.118,6,1,2,1,6,83.03,-1.0928,0
N=C1N=CC(=O)OCO1,128.087,4,1,0,1,5,71.74000000000001,-0.47713000000000005,0
COC1=NC(N)=NC1=O,127.10300000000001,4,1,0,1,5,77.03999999999999,-1.1138000000000001,0
N=C1COC(=O)C(=N)O1,128.087,5,2,0,1,5,83.23,-0.48566000000000015,0
O=CC1=NC(O)=C1O,113.07199999999997,4,2,1,1,4,69.89,-0.07500000000000007,0
N=C1NCC(=O)OCO1,130.103,4,2,0,1,5,71.41000000000001,-0.9583300000000001,0
N=CC1OC(=O)OC1=N,128.087,5,2,1,1,5,83.22999999999999,0.1486400000000001,1
Cc1nc(N)oc(=N)n1,126.119,5,2,0,1,5,88.79,-0.5603100000000001,0
C[N+](=O)N1N=C1C=O,114.08399999999999,3,0,2,1,5,52.519999999999996,-0.8619000000000001,0
CC(=O)C1=NNC1=N,111.104,3,2,1,1,4,65.31,-0.4881300000000001,0
CC(O)c1n[nH]c(O)n1,129.119,4,3,1,1,5,82.03,-0.4364000000000002,1
COc1[nH]nnc1N,114.10800000000002,4,2,1,1,5,76.82,-0.6045000000000003,0
N=C(CN)C1=NN=N1,111.108,5,2,2,1,5,86.95,-0.2558299999999999,0
CN=c1nc(N)c1=N,110.12,4,2,0,1,4,75.12,-1.4506299999999994,0
N=C1OCC(=O)OC1=N,128.087,5,2,0,1,5,83.22999999999999,-0.48566000000000015,0
N=C1NC(=N)C(=O)CO1,127.103,4,3,0,1,5,86.03000000000002,-0.91266,0
CNC(=N)N1OCC1=O,129.119,3,2,0,1,5,65.42000000000002,-1.08563,0
N=C1NC(=O)OCCO1,130.103,4,2,0,1,5,71.41000000000001,-0.32243,0
CN(C)C1=NC=NC1=O,125.13099999999999,3,0,0,1,4,45.03,-0.4850000000000001,0
N=COC1N=COCO1,130.10299999999998,5,1,2,1,5,63.900000000000006,-0.07373000000000007,1
CC1=NC(=O)N=C1O,112.08799999999998,1,1,0,1,4,62.019999999999996,0.5374000000000001,0
N=C1NCOC(C=O)CO1,144.12999999999997,4,2,1,1,5,71.41,-0.91743,1
CNC(=N)C1=NC(=O)N1,126.119,2,3,1,1,5,77.34,-0.6952300000000002,0
N=C1N=C(O)N=C1CN,126.119,3,3,1,1,5,94.82,-0.70903,0
N=CN1N=CCOC1=O,127.10299999999998,4,1,1,1,5,65.75,0.03146999999999994,0
CC(=O)c1nc(O)n[nH]1,127.103,4,2,1,1,5,78.87,-0.2871000000000001,0
N=C1C=NC(N)=C1CO,125.131,4,3,1,1,4,82.46000000000001,-0.7468300000000003,0
NC(=O)Oc1cnoc1,128.087,4,1,1,1,5,78.35000000000001,0.1321000000000001,0
N=CNC1=NC=C1NO,126.11899999999999,4,4,2,1,5,80.5,-0.5846300000000002,0
CC(N)C1=NC=NC1=N,124.14699999999999,3,2,1,1,4,74.59,-0.20622999999999986,1
N=C1NN=C1C(N)C=O,126.11899999999999,4,3,2,1,5,91.33000000000001,-1.5509300000000004,1
NC1=CC(N)=NC1=O,111.10400000000001,3,2,0,1,4,81.47,-1.2736000000000003,0
Nc1cc(CC=O)n[nH]1,125.131,3,2,2,1,4,71.77000000000001,-0.2667000000000001,0
N=C1CNC=C(O)OC=N1,141.12999999999997,4,3,0,1,5,77.7,-0.031330000000000136,0
N=C1N=CCNC(=O)O1,127.103,3,2,0,1,5,74.54,-0.26823000000000013,0
NC(=O)N1CCOCN1,131.13500000000002,3,2,0,1,5,67.59,-1.1406,0
COC1=NNC1=NCO,129.119,4,2,1,1,5,66.21,-1.1022,0
N=CNC(C=O)C1NCO1,143.146,4,3,4,1,5,74.21000000000001,-1.3460299999999998,2
N=c1[nH]c(=O)oc(=N)o1,129.075,5,3,0,1,6,106.83999999999999,-1.4801599999999997,0
N=CN=C1N=CN=C1O,124.10299999999998,2,2,1,1,5,81.16,-0.009630000000000083,0
Cn1nc(N)nc1C=O,126.119,5,1,1,1,5,73.80000000000001,-0.7902,0
N=CN1CC(=O)OC1=N,127.10299999999998,4,2,1,1,5,77.24000000000001,-0.61296,0
N=C(O)C1=CN=NC1=O,125.08699999999999,3,2,1,1,5,85.87,0.39797000000000005,0
N=C1NCC(O)N=CO1,129.119,4,3,0,1,5,77.7,-1.11233,1
Cc1nnc(NC=N)o1,126.11899999999999,4,2,2,1,5,74.80000000000001,0.39698999999999995,0
N=C1OCC(=N)C(=N)O1,127.103,5,3,0,1,5,90.01,-0.034989999999999966,0
Nc1n[nH]c(=O)c(=O)o1,129.075,5,2,0,1,6,101.98,-1.694700000000001,0
Cc1noc(=N)c(O)n1,127.103,5,2,0,1,5,83.0,-0.43691,0
CNC1=CC(=O)NC1=O,126.115,3,2,1,1,4,58.2,-1.2539000000000005,0
N=COC1=C(N)OC1=N,127.103,5,3,2,1,5,92.18,-0.25466,0
N=c1ccnc([O-])n1O,126.09499999999998,5,2,0,1,5,84.96,-1.32653,0
N=C1OC(=O)N=C1N,113.07600000000001,4,2,0,1,5,88.53,-0.5289300000000001,0
CC1NC(=N)N=C1N,112.13600000000001,2,3,0,1,4,74.26,-0.7299300000000004,1
N=C1COC(=N)C(=O)N1,127.103,4,3,0,1,5,86.03,-0.9126600000000002,0
N=c1[nH]c(=N)oc(=O)[nH]1,128.091,4,4,0,1,6,109.48999999999998,-1.7450600000000005,0
O=C1COC(=O)NCO1,131.087,4,1,0,1,5,64.63000000000001,-0.7731000000000001,0
N=CN1C=NC(O)OC1,129.11899999999997,4,2,1,1,5,68.91000000000001,-0.8126300000000002,1
N=C1NCOC(=N)O1,115.092,4,3,0,1,5,78.19000000000001,-0.55016,0
N=CC1=NC(=N)N=N1,109.09200000000001,3,2,1,1,5,84.78,0.43504,0
CNC1=NCOC(=N)CN1,142.162,5,3,0,1,5,69.5,-0.8836300000000001,0
CN=C1CN=NC(=O)N1,126.11899999999999,3,1,0,1,5,66.17999999999999,0.1901,0
N=C1NC(=O)C(C=O)O1,128.087,4,2,1,1,5,79.25000000000001,-1.3649300000000002,1
N=C(O)C1=NN=C1N,112.09200000000001,4,3,1,1,5,94.82,-0.75153,0
N=C1N=COC(=O)CO1,128.087,4,1,0,1,5,71.74,-0.47713000000000005,0
N=C1C=NC(O)=C1N,111.104,4,3,0,1,4,82.46,-0.22362999999999988,0
Nc1ncc(C=O)n1N,126.119,5,2,1,1,5,86.92999999999999,-1.0084000000000004,0
CC(=O)C1=NC(F)=N1,114.07900000000001,3,0,1,1,4,41.79,0.31300000000000006,0
NC1=NC(C(O)C=O)=N1,127.10299999999997,5,2,2,1,5,88.04,-1.7269999999999999,1
N=C1NC(=N)C(CO)CO1,143.146,4,4,1,1,5,89.19000000000001,-0.8732599999999999,1
Nc1cnc(C=O)c(O)n1,139.11399999999998,5,2,1,1,5,89.1,-0.4230999999999999,0
CC(=O)n1ncnc1N,126.119,5,1,0,1,5,73.8,-0.47959999999999997,0
CC(=O)C1=NC(=O)N1,112.088,2,1,1,1,4,58.53,-0.3028999999999999,0
CC(=N)[N+]1([O-])N=CN1,114.10799999999999,4,2,0,1,5,71.3,-0.2403300000000001,1
COC(=N)c1cn[nH]n1,126.119,4,2,1,1,5,74.65,-0.22353000000000017,0
NC1=C(CO)N=CC1=O,126.11499999999998,4,2,1,1,4,75.68,-1.1975000000000002,0
Cc1noc(=O)c(=N)[nH]1,127.103,4,2,0,1,5,82.74000000000001,-0.84921,0
N=CN1COCNC1=O,129.119,3,2,1,1,5,65.42000000000002,-0.4497299999999999,0
N=C1OC(=O)C(N)O1,116.076,5,2,0,1,5,85.4,-1.22063,1
N=C1NCOC(C=O)N1,129.119,3,3,1,1,5,74.21,-1.3869300000000004,1
N=CN1COC(=N)CO1,129.119,4,2,1,1,5,69.4,-0.2079600000000001,0
O=C1C=C(O)C(=O)N1,113.07199999999999,3,2,0,1,4,66.39999999999999,-0.9153,0
COC1=NOC(=N)C1=NO,143.102,6,2,0,1,6,87.26,-0.21603000000000006,0
Nc1nc(=O)cno1,113.07599999999998,5,1,0,1,5,82.01,-0.9880000000000002,0
C#CCOC1=NC(=N)O1,124.09899999999999,3,1,1,1,4,54.67,-0.04282999999999998,0
CN=C1C=NC(O)=N1,111.10399999999998,2,1,0,1,4,57.31,0.013099999999999945,0
N=CN1C(=O)OC1=O,114.05999999999997,4,1,1,1,5,70.46000000000001,0.16566999999999998,0
CN=NC(=O)C1OC1=N,127.10299999999998,4,1,1,1,5,78.17,-0.028929999999999956,1
Cc1n[nH]c(=O)nc1N,126.119,4,2,0,1,5,84.66,-0.9444800000000002,0
N#CN1CN=COC1=N,124.10299999999998,4,1,0,1,5,72.47,-0.27975,0
O=Cc1n[nH]nc1CO,127.10299999999998,4,2,2,1,5,78.87,-0.8905000000000001,0
CN=C1N=CN=C1N,110.12,3,1,0,1,4,63.099999999999994,-0.5861999999999998,0
N=COc1ncc(N)o1,127.103,5,2,2,1,5,85.13,0.24267,0
NC1=NN=CC1=NCO,126.11899999999999,5,2,1,1,5,83.33,-1.2662000000000002,0
CCn1oc(=N)[nH]c1=N,128.135,4,3,1,1,5,81.56,-0.6119600000000001,0
Nc1nc(C=O)no1,113.07599999999998,5,1,1,1,5,82.01,-0.5357000000000001,0
Nc1cnc(C=O)c(O)n1,139.11399999999998,5,2,1,1,5,89.1,-0.4230999999999999,0
N=c1[nH]c(=O)oc(=N)o1,129.075,5,3,0,1,6,106.83999999999999,-1.4801599999999997,0
CC1=NC(N)=C1NC=O,125.13099999999999,3,2,2,1,4,67.47999999999999,-0.6653,0
N=Cc1ncc(N)c(=N)o1,138.13,5,3,1,1,5,99.75000000000001,-0.2660600000000001,0
N=CN=C1OCOC1=N,127.10299999999998,4,2,1,1,5,78.52000000000001,-0.026460000000000095,0
Cn1cnc(CO)nc1=N,140.146,5,2,1,1,5,74.78999999999999,-1.21313,0
N=C1OC(=N)C(=O)O1,114.05999999999999,5,2,0,1,5,83.23,-0.5281600000000002,0
NC1=NC(=O)C(C=O)=N1,125.08699999999997,4,1,1,1,5,84.88,-1.5188,0
N=C1OC(O)=C1NCO,130.103,5,4,2,1,5,85.57000000000001,-0.73963,0
CC1=NC(CO)=NC1=N,125.13099999999999,3,2,1,1,4,68.80000000000001,-0.17103000000000002,0
COC1=NC(N)=NC1=N,126.11900000000001,4,2,0,1,5,83.82,-0.66313,0
CNn1c(N)coc1=O,129.119,5,2,1,1,5,73.19,-0.8032000000000001,0
N=C1COC(=O)NCN1,129.119,3,3,0,1,5,74.21,-0.7494300000000003,0
Nc1nc(C=O)co1,112.08799999999997,4,1,1,1,4,69.12,0.06930000000000014,0
NC1=NC(=O)C(N)=N1,112.092,4,2,0,1,5,93.83,-1.8014999999999999,0
N=COC1=CC=NC1=N,123.11499999999998,3,2,2,1,4,69.28999999999999,0.55564,0
N#CC(N)C1=NC(N)=N1,123.11900000000001,5,2,1,1,5,100.55,-1.4359199999999994,1
NC(=O)C1=CC(F)=N1,114.079,2,1,1,1,4,55.45,-0.26279999999999987,0
Cn1cnc(NC=O)c1O,141.13,4,2,2,1,5,67.15,-0.30600000000000016,0
N=CN1C(=O)OC1=O,114.05999999999997,4,1,1,1,5,70.46000000000001,0.16566999999999998,0
CNC1=NC(N)=NC1=N,125.135,4,3,0,1,5,86.62,-1.0901299999999996,0
N#CCc1nc(O)n[nH]1,124.103,4,2,1,1,5,85.59,-0.42362000000000005,0
COC1=NN=C1NC=O,127.10299999999998,4,1,1,1,5,63.050000000000004,-0.8956000000000002,0
NCC1=NC(=O)N=N1,112.092,3,1,1,1,5,80.17,-0.07059999999999994,0
N=c1nc[nH]c(N)n1,111.108,4,3,0,1,5,91.44,-1.13363,0
N#Cc1ncnoc1=N,122.08699999999999,5,1,0,1,5,86.56,-0.57925,0
N=C1NC(N)=NC1=O,112.09200000000001,3,3,0,1,5,91.33000000000001,-1.5918299999999994,0
N#CCn1ncnc1N,123.119,5,1,1,1,5,80.52,-0.61612,0
CN=C1OCNC(=N)CO1,143.14600000000002,4,2,0,1,5,66.7,-0.4566300000000003,0
CNc1cn[nH]c(=O)n1,126.119,4,2,1,1,5,70.67,-0.7934000000000003,0
N=C1OC(=O)OC1=N,114.05999999999999,5,2,0,1,5,83.22999999999999,0.10774,0
N=C1N=COC(=O)CO1,128.087,4,1,0,1,5,71.74,-0.47713000000000005,0
Nc1cnoc1C=O,112.08799999999998,4,1,1,1,4,69.12,0.06930000000000014,0
CN1C=NC(=O)NN1C=N,141.134,3,2,1,1,6,71.79,-0.5912300000000001,0
Nc1noc(NCC=O)n1,142.118,6,2,3,1,6,94.04,-0.7374000000000003,0
CC1=NCNC(=O)OC1,128.13099999999997,3,1,0,1,4,50.69,0.14460000000000012,0
O=C1CC(=O)C(=NO)O1,129.071,5,1,0,1,5,75.96000000000001,-0.7099000000000002,0
N=C1NC(=O)CN=CO1,127.103,4,2,0,1,5,74.54,-0.9041300000000001,0
N=C1N=CN=C1NC=O,124.10299999999998,3,2,1,1,5,77.67,-0.8499300000000003,0
N=CN=C1NC(=O)N1CN,141.134,3,3,2,1,6,94.57,-1.1091300000000002,0
N=C1C=NN=C(N)C1=O,124.103,5,2,0,1,5,91.66,-1.06813,0
Cc1nc(=N)onc1N,126.119,5,2,0,1,5,88.79,-0.5603100000000001,0
CC1=NC(=N)OC1=N,111.10399999999998,3,2,0,1,4,69.28999999999999,0.38954000000000005,0
CNC1=CN=NC1=N,110.12,3,2,1,1,4,60.6,0.49027,0
CC(=O)C1=NC(N)=N1,111.10400000000001,4,1,1,1,4,67.81,-0.6978,0
N=C1NCC(=O)C(=O)O1,128.087,4,2,0,1,5,79.25000000000001,-1.36333,0
Cc1n[nH]c(=O)nc1N,126.119,4,2,0,1,5,84.66,-0.9444800000000002,0
N=C1N=CC(F)=NC1=O,127.078,2,1,0,1,5,65.64,-0.05732999999999994,0
CC(N)C1=NC(N)=[N+]1[O-],128.13500000000002,4,2,1,1,5,90.47,-1.4292999999999987,1
N=C1CNC(=O)C(=O)O1,128.087,4,2,0,1,5,79.25000000000001,-1.3633300000000004,0
O=C1N=CC(CO)=N1,112.088,2,1,1,1,4,62.019999999999996,-0.37589999999999996,0
N=CN1C=CNC(=O)C1,125.13099999999999,2,2,1,1,4,56.190000000000005,-0.5035300000000003,0
Nc1cn[nH]c(=O)c1N,126.119,4,3,0,1,5,97.78999999999999,-1.0656999999999999,0
NC(=O)C1NCNC1=O,129.119,3,3,1,1,5,84.22,-2.4828,1
N=CC1=C(N)OC1=O,112.088,4,2,1,1,4,76.17000000000002,-0.6369300000000002,0
N=C(N)C1=NC(=O)O1,113.076,3,2,1,1,5,88.53000000000002,-0.5289299999999999,0
COC1=NC(=N)N=C1O,127.103,2,2,0,1,5,78.03,-0.06383000000000005,0
CC(=O)C1=NNC1=O,112.088,3,1,1,1,4,58.53,-0.9388000000000001,0
N=C1OC(=O)CN=C(N)O1,143.102,6,2,0,1,6,97.76,-1.1907300000000003,0
CN=c1oncc(=N)o1,127.10299999999998,5,1,0,1,5,75.38,-0.7224299999999999,0
CC1=NC(=N)N=C1N,110.12,2,2,0,1,4,74.59,-0.24712999999999996,0
NC1=NC(=O)C(C=O)=N1,125.08699999999997,4,1,1,1,5,84.88,-1.5188,0
N=Cc1cnc(O)n1N,126.119,5,3,1,1,5,87.92,-0.6998300000000002,0
N=COC1COC(=N)N1,129.119,4,3,2,1,5,78.19,-0.5092600000000003,1
N=COC(=O)NC1CN1,129.119,4,3,2,1,5,84.12,-0.7510300000000003,1
N=C1NCOC(C=O)N1,129.119,3,3,1,1,5,74.21,-1.3869300000000004,1
N=c1[nH]c(=O)oc(=N)o1,129.075,5,3,0,1,6,106.83999999999999,-1.4801599999999997,0
CC(C#N)n1cncn1,122.13099999999999,4,0,1,1,4,54.5,0.3626799999999999,1
N=C1OC=NCNC1=O,127.103,4,2,0,1,5,74.53999999999999,-0.9041300000000003,0
N=c1c(O)nccn1O,127.10299999999998,5,3,0,1,5,82.13,-0.6945300000000003,0
N=C1OC(=O)OC1=O,115.04399999999998,5,1,0,1,5,76.44999999999999,-0.34293,0
N=C1OCCNC(=O)O1,130.103,4,2,0,1,5,71.41,-0.32243000000000016,0
N=c1[nH]cc(N)oc1=O,127.10300000000001,4,3,0,1,5,95.87,-0.9704300000000003,0
N#CCc1nc(O)c[nH]1,123.11499999999998,3,2,1,1,4,72.69999999999999,0.1813799999999999,0
CC(O)C1=NN=C1N,113.12000000000002,4,2,1,1,4,70.97,-0.9060000000000001,1
Cc1nnc(O)nc1N,126.119,5,2,0,1,5,84.92,-0.5321800000000001,0
N=Cn1oc(=N)oc1=O,129.075,6,2,1,1,6,95.98000000000002,-1.0310599999999999,0
Nc1ocnc1OC=O,128.087,5,1,2,1,5,78.35,-0.2079999999999999,0
N=C1COCNC(=O)CN1,143.14600000000002,3,3,0,1,5,74.21,-1.3428299999999997,0
N=CN1COC(=O)CN1,129.119,4,2,1,1,5,65.42,-1.0856300000000003,0
N=Cn1c(N)nnc1C=O,139.118,6,2,2,1,6,97.65,-0.8720300000000001,0
COC1=NC(N)=NC1=O,127.10300000000001,4,1,0,1,5,77.03999999999999,-1.1138000000000001,0
N=C1N=CNCC(=O)O1,127.10299999999998,4,2,0,1,5,74.54,-0.9041300000000001,0
CN1C(=N)N=C1CC#N,122.131,2,1,1,1,4,63.24,0.17875000000000002,0
NC1=CN=C(N)C1=O,111.104,4,2,0,1,4,81.47,-1.2735999999999998,0
CN=C1NC(=O)N1N,114.108,3,2,0,1,5,70.72,-1.1289000000000002,0
NCNC1=NC=NC1=O,126.11899999999999,4,2,1,1,5,79.84,-1.5407999999999995,0
CCc1noc(N)[n+]1[O-],129.119,4,1,1,1,5,78.99,-0.5473999999999999,0
CN=C1N=CN=C1N,110.12,3,1,0,1,4,63.099999999999994,-0.5861999999999998,0
N=C1N=C(N)N=C1C=O,124.103,4,2,1,1,5,91.66,-1.06813,0
CC1=NC(=O)N=C1N,111.104,2,1,0,1,4,67.81,-0.061899999999999844,0
N=C1OC(CO)=NC1=O,128.087,4,2,1,1,5,82.74000000000001,-1.0887300000000002,0
COC(C#N)n1cno1,127.10300000000001,5,0,2,1,5,63.98,0.14467999999999992,1
N=CN1CC(=N)OC1=O,127.10299999999998,4,2,1,1,5,77.24000000000001,0.022940000000000016,0
N=C1N=CNCN1C=O,126.11899999999999,3,2,1,1,5,68.55000000000001,-1.03143,0
NC1=NC=NC(=O)CO1,127.10299999999998,4,1,0,1,5,77.04,-1.1138000000000001,0
N=C(O)C1=NN=CC1=N,124.103,4,3,1,1,5,92.65,-0.018159999999999954,0
N=c1onc(N)n1CC=O,142.118,6,2,2,1,6,97.9,-1.26333,0
N#CCOc1cn[nH]n1,124.103,4,1,2,1,5,74.59,-0.29292,0
N#Cc1ncnoc1=N,122.08699999999999,5,1,0,1,5,86.56,-0.57925,0
N=C1C=NC(=N)C(=O)O1,125.08699999999999,4,2,0,1,5,86.36,-0.4314600000000001,0
N=c1[nH]c(C(=O)O)co1,128.087,3,3,1,1,5,90.08,-0.21463000000000038,0
N=C1N=C(O)N=C1CO,127.10299999999998,3,3,1,1,5,89.03,-0.67543,0
NCc1ncn[nH]c1=O,126.11899999999999,4,2,1,1,5,84.66,-1.3764000000000005,0
NC1=NC=C(C=O)C1=O,124.09899999999998,4,1,1,1,4,72.52,-0.9909000000000001,0
N=CN1CC(=O)OCO1,130.10299999999998,4,1,1,1,5,62.620000000000005,-0.65863,0
O=Cc1nnc(CO)o1,128.087,5,1,2,1,5,76.22,-0.6255999999999999,0
COc1n[nH]c(=O)n1C=N,142.118,5,2,2,1,6,83.75999999999999,-0.9648300000000001,0
N#CC1=NC(=O)C=C1N,121.09899999999999,3,1,0,1,4,79.24,-0.66622,0
Nc1conc(N)c1=O,127.10300000000001,5,2,0,1,5,95.13999999999999,-0.8008,0
Cc1nc(NC#N)n[nH]1,123.119,4,2,1,1,5,77.39,0.006099999999999883,0
N=C1N=C(C=O)NC1=O,125.08699999999997,3,2,1,1,5,82.38,-1.3091300000000001,0
N=CN=C1N=CN=C1N,123.119,3,2,1,1,5,86.95,-0.60893,0
NC1=CC(=O)C(O)=N1,112.088,3,2,0,1,4,75.68,-0.6743000000000001,0
N#CC1=NC(=N)N1C=O,122.08699999999999,3,1,1,1,5,80.31,-0.68475,0
CC(=O)C1=C(N)N=N1,111.10400000000001,4,1,1,1,4,67.81,0.16900000000000004,0
COC1=NC(CO)=NC1=N,141.13,4,2,1,1,5,78.03,-0.5870300000000002,0
CCn1oc(=O)[nH]c1=N,129.119,4,2,1,1,5,74.78,-0.7312300000000003,0
N#Cc1n[nH]nc1C=O,122.08699999999997,4,1,1,1,5,82.43,-0.51112,0
CC(=O)c1n[nH]c(=N)o1,127.103,4,2,1,1,5,82.74,-0.31523000000000007,0
O=C1CC(=O)C(=O)N1,113.07199999999999,3,1,0,1,4,63.24,-1.3980000000000001,0
N=C1N=CN=C1CCO,125.13099999999999,3,2,2,1,4,68.8,-0.17102999999999996,0
C#CC1(N)C=NN=N1,108.104,4,1,0,1,4,63.099999999999994,-0.2738,1
N=C1N=CNCC(=O)O1,127.10299999999998,4,2,0,1,5,74.54,-0.9041300000000001,0
N=CN1C=NC(=O)OC1,127.10299999999998,3,1,1,1,5,65.75,0.031470000000000053,0
N=C1COC(=N)C(=O)N1,127.103,4,3,0,1,5,86.03,-0.9126600000000002,0
CC(=O)C1=NC(N)=N1,111.10400000000001,4,1,1,1,4,67.81,-0.6978,0
N#CCN=C1N=NC=C1N,135.12999999999997,4,1,1,1,5,86.89,0.1743800000000001,0
N=C1OCOC(=O)C(=N)O1,144.08599999999998,6,2,0,1,6,92.46000000000001,-0.5540600000000002,0
N=C1CNC(=O)C(=O)N1,127.10299999999998,3,3,0,1,5,82.05000000000001,-1.79033,0
COC1=NC(=N)C(N)=N1,126.11900000000001,4,2,0,1,5,83.82,-0.6631300000000002,0
COc1n[nH]nc1C#N,124.103,4,1,1,1,5,74.59,-0.31502000000000013,0
Nc1coc(=O)n1C=O,128.087,5,1,1,1,5,78.22999999999999,-0.9381999999999999,0
NC(C=O)Oc1cc[nH]n1,141.12999999999997,4,2,3,1,5,81.00000000000001,-0.7278000000000007,1
CNC1=NOC(=N)C1=O,127.10299999999998,5,2,0,1,5,74.54,-0.9041300000000003,0
Cn1nc(N)c(CO)n1,128.135,5,2,1,1,5,76.96000000000001,-1.1104,0
N=C1CONC(=O)O1,116.07599999999998,4,2,0,1,5,71.41,-0.36493000000000014,0
CN=C1ON=C(N)C1=O,127.103,5,1,0,1,5,77.03999999999999,-1.1138,0
N=Cn1ccoc1=NO,127.10299999999998,5,2,1,1,5,74.51,-0.17382999999999987,0
NC(=O)c1ncon1,113.076,4,1,1,1,5,82.01,-0.8315000000000003,0
N=C1COC(=N)NCO1,129.119,4,3,0,1,5,78.19,-0.5076600000000002,0
N=C1OC(=O)C(=O)O1,115.04399999999998,5,1,0,1,5,76.45,-0.9788300000000001,0
COC1=NC(N)=NC1=N,126.11900000000001,4,2,0,1,5,83.82,-0.66313,0
N=CC1=NC(N)=NC1=O,124.10300000000001,4,2,1,1,5,91.66,-1.0681300000000002,0
N=CN1C=NCC(=O)N1,126.11899999999999,3,2,1,1,5,68.55,-1.0314300000000003,0
N=C1OCNC(=O)CO1,130.10299999999998,4,2,0,1,5,71.41,-0.9583300000000003,0
NC(=O)C1=NC(N)=N1,112.09200000000001,4,2,1,1,5,93.83,-1.8014999999999999,0
Nc1n[nH]cc1CCO,127.14699999999998,3,3,2,1,4,74.92999999999999,-0.4733000000000002,0
N=COc1ncnc(=N)o1,140.102,6,2,2,1,6,95.85000000000001,-0.46506,0
COc1cnc(=O)[nH]n1,127.103,4,1,1,1,5,67.87,-0.8265000000000002,0
NC1=NC(=O)C(=O)C=N1,125.08699999999997,4,1,0,1,5,84.88,-1.5188,0
CC(O)c1nc[nH]c1N,127.147,3,3,1,1,4,74.93,0.04520000000000007,1
NN=C1NC(=O)N=C1CO,142.118,4,3,1,1,6,100.07,-1.5849000000000002,0
NCC1=NN=C1C=CO,125.13099999999996,4,2,2,1,4,70.97,-0.17260000000000014,0
N=CN1OCC1C(=N)O,129.119,3,3,2,1,5,80.4,-0.25545999999999985,1
CNC(=O)C1=NN=C1O,127.103,3,2,1,1,5,74.05,-0.9415000000000002,0
NCC1=NC(=O)N=C1N,126.119,3,2,1,1,5,93.83,-1.1231,0
N#CCc1noc(N)n1,124.10300000000001,5,1,1,1,5,88.73,-0.28212000000000004,0
N=C1N=C(C(N)C=O)O1,127.10299999999998,4,2,2,1,5,88.53000000000002,-1.12393,1
N=C1OCC(=O)OC1=N,128.087,5,2,0,1,5,83.22999999999999,-0.48566000000000015,0
CNc1cc(=O)on1N,129.119,5,2,1,1,5,73.19,-0.8032000000000001,0
Cn1cnc(=O)c(N)n1,126.119,5,1,0,1,5,73.8,-1.2425000000000004,0
NC1=NN=C1C=NC=O,124.10299999999998,4,1,2,1,5,80.16999999999999,-1.0596,0
N=C1C(=O)OC=C1N,112.088,4,2,0,1,4,76.17,-0.63693,0
COC1=NC(=N)C(N)=N1,126.11900000000001,4,2,0,1,5,83.82,-0.6631300000000002,0
NC=C1C(=O)N=CN1N,126.119,4,2,0,1,5,84.71000000000001,-1.4692999999999998,0
N=Cc1nnoc1C=O,125.08699999999997,5,1,2,1,5,79.84,-0.12023,0
N=c1nc(CO)c(N)no1,142.118,6,3,1,1,6,109.02,-1.3764299999999998,0
N=C1COC(=N)OCO1,130.103,5,2,0,1,5,75.39,-0.08066000000000012,0
O=C1CC(=O)C(=O)N1,113.07199999999999,3,1,0,1,4,63.24,-1.3980000000000001,0
N=CNC1=CN1C(=O)O,127.10299999999998,2,3,2,1,5,76.19,-0.024429999999999952,0
N#Cc1nc(N)c(N)o1,124.10300000000001,5,2,0,1,5,101.86,-0.2893200000000002,0
N=CC1NC(=O)C(=N)O1,127.103,4,3,1,1,5,86.03000000000002,-0.9142600000000001,1
Cn1cnc(NC=O)c1,125.13099999999997,3,1,2,1,4,46.92,-0.01160000000000011,0
CC(=O)C1=NC(N)=N1,111.10400000000001,4,1,1,1,4,67.81,-0.6978,0
NC1COC(=O)C(=O)CN1,144.13,5,2,0,1,5,81.42,-2.013299999999999,1
NC1=CC(=O)C(N)=N1,111.10400000000001,4,2,0,1,4,81.47,-1.2735999999999998,0
CN=C1N=CC(CO)=N1,125.13099999999999,2,1,1,1,4,57.31,-0.5101,0
CC(=O)C1=NC(=N)N=N1,124.10300000000001,3,1,1,1,5,78.0,0.3744700000000001,0
O=Cc1cn[nH]c1CO,126.11499999999998,3,2,2,1,4,65.98,-0.2855,0
COC1=NCC(=N)OCO1,144.13,5,1,0,1,5,63.900000000000006,-0.02962999999999999,0
CCN=C1C=NOC1=N,125.13099999999999,4,1,1,1,4,57.800000000000004,0.4405700000000001,0
N=C1OCOC(=O)CO1,131.087,5,1,0,1,5,68.61,-0.5313300000000001,0
NC(=O)C1=NC(=O)C=N1,125.08699999999999,3,1,1,1,5,84.88000000000001,-1.5188,0
N=CN1N=C1C(=N)OCO,142.118,5,3,3,1,6,92.53,-0.8337600000000001,0
CN=C1N=C(C#N)N1N,123.11900000000001,3,1,0,1,5,77.77,-0.91642,0
N=C1NC(=O)CNCO1,129.119,4,3,0,1,5,74.21000000000001,-1.3853300000000002,0
N=C1N=COC(=O)CCO1,142.114,4,1,0,1,5,71.74,-0.08702999999999994,0
CC(O)C1=NN=C1O,114.104,3,2,1,1,4,65.18,-0.30670000000000003,1
NC1=NC(=O)C(=O)C=N1,125.08699999999997,4,1,0,1,5,84.88,-1.5188,0
N=CNC1=NC=NC1=O,124.103,3,2,1,1,5,77.67,-0.8499300000000001,0
N=CCc1nocc1N,125.131,4,2,2,1,4,75.9,0.44887000000000005,0
Cc1nc(N)nn1C=O,126.119,5,1,1,1,5,73.8,-0.7929800000000002,0
N=C1OCOC1=NCO,130.103,5,2,1,1,5,74.9,-0.6837300000000002,0
N=CN1C=NC(C=O)O1,127.10299999999997,4,1,2,1,5,65.75,-0.6060300000000001,1
CC(=O)C1=NOC1=N,112.088,4,1,1,1,4,62.51,-0.06112999999999996,0
CN=C1OCOC(=N)O1,130.103,5,1,0,1,5,63.900000000000006,-0.07212999999999997,0
COc1cn[nH]c(=O)n1,127.103,4,1,1,1,5,67.87,-0.8265,0
N=C1OCN=C1CNC=O,141.13,4,2,3,1,5,74.53999999999999,-0.8616300000000003,0
N=C1NC(=O)N1CC=O,127.103,3,2,2,1,5,73.26,-0.85473,0
Nc1ccnn1CC=O,125.131,4,1,2,1,4,60.91,-0.3358000000000001,0
C#Cc1n[nH]c(N)[n+]1[O-],124.103,3,2,0,1,5,81.64,-1.3933999999999997,0
COc1nc[nH]c1OC#N,139.11399999999998,4,1,2,1,5,70.93,0.27817999999999987,0
N#CCOC1=NN=C1N,124.10300000000001,5,1,1,1,5,83.75999999999999,-0.78912,0
CN=C1N=C(N)C(=O)N1,126.119,3,2,0,1,5,79.84,-1.540799999999999,0
N#CC1C=NC(=N)N1N,123.11900000000001,3,2,0,1,5,89.26,-0.9265500000000002,1
Cc1nnc(CO)c(=N)o1,141.13,5,2,1,1,5,83.00000000000001,-0.65021,0
COc1nncnc1N,126.119,5,1,1,1,5,73.92,-0.5376000000000001,0
O=CC1C(=O)NC1=O,113.07199999999999,3,1,1,1,4,63.24,-1.5421,0
N=C1C=NC(O)C(=O)O1,128.087,5,2,0,1,5,82.74,-1.0903300000000002,1
O=C1C=C(CO)N=[N+]1[O-],128.08700000000002,4,1,1,1,5,75.72999999999999,-0.6347,0
N=C1COC(=N)C(=N)O1,127.103,5,3,0,1,5,90.01,-0.034989999999999966,0
N=C1C=NN=C1N,96.093,4,2,0,1,4,74.59,-0.63723,0
N=c1occ(N)oc1=N,127.10300000000001,5,3,0,1,5,100.0,-0.58626,0
N=C1ON=C(F)C1=N,115.067,4,2,0,1,5,69.28999999999999,0.29664,0
N=C1N=CC(N)=C1CO,125.131,3,3,1,1,4,82.46000000000001,-0.7468300000000003,0
Nc1cnnc(=O)n1CO,142.11800000000002,6,2,1,1,6,94.03000000000002,-1.8297,0
NC(=O)C1=NOC1=O,114.05999999999999,4,1,1,1,5,81.75,-1.6155,0
N=c1onc(C=O)n1O,129.075,6,2,1,1,6,92.11,-0.9946300000000001,0
O=C1N=NC=C1CO,112.08799999999998,3,1,1,1,4,62.019999999999996,-0.145,0
CNC1=NC(=O)N=C1N,126.119,3,2,0,1,5,79.84,-0.9049,0
CN=C1N=C(N)C(=N)O1,126.119,4,2,0,1,5,83.82000000000001,-0.66313,0
NC(=O)c1cnon1,113.076,4,1,1,1,5,82.01,-0.8315000000000001,0
N=C1OC(C=O)C1=O,113.07199999999999,4,1,1,1,4,67.22,-0.8695300000000001,1
N=C1NC(=N)C(=O)O1,113.076,4,3,0,1,5,86.03000000000002,-0.95516,0
O=CC(=O)c1cnon1,126.071,5,0,2,1,5,73.06,-0.5488000000000002,0
NC=C1CC(=O)OCO1,129.11499999999998,4,1,0,1,4,61.55000000000001,-0.2925,0
N=CC1=NC(N)=CC1=O,123.115,4,2,1,1,4,79.30000000000001,-0.5402300000000002,0
CC1=NC(N)=NC1=N,110.12,3,2,0,1,4,74.59,-0.24712999999999996,0
O=C1OC=NC1=CCO,127.09899999999998,4,1,1,1,4,58.89,-0.5523,0
COC1=NC(=N)OC1=N,127.103,4,2,0,1,5,78.52000000000001,-0.02646000000000004,0
N=C1CN=CNC(=O)N1,126.11899999999999,3,3,0,1,5,77.34,-0.6952300000000002,0
O=C1N=NC(CO)=N1,113.076,3,1,1,1,5,74.38,-0.03699999999999992,0
N=C1OCC(=O)C(=N)O1,128.087,5,2,0,1,5,83.23,-0.48566000000000015,0
N=Cn1cc(C(=N)O)o1,127.10299999999998,4,3,2,1,5,86.0,0.41964000000000007,0
O=CC(O)C1=NNC1=O,128.08700000000002,4,2,2,1,5,78.75999999999999,-1.9680000000000004,1
NCc1oncc1N,113.11999999999999,4,2,1,1,4,78.07,-0.2845000000000001,0
N=CNC1COC(=O)N1,129.119,3,3,2,1,5,74.21,-0.7510300000000001,1
N=CN1CCOC(=N)O1,129.119,4,2,1,1,5,69.4,-0.2079600000000001,0
NCn1c(N)nncc1=O,141.13400000000001,6,2,1,1,6,99.82,-1.8633,0
NC1(C(=O)O)NCO1,118.092,4,3,1,1,5,84.58000000000001,-1.7392000000000003,1
CC1=NNC(=N)OC=N1,126.11899999999999,4,2,0,1,5,69.83,-0.09733000000000003,0
N=C1C=C(O)N1NC=O,127.10299999999998,3,3,2,1,5,76.42,-0.6603300000000001,0
Cc1nnc(CO)n1N,128.135,5,2,1,1,5,76.96000000000001,-1.2073800000000001,0
CC1=NC(CCO)=C1N,126.15899999999999,3,2,2,1,3,58.61,0.013600000000000223,0
N=Cn1cnc(=O)oc1=N,140.10199999999998,6,2,1,1,6,95.72999999999999,-1.22906,0
CC1NC(=O)C(=O)O1,115.08799999999998,3,1,0,1,4,55.400000000000006,-0.9946000000000002,1
N=C1NC(=O)COC1=N,127.103,4,3,0,1,5,86.03,-0.9126600000000002,0
C#CC(=O)N1OC1=N,110.07199999999999,3,1,0,1,4,56.46,-0.6718300000000001,0
NC1=NC(=O)N=C1CO,127.10299999999998,3,2,1,1,5,88.04,-1.0895000000000001,0
NC1=NC(=O)C(C=O)=N1,125.08699999999997,4,1,1,1,5,84.88,-1.5188,0
CC(=O)C1N=C(O)O1,115.08799999999998,3,1,1,1,4,58.89,-0.15430000000000005,1
CN=C1C=NC(CO)=N1,125.13099999999999,3,1,1,1,4,57.31,-0.5101000000000002,0
N=C1C=NC(F)=NC1=N,126.09400000000001,3,2,0,1,5,72.42,0.39334,0
O=C1C=C(O)C(CO)=N1,127.09899999999999,3,2,1,1,4,69.89,-0.5982000000000001,0
CNN1C(=N)N=C1OC,128.135,3,2,1,1,5,60.71000000000001,-0.62643,0
NC1=NC(N)=C(N)C1=O,126.119,5,3,0,1,5,107.48999999999998,-1.9872,0
Nc1nc(C=O)oc1N,127.10299999999998,5,2,1,1,5,95.14,-0.3485,0
N=C1COC(=N)OCCO1,144.13,5,2,0,1,5,75.39,-0.038160000000000194,0
COC(=O)c1nc[nH]n1,127.10300000000001,4,1,1,1,5,67.87,-0.4087,0
N=C1NC(=O)OCC1=O,128.087,4,2,0,1,5,79.25,-0.72743,0
N=C1OCNC(=O)CO1,130.10299999999998,4,2,0,1,5,71.41,-0.9583300000000003,0
N=C1C=NC(C=O)=N1,109.088,3,1,1,1,4,65.64,-0.35453,0
N=COC1=NCC1=NO,127.103,5,2,1,1,5,78.03,-0.1476300000000001,0
C#CCn1ncnc1N,122.131,4,1,1,1,4,56.730000000000004,-0.5065000000000002,0
CN=c1nc(N)c1=O,111.104,4,1,0,1,4,68.34,-1.5698999999999999,0
N=C1COC(=N)N1C=O,127.103,4,2,1,1,5,77.24000000000001,-0.6129600000000002,0
CC(=O)c1n[nH]nc1N,126.11900000000001,4,2,1,1,5,84.66,-0.41050000000000003,0
N=Cc1nc(C=O)n[nH]1,124.103,4,2,2,1,5,82.49000000000001,-0.38513000000000014,0
CNC(=O)C1=CN=C1N,125.131,3,2,1,1,4,67.48,-1.0129,0
N=C1OC(C=O)OC1=O,129.071,5,1,1,1,5,76.44999999999999,-0.9379300000000002,1
N=C1OC=NC(=O)CO1,128.087,4,1,0,1,5,71.74,-0.47713000000000005,0
NCC(=O)C1=CN=C1N,125.131,4,2,2,1,4,81.47,-1.2311000000000003,0
CC1=NC(=N)N=C1N,110.12,2,2,0,1,4,74.59,-0.24712999999999996,0
Cc1ncc(=O)[nH][n+]1[O-],127.103,3,1,0,1,5,72.69,-1.2882800000000003,0
CN=C1N=C(N)C(=O)N1,126.119,3,2,0,1,5,79.84,-1.540799999999999,0
N=C1N=COCOC1=N,127.103,4,2,0,1,5,78.52000000000001,-0.026460000000000095,0
Nc1ncc(C=O)n1N,126.119,5,2,1,1,5,86.92999999999999,-1.0084000000000004,0
CNCc1nc(=N)c1=O,125.13099999999999,4,2,2,1,4,65.84,-1.48373,0
COc1ncnc(=O)[nH]1,127.103,4,1,1,1,5,67.87,-0.8265,0
CN=C1C=NC(C=O)=N1,123.11499999999998,3,0,1,1,4,54.15,-0.3035000000000001,0
N=C1OCN=C(CO)O1,130.10299999999998,5,2,1,1,5,74.9,-0.6837300000000002,0
N=CC1=NC(=N)N=C1N,123.11900000000001,3,3,1,1,5,98.44,-0.6174600000000001,0
NCc1nn(C=O)c(=O)[nH]1,142.11799999999997,5,2,2,1,6,93.76999999999998,-1.9315999999999995,0
Cc1onnc1CO,114.10399999999998,4,1,1,1,4,59.150000000000006,-0.12968000000000007,0
N=C(N)C1=CN=NC1=O,124.103,3,2,1,1,5,91.66,-0.20132999999999995,0
Nc1ocnc1C=O,112.08799999999998,4,1,1,1,4,69.12,0.06930000000000014,0
N=C1COC(=N)C(=O)N1,127.103,4,3,0,1,5,86.03,-0.9126600000000002,0
N=C1N=COC(O)=CO1,128.087,4,2,0,1,5,74.9,0.35317,0
C#CC(=N)c1cnon1,121.09899999999999,4,1,1,1,4,62.77,0.07066999999999996,0
NC(=O)c1cn(O)cn1,127.10299999999998,4,2,1,1,5,81.14,-0.7807000000000002,0
N#CCc1n[nH]c(N)n1,123.11900000000001,4,2,1,1,5,91.38,-0.5470200000000003,0
Cc1nc(N)nn1C=N,125.135,5,2,1,1,5,80.58,-0.3761100000000001,0
COc1nc(C=O)n[nH]1,127.103,4,1,2,1,5,67.87,-0.37420000000000025,0
Cc1coc(NC#N)n1,123.11500000000001,4,1,1,1,4,61.85,0.8759999999999999,0
N#CCn1ncoc1=O,125.08699999999997,5,0,1,1,5,71.82,-0.64012,0
N=CN1NCOC1=O,115.09199999999998,4,2,1,1,5,65.42000000000002,-0.49222999999999995,0
C#CCn1nnc(N)n1,123.11900000000001,5,1,1,1,5,69.62,-1.1115000000000002,0
O=CC1OC(=O)NC1=O,129.071,4,1,1,1,5,72.47,-1.1797000000000002,1
N=C1OC(=N)N1CC=O,127.103,4,2,2,1,5,77.24000000000001,-0.6129600000000002,0
CC1=C(F)C(=O)N=N1,114.07900000000001,2,0,0,1,4,41.79,1.1798,0
Nc1cnnc(N)c1N,125.13500000000002,5,3,0,1,5,103.83999999999999,-0.7767999999999999,0
NC1=NC(C(=O)O)=N1,113.07599999999998,4,2,1,1,5,88.03999999999999,-1.2022000000000002,0
N=C1N=C(N)N=C1C=O,124.103,4,2,1,1,5,91.66,-1.06813,0
N=C(N)C1=NOC1=O,113.076,4,2,1,1,5,88.53,-1.16483,0
N=CN1CN=C(C=O)O1,127.10299999999997,4,1,2,1,5,65.75,-0.6044300000000002,0
N#CC1OC(N)=NCC1=O,139.114,5,1,0,1,5,88.47,-1.2074200000000002,1
Nc1conc1C=NCO,141.13000000000002,5,2,2,1,5,84.64,-0.3745,0
NN=C1OCC(=O)CO1,130.103,5,1,0,1,5,73.91000000000001,-1.1680000000000001,0
O=Cc1nc(CO)n[nH]1,127.103,4,2,2,1,5,78.87,-0.8905000000000003,0
CCN1NCC(=O)NC1=O,143.146,3,2,1,1,5,61.440000000000005,-0.9373,0
NC1=NC(=O)N=C1C=O,125.08699999999997,3,1,1,1,5,84.88,-0.8829,0
N=C(ON)C1CNC=CO1,143.146,5,3,1,1,5,80.36,-0.6864300000000003,1
N=C1NC(=O)N1C=NO,128.091,4,3,1,1,6,88.78000000000002,-0.6361299999999999,0
Nc1cnc(C=O)nc1N,138.12999999999997,5,2,1,1,5,94.89,-0.5465,0
NC(=O)C(=O)C1N=CN1,127.10299999999998,4,2,2,1,5,84.55000000000001,-2.0016,1
CC1(N)NC(=O)C1=O,114.10399999999998,3,2,0,1,4,72.19,-1.6398000000000001,1
N=C1NC(CO)=NC1=O,127.103,3,3,1,1,5,85.53999999999999,-1.51573,0
CCc1n[nH]nc1N=O,126.11899999999999,4,1,2,1,5,71.0,0.7649999999999999,0
COc1nn[nH]c1C=O,127.10299999999998,4,1,2,1,5,67.87,-0.37420000000000025,0
NCc1n[nH]c[n+]([O-])c1=O,142.11799999999997,4,2,1,1,6,98.71000000000001,-2.138,0
N=CCN1C(=N)OC1=O,127.10299999999998,4,2,2,1,5,77.24000000000001,0.022940000000000016,0
N=CC1=NC(=O)NC1=N,124.103,3,3,1,1,5,89.16,-0.22255999999999998,0
CC(O)C1=NN=C1N,113.12000000000002,4,2,1,1,4,70.97,-0.9060000000000001,1
NC(=O)OC1=CN=C1N,127.10300000000001,4,2,1,1,5,90.7,-0.7061,0
N=C1CC(=N)OC(=N)O1,127.10299999999998,5,3,0,1,5,90.01,0.31261,0
N=C1OC(=N)C(=O)O1,114.05999999999999,5,2,0,1,5,83.23,-0.5281600000000002,0
CC(O)C1=C(O)N=N1,114.104,4,2,1,1,4,65.18,0.5601,1
O=CC1COC(=O)CO1,130.099,4,0,1,1,4,52.60000000000001,-0.8727,1
CN=C1NC(=O)NC1=O,127.10299999999998,3,2,0,1,5,70.56,-1.1459000000000001,0
N=C(O)c1coc(=N)[nH]1,127.10299999999998,3,4,1,1,5,96.85999999999999,-0.02945999999999993,0
N=CC1=NC(=O)C(N)=N1,124.10300000000001,4,2,1,1,5,91.66,-1.06813,0
N#CC(N)C1=COCN1,125.13099999999999,4,2,1,1,4,71.07000000000001,-0.7440200000000001,1
N#CC1N=NC(C=O)N1,124.10299999999998,5,1,1,1,5,77.61,-0.58352,2
NC1=CC(=O)N=C1N,111.10400000000001,3,2,0,1,4,81.47,-1.2736000000000003,0
CC(=O)n1cnc(N)n1,126.11900000000001,5,1,0,1,5,73.8,-0.47959999999999997,0
C#CC(N)C1=NN=N1,108.10400000000001,4,1,1,1,4,63.099999999999994,-0.27379999999999993,1
N=C1COC(=O)OC(=N)O1,144.08599999999998,6,2,0,1,6,92.46,0.08183999999999991,0
N=CC1=NN=CC1=N,108.10399999999998,4,2,1,1,4,72.42,0.09614,0
N=C1NC(=O)C(C=O)N1,127.10299999999998,3,3,1,1,5,82.05000000000001,-1.7919299999999998,1
NC(=O)C1=NC(=O)N=C1,125.08699999999999,2,1,1,1,5,84.88000000000001,-0.8829,0
Nc1cnn(C=O)c1O,127.10299999999998,5,2,1,1,5,81.14,-0.7908000000000002,0
Cc1nc(N)nn1C=O,126.119,5,1,1,1,5,73.8,-0.7929800000000002,0
CCn1nnc(CO)n1,128.135,5,1,2,1,5,63.83,-0.8147,0
N=C1OCC(=O)C(=N)O1,128.087,5,2,0,1,5,83.23,-0.48566000000000015,0
Nc1nc(C=O)c(N)o1,127.10299999999998,5,2,1,1,5,95.14,-0.3485,0
N=c1occ(N)n1C=O,127.10300000000001,5,2,1,1,5,85.00999999999999,-0.8189300000000002,0
N=CN1C(=N)COC1=N,126.11899999999999,4,3,1,1,5,84.02000000000001,-0.1622900000000002,0
N=CN1COC1(O)C=N,129.11899999999997,4,3,2,1,5,80.4,-0.8211600000000003,1
CCN1C=NN=C(O)N1,128.135,4,2,1,1,5,60.22,-0.3162,0
CNC1=NC(C#N)C(=N)O1,138.13,5,2,0,1,5,81.26,-0.5385500000000003,1
CN=C1N=C(O)N=C1N,126.119,3,2,0,1,5,83.33,-0.7004999999999999,0
N=Cn1[nH]c(=O)[nH]c1=N,127.10699999999999,4,4,1,1,6,101.28,-1.56086,0
N=CN1CC(=N)NC1=O,126.11899999999999,3,3,1,1,5,80.04,-0.40406000000000003,0
N=COC1=NN=C1N,112.09200000000001,5,2,1,1,5,83.82,-0.70563,0
CC(=O)c1cn[nH][n+]1[O-],127.103,3,1,1,1,5,72.69,-0.7543,0
Nc1coc(=O)n1C=O,128.087,5,1,1,1,5,78.22999999999999,-0.9381999999999999,0
O=Cc1nn(C=O)[nH]1,113.07599999999998,4,1,2,1,5,67.75,-0.9380000000000002,0
COC1=NN=C1C=N,111.10399999999998,4,1,1,1,4,57.800000000000004,0.05046999999999996,0
CNC1=C(N)C(=O)N=N1,126.11900000000001,4,2,1,1,5,79.83999999999999,-0.6740000000000002,0
CCN1OC(=N)C1=O,114.10399999999998,3,1,1,1,4,53.39,-0.24263000000000007,0
CNC(=O)C1=NN=C1O,127.103,3,2,1,1,5,74.05,-0.9415000000000002,0
N=C1N=C(CN)N=C1N,125.13500000000002,4,3,1,1,5,100.61,-1.3083299999999998,0
N=C(O)C1=NN=C1C=O,125.08699999999999,4,2,2,1,5,85.87,-0.4688300000000001,0
N=C1OC(=O)OC1CN,130.10299999999998,5,2,1,1,5,85.39999999999999,-0.5422300000000002,1
N=C1NC(=O)C(=O)CO1,128.087,4,2,0,1,5,79.25000000000001,-1.36333,0
CN=C1NCNC(=O)O1,129.119,3,2,0,1,5,62.72,-0.7409000000000003,0
CC1NC(=N)OC(=O)O1,130.10299999999998,4,2,0,1,5,71.41,0.023570000000000202,1
N=C1N=C(C=O)N=C1N,124.103,4,2,1,1,5,91.66,-1.06813,0
N=C1OCC(=N)C(=O)O1,128.087,5,2,0,1,5,83.23,-0.48566000000000015,0
CN=C1N=CN=C1N,110.12,3,1,0,1,4,63.099999999999994,-0.5861999999999998,0
N=C1OC=NC1CO,114.10399999999998,4,2,1,1,4,65.67,-0.61693,1
N=CC1=NC(=N)OCO1,127.103,4,2,1,1,5,78.52000000000001,-0.026460000000000095,0
O=C1N=C(CO)N=C1O,128.087,3,2,1,1,5,82.25,-1.1261,0
Cn1c(C=N)n[nH]c1=N,125.13499999999999,4,3,1,1,5,81.31,-0.7746600000000003,0
N=CN1NCCNC1=N,127.151,3,4,1,1,5,75.0,-1.06196,0
N=CNc1coc(=O)o1,128.087,4,2,2,1,5,79.23,0.25176999999999994,0
N=C1CNC(=O)C(=O)O1,128.087,4,2,0,1,5,79.25000000000001,-1.3633300000000004,0
CN=C1C=NC(=O)O1,112.08799999999998,3,0,0,1,4,51.019999999999996,0.23569999999999997,0
CC(CO)C1=NN=C1N,127.14700000000002,4,2,2,1,4,70.97,-0.6584000000000001,1
N=C1NC(=NO)C1C=O,127.10299999999998,4,3,1,1,5,85.53999999999999,-0.8303300000000002,1
CCN=C1N=CN=C1N,124.147,3,1,1,1,4,63.099999999999994,-0.19609999999999983,0
NCC1=NC(=O)OC1=O,128.087,4,1,1,1,5,81.75,-0.9371,0
N=CC1=NC(=O)C(O)=N1,125.08699999999999,3,2,1,1,5,85.87,-0.46883000000000014,0
NC(=O)NC1=NC(=O)O1,129.075,3,2,0,1,6,93.78000000000002,-0.8391,0
C#CC(O)C1=NN=N1,109.08800000000002,4,1,1,1,4,57.31,-0.2402,1
N=C1NCC(C(=N)O)CO1,143.146,3,4,1,1,5,89.19000000000001,-0.30755999999999983,1
N=C1C(O)NC1C=O,114.10399999999998,4,3,1,1,4,73.18,-1.5047300000000001,2
N=C1CNC(=O)C(=N)O1,127.10299999999998,4,3,0,1,5,86.03000000000002,-0.9126600000000002,0
O=CC(O)c1cn[nH]n1,127.10300000000001,4,2,2,1,5,78.86999999999999,-0.9630000000000003,1
N=C1OCNC(=O)C1=O,128.087,4,2,0,1,5,79.25,-1.3633300000000004,0
O=CNC1=NN=CC1=O,125.08699999999999,4,1,1,1,5,70.89,-1.3006000000000002,0
Cc1nc(N)nc(=O)[nH]1,126.119,4,2,0,1,5,84.66,-0.9444800000000002,0
CC(=O)NC1=NC=N1,111.104,3,1,0,1,4,53.82,-0.4796,0
N=CN1N=CCOC1=N,126.11899999999999,4,2,1,1,5,72.53,-0.15376000000000006,0
N=C1N=CC(F)=NC1=N,126.09400000000001,2,2,0,1,5,72.42,0.39334,0
N=C1NC(=O)C(=O)CO1,128.087,4,2,0,1,5,79.25000000000001,-1.36333,0
O=Cc1nc(CO)cn1O,142.114,5,2,2,1,5,75.35,-0.5748000000000002,0
O=c1ncc(CO)n[nH]1,127.103,4,2,1,1,5,78.87,-1.3428000000000002,0
CC1=NC(=N)N=C1N,110.12,2,2,0,1,4,74.59,-0.24712999999999996,0
N=c1cn[nH]c(C=O)c1,123.11499999999997,3,2,1,1,4,69.6,-0.29833000000000043,0
CNC1=NC(=N)C(O)O1,129.11899999999997,4,3,0,1,5,77.7,-1.1123300000000005,1
CCC1=NC(=O)N=C1O,126.11499999999998,1,1,1,1,4,62.019999999999996,0.9275,0
O=CN1C(=O)N=C1CO,128.087,3,1,2,1,5,69.97,-1.0308,0
N=C1C(N)=CN=C1N,110.12,4,3,0,1,4,88.25,-0.8229300000000002,0
N=CC1=NN=C1NC=O,124.10299999999998,4,2,2,1,5,77.67,-0.8499300000000003,0
N=C1N=CC(N)=[N+]1[O-],112.09200000000001,3,2,0,1,5,88.30000000000001,-1.12693,0
COc1cn[nH]c(=O)n1,127.103,4,1,1,1,5,67.87,-0.8265,0
Cc1ncc(NC=O)nn1,138.13,4,1,2,1,5,67.77000000000001,-0.25168000000000007,0
N=CNC1COCC1=O,128.131,3,2,2,1,4,62.18,-0.84903,1
N=C1ON=C(CO)C1=O,128.087,5,2,1,1,5,82.74000000000001,-1.0887300000000002,0
CC(N)C1=NN=C1C=N,124.14699999999999,4,2,2,1,4,74.59,-0.20622999999999986,1
N=CC1=NC(N)=NC1=O,124.10300000000001,4,2,1,1,5,91.66,-1.0681300000000002,0
N#CC1=NN=C1NC=O,122.08699999999997,4,1,1,1,5,77.61,-0.9759200000000001,0
N=CC1=NC(=O)C(N)=N1,124.10300000000001,4,2,1,1,5,91.66,-1.06813,0
Nc1ncnc(C=O)n1,124.10299999999998,5,1,1,1,5,81.76,-0.7337,0
N=CC(N)C1=NOC1=O,127.103,5,2,2,1,5,88.53,-1.12393,1
N=C1NCOC(=O)N1,115.092,3,3,0,1,5,74.21,-0.79193,0
N=CN1C=C(O)OC=N1,127.10299999999998,4,2,1,1,5,68.91000000000001,0.22587000000000002,0
CN=C1N=CN(CO)C1=O,141.13,3,1,1,1,5,65.25999999999999,-1.165,0
Cn1nc(C=O)nc1N,126.119,5,1,1,1,5,73.8,-0.7902,0
N=C1OC=NC(=O)CO1,128.087,4,1,0,1,5,71.74,-0.47713000000000005,0
N=C1C=NC(N)=NC1=N,123.11900000000001,4,3,0,1,5,98.44,-0.6174600000000001,0
N=C1OCNCC(=O)O1,130.10299999999998,5,2,0,1,5,71.41,-0.9583300000000003,0
N=C1N=C(N)N=C1C=O,124.103,4,2,1,1,5,91.66,-1.06813,0
Cc1n[nH]c(=N)nc1N,125.135,4,3,0,1,5,91.44,-0.82521,0
CNC1=NC(=N)C(=O)O1,127.10299999999998,4,2,0,1,5,74.54,-0.9041300000000003,0
N=C1OC(CO)=C1C=O,127.09899999999998,4,2,2,1,4,70.38,-0.5608300000000002,0
N=C1OCC(=N)C(=O)O1,128.087,5,2,0,1,5,83.23,-0.48566000000000015,0
N=CC(N)C1=NC(=N)O1,126.119,4,3,2,1,5,95.31000000000002,-0.67326,1
N=C1NCC(=O)NC1=O,127.103,3,3,0,1,5,82.05000000000001,-1.79033,0
Cc1noc(=O)c(N)n1,127.10300000000001,5,1,0,1,5,82.01,-0.6795800000000003,0
CN=C1OC(N)=CC1=N,125.131,4,2,0,1,4,71.46000000000001,-0.13522999999999985,0
N=c1[nH]c(O)coc1=N,127.10299999999998,4,4,0,1,5,96.86000000000001,-0.7277600000000002,0
N=C1NC(N)=CC1=O,111.104,3,3,0,1,4,78.97,-1.0639299999999998,0
NC(=O)C1=NC(=O)O1,114.05999999999999,3,1,1,1,5,81.75000000000001,-0.9796,0
N=C1NC(=N)OCO1,115.092,4,3,0,1,5,78.19000000000001,-0.55016,0
N=CC1=NC(N)=NC1=N,123.11900000000001,4,3,1,1,5,98.44,-0.6174600000000001,0
N=C1OCC(=O)C1=O,113.07199999999999,4,1,0,1,4,67.22,-0.8679300000000001,0
COC1=NC(N)=NC1=O,127.10300000000001,4,1,0,1,5,77.03999999999999,-1.1138000000000001,0
N=C1N=C(N)N=C1C=O,124.103,4,2,1,1,5,91.66,-1.06813,0
N=C1CC(=O)C(=N)OCN1,141.13,4,3,0,1,5,86.03000000000002,-0.5225600000000004,0
NC1=C(OC=O)C(=O)O1,129.071,5,1,2,1,5,78.62,-1.1560000000000001,0
NC1=CC(=O)N=C1N,111.10400000000001,3,2,0,1,4,81.47,-1.2736000000000003,0
N=C1N=C(N)N=C1C=O,124.103,4,2,1,1,5,91.66,-1.06813,0
COC1=CC(=N)N1N,113.12000000000002,3,2,1,1,4,62.34,-0.3592300000000001,0
COc1nc(N)[nH][n+]1[O-],130.10700000000003,4,2,1,1,6,90.87,-1.3660999999999994,0
N=C1N=NC(CCO)=N1,126.119,3,2,2,1,5,81.16,0.16787000000000007,0
N=CN1COCOC1=O,130.10299999999998,4,1,1,1,5,62.62000000000001,-0.022729999999999917,0
N=C1COCNC(=N)O1,129.119,4,3,0,1,5,78.19000000000001,-0.5076600000000004,0
N=C1OCCC(=O)OC1=N,142.114,5,2,0,1,5,83.22999999999999,-0.09556000000000026,0
N=C1N=C(CO)N=C1N,126.119,4,3,1,1,5,94.82,-1.2747300000000001,0
N=C1NCOCC1C=O,128.131,3,2,1,1,4,62.18,-0.6439300000000001,1
CN=C1NCOC(=N)O1,129.119,4,2,0,1,5,66.7,-0.49913000000000024,0
NCC(=O)C1=NC(=O)N1,127.103,3,2,2,1,5,84.55000000000001,-1.3641,0
Cn1oc(=N)nc1C=N,126.119,5,2,1,1,5,78.66,-0.50976,0
O=CC1CC(=NO)CO1,129.115,4,1,1,1,4,58.89,-0.19559999999999994,1
CC(O)N1N=C(N)C1=N,128.13500000000002,4,3,1,1,5,85.69999999999999,-1.11023,1
Nc1c[nH]ncc1=NC=O,138.13,3,2,1,1,5,84.13,-0.9510000000000003,0
CC(O)C1=NC(=O)N=C1,126.115,2,1,1,1,4,62.02,0.0126,1
NC1=CN=C(N)C1=O,111.104,4,2,0,1,4,81.47,-1.2735999999999998,0
CN=C1COC(=N)C1O,128.13099999999997,4,2,0,1,4,65.67,-0.5744299999999999,1
N=C1C=NC(=N)N1N,111.10800000000002,3,3,0,1,5,89.32000000000001,-0.8414600000000001,0
COC1=NC(=N)OC1=O,128.087,4,1,0,1,5,71.74000000000001,-0.47713,0
N=C1OC(N)CN=C1C=O,141.13,5,2,1,1,5,88.53,-1.0814300000000001,1
C#Cc1nnoc1N,109.088,4,1,0,1,4,64.94,-0.36689999999999995,0
CN=C1NC(=O)N1C=O,127.10299999999998,3,1,1,1,5,61.77,-0.8462000000000001,0
N=C1COC(=N)C(=O)O1,128.087,5,2,0,1,5,83.23,-0.48566000000000015,0
N#CC(N)C1=NC(O)=N1,124.103,4,2,1,1,5,94.76,-0.8366199999999999,1
NC(=O)C1N=CC(N)=N1,126.119,4,2,1,1,5,93.83,-1.7605999999999993,1
N=C1CNC(=O)CCN1,127.14699999999999,2,3,0,1,4,64.98,-0.9268300000000003,0
N=CC1=NC(=N)N=N1,109.09200000000001,3,2,1,1,5,84.78,0.43504,0
CN=C(O)N1N=CC1=N,126.119,3,2,0,1,5,72.04,-0.19112999999999974,0
N=C1OCC(C(=N)O)O1,130.10299999999998,4,3,1,1,5,86.39,-0.12816000000000005,1
Cc1nc(NC=O)n[nH]1,126.11899999999999,3,2,2,1,5,70.67,-0.31858000000000025,0
N=CNc1conc1N,126.119,4,3,2,1,5,87.93,0.27577,0
N=C1COC(=O)C1=NO,128.087,5,2,0,1,5,82.74,-0.60683,0
N=CN1CC(=O)NC1=O,127.10299999999998,3,2,1,1,5,73.26,-0.85473,0
NC1=C(F)C(=O)N=C1,114.079,2,1,0,1,4,55.45,-0.26279999999999987,0
CN=C1ON=C(N)C1=O,127.103,5,1,0,1,5,77.03999999999999,-1.1138,0
CN=C1ON=C1C=O,112.08799999999998,4,0,1,1,4,51.02,-0.4001999999999999,0
N=C1NN=C1C=NCO,126.11899999999999,4,3,2,1,5,80.83,-1.0565300000000002,0
N=C1C(=O)NN=C1CO,127.103,4,3,1,1,5,85.54,-1.51573,0
N=C1NC(=O)OC=C(O)O1,144.08599999999998,5,3,0,1,6,91.64000000000001,0.03447000000000022,0
N=C1N=C(CO)N=C1N,126.119,4,3,1,1,5,94.82,-1.2747300000000001,0
NC1=NOC=NC1=CO,127.10299999999998,5,2,0,1,5,80.2,-0.28350000000000014,0
N=CN1C=NNC=C1N,125.13499999999999,4,3,1,1,5,77.5,-0.8004300000000002,0
C#CC(O)c1cnno1,124.099,4,1,1,1,4,59.150000000000006,-0.2638,1
CC1=NC(C(=N)O)O1,114.10399999999998,3,2,1,1,4,65.67,0.29637,1
NC1=CON=CC=NC1N,140.146,5,2,0,1,5,85.99,-0.8418999999999999,1
O=Cc1nc(CO)n[nH]1,127.103,4,2,2,1,5,78.87,-0.8905000000000003,0
NC1=NC(=O)C(N)=N1,112.092,4,2,0,1,5,93.83,-1.8014999999999999,0
CN=C(O)C1=NN=N1,112.09200000000001,4,1,1,1,5,69.67,0.35200000000000004,0
N=Cn1cnc(N)c1O,126.11899999999999,5,3,1,1,5,87.92,-0.37392999999999993,0
Cn1cnc(=N)c(=O)[nH]1,126.11899999999999,4,2,0,1,5,74.53,-1.4121299999999999,0
COC1=CC(=O)N=C1O,127.09899999999999,2,1,1,1,4,58.89,0.013400000000000023,0
NCC1=C(N)C(=O)N=N1,126.119,4,2,1,1,5,93.83,-0.8922000000000001,0
N=CC1NC(=N)N=CO1,126.119,3,3,1,1,5,81.32000000000001,-0.45506000000000024,1
COc1nc(C=N)n[nH]1,126.119,4,2,2,1,5,74.65,-0.18903000000000014,0
NC(CC=O)n1cno1,129.119,5,1,3,1,5,74.05000000000001,-0.47760000000000047,1
N#CC1(N)CC(=O)CO1,126.11499999999998,4,1,0,1,4,76.11,-0.84562,1
N=C1OCN=CNC1=O,127.10299999999998,4,2,0,1,5,74.53999999999999,-0.9041300000000003,0
N=C1NCNC(=O)CN1,128.135,2,4,0,1,5,77.01,-1.8123299999999993,0
N=CN1CCNC(=O)OC1,143.146,3,2,1,1,5,65.42,-0.40723,0
NC1=NC(C=O)=NC1=O,125.08699999999997,4,1,1,1,5,84.88,-1.5188,0
N=C1N=CN=C1C=O,109.08799999999998,3,1,1,1,4,65.64,-0.35453,0
N=C1C=NC(=O)N=CC1,123.115,2,1,0,1,4,65.64,0.67147,0
Cn1nc(O)c(C=O)n1,127.10299999999998,5,1,1,1,5,68.00999999999999,-0.6668000000000001,0
N=CN,44.056999999999995,1,2,0,0,2,49.870000000000005,-0.4478299999999999,0
N=c1[nH]c(=O)c(O)co1,128.087,4,3,0,1,5,90.08,-0.84703,0
N#CCC(=O)OC1=NC1,124.09899999999999,4,0,1,1,4,62.45,-0.14462000000000008,0
CN1OC(=N)COC1=N,129.119,4,2,0,1,5,69.4,-0.2079600000000001,0
N=C1N=COCOC1=O,128.087,4,1,0,1,5,71.74000000000001,-0.47713000000000005,0
NC1=NC(=O)C(C=O)=N1,125.08699999999997,4,1,1,1,5,84.88,-1.5188,0
CC(C#N)n1nc(N)o1,126.119,5,1,1,1,5,80.77,0.14288,1
Nc1nncnc1C=O,124.10299999999998,5,1,1,1,5,81.75999999999999,-0.7337000000000002,0
N=C1ON=C(N)C1=O,113.076,5,2,0,1,5,88.53,-1.16483,0
N#CC1=NC(N)=NC1=N,121.10300000000001,4,2,0,1,5,98.38,-0.7434500000000002,0
N#CCNc1cn[nH]n1,123.119,4,2,2,1,5,77.39,-0.25982000000000033,0
N=C1OC(=O)NC1=O,114.05999999999999,4,2,0,1,5,79.25,-0.7699300000000002,0
N=CN1OC(=O)C1=O,114.05999999999999,4,1,1,1,5,70.46000000000001,-1.10613,0
N=CN1CC(=N)NC1=O,126.11899999999999,3,3,1,1,5,80.04,-0.40406000000000003,0
COc1cnnc(N)c1,125.131,4,1,1,1,4,61.03,0.0673999999999999,0
COC1=NC(N)=NC1=O,127.10300000000001,4,1,0,1,5,77.03999999999999,-1.1138000000000001,0
NC(=O)C1=NC(N)=N1,112.09200000000001,4,2,1,1,5,93.83,-1.8014999999999999,0
Nc1nc(C=O)oc1O,128.08699999999996,5,2,1,1,5,89.35000000000001,-0.2250999999999999,0
N#CC(=N)OCC1=NN1,124.103,5,2,2,1,5,91.17,-0.57945,0
CC(=O)C1=NC(=O)N1,112.088,2,1,1,1,4,58.53,-0.3028999999999999,0
N=C1NCNC(=O)CO1,129.119,3,3,0,1,5,74.21000000000001,-1.3853300000000002,0
CC1(C(=O)O)OC1=NO,131.08700000000002,4,2,1,1,5,82.42,-0.3524,1
Cc1[nH]nnc(=N)c1O,126.11899999999999,4,3,0,1,5,85.65,-0.7018100000000002,0
CNC(=O)C1=NN=C1N,126.11900000000001,4,2,1,1,5,79.84,-1.5408,0
N#Cc1noc(CN)n1,124.10300000000001,5,1,1,1,5,88.73,-0.60002,0
N=C1NCNC(=O)CN1,128.135,2,4,0,1,5,77.01,-1.8123299999999993,0
COc1nc(=N)cn[nH]1,126.119,4,2,1,1,5,74.65,-0.70723,0
N#CC1N=CN(C=N)N1,123.11899999999999,4,2,1,1,5,75.27,-0.70835,1
O=CN1COC(=O)CN1,130.103,4,1,1,1,5,58.64,-1.5362999999999996,0
Nc1cnc(C=O)n1O,127.10299999999998,5,2,1,1,5,81.14,-0.48490000000000005,0
CC(N)Nc1ncon1,128.135,5,2,2,1,5,76.97,-0.21380000000000016,1
N=CNC1=CNC1O,113.11999999999998,3,4,2,1,4,68.14,-1.0539300000000005,1
COC1=NNC(=O)C1=N,127.10299999999998,4,2,0,1,5,74.53999999999999,-0.9041300000000001,0
N=C1N=C(O)OC1=N,113.07599999999998,3,3,0,1,5,89.52000000000001,-0.11485999999999996,0
N=C1ONCNC(=O)O1,131.091,5,3,0,1,6,83.44000000000001,-0.86033,0
N=c1ccn(N)n1N,113.12400000000002,5,3,0,1,5,85.75,-1.8033299999999999,0
N#CC1=NCON(C=N)C1,138.13,4,1,1,1,5,72.47,-0.2372499999999999,0
N#CC1(N)OCC(=O)O1,128.087,5,1,0,1,5,85.34000000000002,-1.3041200000000002,1
NC1=CC(=O)C(N)=N1,111.10400000000001,4,2,0,1,4,81.47,-1.2735999999999998,0
CC(O)C(=O)n1cn[nH]1,129.119,4,2,1,1,5,70.91,-0.7678000000000003,1
COc1n[nH]cnc1=O,127.10299999999998,4,1,1,1,5,67.87,-0.8265,0
N=CN1C=NC(C=O)O1,127.10299999999997,4,1,2,1,5,65.75,-0.6060300000000001,1
NC1=NC(CO)=NC1=O,127.10299999999998,4,2,1,1,5,88.03999999999999,-1.7254,0
COC1=C(N)C(=N)N1,113.12,3,3,1,1,4,71.13,-0.65893,0
CC1=NC(=O)N=C1C=N,123.11499999999998,2,1,1,1,4,65.64,0.67147,0
N=Cc1n[nH]cnc1=O,124.10299999999998,4,2,1,1,5,82.49000000000001,-0.8374300000000001,0
N=Cn1cn[nH]c1=N,111.10799999999999,4,3,1,1,5,81.31,-0.8541600000000003,0
N=C(N)C1OCC(=O)O1,130.103,4,2,1,1,5,85.40000000000002,-1.1781300000000001,1
CC(=O)OC1=NC(O)=N1,128.087,4,1,0,1,5,71.25,-0.1669000000000001,0
N=C1NC(=N)C(=O)O1,113.076,4,3,0,1,5,86.03000000000002,-0.95516,0
CNC1=NC(=O)OC1=N,127.10299999999998,4,2,0,1,5,74.53999999999999,-0.2682300000000001,0
Nc1n[nH]c(C=O)c1N,126.11899999999999,4,3,1,1,5,97.78999999999999,-0.6134000000000004,0
N=C1C(=CN)ON=C1N,126.11900000000001,5,3,0,1,5,97.48,-0.8913300000000002,0
N=C1COC(=N)NCO1,129.119,4,3,0,1,5,78.19,-0.5076600000000002,0
COC1=C(N)N=NC1=O,127.10300000000001,4,1,1,1,5,77.03999999999999,-0.247,0
N=C1N=C(N)OC1=N,112.092,4,3,0,1,5,95.31,-0.7141600000000001,0
N=C1NC(=N)C(O)CO1,129.119,4,4,0,1,5,89.19000000000001,-1.1208600000000002,1
CCc1nc(O)nn1C#N,138.13,5,1,1,1,5,74.73,-0.12472000000000016,0
CN=C1ON=C(N)C1=N,126.119,5,2,0,1,5,83.82,-0.66313,0
CC(O)C1=NN=C1N,113.12000000000002,4,2,1,1,4,70.97,-0.9060000000000001,1
CC1=NC(CO)=NC1=N,125.13099999999999,3,2,1,1,4,68.80000000000001,-0.17103000000000002,0
CN=C1N=C(N)C=[N+]1[O-],126.119,3,1,0,1,5,76.80999999999999,-1.0758999999999999,0
N=C1N=C(CO)C(=N)N1,126.11899999999999,3,4,1,1,5,92.32,-1.0650600000000003,0
N=C1C=NC(N)=C1C=O,123.115,4,2,1,1,4,79.30000000000001,-0.5402300000000002,0
N=Cc1ncncc1N,122.131,4,2,1,1,4,75.65,0.05647000000000013,0
O=CC1NCOC(=O)O1,131.087,5,1,1,1,5,64.63,-0.7747000000000002,1
CC(N)(CO)C1=CN=N1,127.14699999999999,4,2,2,1,4,70.97,0.003300000000000025,1
N=c1ncoc(=N)o1,113.076,5,2,0,1,5,86.87,-0.77346,0
CN=C1NC(=N)NC1=O,126.11899999999999,3,3,0,1,5,77.34,-1.3311300000000001,0
CC1=NN=C(N)C1=O,111.104,4,1,0,1,4,67.81,-0.6978,0
Nc1cc(N=O)cc(F)n1,141.105,4,1,1,1,5,68.34,1.2007999999999999,0
NC=C1ON=C(N)C1=O,127.103,5,2,0,1,5,90.69999999999999,-1.3420000000000003,0
N=C1OCC(=O)NC1=O,128.087,4,2,0,1,5,79.25,-1.36333,0
Cn1nncc1NC=O,126.11899999999997,4,1,2,1,5,59.81,-0.6166000000000003,0
Nc1nocc1NC=O,127.10299999999998,4,2,2,1,5,81.15,-0.17490000000000022,0
N=C1COC(=N)OCO1,130.103,5,2,0,1,5,75.39,-0.08066000000000012,0
CC(=O)c1n[nH]c(=N)o1,127.103,4,2,1,1,5,82.74,-0.31523000000000007,0
CC1=NC(=N)C(=O)O1,112.08799999999998,3,1,0,1,4,62.510000000000005,-0.06113000000000007,0
C#Cc1ncoc(=N)n1,121.09899999999999,4,1,0,1,4,62.77,-0.46962999999999994,0
CN=C1N=COC1=O,112.08799999999998,3,0,0,1,4,51.02,-0.4001999999999999,0
N=CN1C=C(O)OCO1,130.10299999999998,4,2,1,1,5,65.78000000000002,0.17166999999999993,0
CN=C1C=C(N)OC1=O,126.115,4,1,0,1,4,64.68,-0.5859000000000001,0
N=Cc1ncnc(N)n1,123.11900000000001,5,2,1,1,5,88.54,-0.5485300000000002,0
N=C1CNC(=N)OCO1,129.119,4,3,0,1,5,78.19000000000001,-0.5076600000000004,0
N=C1N=C(C=O)NC1=O,125.08699999999997,3,2,1,1,5,82.38,-1.3091300000000001,0
N=C1OCN=CC(=O)O1,128.087,5,1,0,1,5,71.74,-0.47713000000000005,0
Nc1ncc(CC=O)nn1,138.13,5,1,2,1,5,81.76,-0.8048000000000002,0
Nc1nc(C=O)oc1N,127.10299999999998,5,2,1,1,5,95.14,-0.3485,0
N=C1COC(=O)C(=O)N1,128.087,4,2,0,1,5,79.25,-1.36333,0
N#CCc1nonc1N,124.10300000000001,5,1,1,1,5,88.73,-0.28212000000000004,0
Cc1nc(NC=O)[nH][n+]1[O-],142.118,3,2,2,1,6,84.72,-1.0801800000000004,0
Cc1ncnnc1C#N,120.115,4,0,0,1,4,62.46,0.05169999999999991,0
NC(=O)c1nc[nH]n1,112.092,3,2,1,1,5,84.66000000000001,-1.0964000000000005,0
N=c1oc(=O)o[nH]c1=O,130.059,5,2,0,1,6,100.06,-1.5994300000000004,0
C#Cc1onnc1N,109.08800000000001,4,1,0,1,4,64.94,-0.36689999999999995,0
CC(=O)C1=NC(=N)N1,111.104,2,2,1,1,4,65.31,-0.4881300000000001,0
N=C(O)c1conc1N,127.103,4,3,1,1,5,96.13,0.14016999999999996,0
O=CC1=NC(=O)C(F)=N1,128.06199999999998,3,0,1,1,5,58.86,-0.5080000000000001,0
Nc1noc(CO)c1C=O,142.11399999999998,5,2,2,1,5,89.35,-0.4384000000000001,0
CNC1=NN=C(O)C1=N,126.11899999999999,4,3,0,1,5,80.83000000000001,-0.49083000000000004,0
NC(=O)C1=CC(=O)O1,113.07199999999997,3,1,1,1,4,69.39,-1.0876000000000001,0
N=C(O)c1cnc(N)[nH]1,126.119,3,4,1,1,5,98.78,-0.12473000000000012,0
N=C1OC(N=O)COC1=O,144.08599999999998,6,1,1,1,6,88.81,-0.37043000000000004,1
N=C1COC(C=O)OCO1,145.11399999999998,5,1,1,1,5,68.61,-0.49043000000000014,1
CC(=N)n1ncc(N)n1,125.135,5,2,0,1,5,80.58,-0.29443000000000014,0
N=COC1=NC(=N)O1,113.076,4,2,1,1,5,78.52,-0.06896000000000002,0
N=C1NCCOC(=N)O1,129.119,4,3,0,1,5,78.19000000000001,-0.50766,0
CC(=O)C1=NC(=N)N1,111.104,2,2,1,1,4,65.31,-0.4881300000000001,0
N=C1COC(=O)N=CO1,128.087,4,1,0,1,5,71.74,0.15877000000000002,0
CN=C1NC(=O)N1C=N,126.11899999999999,3,2,1,1,5,68.55000000000001,-0.3955299999999999,0
COC1=NC(=N)N=C1N,126.11900000000001,3,2,0,1,5,83.82,-0.66313,0
N=Cc1nc(=N)nco1,124.103,5,2,1,1,5,86.62,-0.4532600000000002,0
N=C1OC(N)=CC1=O,112.088,4,2,0,1,4,76.16999999999999,-0.6369300000000002,0
NC1=CN=C(N)C1=O,111.104,4,2,0,1,4,81.47,-1.2735999999999998,0
CC(=O)C1=NC(=N)O1,112.088,3,1,1,1,4,62.510000000000005,-0.06112999999999996,0
Nc1coc(=O)c(N)n1,127.10300000000001,5,2,0,1,5,95.14,-0.8008,0
N=c1[nH]c(=O)oc(=N)o1,129.075,5,3,0,1,6,106.83999999999999,-1.4801599999999997,0
O=C1COC(=O)CO1,116.07199999999999,4,0,0,1,4,52.60000000000001,-0.9136,0
C#Cc1nnc(N)n1C=O,136.114,5,1,1,1,5,73.8,-1.1201000000000003,0
Nc1nncc(C=O)n1,124.10299999999998,5,1,1,1,5,81.76,-0.7337000000000005,0
N=C1ON=CC1=NCO,127.10299999999998,5,2,1,1,5,78.03,-0.6295300000000001,0
N=C1OC(=N)C(C=O)O1,128.087,5,2,1,1,5,83.23,-0.48726000000000025,1
N=CNC1C(=N)OC1=O,127.103,4,3,2,1,5,86.03,-0.9142600000000003,1
N=CC1=NC(=N)OC1=O,125.08699999999999,4,2,1,1,5,86.36000000000001,-0.4314600000000001,0
NC(=O)C1=NC(O)=C1,112.08799999999998,3,2,1,1,4,75.68,-0.6742999999999999,0
N=CN1C(=O)NC1=O,113.07599999999998,3,2,1,1,5,73.26,-0.26133,0
N=C1OCOC(=O)CO1,131.087,5,1,0,1,5,68.61,-0.5313300000000001,0
COC1=NC(=N)C(=O)O1,128.087,4,1,0,1,5,71.74,-0.47713,0
N=C1OC(=N)C(C=O)O1,128.087,5,2,1,1,5,83.23,-0.48726000000000025,1
Nc1nc(N)c(C=O)o1,127.10299999999998,5,2,1,1,5,95.14,-0.3485,0
N=C1NC(=CO)C(=N)O1,127.10299999999998,4,4,0,1,5,89.19000000000001,-0.08236000000000021,0
NC(=O)C1(N)COCN1,131.13500000000002,4,3,1,1,5,90.37,-2.2959999999999994,1
NC1=C(OC=O)C(CO)=N1,142.114,5,2,3,1,5,84.91,-1.2659000000000002,0
NC(C=O)C1=NC(=O)O1,128.087,4,1,2,1,5,81.75000000000001,-0.9387000000000001,1
N=C1NCOC(=O)CN1,129.119,3,3,0,1,5,74.21,-1.3853300000000002,0
N=C1NN=C1C=NC=O,124.10299999999998,3,2,2,1,5,77.67,-0.8499300000000001,0
N=CN1N=COC1C(=N)O,142.118,4,3,2,1,6,92.76,-0.26965999999999984,1
N=C1COC(=N)C(=O)N1,127.103,4,3,0,1,5,86.03,-0.9126600000000002,0
CN=C1CNC(=O)OC1,128.13099999999997,3,1,0,1,4,50.69,-0.203,0
N#Cc1nc(N)no1,110.07600000000001,5,1,0,1,5,88.73,-0.47652,0
Cn1nnc(N)cc1=N,125.13499999999999,5,2,0,1,5,80.58000000000001,-1.12323,0
N=Cn1oc(=N)oc1=O,129.075,6,2,1,1,6,95.98000000000002,-1.0310599999999999,0
CCNC1=NC(C#N)=N1,122.131,4,1,1,1,4,60.54,-0.11241999999999991,0
N=CCn1nccc1N,124.14699999999999,4,2,2,1,4,67.69,0.11486999999999992,0
Cn1[nH]c(=O)nc1N,114.108,4,2,0,1,5,76.7,-1.3093999999999995,0
CC(=O)OC1=NC(N)=N1,127.10300000000002,5,1,0,1,5,77.03999999999999,-0.7662,0
N=Cn1oc(N)cc1=N,126.119,5,3,1,1,5,91.78999999999999,-0.40206000000000003,0
COC1=NC(=N)C(C=N)=N1,138.13,4,2,1,1,5,81.64999999999999,0.07023999999999997,0
CN=c1ncoc(=N)o1,127.10299999999998,5,1,0,1,5,75.38,-0.7224300000000003,0
N=C1CC(N)OC(=N)O1,129.119,5,3,0,1,5,92.18000000000002,-0.37986000000000003,1
NC(=O)c1nc1=O,98.06099999999999,3,1,1,1,4,73.05000000000001,-1.5837000000000003,0
N=C(O)c1cnon1,113.076,4,2,1,1,5,83.0,-0.04703000000000013,0
N=C1N=CC(=O)C(O)O1,128.087,4,2,0,1,5,82.74000000000001,-1.0903300000000002,1
COC1=NNC(=O)C1=N,127.10299999999998,4,2,0,1,5,74.53999999999999,-0.9041300000000001,0
N=C1CN=COC(=O)C1,126.11499999999998,4,1,0,1,4,62.51,-0.018629999999999924,0
N=C1N=C(CO)C(=N)O1,127.10299999999998,4,3,1,1,5,89.52,-0.6380600000000001,0
O=CC(=O)n1[nH]cc1O,128.087,4,2,1,1,5,75.09,-0.6391000000000003,0
CNC1=NN=C1NC=O,126.11899999999999,4,2,1,1,5,65.85,-1.3226000000000002,0
COc1nc(C=N)cn1O,141.13,5,2,2,1,5,71.13,0.12666999999999984,0
COC1=NC(N)=NC1=N,126.11900000000001,4,2,0,1,5,83.82,-0.66313,0
COC1=NC(=O)C(CO)=N1,142.114,4,1,1,1,5,71.25,-1.0377,0
N#CC(N)N1C=C1N,110.11999999999999,4,2,1,1,4,78.84,-1.13202,1
Nc1cnc(C=O)n1O,127.10299999999998,5,2,1,1,5,81.14,-0.48490000000000005,0
N=C1COC(=N)OCO1,130.103,5,2,0,1,5,75.39,-0.08066000000000012,0
CN=C1N=CC(=O)N1,111.10399999999998,2,1,0,1,4,53.82,-0.8271999999999999,0
N=C1C(=O)OCC1C=O,127.09899999999998,4,1,1,1,4,67.22,-0.6219300000000001,1
Cn1ncc(=N)oc1=O,127.103,5,1,0,1,5,71.88,-1.1472300000000002,0
N=C(O)c1cnoc1,112.08799999999998,3,2,1,1,4,70.11,0.55797,0
CN=C1N=NC1CO,113.11999999999998,3,1,1,1,4,57.31,-0.1585999999999999,1
N=c1[nH]c(C(=O)O)co1,128.087,3,3,1,1,5,90.08,-0.21463000000000038,0
CN(C#N)C1=NN=C1,108.104,4,0,0,1,4,51.75,-0.20282,0
N=C1COC(=N)OCO1,130.103,5,2,0,1,5,75.39,-0.08066000000000012,0
CC(=O)C1=NN=C1O,112.088,3,1,1,1,4,62.019999999999996,-0.09849999999999998,0
Cc1n[nH]c(=N)c(=N)o1,126.11899999999999,4,3,0,1,5,89.52,-0.72994,0
N=C1NC(=O)NC1=O,113.076,3,3,0,1,5,82.05000000000001,-1.19693,0
N=C1N=COCCN=CO1,141.13,4,1,0,1,5,67.03,0.02456999999999998,0
NC1C=NC(=O)OCC1,128.13099999999997,3,1,0,1,4,64.67999999999999,-0.07520000000000016,1
N=C1C=C(N)N=C1O,111.104,3,3,0,1,4,82.46000000000001,-0.22363000000000027,0
N=C1CNC(=O)OCO1,130.10299999999998,4,2,0,1,5,71.41000000000001,-0.3224300000000002,0
N=C1C=NC(=N)C(N)=N1,123.11900000000001,3,3,0,1,5,98.44,-0.6174600000000001,0
Cc1[nH]nnc(=N)c1N,125.135,4,3,0,1,5,91.44,-0.82521,0
N=C1COC(=O)NCO1,130.103,4,2,0,1,5,71.41,-0.3224300000000002,0
Nc1ncc(NO)n1C=O,142.118,6,3,2,1,6,93.16999999999999,-0.6953000000000005,0
N=C1COC(=N)OCN1,129.119,4,3,0,1,5,78.19,-0.5076600000000002,0
N=C1CN(CO)C(=O)O1,130.10299999999998,4,2,1,1,5,73.62000000000002,-0.6343300000000001,0
N=C1OCCNC(=O)O1,130.103,4,2,0,1,5,71.41,-0.32243000000000016,0
N#CCc1n[nH]c(O)n1,124.103,4,2,1,1,5,85.59,-0.4236200000000002,0
COC1=NC(=N)C(N)=N1,126.11900000000001,4,2,0,1,5,83.82,-0.6631300000000002,0
Cc1nc(=N)[nH]n1CN,127.15100000000001,4,3,1,1,5,83.48,-1.0847099999999998,0
N=Cc1nc(N)[nH]c1O,126.119,4,4,1,1,5,98.78000000000002,-0.30483000000000016,0
CC#Cc1nnoc1O,124.09899999999999,4,1,0,1,4,59.150000000000006,0.14659999999999995,0
CC(N)(C#N)N1C=N1,110.12,4,1,1,1,4,65.18,-0.5562199999999999,1
N=CN1CN=CNC1=O,126.11899999999997,3,2,1,1,5,68.55000000000001,-0.3955299999999999,0
N=c1ncoc(C=O)n1,125.08699999999999,5,1,1,1,5,79.84,-0.63843,0
N=C1OCNC(C=O)O1,130.10299999999998,5,2,1,1,5,71.41,-0.9599300000000004,1
N=C1CN=COC(=O)N1,127.10299999999998,4,2,0,1,5,74.53999999999999,-0.26823000000000013,0
N=C1NC=C(N)C1=O,111.10400000000001,3,3,0,1,4,78.97,-1.0639299999999998,0
N=C1OCOC1=NCO,130.103,5,2,1,1,5,74.9,-0.6837300000000002,0
N=C1NCOC(=O)CO1,130.103,4,2,0,1,5,71.41,-0.9583300000000001,0
CC(O)C1=NC(CO)=N1,128.131,4,2,2,1,4,65.18,-0.8299000000000001,1
N=Cc1ncc(N)n1C=O,138.13,5,2,2,1,5,84.75999999999999,-0.4987300000000001,0
N=C1NCNC(=O)CO1,129.119,3,3,0,1,5,74.21000000000001,-1.3853300000000002,0
N=Cc1nc(=N)nco1,124.103,5,2,1,1,5,86.62,-0.4532600000000002,0
C#Cc1cnnc(N)n1,120.11500000000001,4,1,0,1,4,64.69,-0.5649000000000002,0
CN=C1C=NC(=N)O1,111.10399999999998,3,1,0,1,4,57.8,0.05046999999999996,0
N=CN1C=NCOC1=N,126.11899999999999,4,2,1,1,5,72.53,-0.15376000000000006,0
N=c1nc1C(N)C=O,111.10399999999998,4,2,2,1,4,79.83000000000001,-1.36463,1
N=Nc1n[nH]c(C=O)n1,125.09099999999998,5,2,2,1,6,94.85000000000001,0.2796699999999999,0
N=C1NCC(=O)OCO1,130.103,4,2,0,1,5,71.41000000000001,-0.9583300000000001,0
N=C1ONCC(=O)O1,116.076,5,2,0,1,5,71.41,-1.00083,0
N=C1CNC(=N)OCO1,129.119,4,3,0,1,5,78.19000000000001,-0.5076600000000004,0
N=C1OC(O)=C1COC=O,143.09799999999998,5,2,3,1,5,79.61000000000001,-0.06353000000000014,0
N=C1CNC(=O)OC1=N,127.10299999999998,4,3,0,1,5,86.03,-0.27676000000000023,0
C[N+]([O-])C1=NC(=N)N=N1,126.09900000000002,4,1,0,1,6,89.89,0.010669999999999902,0
N=CC1=NN=C(N)C1=N,123.119,5,3,1,1,5,98.44,-0.6174600000000001,0
O=c1[nH]cnn1C=NO,128.091,5,2,1,1,6,83.27,-1.1630000000000003,0
N=C1OCC(N)C1=O,114.104,4,2,0,1,4,76.16999999999999,-1.10973,1
N=CN1CN=COC1=O,127.10299999999997,4,1,1,1,5,65.75,0.03146999999999994,0
N=C1ON=C1C(=O)CO,128.087,5,2,2,1,5,82.74,-1.08873,0
N=CC(N)C1=NC(=O)N1,126.119,3,3,2,1,5,91.33000000000001,-0.9150300000000002,1
CC(=O)C1=NC(=O)N1,112.088,2,1,1,1,4,58.53,-0.3028999999999999,0
CC(=O)C1=NOC1=O,113.07199999999999,4,0,1,1,4,55.73,-0.5118,0
N=CC1=NC(=N)N=C1N,123.11900000000001,3,3,1,1,5,98.44,-0.6174600000000001,0
N#Cc1ncoc(=N)n1,122.08699999999999,5,1,0,1,5,86.56,-0.57925,0
CC(=O)C1=NC(=N)N1,111.104,2,2,1,1,4,65.31,-0.4881300000000001,0
NC1=NC(CC=O)=C1O,126.11499999999997,4,2,2,1,4,75.67999999999999,-0.28420000000000006,0
N=Cc1ocnc1N,111.10400000000001,4,2,1,1,4,75.9,0.25447000000000014,0
CN1CC(=O)OC(=O)CN1,144.13,5,1,0,1,5,58.64,-1.4937999999999991,0
N=C1C=NC(N)=C1C=O,123.115,4,2,1,1,4,79.30000000000001,-0.5402300000000002,0
N=C1OCC(=O)C(=N)O1,128.087,5,2,0,1,5,83.23,-0.48566000000000015,0
CCn1cc(N)n[n+]1[O-],128.13500000000002,4,1,1,1,5,70.78,-0.8813999999999997,0
Cc1n[nH]c(=O)n1C=O,127.10299999999998,4,1,1,1,5,67.75,-1.0818800000000002,0
N=C1COC(=O)C(=N)O1,128.087,5,2,0,1,5,83.23,-0.48566000000000015,0
CN=C1C=NC(CO)=N1,125.13099999999999,3,1,1,1,4,57.31,-0.5101000000000002,0
CC1=NC(N)=NC1=N,110.12,3,2,0,1,4,74.59,-0.24712999999999996,0
CN=C1N=NC(=O)N1,112.09199999999998,2,1,0,1,5,66.17999999999999,0.14760000000000006,0
N=C1ON=C1CCO,114.10399999999998,4,2,2,1,4,65.67,-0.26773,0
N=c1occ(N)n1C=O,127.10300000000001,5,2,1,1,5,85.00999999999999,-0.8189300000000002,0
COC1=C(O)C(=N)N=C1,126.11499999999998,3,2,1,1,4,65.67,0.46407,0
N=c1nncc(N)n1C=O,139.118,6,2,1,1,6,97.65,-1.62193,0
CN=C1N=NC(CO)=N1,126.11899999999999,3,1,1,1,5,69.67,-0.17119999999999996,0
CN=C1N=CC(=O)N1O,127.10299999999998,3,1,0,1,5,65.26,-0.7256,0
N=C1C=NC(=NO)O1,113.076,4,2,0,1,5,78.03,-0.19013000000000008,0
Nc1ncc(N)c(N)n1,125.13500000000002,5,3,0,1,5,103.83999999999999,-0.7767999999999999,0
N=c1nnc(C=O)co1,125.08699999999997,5,1,1,1,5,79.84,-0.63843,0
N=C1OC(=N)C(=O)O1,114.05999999999999,5,2,0,1,5,83.23,-0.5281600000000002,0
Cn1cn[nH]c1=NC=O,126.11899999999999,3,1,1,1,5,63.04,-1.1947000000000003,0
NC1=NC(=O)N=C1CO,127.10299999999998,3,2,1,1,5,88.04,-1.0895000000000001,0
N=C1OCC1=NC=NO,127.103,4,2,1,1,5,78.03,-0.1476300000000001,0
CNC(=O)C1=COC1=O,127.09899999999998,3,1,1,1,4,55.4,-0.8269000000000002,0
N=C1OCCOC(=N)C1=N,141.13,5,3,0,1,5,90.00999999999999,0.007510000000000017,0
N=C1NC(=O)CN=CO1,127.103,4,2,0,1,5,74.54,-0.9041300000000001,0
NCC1NC(=O)C(=O)O1,130.10299999999998,4,2,1,1,5,81.42,-2.0557999999999996,1
N=C1NC(=O)N=CC1N,126.119,3,3,0,1,5,91.33,-0.9150300000000002,1
CC(=O)C1=NC(O)=N1,112.088,3,1,1,1,4,62.019999999999996,-0.09849999999999998,0
NC(=O)OC1CNCO1,132.119,4,2,1,1,5,73.58000000000001,-1.0149000000000001,1
COC1=NC(=N)C(=O)O1,128.087,4,1,0,1,5,71.74,-0.47713,0
NC1=C(N)C(=O)C=N1,111.10399999999998,4,2,0,1,4,81.47,-1.2736000000000003,0
N=Cn1c(N)nnc1C=O,139.118,6,2,2,1,6,97.65,-0.8720300000000001,0
Nc1cc(O)cc(O)n1,126.11499999999998,4,3,0,1,4,79.37,0.07500000000000001,0
Cn1nc(N)nc1C#N,123.11900000000001,5,1,0,1,5,80.52000000000001,-0.73102,0
Nc1cnc(C=O)nn1,124.103,5,1,1,1,5,81.76,-0.7337,0
CNc1cnc(=O)[nH]n1,126.119,4,2,1,1,5,70.67,-0.7934000000000003,0
CC1(CO)NC(=N)O1,116.11999999999999,3,3,1,1,4,65.34,-0.7505300000000001,1
CC(=O)c1nc(N)no1,127.10300000000001,5,1,1,1,5,82.01,-0.14560000000000006,0
N=C1CC(=O)OC(=N)O1,128.087,5,2,0,1,5,83.23,-0.13806000000000002,0
N=C1NC(=O)C(C=O)N1,127.10299999999998,3,3,1,1,5,82.05000000000001,-1.7919299999999998,1
CC(=O)C1=NC(O)=N1,112.088,3,1,1,1,4,62.019999999999996,-0.09849999999999998,0
CN=C(N)C1=COC1=O,126.11499999999997,3,1,1,1,4,64.68,-0.5859000000000001,0
CNC1=NC(=NO)CO1,129.119,4,2,0,1,5,66.21000000000001,-0.6203000000000001,0
N=CN1NCC(=O)C1O,129.119,4,3,1,1,5,76.42,-1.6988300000000003,1
N=CCc1n[nH]nc1N,125.13500000000002,4,3,2,1,5,91.44,-0.4210300000000002,0
CC(O)C1=NN=C1N,113.12000000000002,4,2,1,1,4,70.97,-0.9060000000000001,1
Nc1conc1NC=O,127.103,4,2,2,1,5,81.15,-0.1749,0
NC(=O)c1cnoc1N,127.103,4,2,1,1,5,95.14,-0.6443000000000001,0
NC1=C(O)N=C1C=O,112.088,4,2,1,1,4,75.68,-0.6743000000000001,0
N=C1C(C=O)=NOC1N,127.10300000000001,5,2,1,1,5,88.53,-1.12393,1
N=C1OCC(=O)C(=O)O1,129.071,5,1,0,1,5,76.45,-0.9363300000000001,0
Nc1cncn1C=O,111.10399999999998,4,1,1,1,4,60.91,-0.49639999999999995,0
Nc1oncc1C=O,112.08799999999998,4,1,1,1,4,69.12,0.06930000000000003,0
N#CC1OC(=N)OC1=N,125.08699999999999,5,2,0,1,5,89.94999999999999,-0.16258000000000006,1
N#CCC1=NN=C1N,108.10400000000001,4,1,1,1,4,74.53,-0.37311999999999984,0
N=C(C=O)NC1OC1=N,127.10299999999998,4,3,2,1,5,89.33000000000001,-0.9142600000000001,1
O=NCc1noc(O)n1,129.075,6,1,2,1,6,88.58,0.04159999999999986,0
N=C1OCC(=N)C(=O)O1,128.087,5,2,0,1,5,83.23,-0.48566000000000015,0
N=C(O)c1cocn1,112.08799999999998,3,2,1,1,4,70.11,0.55797,0
N=c1ncoc(N)c1O,127.103,5,3,0,1,5,96.13000000000001,-0.5581299999999999,0
Cc1nc(NC=N)no1,126.11899999999999,4,2,2,1,5,74.80000000000001,0.39698999999999984,0
N=C1NC(=O)CN=CO1,127.103,4,2,0,1,5,74.54,-0.9041300000000001,0
CC(=O)n1ccn1N,113.12,4,1,0,1,4,52.95,-0.33649999999999997,0
NC1=NC(=O)C=C1O,112.08799999999997,3,2,0,1,4,75.67999999999999,-0.6742999999999999,0
COc1n[nH]c(=N)n1CO,144.13400000000001,5,3,2,1,6,86.92,-1.3509300000000004,0
N=CN1CC(=N)OC(=O)N1,142.118,4,3,1,1,6,89.27000000000001,-0.47246000000000005,0
Cc1noc(=N)c(=O)o1,128.087,5,1,0,1,5,80.09,-0.5843100000000001,0
N=C1NCC(=O)NC1=N,126.119,3,4,0,1,5,88.83000000000001,-1.3396599999999999,0
CN=C1N=C(N)C(O)=N1,126.119,2,2,0,1,5,83.33,-0.7004999999999999,0
Nc1nc(OC=O)c[nH]1,127.10299999999997,4,2,2,1,5,81.0,-0.47290000000000026,0
N=CN1C(=N)OC1=O,113.07599999999998,4,2,1,1,5,77.24000000000001,-0.01955999999999991,0
NCC1=C(O)C(=O)N=C1,126.11499999999997,3,2,1,1,4,75.68,-0.6318000000000001,0
N=C1COC(=N)C(=O)N1,127.103,4,3,0,1,5,86.03,-0.9126600000000002,0
N=c1cc(N)n(C=O)o1,127.103,5,2,1,1,5,85.01,-0.8189300000000002,0
N=C1NC(=O)OCC1=O,128.087,4,2,0,1,5,79.25,-0.72743,0
N=Cc1cc(N)n(C=O)n1,138.13,5,2,2,1,5,84.76,-0.4987300000000001,0
N=C1C=C(N)N=C1N,110.12000000000002,4,3,0,1,4,88.25,-0.8229300000000002,0
N=C1COC(=N)OCO1,130.103,5,2,0,1,5,75.39,-0.08066000000000012,0
N=CC1=NN=C1N,96.093,4,2,1,1,4,74.59,-0.63723,0
N=C1NC=COC(=N)O1,127.103,4,3,0,1,5,78.19000000000001,-0.03646000000000005,0
COC(=N)C1=CN=[N+]1[O-],127.103,4,1,1,1,5,71.50999999999999,0.42756999999999995,0
Cn1nnc(C=N)c1O,126.11899999999997,5,2,1,1,5,74.79,-0.4816299999999999,0
N=C1CN=COC(=O)N1,127.10299999999998,4,2,0,1,5,74.53999999999999,-0.26823000000000013,0
N=C1C=NC(O)OC1=O,128.087,5,2,0,1,5,82.74000000000001,-1.0903300000000002,1
N=C1NC(=O)NC1=O,113.076,3,3,0,1,5,82.05000000000001,-1.19693,0
N=CN1NCCOC1=O,129.119,4,2,1,1,5,65.42000000000002,-0.44972999999999996,0
N=C1COC(=O)C(=N)N1,127.103,4,3,0,1,5,86.03,-0.9126600000000002,0
NC(=O)C1=NC=NC1=O,125.08699999999999,3,1,1,1,5,84.88,-1.5188,0
NC(=O)C1=NN=C1O,113.076,3,2,1,1,5,88.04,-1.2022,0
N=Cc1ncoc1N,111.104,4,2,1,1,4,75.9,0.25447000000000003,0
N=C1COC(=N)OCO1,130.103,5,2,0,1,5,75.39,-0.08066000000000012,0
NC1=C(N)C(=O)N=C1,111.10399999999998,3,2,0,1,4,81.47,-1.2736000000000003,0
Nc1nc(C=O)oc1C=O,140.09799999999996,5,1,2,1,5,86.19,-0.1181999999999998,0
COc1nc(NC=O)no1,143.102,5,1,3,1,6,77.25,-0.3535000000000003,0
CN=C1N=CN=C1N,110.12,3,1,0,1,4,63.099999999999994,-0.5861999999999998,0
Cn1c(O)cnc1N,113.12,4,2,0,1,4,64.07,-0.2921000000000002,0
N=C1OCN=COCO1,130.10299999999998,5,1,0,1,5,63.900000000000006,-0.07213000000000003,0
CNC1=NN=C1C=N,110.11999999999999,4,2,1,1,4,60.6,-0.3765300000000002,0
COC1=NN=C1C#N,109.088,4,0,0,1,4,57.74,-0.07552000000000009,0
N=c1oncn1CCO,129.119,5,2,2,1,5,75.04,-1.0521300000000002,0
CC(O)c1noc(N)n1,129.119,5,2,1,1,5,85.17,-0.2949000000000001,1
COc1coc(C=O)n1,127.09899999999999,4,0,2,1,4,52.33,0.4957,0
N=C1OCOCN1C=O,130.103,4,1,1,1,5,62.620000000000005,-0.65863,0
N=c1onc(N)c(=O)o1,129.075,6,2,0,1,6,106.11,-1.3105300000000002,0
N=C1OCC(N)OC(=N)O1,145.118,6,3,0,1,6,101.41000000000001,-0.79586,1
O=Cc1nc(CO)n[nH]1,127.103,4,2,2,1,5,78.87,-0.8905000000000003,0
N=C(O)C1=NOC1=N,113.076,4,3,1,1,5,89.52000000000001,-0.11485999999999996,0
N=C1COC(=N)C(=O)O1,128.087,5,2,0,1,5,83.23,-0.48566000000000015,0
N=COC1N=CC1=NO,127.10299999999998,5,2,2,1,5,78.03,-0.14922999999999992,1
CC(O)C1=NC(N)=N1,113.12000000000002,4,2,1,1,4,70.97,-0.9060000000000001,1
NC(=O)C1C=NN=C1N,126.11900000000001,4,2,1,1,5,93.83,-1.5554999999999997,1
CN=C1N=CN=C1N,110.12,3,1,0,1,4,63.099999999999994,-0.5861999999999998,0
N#CCN1COC(=N)C=N1,138.12999999999997,5,1,1,1,5,72.47,-0.2372499999999999,0
Cn1cnc(=O)c(=N)o1,127.10299999999998,5,1,0,1,5,71.88,-1.1472300000000002,0
CC#CC1=NC(=N)N=N1,120.11500000000001,2,1,0,1,4,60.93,0.80877,0
N=c1[nH]ncc(=O)o1,113.07599999999998,4,2,0,1,5,82.74,-1.15763,0
N=c1cnc(CO)n[nH]1,126.119,4,3,1,1,5,85.65,-1.2235300000000005,0
CNC1=NNC(=O)C1=O,127.10299999999998,4,2,0,1,5,70.56,-1.7817999999999996,0
Nc1cc(C=O)nnc1N,138.13,5,2,1,1,5,94.89,-0.5465000000000002,0
NC1=NC(=O)NC1=O,113.07599999999998,3,2,0,1,5,84.54999999999998,-1.4066,0
N#CC1=NC(=O)C(O)=N1,123.07099999999998,3,1,0,1,5,85.81,-0.5948200000000001,0
N=C1C=NCOC(=N)O1,127.103,5,2,0,1,5,78.52,-0.026460000000000095,0
CN=C1N=COC1=N,111.10399999999998,3,1,0,1,4,57.800000000000004,0.05047000000000007,0
N#CC(N)c1nnco1,124.103,5,1,1,1,5,88.73,-0.40702000000000016,1
COc1nncc(N)n1,126.119,5,1,1,1,5,73.92,-0.5376000000000003,0
Cn1ncc(=O)c(N)n1,126.11900000000001,5,1,0,1,5,73.8,-1.2425000000000004,0
N=C1OC(=O)OC1=N,114.05999999999999,5,2,0,1,5,83.22999999999999,0.10774,0
NC1=C(N)C(=O)C=N1,111.10399999999998,4,2,0,1,4,81.47,-1.2736000000000003,0
N=C1N=C(O)N=C1C=O,125.08699999999997,3,2,1,1,5,85.87,-0.4688300000000001,0
Nn1nncc1C=O,112.09199999999997,5,1,1,1,5,73.80000000000001,-1.1956000000000002,0
N=CN1C=NC(=O)OC1,127.10299999999998,3,1,1,1,5,65.75,0.031470000000000053,0
N=Cn1c(N)n[nH]c1=O,127.107,5,3,1,1,6,100.54999999999998,-1.3912300000000002,0
N=C1COC(=N)NCO1,129.119,4,3,0,1,5,78.19,-0.5076600000000002,0
NC1=NC(=O)N=C1C=O,125.08699999999997,3,1,1,1,5,84.88,-0.8829,0
CC1=NC(N)=NC1=O,111.104,3,1,0,1,4,67.81,-0.6978,0
Cn1nc(C=O)c(=N)o1,127.10299999999998,5,1,1,1,5,71.88,-0.69493,0
CC1=NN=C(N=O)C1=O,125.08699999999999,5,0,0,1,5,71.22,0.10990000000000005,0
N=C1N=C(CO)C(=N)O1,127.10299999999998,4,3,1,1,5,89.52,-0.6380600000000001,0
N=C1OCC(=N)C(=N)O1,127.103,5,3,0,1,5,90.01,-0.034989999999999966,0
N=c1ccnc(O)n1O,127.10299999999998,5,3,0,1,5,82.13,-0.6945300000000003,0
NC1=CC(=O)C(O)=N1,112.088,3,2,0,1,4,75.68,-0.6743000000000001,0
N=CNc1nc(O)co1,127.10299999999998,4,3,2,1,5,82.14,0.39916999999999986,0
N=C1COC(=O)C(=N)O1,128.087,5,2,0,1,5,83.23,-0.48566000000000015,0
N=Cc1ncn[nH]c1=N,123.119,4,3,1,1,5,89.27000000000001,-0.7181600000000001,0
NC=C1N=C(N)C(=O)N1,126.119,4,3,0,1,5,93.5,-1.7690000000000001,0
N#Cc1ncc(C=N)o1,121.09899999999998,4,1,1,1,4,73.67,0.5439499999999999,0
NC1=NC(=O)N=C1C=O,125.08699999999997,3,1,1,1,5,84.88,-0.8829,0
CNC(=O)OC1OC1=N,130.10299999999998,4,2,1,1,5,74.71000000000001,-0.32403,1
N=C1CN=COC(=O)O1,128.087,5,1,0,1,5,71.74,0.15876999999999997,0
Cn1cnc(=N)c(N)n1,125.135,5,2,0,1,5,80.58,-1.12323,0
CN1N=CC(NC=O)=NN1,141.13400000000001,5,2,1,1,6,69.09,-1.5182999999999993,0
CNC(C#N)n1nco1,126.119,5,1,2,1,5,66.78,-0.28232000000000035,1
N=COC1=NC(O)NC1=N,142.118,5,4,1,1,6,101.55000000000001,-1.1350600000000002,1
COc1cn[nH]c1N=O,127.103,4,1,2,1,5,67.34,0.8161999999999998,0
CN=C(O)C1=NN=C1N,126.11900000000001,4,2,1,1,5,83.33,-0.7004999999999999,0
Nc1nc(C=O)oc1N,127.10299999999998,5,2,1,1,5,95.14,-0.3485,0
Nc1n[nH]nc1C=O,112.09199999999998,4,2,1,1,5,84.66,-0.8006000000000004,0
CC(=O)c1nc(N)n[nH]1,126.11900000000001,4,2,1,1,5,84.66,-0.41050000000000025,0
N=CC1NC(=O)N1C=N,126.119,3,3,2,1,5,80.04,-0.40565999999999985,1
N=C1COC(=N)C(=N)O1,127.103,5,3,0,1,5,90.01,-0.034989999999999966,0
COc1nc(O)nn1C,129.119,5,1,1,1,5,60.17,-0.4707000000000001,0
N=c1[nH]c(=O)[nH]c(=O)o1,129.075,4,3,0,1,6,102.71,-1.8643299999999998,0
CC(C#N)C1=NC(=N)O1,123.115,3,1,1,1,4,69.23,0.5095500000000001,1
CNC(=N)c1cnno1,126.119,4,2,1,1,5,74.80000000000001,-0.38563000000000036,0
CN=C1OCOC(=N)O1,130.103,5,1,0,1,5,63.900000000000006,-0.07212999999999997,0
N=CC1=NN=C(N)C1=N,123.119,5,3,1,1,5,98.44,-0.6174600000000001,0
COC1=NC(N)=NC1=N,126.11900000000001,4,2,0,1,5,83.82,-0.66313,0
COc1cc(=N)onn1,127.10300000000001,5,1,1,1,5,72.0,-0.44233000000000006,0
N=c1occ(N)c(=N)o1,127.10300000000001,5,3,0,1,5,100.00000000000001,-0.5862600000000002,0
CC(O)C(=O)N1CO1,117.104,3,1,1,1,4,52.839999999999996,-0.9015000000000002,1
N=C1N=C(F)C(=O)N1,115.067,2,2,0,1,5,65.31,-0.5810300000000002,0
N=C1OC(=O)OC1=N,114.05999999999999,5,2,0,1,5,83.22999999999999,0.10774,0
COC1=CC(=O)C(=O)N1,127.09899999999999,3,1,1,1,4,55.400000000000006,-0.8269000000000002,0
NC(=O)C1=NC(N)=N1,112.09200000000001,4,2,1,1,5,93.83,-1.8014999999999999,0
N=C1COC(=N)NCO1,129.119,4,3,0,1,5,78.19,-0.5076600000000002,0
N=c1occ(N)n1C=O,127.10300000000001,5,2,1,1,5,85.00999999999999,-0.8189300000000002,0
C#CC1(N)N=NC(=N)O1,124.103,4,2,0,1,5,83.82000000000001,-0.35073000000000015,1
N=C1NC(=O)OC1C=O,128.087,4,2,1,1,5,79.25,-0.7290300000000001,1
Nc1n[nH]nc1C=O,112.09199999999998,4,2,1,1,5,84.66,-0.8006000000000004,0
N=C1NC(=N)C(=O)O1,113.076,4,3,0,1,5,86.03000000000002,-0.95516,0
CNC(=O)c1conn1,127.103,4,1,1,1,5,68.02000000000001,-0.5708000000000002,0
NC1=C(N)C(=O)C=N1,111.10399999999998,4,2,0,1,4,81.47,-1.2736000000000003,0
N#CCc1nocc1N,123.115,4,1,1,1,4,75.84,0.32288000000000006,0
CN=C1OC(=N)C(=O)O1,128.087,5,1,0,1,5,71.74,-0.47713,0
CNC1=NC(=O)OC1=N,127.10299999999998,4,2,0,1,5,74.53999999999999,-0.2682300000000001,0
O=CC1=NC(=O)C(O)=N1,126.07099999999998,3,1,1,1,5,79.09,-0.9195000000000002,0
N=C(N)N1C=C1C=O,111.10399999999997,2,2,1,1,4,69.95,-0.76423,0
N=C1NC(=O)C(=O)CO1,128.087,4,2,0,1,5,79.25000000000001,-1.36333,0
CC1=NC(=N)N=C1C=O,123.11499999999998,2,1,1,1,4,65.64,0.035569999999999935,0
N=C1C=C(N)C(O)=N1,111.104,2,3,0,1,4,82.46000000000001,-0.22363000000000005,0
N=CN1C=NC(=O)OC1,127.10299999999998,3,1,1,1,5,65.75,0.031470000000000053,0
NCC1C(=O)OC1=O,115.08799999999998,4,1,1,1,4,69.39000000000001,-1.3553,0
N#COCc1oncc1N,139.11399999999998,5,1,2,1,5,85.07,0.25448000000000004,0
N=C1N=C(CO)N=C1N,126.119,4,3,1,1,5,94.82,-1.2747300000000001,0
N=CN1CCC(=N)OCN1,142.162,4,3,1,1,5,72.2,-0.24486000000000002,0
N=C1C=C(N)NC1=O,111.104,3,3,0,1,4,78.97,-1.0639300000000003,0
N=C1OC=C(N)C1=O,112.08800000000001,4,2,0,1,4,76.16999999999999,-0.6369300000000002,0
CC(=O)C1=NN=C1N,111.10400000000001,4,1,1,1,4,67.81,-0.6978,0
Cc1nnc(O)n1C=O,127.10299999999998,5,1,1,1,5,68.01,-0.6695800000000001,0
N=CC1=CN=C(N)C1=O,123.115,4,2,1,1,4,79.30000000000001,-0.5402300000000002,0
CN=C1ON=C1CO,114.10399999999998,4,1,1,1,4,54.18000000000001,-0.6068,0
CN=C1NC(=O)N1C=O,127.10299999999998,3,1,1,1,5,61.77,-0.8462000000000001,0
N=C1C=C(N)C(=O)O1,112.088,4,2,0,1,4,76.17,-0.6369300000000002,0
Nc1ncoc1NC=O,127.10299999999998,4,2,2,1,5,81.15,-0.17490000000000022,0
N=C1OCCC(=O)C(=N)O1,142.114,5,2,0,1,5,83.23,-0.09556000000000003,0
COC1=C(N)N=NC1=O,127.10300000000001,4,1,1,1,5,77.03999999999999,-0.247,0
Nc1cc(C=O)nn1N,126.11900000000001,5,2,1,1,5,86.93,-1.0084000000000004,0
CC1=NC(CO)=NC1=N,125.13099999999999,3,2,1,1,4,68.80000000000001,-0.17103000000000002,0
N=C1CONC(=O)CO1,130.10299999999998,4,2,0,1,5,71.41,-0.9583300000000003,0
N=C1N=CC(N)=C1N,110.12000000000002,3,3,0,1,4,88.25,-0.8229300000000002,0
NC1=CC(=O)C(N)=N1,111.10400000000001,4,2,0,1,4,81.47,-1.2735999999999998,0
N=C1OCC(=O)OC1=N,128.087,5,2,0,1,5,83.22999999999999,-0.48566000000000015,0
NC1=C(C=O)OC1=O,113.07199999999999,4,1,1,1,4,69.39000000000001,-1.0876000000000001,0
N=Cn1cc(N)oc1=O,127.103,5,2,1,1,5,85.00999999999999,-0.5213300000000001,0
N=C1ON=C1C(N)C=O,127.10299999999998,5,2,2,1,5,88.53,-1.12393,1
CNC(=O)C1=NC(N)=N1,126.11900000000001,4,2,1,1,5,79.84,-1.540799999999999,0
COc1cnn[nH]c1=N,126.119,4,2,1,1,5,74.65,-0.70723,0
CC(=O)C1=NC(N)=N1,111.10400000000001,4,1,1,1,4,67.81,-0.6978,0
N=C1COC(=N)N=CO1,127.103,4,2,0,1,5,78.52,-0.026460000000000095,0
O=C1C=NC(CO)=N1,112.088,3,1,1,1,4,62.019999999999996,-1.0118,0
CN=C1N=C(N)C=[N+]1[O-],126.119,3,1,0,1,5,76.80999999999999,-1.0758999999999999,0
Cc1nc(=N)on1CO,129.119,5,2,1,1,5,75.04,-0.7862100000000003,0
N=C1NC(=O)C(O)O1,116.07599999999998,4,3,0,1,5,82.41000000000001,-1.6140300000000003,1
N#CCN1OCNC1=N,126.11899999999999,3,2,1,1,5,72.14000000000001,-0.7609500000000002,0
CC1=NN=C(N)C1=O,111.104,4,1,0,1,4,67.81,-0.6978,0
N=C1NN=C1C(N)=O,112.092,3,3,1,1,5,91.33000000000001,-1.5918300000000003,0
N=Cc1cnc(=O)[nH]n1,124.103,4,2,1,1,5,82.49,-0.8374300000000001,0
N=CN1CNC(=N)C1=O,126.11899999999997,3,3,1,1,5,80.04,-1.03996,0
N=C1OCCOC(=N)O1,130.103,5,2,0,1,5,75.39,-0.0806599999999999,0
Cc1n[nH]c(=N)oc1=O,127.10299999999998,4,2,0,1,5,82.74000000000001,-0.84921,0
N=Cc1ncnc(N)n1,123.11900000000001,5,2,1,1,5,88.54,-0.5485300000000002,0
Cc1n[nH]c(=O)nc1O,127.10299999999998,4,2,0,1,5,78.87,-0.8210800000000003,0
N=c1cnonc1N,112.09200000000001,5,2,0,1,5,88.79,-0.8687300000000002,0
NC1=C(NO)C(=O)N=C1,127.10299999999998,4,3,1,1,5,87.71,-1.2535,0
N=C1NC(=O)COC1=N,127.103,4,3,0,1,5,86.03,-0.9126600000000002,0
N=COC1=C(O)OC1=N,128.087,5,3,2,1,5,86.39000000000001,0.34464,0
CC(O)c1noc(=O)[nH]1,130.103,4,2,1,1,5,79.12,-0.5838000000000001,1
CC(N)C(=O)n1cn[nH]1,128.135,4,2,1,1,5,76.7,-0.8014000000000003,1
O=CN1C=NCC(=O)O1,128.087,4,0,1,1,5,58.97,-1.0551000000000001,0
N#Cn1nc(N)ccc1=N,135.13,5,2,0,1,5,91.47999999999999,-0.7260500000000003,0
Cc1n[nH]c(=O)c(N)n1,126.119,4,2,0,1,5,84.66,-0.9444800000000002,0
N=C1COC(=O)N=CN1,127.103,3,2,0,1,5,74.53999999999999,-0.26823000000000013,0
CC(O)C1=C(N)N=N1,113.12000000000002,4,2,1,1,4,70.97,-0.03919999999999996,1
N=C1COCNC(=O)O1,130.103,4,2,0,1,5,71.41,-0.32243000000000016,0
N#CCC1=NC(OC=N)=N1,136.11399999999998,5,1,2,1,5,81.58999999999999,0.29185,0
CN=C1C=NN=C1N,110.12,4,1,0,1,4,63.099999999999994,-0.5862,0
N=C1OCC(C=O)C(=N)O1,142.11399999999998,5,2,1,1,5,83.23,-0.23966000000000015,1
Nc1ocnc(=O)c1O,128.087,5,2,0,1,5,89.35000000000001,-0.6774,0
CC(=O)C1=C(O)N=N1,112.088,4,1,1,1,4,62.019999999999996,0.7683,0
Nc1cnc(=O)[nH][n+]1[O-],128.091,4,2,0,1,6,98.71,-2.0145,0
CC1=C(C=O)N=NC1=N,123.11500000000001,3,1,1,1,4,65.64,0.9023700000000001,0
CNC(=O)c1c[nH]nn1,126.119,3,2,1,1,5,70.67,-0.8357000000000003,0
Cc1n[nH]c(=O)nc1N,126.119,4,2,0,1,5,84.66,-0.9444800000000002,0
COc1cnc(N)n1C=N,140.14600000000002,5,2,2,1,5,76.92,-0.07093000000000027,0
N=C(O)c1c[nH]n[n+]1[O-],128.091,3,3,1,1,6,99.69999999999999,-1.07353,0
N=C1COC(=N)C(=O)N1,127.103,4,3,0,1,5,86.03,-0.9126600000000002,0
N=C1NC(=O)COC1=N,127.103,4,3,0,1,5,86.03,-0.9126600000000002,0
Nc1ccnnc1C=O,123.115,4,1,1,1,4,68.87,-0.1287000000000002,0
Nc1nc(C=O)[nH]c1O,127.10299999999997,4,3,1,1,5,92.0,-0.4900000000000001,0
CN=C1N=C(O)C(=O)O1,128.087,3,1,0,1,5,71.25,-0.5145,0
NCn1c(N)nnc1C=O,141.13400000000001,6,2,2,1,6,99.82,-1.411,0
N=CN1C(=O)OC1C=O,128.08699999999996,4,1,2,1,5,70.46000000000001,-0.42933,1
N#CC(O)c1cnn[nH]1,124.10300000000001,4,2,1,1,5,85.59,-0.6383200000000002,1
NCC1=C(O)C(=O)C=N1,126.11499999999997,4,2,1,1,4,75.68,-0.6318000000000001,0
CNC1COC(=O)C1=N,128.131,4,2,1,1,4,62.18,-0.8490300000000004,1
COC1=NC(N)=NC1=N,126.11900000000001,4,2,0,1,5,83.82,-0.66313,0
N=Cc1cc(N)ncn1,122.13100000000001,4,2,1,1,4,75.65,0.05647000000000013,0
N=C1OCC(C=O)=NO1,128.087,5,1,1,1,5,71.74,-0.4771300000000003,0
CC(=NO)c1cn[nH]n1,126.119,4,2,1,1,5,74.16,0.0029000000000000137,0
NC(=O)C1=NC=[N+]1[O-],113.076,3,1,1,1,5,81.52,-1.5776000000000001,0
N=C1OC=NCOC1=N,127.103,5,2,0,1,5,78.52000000000001,-0.026460000000000095,0
N=C1COC(=N)OCO1,130.103,5,2,0,1,5,75.39,-0.08066000000000012,0
COc1n[nH]c(NC#N)n1,139.118,5,2,2,1,6,86.61999999999999,-0.29372000000000015,0
N=CN=C1NC1OC=O,127.10299999999997,3,2,3,1,5,84.45000000000002,-0.9057300000000001,1
Cc1noc(N)nc1=N,126.11900000000001,5,2,0,1,5,88.78999999999999,-0.5603100000000001,0
COc1cnc(O)n1N,129.119,5,2,1,1,5,73.3,-0.6889000000000003,0
CN=C1C=NN=C1CO,125.13099999999999,4,1,1,1,4,57.31,-0.5101,0
N=C1CN=NC(C=O)O1,127.10299999999997,5,1,1,1,5,74.87,-0.028930000000000122,1
Cc1nc(N)nn1C=N,125.135,5,2,1,1,5,80.58,-0.3761100000000001,0
NCc1ncc(=O)on1,127.10299999999998,5,1,1,1,5,82.01,-1.1115000000000002,0
Nc1nc(C=O)c(N)o1,127.10299999999998,5,2,1,1,5,95.14,-0.3485,0
CN=C1OCC(=N)OC1=O,142.114,5,1,0,1,5,71.74000000000001,-0.43463,0
N=Cc1ncnc(CN)n1,137.14600000000002,5,2,2,1,5,88.54,-0.6720300000000001,0
CN=C1C=NN=C1N,110.12,4,1,0,1,4,63.099999999999994,-0.5862,0
Cn1nnc(=O)c(N)n1,127.107,6,1,0,1,6,86.69,-1.8474999999999993,0
NC1=NC=NC=C(O)O1,127.10299999999997,5,2,0,1,5,80.2,-0.28350000000000014,0
N=CN1OCNCC1=O,129.119,4,2,1,1,5,65.42000000000002,-1.0856299999999999,0
N=C1OC=NCOC1=N,127.103,5,2,0,1,5,78.52000000000001,-0.026460000000000095,0
N=COC1N=COC(=O)N1,143.102,5,2,2,1,6,83.77000000000001,-0.33823,1
N=C1COC(=N)C(=O)O1,128.087,5,2,0,1,5,83.23,-0.48566000000000015,0
Cn1cnc(=N)c[n+]1[O-],126.11899999999999,4,1,0,1,5,68.61,-1.46703,0
C#CC1(N)N=CN=N1,108.104,4,1,0,1,4,63.099999999999994,-0.2738,1
Cc1noc(=O)n1C=N,127.103,5,1,1,1,5,71.88,-0.40011000000000013,0
N=c1oc(N)cn[n+]1[O-],128.091,5,2,0,1,6,102.84,-1.63033,0
N=C1CN=NC(C=O)N1,126.11899999999997,4,2,1,1,5,77.67,-0.4559300000000001,1
N=CN1CCOC(=O)N1,129.119,3,2,1,1,5,65.42,-0.44973000000000013,0
CN1NCC(=O)OC1=N,129.119,4,2,0,1,5,65.42000000000002,-1.08563,0
Cc1nc(=O)[nH]c(=O)o1,128.087,4,1,0,1,5,75.96000000000001,-0.96848,0
N=c1ocnc(N)c1O,127.103,5,3,0,1,5,96.13000000000001,-0.5581300000000001,0
N=C1NCC(=O)N=CO1,127.103,3,2,0,1,5,74.54,-0.9041300000000001,0
N#CCN=C1NC(=N)O1,124.10299999999998,4,2,1,1,5,81.26,-0.57945,0
COc1cnoc(=O)c1O,143.09799999999998,5,1,1,1,5,72.56,-0.25100000000000017,0
NC(C=O)c1cnno1,127.103,5,1,2,1,5,82.01,-0.7317000000000002,1
N=COC1=NC(=N)N=N1,125.09100000000001,4,2,1,1,6,94.00999999999999,0.36663999999999997,0
CNC(=O)C1=NN=C1N,126.11900000000001,4,2,1,1,5,79.84,-1.5408,0
CN=C1C=NN=C1F,113.095,3,0,0,1,4,37.08,0.4246,0
CN=C1OC(=O)N=C1N,127.10300000000001,4,1,0,1,5,77.03999999999999,-0.47789999999999994,0
N=C1OC(=N)C(=O)O1,114.05999999999999,5,2,0,1,5,83.23,-0.5281600000000002,0
CC1(C#N)N=CN=N1,108.104,4,0,0,1,4,60.87,0.72028,1
N=C1NCN=C(O)CN1,128.135,2,4,0,1,5,80.5,-0.9720300000000002,0
Cn1[nH]nc1CNC=O,128.135,3,2,3,1,5,62.71,-1.0058,0
N=COc1ocnc1N,127.103,5,2,2,1,5,85.13,0.24267,0
NC(=O)Oc1cc[nH]n1,127.103,3,2,1,1,5,81.00000000000001,-0.13279999999999997,0
Cn1cc(C=O)c(N)n1,125.131,4,1,1,1,4,60.91,-0.18519999999999992,0
CC1NC(=N)C(=NO)O1,129.119,4,3,0,1,5,77.7,-0.28283,1
N=C1N=CC(O)=C1O,112.08799999999998,3,3,0,1,4,76.67,0.37567,0
CN=C1CNC1=NC=O,125.13099999999997,2,1,1,1,4,53.82,-0.7847000000000002,0
Nc1ncn[nH]c1=NCO,141.13400000000001,5,3,1,1,6,100.18,-1.7626000000000002,0
N=C1OC(C=O)OC1O,131.087,5,2,1,1,5,79.61,-1.14613,2
N=C1N=NC(C=O)=N1,110.076,3,1,1,1,5,78.0,-0.015629999999999977,0
N=CNc1ocnc1N,126.119,4,3,2,1,5,87.93,0.27577,0
N=CN1CC(=O)C(=O)N1,127.10299999999998,3,2,1,1,5,73.26,-1.4906300000000001,0
CC1=NC(=O)C(N)=N1,111.104,3,1,0,1,4,67.81,-0.6978,0
NC1=C(N)C(=O)N=C1,111.10399999999998,3,2,0,1,4,81.47,-1.2736000000000003,0
N=CC(O)C1=NC(=N)O1,127.10300000000001,4,3,2,1,5,89.52,-0.6396600000000001,1
O=C1CC(=O)NC(=O)N1,128.087,3,2,0,1,5,75.27,-1.2575,0
N=CNC1NC(C=O)O1,129.11899999999997,4,3,3,1,5,74.21000000000001,-1.38853,2
Cn1[nH]ncc1=NC=N,125.13499999999999,3,2,1,1,5,69.82,-0.7440300000000002,0
NC(=O)C1C=NNN1N,129.12300000000002,5,3,1,1,6,96.74,-2.4799999999999995,1
N=CC1=NC=NC1=NN,123.11900000000001,4,2,1,1,5,86.95,-0.60893,0
NC1=C(N)C(=O)N=C1,111.10399999999998,3,2,0,1,4,81.47,-1.2736000000000003,0
Cn1nc(O)c(=N)[nH]1,114.10799999999999,4,3,0,1,5,77.69,-1.0667300000000004,0
C#Cc1nnc(O)n1N,124.103,5,2,0,1,5,76.96000000000001,-1.3212000000000002,0
COC1=C(N)C(=N)N=N1,126.11900000000001,4,2,1,1,5,83.82000000000001,0.20367000000000018,0
NC=C1CNCNC1=O,127.14699999999998,3,3,0,1,4,67.15,-1.4941,0
CC1=NC(N)=NC1=O,111.104,3,1,0,1,4,67.81,-0.6978,0
N=C1NCC(C(N)=O)O1,129.119,3,3,1,1,5,88.2,-1.60513,1
O=Cc1ncn[nH]c1=O,125.08699999999999,4,1,1,1,5,75.71000000000001,-1.0226,0
N=CC1=NC=NC1=O,109.088,3,1,1,1,4,65.64,-0.35453,0
N#CCC1=NC(OCO)=N1,139.11399999999998,5,1,2,1,5,77.97,-0.36542,0
COc1nc(C=N)no1,127.103,5,1,2,1,5,72.0,0.07586999999999994,0
COC1=NC(N)=NC1=O,127.10300000000001,4,1,0,1,5,77.03999999999999,-1.1138000000000001,0
CN=C1N=C(N)C(=N)O1,126.119,4,2,0,1,5,83.82000000000001,-0.66313,0
N=C1N=C(N)NC1=O,112.092,3,3,0,1,5,91.33000000000001,-1.5918300000000003,0
N=CN1C(=O)CC1=NO,127.10299999999998,4,2,1,1,5,76.75,-0.3865300000000002,0
N=Cc1cnc(O)c(N)n1,138.13,5,3,1,1,5,95.88,-0.23793000000000009,0
N=C1NCCOC(=N)O1,129.119,4,3,0,1,5,78.19000000000001,-0.50766,0
N=c1cnn(C=O)[nH]1,112.09199999999998,4,2,1,1,5,74.53,-1.2710300000000003,0
NCC1=NNC(=O)C1=O,127.10299999999997,4,2,1,1,5,84.54999999999998,-2.0,0
N=CN1CC(N)C(=O)N1,128.135,3,3,1,1,5,82.21000000000001,-1.73243,1
NC1=C(N)C(C=O)=N1,111.10399999999998,4,2,1,1,4,81.47,-1.2735999999999998,0
O=Cc1nncc(O)n1,125.08699999999997,5,1,1,1,5,75.97,-0.6103000000000001,0
CN=C1N=CN=C1N,110.12,3,1,0,1,4,63.099999999999994,-0.5861999999999998,0
Cc1nc(C=N)[nH]c(=O)n1,138.12999999999997,4,2,1,1,5,82.49,-0.5290100000000002,0
CC(=O)c1cn[nH]n1,111.104,3,1,1,1,4,58.64,0.007299999999999918,0
COC(=N)N1C=NC1=N,126.119,3,2,0,1,5,72.53,-0.15376,0
CC(=O)C(=O)N1CN1,114.104,3,1,1,1,4,59.09,-1.1203,0
NC1=C(N)C(C=O)=N1,111.10399999999998,4,2,1,1,4,81.47,-1.2735999999999998,0
N=C1OCC(=O)OC1=N,128.087,5,2,0,1,5,83.22999999999999,-0.48566000000000015,0
NC1=C(NC=O)C(=O)N=C1,139.114,3,2,2,1,5,84.55,-1.4863000000000004,0
N=C1OC(=N)C(CO)O1,130.10299999999998,5,3,1,1,5,86.39,-0.6938600000000001,1
N=C1NC(=O)N=C1O,113.076,2,3,0,1,5,85.54,-0.35663000000000006,0
CC1=NC(N)=NC1=O,111.104,3,1,0,1,4,67.81,-0.6978,0
N=C(O)c1coc(=N)o1,128.087,4,3,1,1,5,94.21,0.23544000000000004,0
COC1=C(N)N=NC1=O,127.10300000000001,4,1,1,1,5,77.03999999999999,-0.247,0
CNC(=O)c1c[nH]nn1,126.119,3,2,1,1,5,70.67,-0.8357000000000003,0
COC1=NC(=O)C(N)=C1,126.115,3,1,0,1,4,64.67999999999999,-0.5859000000000001,0
O=C1COC=NC(O)O1,131.087,5,1,0,1,5,68.12,-1.1360000000000001,1
C#CC(N)C1=NN=C1N,122.13100000000001,4,2,1,1,4,76.75999999999999,-1.3262999999999998,1
N=CN1C=NC(C=O)N1,126.11899999999997,4,2,2,1,5,68.55,-1.0330300000000001,1
CC(O)C1=CN=NC1=N,125.131,3,2,1,1,4,68.80000000000001,0.6941700000000001,1
O=CC1=NCNC(=O)CO1,142.114,4,1,1,1,5,67.76,-1.3123000000000005,0
Nc1coc(=O)n1O,116.076,5,2,0,1,5,81.39,-0.7392000000000001,0
Nc1n[nH]nc1C=O,112.09199999999998,4,2,1,1,5,84.66,-0.8006000000000004,0
N#Cc1nn[nH]c1C=O,122.08699999999997,4,1,1,1,5,82.43,-0.51112,0
COC1=NN=C1NC#N,124.103,5,1,0,1,5,69.77000000000001,-0.5709200000000001,0
N=C1N=C(C(N)=O)O1,113.076,3,2,1,1,5,88.53000000000002,-1.1648300000000003,0
N=C(N)C1=NC(CO)=N1,126.119,4,3,2,1,5,94.82000000000001,-1.2747300000000001,0
CC1=NC(N)=NC1=O,111.104,3,1,0,1,4,67.81,-0.6978,0
N=CN1OC(=N)C1CO,129.119,4,3,2,1,5,80.4,-0.8211600000000003,1
N=C1C=NC(N)=C1C=O,123.115,4,2,1,1,4,79.30000000000001,-0.5402300000000002,0
Cn1cc(CN)n[n+]1[O-],128.13500000000002,4,1,1,1,5,70.78,-1.4877999999999993,0
NC1=C(C=O)C(=O)C=N1,124.09899999999999,4,1,1,1,4,72.52000000000001,-0.9909000000000001,0
COc1cc(O)n[nH]c1=O,142.114,4,2,1,1,5,75.21000000000001,-0.5159,0
N=C1OCC(=O)NC1=O,128.087,4,2,0,1,5,79.25,-1.36333,0
N#CC1=CN=NC1=N,106.088,3,1,0,1,4,72.36,0.8369499999999999,0
C#CC1=NC(=O)N=C1N,121.099,2,1,0,1,4,67.81,-0.44859999999999983,0
N=CC1N=C(N)C(C=O)O1,141.13,5,2,2,1,5,88.53000000000002,-1.08303,2
CC1=NC(=O)N=C1O,112.08799999999998,1,1,0,1,4,62.019999999999996,0.5374000000000001,0
NC(CO)C1=CN=NC1=O,141.13,4,2,2,1,5,88.03999999999999,-0.8177000000000001,1
COC(=O)c1ncn[nH]1,127.10300000000001,4,1,1,1,5,67.87,-0.4087,0
N=c1oc(=O)c1=NO,114.05999999999999,5,2,0,1,5,86.65,-1.7152300000000005,0
N=C1NC(=N)C(=O)O1,113.076,4,3,0,1,5,86.03000000000002,-0.95516,0
N=C(N)n1ccnn1,111.10799999999999,4,2,0,1,5,80.58,-0.9803300000000004,0
N=CNC1=NN=CC1=N,123.119,4,3,1,1,5,84.45,-0.3992599999999999,0
CNC1=NC(=O)N=C1N,126.119,3,2,0,1,5,79.84,-0.9049,0
N=CN1C(O)C(=O)C1O,130.10299999999998,4,3,1,1,5,84.62000000000002,-1.8850300000000002,2
N=C1N=NC(CO)=C1N,126.119,4,3,1,1,5,94.82,-0.40793000000000007,0
CC1=NC(=N)C(CN)=N1,124.147,3,2,1,1,4,74.59,-0.20462999999999998,0
COC1=NC(=O)C(N)=N1,127.10300000000001,4,1,0,1,5,77.03999999999999,-1.1138000000000003,0
N=C1OCC(=O)C(=N)O1,128.087,5,2,0,1,5,83.23,-0.48566000000000015,0
CNOc1nc(C=N)no1,142.118,6,2,3,1,6,84.03,-0.4195300000000001,0
N=Cc1nncoc1=N,124.10299999999998,5,2,1,1,5,86.62,-0.45326000000000016,0
NC1=NC(CO)=NC1=O,127.10299999999998,4,2,1,1,5,88.03999999999999,-1.7254,0
NC=C1N=C(N)C=[N+]1[O-],126.119,4,2,0,1,5,90.47,-1.3040999999999996,0
N#Cc1n[nH]nc1CO,124.10299999999998,4,2,1,1,5,85.59,-0.8313200000000003,0
NC(=O)C1=NN=C1N,112.09200000000001,4,2,1,1,5,93.83,-1.8014999999999999,0
Cc1noc(=O)c(=N)o1,128.087,5,1,0,1,5,80.09,-0.5843099999999999,0
Cc1n[nH]c(=N)n1C=O,126.11899999999999,4,2,1,1,5,74.53,-0.9626100000000002,0
O=c1cnc(NCO)c[nH]1,141.13,4,3,2,1,5,78.00999999999999,-0.8684000000000005,0
COC1C(=N)N1C=O,114.104,3,1,2,1,4,53.16,-0.5918300000000001,1
COC(=O)c1nc[nH]n1,127.10300000000001,4,1,1,1,5,67.87,-0.4087,0
CC(=O)n1cnc(N)n1,126.11900000000001,5,1,0,1,5,73.8,-0.47959999999999997,0
COc1n[nH]c(=N)n1CO,144.13400000000001,5,3,2,1,6,86.92,-1.3509300000000004,0
N=C1OC=NC1=NO,113.076,4,2,0,1,5,78.03,-0.19013000000000008,0
CC(=O)Oc1cnn[nH]1,127.10300000000001,4,1,1,1,5,67.87,-0.2700000000000002,0
N=C(N)C1OCNC1=N,128.13500000000002,3,4,1,1,5,94.98000000000002,-1.15446,1
N=C1N=COC(=O)CN1,127.103,3,2,0,1,5,74.53999999999999,-0.9041300000000001,0
CNC1=NC(C(=O)O)O1,130.10299999999998,4,2,1,1,5,70.92,-0.9973000000000001,1
N=CCc1nonc1N,126.11900000000001,5,2,2,1,5,88.79,-0.15613,0
NC1=[N+]([O-])C(=O)N=C1,113.076,3,1,0,1,5,81.52,-0.9416999999999998,0
O=C1NCOC(=O)CN1,130.103,3,2,0,1,5,67.42999999999999,-1.2001,0
CN=C1N=NC(N)=N1,111.108,3,1,0,1,5,75.46,-0.24729999999999996,0
N=C1N=COC(=N)CN1,126.119,3,3,0,1,5,81.32,-0.45346000000000014,0
N=CN1COC(=O)C1O,130.10299999999998,4,2,1,1,5,73.62,-1.2718300000000005,1
CC(=O)C1=NC(=N)O1,112.088,3,1,1,1,4,62.510000000000005,-0.06112999999999996,0
CN=C1N=C(N)OC1=O,127.103,4,1,0,1,5,77.03999999999999,-1.1138,0
N=C1COC(=N)NCO1,129.119,4,3,0,1,5,78.19,-0.5076600000000002,0
N=C1COCNC(=O)O1,130.103,4,2,0,1,5,71.41,-0.32243000000000016,0
N=C1N=CN=C1CC=O,123.11499999999998,3,1,2,1,4,65.64,0.035569999999999935,0
N=C1NC=COC(=N)N1,126.119,3,4,0,1,5,80.99000000000001,-0.46346000000000015,0
COc1coc(=O)n1N,130.10299999999998,5,1,1,1,5,70.39,-0.8363,0
CNC(=O)c1c[nH]nn1,126.119,3,2,1,1,5,70.67,-0.8357000000000003,0
N=C1CNC(=N)C(O)O1,129.11899999999997,4,4,0,1,5,89.19000000000001,-1.1208600000000006,1
N#CC(=O)c1ncn[nH]1,122.087,4,1,1,1,5,82.43,-0.48901999999999995,0
COC1=NC(=O)C(N)=N1,127.10300000000001,4,1,0,1,5,77.03999999999999,-1.1138000000000003,0
Cc1n[nH]c(=N)n1C=N,125.13499999999999,4,3,1,1,5,81.31,-0.5457400000000003,0
CC#CC1=NC(=N)N=N1,120.11500000000001,2,1,0,1,4,60.93,0.80877,0
CN=c1nc(N)cn[nH]1,125.135,4,2,0,1,5,79.94999999999999,-1.0826,0
CNC1=NC(=O)C(=O)O1,128.087,4,1,0,1,5,67.76,-1.3548000000000002,0
N=c1nc(N)cno1,112.092,5,2,0,1,5,88.79,-0.8687300000000002,0
COC1=C(F)C(=O)N=N1,130.078,3,0,1,1,5,51.019999999999996,0.7638,0
N=C1ON=C1CNC=O,127.10299999999998,4,2,3,1,5,74.53999999999999,-0.9041300000000003,0
N=C1OCC(C(=N)N)O1,129.119,4,3,1,1,5,92.18,-0.72746,1
N=c1cc(N)onc1O,127.103,5,3,0,1,5,96.13000000000001,-0.5581300000000001,0
O=c1[nH]c(=O)c1=O,99.04499999999999,3,1,0,1,4,67.0,-2.0291,0
CN=C1N=NC(CO)=N1,126.11899999999999,3,1,1,1,5,69.67,-0.17119999999999996,0
CC(=O)C1=NC(=N)N1,111.104,2,2,1,1,4,65.31,-0.4881300000000001,0
COC1=NN=C1CO,114.10399999999998,4,1,1,1,4,54.18000000000001,-0.6068,0
NC1=NC(CO)=NC1=O,127.10299999999998,4,2,1,1,5,88.03999999999999,-1.7254,0
CC(=O)C1=NC(=O)O1,113.07199999999999,3,0,1,1,4,55.730000000000004,0.12410000000000004,0
CN=C1N=C(N)C(O)=N1,126.119,2,2,0,1,5,83.33,-0.7004999999999999,0
N=CNC1COC(=O)C1=N,141.13,4,3,2,1,5,86.03,-0.8717600000000001,1
N=C(C=O)C1NCOC1=O,142.114,5,2,2,1,5,79.25,-1.3224300000000002,1
CC1(C(N)=O)OC1=O,115.08799999999998,3,1,1,1,4,72.69,-1.2127999999999999,1
N=COC1CC(=O)OC1=N,142.114,5,2,2,1,5,83.22999999999999,-0.09716000000000008,1
N=C1N=COC(=N)CN1,126.119,3,3,0,1,5,81.32,-0.45346000000000014,0
N=Cc1nncc(=N)[nH]1,123.11899999999999,4,3,1,1,5,89.27000000000001,-0.7181600000000001,0
N=C1OCC1=NOC=O,128.087,5,1,2,1,5,71.74000000000001,-0.47713000000000005,0
Nc1nnc(C=O)c(N)n1,139.118,6,2,1,1,6,107.78,-1.1515000000000002,0
O=Cc1ncn[nH]c1=O,125.08699999999999,4,1,1,1,5,75.71000000000001,-1.0226,0
N=CN1NC(=O)C1=O,113.07599999999998,3,2,1,1,5,73.26,-1.53313,0
NCCC1=NC(=O)C(N)=N1,140.146,4,2,2,1,5,93.83,-1.3688999999999996,0
CC(=O)NC1=NC(=O)O1,128.087,3,1,0,1,5,67.76,-0.3712999999999999,0
O=Cc1cc(=O)nno1,126.071,5,0,1,1,5,73.06,-0.7577,0
CN=C1NC(=N)NC1=O,126.11899999999999,3,3,0,1,5,77.34,-1.3311300000000001,0
CC(=N)n1cc(N)nn1,125.135,5,2,0,1,5,80.58,-0.29443000000000014,0
N=C1N=CN=C1CO,111.10399999999998,3,2,1,1,4,68.8,-0.5611300000000001,0
Nc1nnc(CCO)c(N)n1,155.16099999999997,6,3,2,1,6,110.94,-1.4292000000000002,0
N=C1OCC(=O)OC1=N,128.087,5,2,0,1,5,83.22999999999999,-0.48566000000000015,0
Cc1nnc(CO)nn1,126.119,5,1,1,1,5,71.79,-0.9326800000000002,0
NC1=CN=C(CO)C1=O,126.11499999999998,4,2,1,1,4,75.68,-1.1975000000000002,0
N=CN1CC(=O)OC=N1,127.10299999999998,4,1,1,1,5,65.75,-0.60443,0
N=C1N=CC(N)=C1N,110.12000000000002,3,3,0,1,4,88.25,-0.8229300000000002,0
N#CC1NC=COCO1,126.11499999999998,4,1,0,1,4,54.28,-0.09882000000000013,1
N=C1OCC(=O)C(=N)O1,128.087,5,2,0,1,5,83.23,-0.48566000000000015,0
CC(O)c1cnnn1N,128.13500000000002,5,2,1,1,5,76.96000000000001,-0.9548000000000001,1
N=C1CCOC(=N)CO1,128.131,4,2,0,1,4,66.16,0.37784,0
N#CC1=CC(=N)N1O,109.088,3,2,0,1,4,71.11,0.07594999999999996,0
N=NC1COCC(N)=N1,128.13500000000002,5,2,1,1,5,83.82,-0.26913,1
N=C1N=C(C=O)C(=N)O1,125.08699999999997,4,2,1,1,5,86.36,-0.4314599999999999,0
COC1=NC(=O)C(N)=N1,127.10300000000001,4,1,0,1,5,77.03999999999999,-1.1138000000000003,0
CC1=NC(CO)=NC1=N,125.13099999999999,3,2,1,1,4,68.80000000000001,-0.17103000000000002,0
N=C1CNC(=N)C(=O)O1,127.10299999999998,4,3,0,1,5,86.03000000000002,-0.9126600000000005,0
N=CC(O)C1=NC(N)=N1,126.11900000000003,5,3,2,1,5,94.82,-1.27633,1
Nc1coc(=O)nc1N,127.10300000000001,5,2,0,1,5,95.14,-0.8008,0
Cc1nonc1NC=O,127.10299999999998,4,1,2,1,5,68.02000000000001,-0.053680000000000117,0
N=C1OC(=N)C(=O)O1,114.05999999999999,5,2,0,1,5,83.23,-0.5281600000000002,0
N=C1COC(=N)C(=O)N1,127.103,4,3,0,1,5,86.03,-0.9126600000000002,0
NCc1ncc(N)n1C=O,140.146,5,2,2,1,5,86.92999999999998,-1.0377,0
CN1C=NC(CO)=C(N)O1,143.146,5,2,1,1,5,71.08,-0.9882,0
N#CCc1n[nH]cc1N,122.131,3,2,1,1,4,78.49,0.057979999999999976,0
N#CC(=O)n1cn[nH]1,110.076,4,1,0,1,5,74.47,-0.6250200000000001,0
N=C1NCOC(=O)CN1,129.119,3,3,0,1,5,74.21,-1.3853300000000002,0
N=C1N=CN=C(N)C1=O,124.103,4,2,0,1,5,91.66,-1.06813,0
O=Cc1nc(CO)no1,128.087,5,1,2,1,5,76.22,-0.6256000000000002,0
N=C1OC(=N)C(C=O)O1,128.087,5,2,1,1,5,83.23,-0.48726000000000025,1
N=C1COC(=N)OCO1,130.103,5,2,0,1,5,75.39,-0.08066000000000012,0
CN=C1C=NN=C1N,110.12,4,1,0,1,4,63.099999999999994,-0.5862,0
N=c1cc(N)[nH]c(=O)o1,127.103,4,3,0,1,5,95.86999999999999,-0.9704300000000003,0
N=CNC1=C(N)C(=O)N1,126.119,3,4,2,1,5,91.0,-1.55933,0
CC1=NC(=O)N1CO,114.10399999999998,2,1,1,1,4,52.900000000000006,-0.20979999999999993,0
N=C1NC(=O)C(=O)CO1,128.087,4,2,0,1,5,79.25000000000001,-1.36333,0
CNC1OCOC(=N)C1=O,144.13,5,2,1,1,5,71.41,-0.91743,1
N#CC1=NC(OC=N)=N1,122.08699999999999,5,1,1,1,5,81.58999999999999,-0.09825,0
N=C1COC(=N)N1C=O,127.103,4,2,1,1,5,77.24000000000001,-0.6129600000000002,0
COC1=NC(C=N)=NC1,125.131,4,1,1,1,4,57.8,0.09296999999999994,0
CC1OC(=N)C(=O)O1,115.08799999999998,4,1,0,1,4,59.379999999999995,-0.11693000000000014,1
N=C1NC(=N)C(=O)N1,112.092,3,4,0,1,5,88.83000000000001,-1.3821599999999998,0
N=CN1CC(=O)NC1=O,127.10299999999998,3,2,1,1,5,73.26,-0.85473,0
N=Cc1ncnc(=N)[nH]1,123.119,4,3,1,1,5,89.27000000000001,-0.7181600000000001,0
N=C1NC(O)C(=N)CO1,129.119,4,4,0,1,5,89.19000000000001,-1.1208600000000002,1
N=C1N=C(C=O)C(=N)O1,125.08699999999997,4,2,1,1,5,86.36,-0.4314599999999999,0
Nc1cnc(C=O)n1N,126.119,5,2,1,1,5,86.92999999999999,-1.0084,0
N=C1OCC(=O)C(=O)O1,129.071,5,1,0,1,5,76.45,-0.9363300000000001,0
CN1CC(C(=O)O)C1=N,128.131,2,2,1,1,4,64.39000000000001,-0.39013000000000003,1
N=CN1C=NCOC1=O,127.10299999999998,4,1,1,1,5,65.75,0.03146999999999994,0
N=C1OC(O)=CC1=O,113.07199999999997,4,2,0,1,4,70.38,-0.03763000000000005,0
COC1=NC(=N)OCO1,130.103,4,1,0,1,5,63.900000000000006,-0.07213000000000008,0
N=Cc1nc(N)nn1O,127.10700000000001,6,3,1,1,6,100.81000000000002,-0.9047300000000005,0
CC1=NC(N)=NC1=N,110.12,3,2,0,1,4,74.59,-0.24712999999999996,0
NC1=COC(=O)C1=O,113.07199999999999,4,1,0,1,4,69.39,-1.0876000000000001,0
CC(=O)n1cncn1,111.104,4,0,0,1,4,47.78,-0.06180000000000008,0
N=Cc1nc(CO)no1,127.103,5,2,2,1,5,83.0,-0.44043000000000004,0
N=c1oc(=NO)c1=N,113.076,5,3,0,1,5,93.43,-1.5959600000000003,0
Cc1nc(O)c(N)o1,114.10399999999998,4,2,0,1,4,72.28,0.27082,0
CN=C1N=CN=C1N,110.12,3,1,0,1,4,63.099999999999994,-0.5861999999999998,0
N=C1NCN=C(O)CO1,129.119,3,3,0,1,5,77.7,-0.5450300000000001,0
NC1=CC(=O)OC1=O,113.07199999999999,4,1,0,1,4,69.39000000000001,-1.0876000000000001,0
Cn1nc(C=O)nc1N,126.119,5,1,1,1,5,73.8,-0.7902,0
N=C1OC(=N)C(C=O)O1,128.087,5,2,1,1,5,83.23,-0.48726000000000025,1
NC(=O)n1ccnc1N,126.119,4,2,0,1,5,86.93,-0.6079000000000001,0
N=C1NCOC(=O)CO1,130.103,4,2,0,1,5,71.41,-0.9583300000000001,0
N=C1COC(=O)C(=O)N1,128.087,4,2,0,1,5,79.25,-1.36333,0
C#CC(O)C1=NOC1=N,124.099,4,2,1,1,4,65.67000000000002,-0.6560300000000001,1
Nc1[nH]ncc1OC=O,127.10299999999997,4,2,2,1,5,81.0,-0.47290000000000054,0
N=C1CNCOC(=N)O1,129.119,5,3,0,1,5,78.19000000000001,-0.5076600000000004,0
N#CCc1cn(CN)o1,125.131,4,1,2,1,4,67.88,0.0633800000000001,0
CNC1=NC(=O)OCN1,129.119,4,2,0,1,5,62.72,-0.7409000000000001,0
N=C1OCC(=O)C(=N)O1,128.087,5,2,0,1,5,83.23,-0.48566000000000015,0
C#CC(N)C1=NC(N)=N1,122.13100000000001,4,2,1,1,4,76.75999999999999,-1.3262999999999998,1
CN=C1C=C(N)OC1=O,126.115,4,1,0,1,4,64.68,-0.5859000000000001,0
NC(=O)C1=NN=C1O,113.076,3,2,1,1,5,88.04,-1.2022,0
N=C1C=C(N)C(N)=N1,110.12000000000002,3,3,0,1,4,88.25,-0.8229299999999997,0
N=Cc1cnc(N)nn1,123.11900000000001,5,2,1,1,5,88.54,-0.5485300000000002,0
N=CC1OC=NC(=N)O1,127.103,4,2,1,1,5,78.52,-0.02805999999999992,1
Nc1nc(C=O)oc1N,127.10299999999998,5,2,1,1,5,95.14,-0.3485,0
N=CN=C1N=CN1O,112.09199999999998,2,2,1,1,5,72.04,-0.31743000000000005,0
NC1=C(N)C(=O)N=C1,111.10399999999998,3,2,0,1,4,81.47,-1.2736000000000003,0
CNC1=NC(=O)N=C1C=O,139.11399999999998,3,1,1,1,5,70.89,-0.6222000000000001,0
CN=C1N=C(N)C(=O)N1,126.119,3,2,0,1,5,79.84,-1.540799999999999,0
N=C1OCC(=O)C(=N)O1,128.087,5,2,0,1,5,83.23,-0.48566000000000015,0
COC(=O)C1=NC(N)=N1,127.10300000000002,5,1,1,1,5,77.03999999999999,-1.1138000000000003,0
Cc1n[nH]c(=O)c(O)n1,127.10299999999998,4,2,0,1,5,78.87,-0.8210800000000003,0
CC(O)C1=NC(=N)N=N1,126.11900000000001,3,2,1,1,5,81.16000000000001,0.16626999999999992,1
N=C1NCOC(=O)C(=N)N1,142.118,4,4,0,1,6,98.06,-1.4080600000000003,0
N=C1NCNC(C=O)N1,128.135,3,4,1,1,5,77.01,-1.81393,1
NC=NC1NC(=O)CO1,129.119,3,2,1,1,5,76.71,-1.5966,1
CC1=C(N)N=NC1=N,110.12,3,2,0,1,4,74.59,0.6196700000000002,0
N=C1N=CC(O)=C1O,112.08799999999998,3,3,0,1,4,76.67,0.37567,0
N=C1CNC(=O)N=CO1,127.10299999999998,3,2,0,1,5,74.54,-0.26823000000000013,0
COc1cnoc(=N)n1,127.103,5,1,1,1,5,72.0,-0.44233000000000006,0
Nc1cnc(O)nc1O,127.10299999999998,5,3,0,1,5,92.26,-0.53,0
N=C1OCN=C(C=O)O1,128.087,5,1,1,1,5,71.74,-0.47713000000000005,0
NC1=CC(=O)N1NC=O,127.103,3,2,2,1,5,75.43,-1.7103000000000004,0
N=C1N=NC=C1F,99.068,2,1,0,1,4,48.57,1.24037,0
NOC1=CC(=O)OC1=O,129.071,5,1,1,1,5,78.62,-1.1560000000000001,0
N=C1CNC(CO)=NC=N1,140.146,4,3,1,1,5,80.83,-1.0140300000000004,0
CNC(=O)c1cn[nH]n1,126.119,3,2,1,1,5,70.67,-0.8357000000000003,0
CC(=O)c1cnoc1N,126.115,4,1,1,1,4,69.12,0.45940000000000014,0
N=Cn1cc(O)[nH]c1=O,127.10299999999998,4,3,1,1,5,81.87,-0.66283,0
N=C1OC(C=O)=C1N,112.088,4,2,1,1,4,76.17,-0.63693,0
N=C1NC=NCOC1=O,127.103,4,2,0,1,5,74.53999999999999,-0.9041300000000001,0
N=CN=C1C=NN=C1O,124.10299999999998,3,2,1,1,5,81.16,-0.009630000000000083,0
CN=C(N)N1C=NC1=N,125.13499999999999,2,2,0,1,5,77.83,-0.7904299999999997,0
Cc1n[nH]c(=N)n1CO,128.135,4,3,1,1,5,77.69,-1.0511100000000002,0
N=COC1=C(N)C=NC1=O,139.114,4,2,2,1,5,88.53,-0.6086300000000002,0
CNc1ncoc(=N)n1,126.11899999999999,5,2,1,1,5,74.80000000000001,-0.4092299999999999,0
N#CNC(=N)C1=NCO1,124.103,4,2,1,1,5,81.26,-0.5794500000000002,0
CC(=O)n1ncc(N)n1,126.119,5,1,0,1,5,73.8,-0.47959999999999997,0
N=C1NC(=N)C(=O)CO1,127.103,4,3,0,1,5,86.03000000000002,-0.91266,0
N#Cc1ncc(=N)oc1N,136.11399999999998,5,2,0,1,5,99.69,-0.39204999999999995,0
N=C1N=C(O)C=C1C=O,124.09899999999996,2,2,1,1,4,73.50999999999999,0.059069999999999956,0
N=C1NC(=O)OC1C=O,128.087,4,2,1,1,5,79.25,-0.7290300000000001,1
N=C1OCC(=N)C(=O)O1,128.087,5,2,0,1,5,83.23,-0.48566000000000015,0
N=c1[nH]c(=N)n(C=O)o1,128.091,5,3,1,1,6,98.63000000000001,-1.5935599999999994,0
N=c1nc(C=O)nc[nH]1,124.10299999999998,4,2,1,1,5,82.49000000000001,-0.9033300000000004,0
N=C(O)C1=NN=C1N,112.09200000000001,4,3,1,1,5,94.82,-0.75153,0
C#Cc1n[nH]nc1N,108.104,3,2,0,1,4,67.59,-0.6318000000000001,0
N=CC1=NC(=N)C(=O)O1,125.08699999999999,4,2,1,1,5,86.36,-0.4314600000000001,0
Cn1cnc(NC=O)n1,126.11899999999999,4,1,2,1,5,59.81,-0.6166000000000003,0
Cc1noc(N)nc1=O,127.10300000000001,5,1,0,1,5,82.00999999999999,-0.6795800000000001,0
CN=c1nc(N)c1=O,111.104,4,1,0,1,4,68.34,-1.5698999999999999,0
NC(=O)C1=C(O)N=C1,112.08799999999998,3,2,1,1,4,75.68,-0.6742999999999999,0
N=C1OC(=O)N=C1CO,128.087,4,2,1,1,5,82.74,-0.45282999999999995,0
CN=C1NC(=O)NCO1,129.119,3,2,0,1,5,62.72,-0.7409000000000001,0
N=CC1=NC(=O)N=N1,110.07600000000001,3,1,1,1,5,78.0,0.6202700000000001,0
N=C1OC=NC1CCO,128.131,4,2,2,1,4,65.67,-0.22683000000000003,1
NC(C=O)C1=NN=C1,111.104,4,1,2,1,4,67.81,-1.0470000000000002,1
CC1=NC(=O)C(CO)=N1,126.11499999999998,3,1,1,1,4,62.019999999999996,-0.6217000000000001,0
N=C1OCOC(=O)C1=N,128.087,5,2,0,1,5,83.23,-0.48566000000000015,0
COc1nn[nH]c1N=O,128.091,5,1,2,1,6,80.23,0.21119999999999978,0
N=COCC1NN1C=N,128.135,4,3,4,1,5,81.88,-0.63656,1
CN=C1NCNC(=O)CO1,143.146,3,2,0,1,5,62.72,-1.3342999999999998,0
N=CC1COC(=N)OCO1,144.13,5,2,1,1,5,75.39,-0.03975999999999996,1
CN(C#N)c1cn[nH]n1,123.119,4,1,1,1,5,68.6,-0.2780200000000001,0
N=CC1=NC(=N)N=C1N,123.11900000000001,3,3,1,1,5,98.44,-0.6174600000000001,0
N=CN1CC(=O)OCO1,130.10299999999998,4,1,1,1,5,62.620000000000005,-0.65863,0
CCn1nncc1N=N,125.13499999999999,5,1,2,1,5,66.92,0.9604699999999999,0
Cc1n[nH]c(OC=O)n1,127.10299999999998,4,1,2,1,5,67.87,-0.35168000000000016,0
N=C1COC(=N)C(=N)O1,127.103,5,3,0,1,5,90.01,-0.034989999999999966,0
CC1=NC(CN)=NC1=N,124.147,3,2,1,1,4,74.59,-0.20462999999999998,0
Nc1nc(CC=O)n[nH]1,126.11899999999999,4,2,2,1,5,84.66,-0.8717000000000004,0
CC(=O)c1nnc(O)[nH]1,127.103,4,2,1,1,5,78.87,-0.2871000000000001,0
Cc1nnc(=O)[nH]c1N,126.119,4,2,0,1,5,84.66,-0.9444800000000002,0
O=C(O)C1C=NNC1=O,128.08700000000002,3,2,1,1,5,78.75999999999999,-1.1972,1
N=COC1=NC(=N)C=N1,124.103,4,2,1,1,5,81.64999999999999,0.027739999999999987,0
CC1=C(CN)N=NC1=N,124.147,3,2,1,1,4,74.59,0.6621700000000001,0
Cc1noc(=N)n1CN,128.13500000000002,5,2,1,1,5,80.83,-0.8198100000000001,0
O=C1N=CC(CCO)=N1,126.115,2,1,2,1,4,62.019999999999996,0.014200000000000046,0
Nc1cnc(CO)nc1,125.13099999999999,4,2,1,1,4,72.03,-0.4489000000000001,0
NC1=C(CO)N=C1O,114.10399999999998,3,3,1,1,4,78.84,-0.8809,0
Nc1nc(C=O)nn1C=O,140.10199999999998,6,1,2,1,6,90.87,-1.2889000000000002,0
N=C1CC(=O)OC(N)=N1,127.103,4,2,0,1,5,88.53,-0.7747300000000001,0
NC1C=NC(N)(CO)O1,131.135,5,3,1,1,5,93.86,-2.0229999999999997,2
CC(C#N)c1nnn[nH]1,123.11900000000001,4,1,1,1,5,78.25,-0.1732200000000001,1
N=Cc1nncoc1=N,124.10299999999998,5,2,1,1,5,86.62,-0.45326000000000016,0
N=Cc1c(O)noc1N,127.103,5,3,1,1,5,96.13,-0.03993000000000002,0
N=C1NCCOC(=N)O1,129.119,4,3,0,1,5,78.19000000000001,-0.50766,0
N=C1OCC(=O)C(=N)O1,128.087,5,2,0,1,5,83.23,-0.48566000000000015,0
C#CC(=N)N1COC=N1,123.115,3,1,0,1,4,48.68000000000001,-0.17013000000000011,0
COC1=NN=C1NC=O,127.10299999999998,4,1,1,1,5,63.050000000000004,-0.8956000000000002,0
N=CN1CNC(=O)OC1,129.11899999999997,3,2,1,1,5,65.42,-0.44972999999999996,0
N=C1OCC(=O)OC1=N,128.087,5,2,0,1,5,83.22999999999999,-0.48566000000000015,0
N=C1OC(=N)C(C=O)O1,128.087,5,2,1,1,5,83.23,-0.48726000000000025,1
O=C1CNNCC(=O)O1,130.10299999999998,5,2,0,1,5,67.43,-1.8359999999999999,0
N=CN1C(=O)C=C1O,112.08799999999997,3,2,1,1,4,64.39,-0.16492999999999985,0
N=CN1CN=CN=CC1=N,137.146,4,2,1,1,5,75.66,-0.057060000000000055,0
CCn1cnc(=O)n1N,128.135,5,1,1,1,5,65.84,-1.2214999999999996,0
N=COC1N=COC1=N,127.10299999999998,5,2,2,1,5,78.52000000000001,-0.02805999999999992,1
Cn1cnc(=N)nc1N,125.135,5,2,0,1,5,80.58,-1.12323,0
COC1=NC(=N)C(=N)O1,127.103,4,2,0,1,5,78.52,-0.02646000000000004,0
N=C1COCOC(N)=CO1,144.13,5,2,0,1,5,77.56,-0.25782999999999995,0
CC(=O)c1nc(F)no1,130.078,4,0,1,1,5,55.99,0.4113,0
Nc1n[nH]nc1C=O,112.09199999999998,4,2,1,1,5,84.66,-0.8006000000000004,0
N=C1N=NC(=CN)O1,112.092,4,2,0,1,5,83.82000000000001,0.1611700000000001,0
N#CC1C(=N)ONC1=O,125.08699999999999,4,2,0,1,5,85.97,-0.8351500000000003,1
N=Cn1cc(O)c(=N)o1,127.10299999999998,5,3,1,1,5,86.00000000000001,-0.27865999999999996,0
N=C1N=CN=C1NC=O,124.10299999999998,3,2,1,1,5,77.67,-0.8499300000000003,0
CC(O)C1=NN=C1N,113.12000000000002,4,2,1,1,4,70.97,-0.9060000000000001,1
COC1NC(=N)OC(=N)O1,145.118,5,3,1,1,6,87.42,-0.5776600000000003,1
N=C1N=CN=C1C(N)=O,124.103,3,2,1,1,5,91.66,-1.0681300000000002,0
CC(O)C1=NC(N)=N1,113.12000000000002,4,2,1,1,4,70.97,-0.9060000000000001,1
N=c1oncncc1=O,125.08699999999997,5,1,0,1,5,79.84,-1.09073,0
N=C1NCC(=N)C(=O)O1,127.103,4,3,0,1,5,86.03000000000002,-0.91266,0
N#CC1=NC(N)=NC1=N,121.10300000000001,4,2,0,1,5,98.38,-0.7434500000000002,0
N=C1N=NC(CO)=C1N,126.119,4,3,1,1,5,94.82,-0.40793000000000007,0
N=CN1C(=N)NC1=O,112.09199999999998,3,3,1,1,5,80.04,-0.44656,0
O=CC1NCC(O)C(=O)N1,144.13,4,3,1,1,5,78.43,-2.4083,2
N=C(O)c1ncc(N)[nH]1,126.119,3,4,1,1,5,98.78,-0.12473000000000012,0
N=Cc1nc(=N)[nH]n1O,127.107,5,4,1,1,6,101.54,-1.0743600000000002,0
NC(C=O)C1=NOC1,114.104,4,1,2,1,4,64.68,-1.1012,1
Nc1c[n+]([O-])c(C=O)[nH]1,127.10299999999998,3,2,1,1,5,85.82,-0.9571999999999998,0
CCn1cn[nH]c(=N)c1=O,140.146,4,2,1,1,5,74.53,-0.9292300000000004,0
NC1=NC(=O)C(C=O)=N1,125.08699999999997,4,1,1,1,5,84.88,-1.5188,0
N#CCNc1conn1,124.103,5,1,2,1,5,74.74000000000001,0.005079999999999807,0
COC1=NC(N)=NC1=O,127.10300000000001,4,1,0,1,5,77.03999999999999,-1.1138000000000001,0
COC1=NC(=N)C(N)=N1,126.11900000000001,4,2,0,1,5,83.82,-0.6631300000000002,0
O=C(CO)c1c(O)c1=O,128.083,4,2,2,1,4,74.6,-1.197,0
N=C1OCN=CC(=O)O1,128.087,5,1,0,1,5,71.74,-0.47713000000000005,0
COC1=C(N)C(=N)C=N1,125.131,4,2,1,1,4,71.46000000000001,-0.13522999999999985,0
Cc1nc(N)nnc1C=N,137.14600000000002,5,2,1,1,5,88.53999999999999,-0.24011000000000043,0
NCC1=NC(=O)C(N)=N1,126.119,4,2,1,1,5,93.83,-1.7589999999999995,0
N=c1oc(N)noc1=O,129.07500000000002,6,2,0,1,6,106.11000000000001,-1.3105299999999998,0
NC(=O)C1=NN=C1N,112.09200000000001,4,2,1,1,5,93.83,-1.8014999999999999,0
N=C1NCC(=NO)CO1,129.119,4,3,0,1,5,77.7,-0.6288300000000002,0
CC(=O)c1noc(=O)o1,129.071,5,0,1,1,5,73.31,-0.16960000000000008,0
N=COc1cnc(O)o1,128.087,5,2,2,1,5,79.34,0.36606999999999995,0
N=C1COC(=N)OCO1,130.103,5,2,0,1,5,75.39,-0.08066000000000012,0
N=C1COC(=N)OCO1,130.103,5,2,0,1,5,75.39,-0.08066000000000012,0
N=C1C=C(CN)C(=N)O1,125.131,4,3,1,1,4,82.95,-0.14376,0
CN1COC(=O)OC1=N,130.10299999999998,4,1,0,1,5,62.62,-0.022729999999999972,0
NC1=C(N)C(=O)N=C1,111.10399999999998,3,2,0,1,4,81.47,-1.2736000000000003,0
N=C1C=C(N)C(N)=N1,110.12000000000002,3,3,0,1,4,88.25,-0.8229299999999997,0
CN=C1N=CN=C1N,110.12,3,1,0,1,4,63.099999999999994,-0.5861999999999998,0
NC(=O)C1=NC(=O)O1,114.05999999999999,3,1,1,1,5,81.75000000000001,-0.9796,0
Cc1nc(N)oc1C=O,126.11499999999998,4,1,1,1,4,69.12,0.37772000000000006,0
CCC1=C(O)N=NC1=O,126.11499999999998,3,1,1,1,4,62.02,1.1584,0
O=CC1=NC(=O)C(=O)N1,126.07099999999998,3,1,1,1,5,75.6,-1.7598000000000005,0
N=c1oncnc1N,112.092,5,2,0,1,5,88.79,-0.86873,0
CN=C1C=NN=C1N,110.12,4,1,0,1,4,63.099999999999994,-0.5862,0
N=C1NN=C(O)C1=O,113.07599999999998,3,3,0,1,5,85.53999999999999,-0.9925300000000001,0
COC1=NC(N)=NC1=O,127.10300000000001,4,1,0,1,5,77.03999999999999,-1.1138000000000001,0
Nc1ncn(C=O)c1N,126.11899999999999,5,2,1,1,5,86.92999999999999,-0.9142000000000001,0
CC1=NC(=N)C(=O)O1,112.08799999999998,3,1,0,1,4,62.510000000000005,-0.06113000000000007,0
N=Cc1nc(=O)nc[nH]1,124.103,4,2,1,1,5,82.49000000000001,-0.8374300000000003,0
N=Cc1ncc(C=O)o1,124.09899999999998,4,1,2,1,4,66.95,0.48477,0
N=C1C=C(O)C(CO)=N1,126.11499999999998,3,3,1,1,4,76.67,-0.14752999999999994,0
CC1=NC(N)=NC1=O,111.104,3,1,0,1,4,67.81,-0.6978,0
Cc1n[nH]ncc1=N,110.11999999999999,3,2,0,1,4,65.42,-0.40741,0
N=c1nc(CO)c1=NO,127.10299999999998,5,3,1,1,5,89.56,-1.78113,0
CC(=O)C1=NC(N)=N1,111.10400000000001,4,1,1,1,4,67.81,-0.6978,0
N=C1NC(C=O)=C1N,111.104,3,3,1,1,4,78.97,-1.0639300000000003,0
CC(=N)OC1C=NC=N1,125.13099999999999,4,1,1,1,4,57.8,0.4389699999999999,1
COC1=C(N)C(=O)C=N1,126.115,4,1,1,1,4,64.68,-0.5859000000000001,0
N=C1NC(=O)C(=N)CO1,127.103,4,3,0,1,5,86.03000000000002,-0.9126600000000002,0
CC(=O)NC1=NN=C1,111.104,3,1,0,1,4,53.82,-0.4796,0
Cn1nc(C=N)nc1O,126.11899999999999,5,2,1,1,5,74.79,-0.4816300000000001,0
N=C1OCC(=O)C(=N)O1,128.087,5,2,0,1,5,83.23,-0.48566000000000015,0
Cn1cnc(CO)nc1=N,140.146,5,2,1,1,5,74.78999999999999,-1.21313,0
N=C(O)C1=NOC1=O,114.05999999999999,4,2,1,1,5,82.74000000000001,-0.5655300000000001,0
CC1=NC(=O)N=C1O,112.08799999999998,1,1,0,1,4,62.019999999999996,0.5374000000000001,0
N=CC1=NC=NC1=O,109.088,3,1,1,1,4,65.64,-0.35453,0
C#Cc1nnn[nH]c1=N,121.103,4,2,0,1,5,78.31,-1.33953,0
NC(=O)c1cnoc1N,127.103,4,2,1,1,5,95.14,-0.6443000000000001,0
NC(=O)NC1=CN=C1O,127.10299999999998,2,3,1,1,5,87.71000000000001,-0.5338,0
N=CN1CC(=N)OCO1,129.119,4,2,1,1,5,69.4,-0.2079600000000001,0
CN=C1NC(=O)C(=O)O1,128.087,4,1,0,1,5,67.76,-1.3548000000000002,0
N=C1NC(=O)CNCO1,129.119,4,3,0,1,5,74.21000000000001,-1.3853300000000002,0
NCC1=NC(=O)C(N)=N1,126.119,4,2,1,1,5,93.83,-1.7589999999999995,0
O=C1CN=COC=NN1,127.10299999999998,4,1,0,1,5,63.05,-0.8956000000000002,0
N=COC1=C(N)C(=O)O1,128.087,5,2,2,1,5,85.39999999999999,-0.7053300000000002,0
N=C1CN=COC(=O)O1,128.087,5,1,0,1,5,71.74,0.15876999999999997,0
COC1=NC(N)=NC1=N,126.11900000000001,4,2,0,1,5,83.82,-0.66313,0
Nc1nc[nH]c1N=NC=O,139.118,4,2,2,1,6,96.49000000000001,0.23199999999999993,0
Nc1ncc(C=O)c(N)n1,138.13,5,2,1,1,5,94.89,-0.5465000000000002,0
O=CC1=NC(=NCO)O1,128.087,4,1,2,1,5,71.25,-1.0802000000000003,0
NC1CC(=O)NC(=O)O1,130.10299999999998,4,2,0,1,5,81.42,-1.0723000000000005,1
N=C1NC(=O)OC1CN,129.119,4,3,1,1,5,88.2,-0.9692300000000003,1
Cn1ncc(=O)c(N)n1,126.11900000000001,5,1,0,1,5,73.8,-1.2425000000000004,0
CN=C1N=CC(=O)N1N,126.119,3,1,0,1,5,71.05,-1.2411,0
N=Cc1conc1N,111.10400000000001,4,2,1,1,4,75.9,0.25447000000000014,0
N=C1OC=CNC(=O)O1,128.087,4,2,0,1,5,71.41,0.14876999999999996,0
N=C1NC(=O)NC1=O,113.076,3,3,0,1,5,82.05000000000001,-1.19693,0
N=Cn1c(N)nncc1=N,138.13400000000001,6,3,1,1,6,104.43,-1.20506,0
N=CN1NC=COC1=O,127.10299999999997,4,2,1,1,5,65.42000000000002,0.021470000000000156,0
N=C1NC(=N)C(=O)CO1,127.103,4,3,0,1,5,86.03000000000002,-0.91266,0
CC1=NC(=N)N1C=N,110.11999999999999,2,2,1,1,4,63.300000000000004,0.26224000000000003,0
N#CCc1nonc1N,124.10300000000001,5,1,1,1,5,88.73,-0.28212000000000004,0
O=Cc1c[nH]c(=NO)o1,128.087,4,2,1,1,5,78.59,-0.2899,0
N=C(N)C1=NC=NC1=O,124.103,3,2,1,1,5,91.66,-1.06813,0
CNc1n[nH]ncc1=N,125.13499999999999,4,3,1,1,5,77.45,-0.6741300000000003,0
CNC1=NC(N)=NC1=O,126.119,4,2,0,1,5,79.84,-1.5408,0
COC(=N)c1ncno1,127.103,5,1,1,1,5,72.0,0.04136999999999996,0
N=C1N=C(O)C=C1N,111.10399999999998,2,3,0,1,4,82.46,-0.22362999999999988,0
Nc1ncc(CO)n1N,128.135,5,3,1,1,5,90.08999999999999,-1.3286,0
N=C1OC(CO)=NC1=O,128.087,4,2,1,1,5,82.74000000000001,-1.0887300000000002,0
NC1=NC(=O)C(O)=C1,112.08799999999997,3,2,0,1,4,75.67999999999999,-0.6742999999999999,0
N=C1OCC(O)C1=N,114.10399999999998,4,3,0,1,4,77.16,-0.6254600000000001,1
N=C1N=C(CO)OC1=O,128.087,4,2,1,1,5,82.74000000000001,-1.0887300000000002,0
CC(=O)C1=NC(=O)N1,112.088,2,1,1,1,4,58.53,-0.3028999999999999,0
Nc1coc(=O)nc1N,127.10300000000001,5,2,0,1,5,95.14,-0.8008,0
Cc1noc(=O)n1C=N,127.103,5,1,1,1,5,71.88,-0.40011000000000013,0
COC1=NNC(=N)C1=O,127.10299999999998,4,2,0,1,5,74.53999999999999,-0.9041300000000003,0
N=CN1C=NCC(=O)O1,127.10299999999998,4,1,1,1,5,65.75,-0.6044300000000002,0
N=CN1CC(=O)OCO1,130.10299999999998,4,1,1,1,5,62.620000000000005,-0.65863,0
N=C1C=C(C=O)N=C1O,124.09899999999998,3,2,1,1,4,73.51,0.059069999999999956,0
N=C1NCNC1=CC=NO,140.146,4,4,1,1,5,80.5,-0.5421300000000002,0
N=C1C(=O)OCNC1C=O,142.11399999999998,5,2,1,1,5,79.25,-1.3224300000000002,1
NC1=CNC(=O)N(CO)O1,145.11800000000002,4,3,1,1,6,87.82000000000001,-1.3494,0
N=C1ON=C(N)C1=O,113.076,5,2,0,1,5,88.53,-1.16483,0
CN1N=C(NC=O)C=CO1,141.12999999999997,4,1,1,1,5,53.93000000000001,-0.5634000000000001,0
CC(=O)NC1=NCOC1,128.131,3,1,0,1,4,50.69,-0.49130000000000007,0
N=CCOC1=NC=NC1=N,138.13,4,2,2,1,5,81.65,0.07023999999999991,0
Cc1nc(=O)[nH]nc1O,127.10299999999998,4,2,0,1,5,78.87,-0.8210800000000003,0
CN=C1N=NC(=N)C(=O)N1,139.118,3,2,0,1,6,90.03,-0.46853000000000006,0
N=C1C=C(N)C(C=NO)=N1,138.13,4,3,1,1,5,94.82000000000001,-0.27913000000000004,0
Nc1cn[nH]c1CN=O,126.119,4,2,2,1,5,84.13,0.2583000000000001,0
N=C1COC(=N)N=CO1,127.103,4,2,0,1,5,78.52,-0.026460000000000095,0
N=C1NC(C=O)OC1=O,128.087,4,2,1,1,5,79.25,-1.3649300000000002,1
N=C1CN=C(O)OCO1,130.10299999999998,4,2,0,1,5,74.9,-0.11803000000000013,0
CN=C1N=C(N)N=C1C#N,135.13,4,1,0,1,5,86.88999999999999,-0.6924199999999998,0
N=CC1=NC(O)=NC1=N,124.103,3,3,1,1,5,92.65,-0.018159999999999954,0
COc1nc(=N)[nH]n1C#N,139.118,5,2,1,1,6,90.47999999999999,-0.9715500000000001,0
N=Cn1cnc(=O)o1,113.07599999999998,5,1,1,1,5,71.88,-0.7085299999999999,0
Cc1coc(=N)nn1,111.10400000000001,4,1,0,1,4,62.77,-0.14251000000000008,0
COc1nnc(=O)[nH]n1,128.09099999999998,5,1,1,1,6,80.76,-1.4315,0
CNc1noc(=O)n1C=N,142.118,6,2,2,1,6,83.91,-0.66683,0
N=C1OCC(=O)C(=N)O1,128.087,5,2,0,1,5,83.23,-0.48566000000000015,0
CC(C#N)n1cnn1O,126.11899999999999,5,1,1,1,5,66.77,0.006479999999999875,1
N=c1nc(C=O)o[nH]1,113.07599999999998,4,2,1,1,5,82.74000000000001,-0.7053300000000002,0
N=C1CN=COC(O)=N1,127.10299999999998,3,2,0,1,5,78.03,-0.06383000000000011,0
COc1nc(=O)cn[nH]1,127.103,4,1,1,1,5,67.87,-0.8265,0
Nc1cc(=O)on1CO,130.103,5,2,1,1,5,81.39,-1.0267000000000002,0
N=C1N=NC(C=O)CO1,127.10299999999998,4,1,1,1,5,74.87,-0.0289299999999999,1
CC1=NC(=N)N=C1N,110.12,2,2,0,1,4,74.59,-0.24712999999999996,0
CN=C1N=NC(=O)N1,112.09199999999998,2,1,0,1,5,66.17999999999999,0.14760000000000006,0
COc1[nH]nc(O)c1O,130.103,4,3,1,1,5,78.37,-0.17050000000000015,0
Nc1cc(O)nc(O)n1,127.103,5,3,0,1,5,92.26,-0.53,0
NC1=NN=C1CCO,113.11999999999999,4,2,2,1,4,70.97,-0.9043999999999999,0
N=C1NCOC(=O)CO1,130.103,4,2,0,1,5,71.41,-0.9583300000000001,0
C#CC(N)C1=NN=C1N,122.13100000000001,4,2,1,1,4,76.75999999999999,-1.3262999999999998,1
CN=C1N=CN=C1N,110.12,3,1,0,1,4,63.099999999999994,-0.5861999999999998,0
N=CNOC1OCC1=O,130.10299999999998,4,2,3,1,5,71.41,-0.9599300000000002,1
COc1cnn[nH]c1=N,126.119,4,2,1,1,5,74.65,-0.70723,0
N=C1CNC(=O)OCO1,130.10299999999998,4,2,0,1,5,71.41000000000001,-0.3224300000000002,0
Nc1cc(N)n(C=O)n1,126.11900000000001,5,2,1,1,5,86.92999999999999,-0.9142000000000001,0
CC(=O)C1=NC(=N)N1,111.104,2,2,1,1,4,65.31,-0.4881300000000001,0
NC(=O)C1=NC(N)=N1,112.09200000000001,4,2,1,1,5,93.83,-1.8014999999999999,0
N=CN1OCCOC1=N,129.119,4,2,1,1,5,69.4,-0.2079600000000001,0
O=C1N=CN=C1CO,112.08799999999998,3,1,1,1,4,62.019999999999996,-1.0118,0
CC(O)C1=NC(=N)N1,113.12,2,3,1,1,4,68.47,-0.6963300000000001,1
Cn1ncnc(N)c1=O,126.119,5,1,0,1,5,73.80000000000001,-1.2425000000000004,0
N=C1CNC(=O)OC1=N,127.10299999999998,4,3,0,1,5,86.03,-0.27676000000000023,0
N=c1occ(N)nc1N,126.11900000000003,5,3,0,1,5,101.92,-0.6815300000000002,0
CN=C1OC(=N)C(=O)O1,128.087,5,1,0,1,5,71.74,-0.47713,0
CC(=O)C1=NC(O)=N1,112.088,3,1,1,1,4,62.019999999999996,-0.09849999999999998,0
N=C1N=CNC(C=O)O1,127.10299999999997,4,2,1,1,5,74.54,-0.9057300000000001,1
N=Cc1nc(=O)[nH]nc1O,140.102,5,3,1,1,6,102.72,-1.1318300000000001,0
N=C1OC=CNC(=O)O1,128.087,4,2,0,1,5,71.41,0.14876999999999996,0
CN=C1N=COC1=O,112.08799999999998,3,0,0,1,4,51.02,-0.4001999999999999,0
COc1n[nH]cnc1=N,126.11899999999999,4,2,1,1,5,74.65,-0.70723,0
N=C1N=C(N)C(CO)=N1,126.119,3,3,1,1,5,94.82000000000001,-1.2747300000000001,0
N=c1[nH]c(=O)[nH]c(=O)o1,129.075,4,3,0,1,6,102.71,-1.8643299999999998,0
N=C1COC(=NO)CO1,130.103,5,2,0,1,5,74.9,-0.20183000000000012,0
O=Cn1ncnc1O,113.07599999999998,5,1,1,1,5,68.01,-0.9780000000000002,0
N=C1COCNC(=N)O1,129.119,4,3,0,1,5,78.19000000000001,-0.5076600000000004,0
CN=C1N=CN=C1CO,125.13099999999999,3,1,1,1,4,57.31,-0.5101,0
CN=c1ncoc(=O)o1,128.087,5,0,0,1,5,68.6,-0.8417000000000001,0
Cc1noc(=N)c(=O)[nH]1,127.103,4,2,0,1,5,82.74000000000001,-0.8492100000000002,0
N=C1COC(=NO)CO1,130.103,5,2,0,1,5,74.9,-0.20183000000000012,0
COC1=C(O)C(=N)N=N1,127.103,4,2,1,1,5,78.03,0.80297,0
O=Cc1ncoc1O,113.07199999999997,4,1,1,1,4,63.33,0.19269999999999993,0
NC(=O)C1=NN=C1N,112.09200000000001,4,2,1,1,5,93.83,-1.8014999999999999,0
N=C1COC=NC(=O)C1=N,139.114,4,2,0,1,5,86.36,-0.38896000000000014,0
N=C1N=CN=C1C(N)=O,124.103,3,2,1,1,5,91.66,-1.0681300000000002,0
Nc1cnnnc1C=O,124.103,5,1,1,1,5,81.75999999999999,-0.7337000000000002,0
O=C1N=NCOC1=O,114.05999999999999,4,0,0,1,5,68.09,-0.5205,0
CNC(=N)C1=NC(=O)N1,126.119,2,3,1,1,5,77.34,-0.6952300000000002,0
COC1=NC(O)=C1N,114.104,4,2,0,1,4,67.84,-0.2693,0
Cc1n[nH]c(=N)c(=N)o1,126.11899999999999,4,3,0,1,5,89.52,-0.72994,0
CN=C1COC(=N)OC1=O,142.11399999999998,5,1,0,1,5,71.74000000000001,-0.43463,0
CN=C1N=CN=C1N,110.12,3,1,0,1,4,63.099999999999994,-0.5861999999999998,0
N=C1COC(=N)N=CO1,127.103,4,2,0,1,5,78.52,-0.026460000000000095,0
N=C1NCC(=O)C(=N)N1,126.119,3,4,0,1,5,88.83000000000001,-1.3396600000000003,0
NC1=C(C=O)C(=O)N1,112.088,3,2,1,1,4,72.19,-1.5146,0
CNc1ncc(=N)[nH]n1,125.13499999999999,4,3,1,1,5,77.45,-0.6741300000000003,0
N=C1N=C(CO)C(=O)N1,127.10299999999998,3,3,1,1,5,85.53999999999999,-1.5157300000000002,0
N=C1N=C(N)C(CO)=N1,126.119,3,3,1,1,5,94.82000000000001,-1.2747300000000001,0
NC1=CC(=O)C(N)=N1,111.10400000000001,4,2,0,1,4,81.47,-1.2735999999999998,0
NC(=O)C1=NC(N)=N1,112.09200000000001,4,2,1,1,5,93.83,-1.8014999999999999,0
NC(=O)C1=NN=C1N,112.09200000000001,4,2,1,1,5,93.83,-1.8014999999999999,0
NC1=CC(=O)N=C1C=O,124.09899999999999,3,1,1,1,4,72.52000000000001,-0.9909000000000001,0
N=CN1CC(=N)OC1=N,126.11899999999999,4,3,1,1,5,84.02000000000001,-0.16229000000000016,0
N=C1N=C(CO)N=C1N,126.119,4,3,1,1,5,94.82,-1.2747300000000001,0
N=c1nc(N)[nH]cc1C=O,138.13,4,3,1,1,5,95.62,-0.7161300000000002,0
N=C1OCC(=O)NC1=O,128.087,4,2,0,1,5,79.25,-1.36333,0
N=C1OC(=N)C(=O)O1,114.05999999999999,5,2,0,1,5,83.23,-0.5281600000000002,0
CC(=O)n1ncc(N)n1,126.119,5,1,0,1,5,73.8,-0.47959999999999997,0
N=C1ON=C1C=NCO,127.10299999999998,5,2,2,1,5,78.03,-0.6295300000000001,0
N=C1NC(C=O)C(=N)O1,127.103,4,3,1,1,5,86.03000000000002,-0.9142600000000001,1
N=c1oc(=NO)c1=O,114.05999999999999,5,2,0,1,5,86.65,-1.7152300000000005,0
Cc1[nH]nnc1N=N,111.108,4,2,1,1,5,77.78,0.7755899999999998,0
N=C1CC(=N)C(O)OCO1,144.12999999999997,5,3,0,1,5,86.39000000000001,-0.30376000000000014,1
Cc1[nH]nc(O)c1N,113.11999999999999,3,3,0,1,4,74.92999999999999,0.005919999999999925,0
N#CC(N)c1cnno1,124.103,5,1,1,1,5,88.73,-0.40702000000000016,1
NC1=NC(=O)C(C=O)=C1,124.09899999999996,3,1,1,1,4,72.52,-0.9909000000000001,0
COc1nc(=N)c1=NO,127.103,5,2,1,1,5,78.56,-1.2648300000000001,0
CC(=O)n1cnc(O)n1,127.103,5,1,0,1,5,68.01,-0.3562,0
N=CN1CC(C(=O)O)N1,129.11899999999997,3,3,2,1,5,76.42,-1.1331300000000002,1
NC1=NC(C=O)=NC1=O,125.08699999999997,4,1,1,1,5,84.88,-1.5188,0
N=C1N=CC(=O)OCCO1,142.114,4,1,0,1,5,71.74000000000001,-0.43463000000000007,0
O=Cc1[nH]nnc1CO,127.103,4,2,2,1,5,78.87,-0.8905000000000001,0
N=CN1COC(=O)OC1,130.10299999999998,4,1,1,1,5,62.620000000000005,-0.02273000000000014,0
CN=C1C=NN=C1N,110.12,4,1,0,1,4,63.099999999999994,-0.5862,0
N=c1oc(=N)n(C=O)o1,129.075,6,2,1,1,6,95.98,-1.3286600000000002,0
N=C1OCC(=O)C(=N)O1,128.087,5,2,0,1,5,83.23,-0.48566000000000015,0
N=C1CC(=O)C(=NO)N1,127.10299999999998,4,3,0,1,5,85.54,-0.6862300000000001,0
COc1ncoc(=N)n1,127.103,5,1,1,1,5,72.0,-0.44233000000000006,0
Cn1ncnc1NC=O,126.11899999999999,4,1,2,1,5,59.81,-0.6166,0
N=C(N)C1=NC=NC1=O,124.103,3,2,1,1,5,91.66,-1.06813,0
O=Cc1n[nH]ncc1=O,125.08699999999997,4,1,1,1,5,75.71000000000001,-1.0226,0
COC1=NC(N)=NC1=N,126.11900000000001,4,2,0,1,5,83.82,-0.66313,0
N=CN1OCNC1C=O,129.119,4,2,2,1,5,65.42000000000002,-1.0872300000000001,1
CN=C1N=NNC1=N,111.10799999999999,3,2,0,1,5,72.96000000000001,-0.03762999999999994,0
N=C1NC1(C=O)CO,114.10399999999998,3,3,2,1,4,83.09,-1.5031300000000003,1
NC(=O)C1C=NOC1=O,128.087,4,1,1,1,5,81.75,-1.3695,1
COc1cnc(F)n1N,131.10999999999999,4,1,1,1,5,53.07,-0.25539999999999996,0
O=C1N=C(O)N=C1O,114.05999999999997,2,2,0,1,5,82.25,-0.6029,0
N=C1OC(=O)OCC1=O,129.071,5,1,0,1,5,76.44999999999999,-0.30043,0
N=CN1CC(=O)NC1=O,127.10299999999998,3,2,1,1,5,73.26,-0.85473,0
N=c1[nH]c(=N)oc(=O)o1,129.075,5,3,0,1,6,106.83999999999999,-1.4801600000000006,0
Nc1nc(C=O)[nH]c1N,126.11899999999999,4,3,1,1,5,97.78999999999999,-0.6134000000000002,0
Nc1nc(C=O)n[nH]c1=O,140.10199999999998,5,2,1,1,6,101.72999999999999,-1.4404000000000006,0
N=C1C=NN=C1CO,111.10399999999998,4,2,1,1,4,68.8,-0.5611300000000001,0
N#CCN1N=CC(N)=CO1,138.13,5,1,1,1,5,74.64,-0.45692,0
COC1=NC(=O)NC1=N,127.103,3,2,0,1,5,74.53999999999999,-0.2682300000000001,0
N=C1C(=O)ON=C1CO,128.087,5,2,1,1,5,82.74000000000001,-1.08873,0
N=Cc1onnc1CN,126.11900000000001,5,2,2,1,5,88.79,-0.4740300000000001,0
N=CC1COC(=O)C(=N)N1,141.13,4,3,1,1,5,86.03,-0.8717600000000001,1
Cc1c(O)nn[c-]1N,112.11200000000002,4,2,0,1,4,72.03,-0.20828000000000013,0
N=C1COC(=NC=O)N1,127.103,3,2,1,1,5,74.53999999999999,-0.9041300000000001,0
N=c1ncc(C=O)n[nH]1,124.103,4,2,1,1,5,82.49000000000001,-0.9033300000000002,0
N=C1N=C(N)C(C=O)=N1,124.103,3,2,1,1,5,91.66000000000001,-1.06813,0
N=c1nncc([NH3+])n1N,127.13100000000001,5,3,0,1,6,108.22000000000001,-2.6552300000000004,0
N=C1NC(=O)N1C=O,113.076,3,2,1,1,5,73.26,-0.89723,0
COc1n[nH]c(C=N)n1,126.11899999999999,4,2,2,1,5,74.65,-0.1890300000000002,0
Cn1nc(N)c(C=O)n1,126.119,5,1,1,1,5,73.80000000000001,-0.7902,0
CC1=NC(=O)N=C1N,111.104,2,1,0,1,4,67.81,-0.061899999999999844,0
NC1=NC(=O)N=C1O,113.07599999999998,2,2,0,1,5,88.04,-0.5663,0
N=C1COC(=O)OCN1,130.103,4,2,0,1,5,71.41,-0.32243000000000016,0
NC1=C(N)C(C=O)=N1,111.10399999999998,4,2,1,1,4,81.47,-1.2735999999999998,0
CC(=O)Oc1cocn1,127.09899999999999,4,0,1,1,4,52.33,0.5999,0
N=C1NC(CO)=NC1=O,127.103,3,3,1,1,5,85.53999999999999,-1.51573,0
N=c1nc(C=O)nc[nH]1,124.10299999999998,4,2,1,1,5,82.49000000000001,-0.9033300000000004,0
N=C1COC(=N)OCO1,130.103,5,2,0,1,5,75.39,-0.08066000000000012,0
CC1=NC(=[NH2+])C(N)=N1,111.12800000000001,2,2,0,1,4,76.33,-2.0667999999999997,0
N=CN1C(C=O)=NC1N,126.11899999999999,4,2,2,1,5,82.54,-1.2512300000000003,1
N=C(CN)n1cncn1,125.13499999999999,5,2,1,1,5,80.58,-0.9378300000000004,0
COC1=NN=C1C=O,112.08799999999998,4,0,1,1,4,51.02,-0.4002000000000001,0
CN(C=O)[N+]1([O-])CN1,117.108,3,1,2,1,5,65.31,-1.2200999999999997,1
N=CC1N=CN(C=N)O1,126.11899999999999,4,2,2,1,5,72.53,-0.1553599999999999,1
N=CNc1coc(=O)[nH]1,127.10299999999998,3,3,2,1,5,81.88,-0.013130000000000197,0
O=C1C=CN=C1NCO,126.115,4,2,1,1,4,61.69,-0.9793000000000003,0
O=C1N=CN=C1C=NO,125.08699999999997,4,1,1,1,5,74.38,-0.5441,0
N=C1NC(=N)C(=O)CO1,127.103,4,3,0,1,5,86.03000000000002,-0.91266,0
N=CN1CN=C(C=O)O1,127.10299999999997,4,1,2,1,5,65.75,-0.6044300000000002,0
NC1=NC(=O)C(C=O)=N1,125.08699999999997,4,1,1,1,5,84.88,-1.5188,0
N=C1N=C(CO)C(=O)O1,128.087,4,2,1,1,5,82.74,-1.0887300000000002,0
N=C1N=CC(N)=C1N,110.12000000000002,3,3,0,1,4,88.25,-0.8229300000000002,0
Nc1n[nH]nc1C=O,112.09199999999998,4,2,1,1,5,84.66,-0.8006000000000004,0
N=C1N=C(C=O)OC1=O,126.07099999999997,4,1,1,1,5,79.58000000000001,-0.8821300000000001,0
N=C1CNC(=N)C(=O)N1,126.11899999999999,3,4,0,1,5,88.83000000000001,-1.3396600000000005,0
N=C1OCC(=O)OC1=O,129.071,5,1,0,1,5,76.44999999999999,-0.9363300000000001,0
COc1cnc(N)n1N,128.13500000000002,5,2,1,1,5,79.09,-0.8123000000000002,0
CC(=O)C1=NN=C1N,111.10400000000001,4,1,1,1,4,67.81,-0.6978,0
N#CC(N)N1C=NC1=O,124.10299999999998,3,1,1,1,5,82.47999999999999,-0.74132,1
CNC(=O)c1ncco1,126.11499999999998,3,1,1,1,4,55.13,0.03419999999999995,0
N=C1OC(=O)C(CN)O1,130.103,5,2,1,1,5,85.4,-1.1781300000000001,1
CC(=O)c1cnc(N)o1,126.115,4,1,1,1,4,69.12,0.45940000000000014,0
N=c1[nH]cc(O)[nH]c1=O,127.103,3,4,0,1,5,92.72999999999999,-1.11193,0
N=C1COC(=N)OCO1,130.103,5,2,0,1,5,75.39,-0.08066000000000012,0
N=C1N=NCC1NC=O,126.11899999999999,3,2,2,1,5,77.67,-0.45593000000000017,1
N=C1COC(=N)C(=O)N1,127.103,4,3,0,1,5,86.03,-0.9126600000000002,0
Cc1noc(=N)n1C=O,127.103,5,1,1,1,5,71.88,-0.69771,0
CC1=NC(=O)C(N)=N1,111.104,3,1,0,1,4,67.81,-0.6978,0
CC1=NC(=N)N=C1O,111.10399999999998,1,2,0,1,4,68.8,0.3521700000000001,0
N=c1ncc(CN)no1,126.11900000000001,5,2,1,1,5,88.79,-0.99223,0
N=C1N=C(N)C=C1O,111.10399999999998,3,3,0,1,4,82.46000000000001,-0.22362999999999983,0
Nc1cc(C=O)nn1C=O,139.114,5,1,2,1,5,77.98,-0.6839000000000002,0
COC1=NC(=N)N=C1O,127.103,2,2,0,1,5,78.03,-0.06383000000000005,0
Nc1conc1C=NC=O,139.114,4,1,2,1,5,81.47999999999999,-0.16789999999999994,0
N#Cc1coc(CN)n1,123.11500000000001,4,1,1,1,4,75.84,0.0049800000000000955,0
Nc1cnc(C=O)n1N,126.119,5,2,1,1,5,86.92999999999999,-1.0084,0
COC1=COC(=O)C1=O,128.083,4,0,1,1,4,52.6,-0.39990000000000014,0
CC1=NC(=N)C(=O)N1O,127.10299999999998,3,2,0,1,5,76.75,-0.3865300000000002,0
CN=C1NC(=N)OC1=N,126.11899999999999,4,3,0,1,5,81.32,-0.45346000000000036,0
COC1NC(=O)C(=N)O1,130.103,4,2,1,1,5,71.41,-0.95993,1
N=C1N=C(CO)N=C1N,126.119,4,3,1,1,5,94.82,-1.2747300000000001,0
NOc1cncc(=O)o1,128.087,5,1,1,1,5,78.35000000000001,-0.7126999999999999,0
Nc1ncc(C=O)n1N,126.119,5,2,1,1,5,86.92999999999999,-1.0084000000000004,0
N=C1COC(=N)OCO1,130.103,5,2,0,1,5,75.39,-0.08066000000000012,0
COc1cn[nH]c(=O)n1,127.103,4,1,1,1,5,67.87,-0.8265,0
N=CN1CC(=O)OC(=N)O1,143.10199999999998,5,2,1,1,6,86.47000000000001,-0.68136,0
N#CCOC1=NOC1=N,125.08699999999999,5,1,1,1,5,78.46000000000001,-0.15245000000000003,0
N=C1COCOC(=N)N1,129.119,4,3,0,1,5,78.19,-0.50766,0
N=C1NC(=O)COC1=N,127.103,4,3,0,1,5,86.03,-0.9126600000000002,0
CC(=O)N1NCC(=O)N1,129.119,3,2,0,1,5,61.440000000000005,-1.6157,0
N=C1CNC(=O)N=CO1,127.10299999999998,3,2,0,1,5,74.54,-0.26823000000000013,0
CN=C1NC(=N)C(=O)CO1,141.13,4,2,0,1,5,74.54,-0.8616300000000003,0
N=C1COC(=O)NCO1,130.103,4,2,0,1,5,71.41,-0.3224300000000002,0
CC1=NN=C1NC=N,110.11999999999999,3,2,1,1,4,60.6,-0.0289299999999999,0
Cc1noc(N)nc1=N,126.11900000000001,5,2,0,1,5,88.78999999999999,-0.5603100000000001,0
N=c1onncc1C=O,125.08699999999997,5,1,1,1,5,79.84,-0.6384300000000003,0
N=C1OC(=N)C(C=O)O1,128.087,5,2,1,1,5,83.23,-0.48726000000000025,1
NC(=O)C1N=COCO1,130.10299999999998,4,1,1,1,5,73.91000000000001,-1.1696,1
N=C(O)C1NC1C=O,114.10399999999997,3,3,2,1,4,83.09,-0.93903,2
N=C1NC=NC1C(=O)O,127.10299999999998,3,3,1,1,5,85.54,-0.9516300000000002,1
N=C1OC(=O)C(=O)O1,115.04399999999998,5,1,0,1,5,76.45,-0.9788300000000001,0
O=CC1OCOC1=NO,131.08700000000002,5,1,1,1,5,68.12,-0.6541000000000001,1
O=CN1NCNC1=O,115.092,3,2,1,1,5,61.440000000000005,-1.3699,0
Cc1n[nH]c(=N)n1C=O,126.11899999999999,4,2,1,1,5,74.53,-0.9626100000000002,0
N=CN1C=CNOC1=O,127.10299999999998,4,2,1,1,5,65.42000000000002,0.021469999999999934,0
COc1n[nH]c(C=O)n1,127.10299999999998,4,1,2,1,5,67.87,-0.37420000000000003,0
N=CC1NC(=O)C(=O)O1,128.087,4,2,1,1,5,79.25000000000001,-1.3649300000000002,1
N=C1C=NC(=O)N=C1N,124.10300000000001,3,2,0,1,5,91.66,-0.43223000000000006,0
N=CN1OCCOC1=N,129.119,4,2,1,1,5,69.4,-0.2079600000000001,0
N=C1OCNC1(O)C=O,130.10299999999998,5,3,1,1,5,82.41,-1.5715300000000003,1
N=C(N)N1C=NC1=N,111.10799999999999,2,3,0,1,5,89.32,-0.8414599999999999,0
COC1=NC(=N)N=C1O,127.103,2,2,0,1,5,78.03,-0.06383000000000005,0
CN=C1OC(=N)N1N,114.10800000000002,4,2,0,1,5,74.7,-0.8871300000000002,0
COc1onnc1C#N,125.087,5,0,1,1,5,71.94,-0.05012000000000011,0
NC(=O)C(=O)C1=NO1,114.05999999999999,4,1,2,1,5,85.05000000000001,-1.6155,0
N=C1ONC(=O)C1C=O,128.087,4,2,1,1,5,79.25,-1.1598300000000001,1
N=CN1CCOC(=O)N1,129.119,3,2,1,1,5,65.42,-0.44973000000000013,0
N=C1N=NC(CO)=N1,112.092,3,2,1,1,5,81.16,-0.22222999999999993,0
CN=C1ON=C1CO,114.10399999999998,4,1,1,1,4,54.18000000000001,-0.6068,0
O=CC1=NCNC(=O)N1,127.103,3,2,1,1,5,70.56,-1.1459000000000001,0
Cn1cnc(N)nc1=O,126.119,5,1,0,1,5,73.80000000000001,-1.2425000000000004,0
Cn1nncc1C=N,110.11999999999998,4,1,1,1,4,54.56,-0.18723000000000017,0
N=C1N=C(CO)OC1=O,128.087,4,2,1,1,5,82.74000000000001,-1.0887300000000002,0
N=C1OCOC(=N)C1=O,128.087,5,2,0,1,5,83.22999999999999,-0.48566000000000015,0
N=C1N=CCOC(=N)O1,127.103,4,2,0,1,5,78.52,-0.026460000000000095,0
CC1(N)OCOC1=N,116.11999999999999,4,2,0,1,4,68.33000000000001,-0.3571299999999999,1
N=CN1CC(=O)NCO1,129.119,3,2,1,1,5,65.42,-1.0856299999999999,0
NC1=C(C=O)OC1=O,113.07199999999999,4,1,1,1,4,69.39000000000001,-1.0876000000000001,0
N=C1NCCOC(=N)O1,129.119,4,3,0,1,5,78.19000000000001,-0.50766,0
NC1=NC(=O)C(CO)=N1,127.10299999999998,4,2,1,1,5,88.03999999999999,-1.7253999999999996,0
CC1=NC(=N)OC1=O,112.08799999999998,3,1,0,1,4,62.51,-0.06112999999999996,0
Cn1ncoc1=NCO,129.11900000000003,5,1,1,1,5,63.55,-1.1364,0
COc1cn[nH]c(=O)n1,127.103,4,1,1,1,5,67.87,-0.8265,0
CN=c1nc(CN)c1=O,125.131,4,1,1,1,4,68.34,-1.6933999999999996,0
N=CNC1OCC(=O)O1,130.103,4,2,2,1,5,71.41,-0.9599300000000002,1
N=COc1c(O)c1=O,113.07199999999997,4,2,2,1,4,70.38,-0.3861300000000001,0
CC(=O)c1nn[nH]c1N,126.11900000000001,4,2,1,1,5,84.66,-0.41050000000000003,0
NC1=CC(=O)C(=O)O1,113.07199999999999,4,1,0,1,4,69.39,-1.0876000000000001,0
NC(=O)C1=NN=CC1=O,125.08699999999999,4,1,1,1,5,84.88,-1.5188,0
N=C1N=C(O)C(CO)=N1,127.10299999999998,2,3,1,1,5,89.03,-0.6754300000000002,0
COc1cn[nH]c(=O)n1,127.103,4,1,1,1,5,67.87,-0.8265,0
Cc1nnc(CCO)n1N,142.16199999999998,5,2,2,1,5,76.96000000000001,-1.1648800000000001,0
Cc1noc(=O)c(N)n1,127.10300000000001,5,1,0,1,5,82.01,-0.6795800000000003,0
O=CC(=O)c1cnc[nH]1,124.09899999999999,3,1,2,1,4,62.82,-0.20870000000000005,0
COc1onnc1CN,129.119,5,1,2,1,5,74.17,-0.4631,0
N=C1OCOC=NC1N,129.119,5,2,0,1,5,80.69,-0.7189300000000001,1
N=C1NC(=O)C(=N)O1,113.076,4,3,0,1,5,86.03000000000002,-0.9551600000000002,0
N=c1nc(C=O)cn[nH]1,124.10299999999998,4,2,1,1,5,82.49000000000001,-0.9033300000000002,0
C#CCn1cnnc1N,122.131,4,1,1,1,4,56.730000000000004,-0.5065000000000002,0
N=CN=C1C=NN=C1N,123.119,4,2,1,1,5,86.95,-0.60893,0
N=CN1CC(=O)NCN1,128.135,3,3,1,1,5,68.22,-1.5126299999999993,0
N=CN1C=NC(O)CO1,129.11899999999997,4,2,1,1,5,68.91000000000001,-0.8126300000000002,1
CC(O)C(=N)N1COC1,130.147,3,2,1,1,4,56.55,-0.4083300000000001,1
NC1=C(NC=O)C(=O)N=C1,139.114,3,2,2,1,5,84.55,-1.4863000000000004,0
Nc1cnc(N)n1C=O,126.119,5,2,1,1,5,86.92999999999998,-0.9142000000000001,0
CC(=O)C1=NN=C1N,111.10400000000001,4,1,1,1,4,67.81,-0.6978,0
Cc1nnc(N)n1C=N,125.135,5,2,1,1,5,80.58,-0.3761100000000001,0
CC(=O)c1nnc(N)[nH]1,126.11900000000001,4,2,1,1,5,84.66,-0.41050000000000003,0
CCC1=NC(=N)N=C1N,124.147,2,2,1,1,4,74.59,0.1429700000000002,0
CC(=O)C1=NNC1=N,111.104,3,2,1,1,4,65.31,-0.4881300000000001,0
CC1=NN=C(CN)C1=O,125.131,4,1,1,1,4,67.81,-0.6553,0
N#CCN=C1N=CC(N)=N1,135.13,3,1,1,1,5,86.89,-0.69242,0
Nc1nocc1C=O,112.08799999999998,4,1,1,1,4,69.12,0.06930000000000003,0
N=C1CNC(=N)OCO1,129.119,4,3,0,1,5,78.19000000000001,-0.5076600000000004,0
COC1=NC(=N)C(O)=N1,127.103,3,2,0,1,5,78.03,-0.06383000000000005,0
N=C1CC(N)OC(=N)O1,129.119,5,3,0,1,5,92.18000000000002,-0.37986000000000003,1
CN=C1C=NNC1=O,111.10399999999998,3,1,0,1,4,53.82,-0.8272000000000002,0
N=Cn1cc(C(=N)O)o1,127.10299999999998,4,3,2,1,5,86.0,0.41964000000000007,0
N=C1OCOC(=N)C1=O,128.087,5,2,0,1,5,83.22999999999999,-0.48566000000000015,0
N=CN1NCOC1C=O,129.11899999999997,4,2,2,1,5,65.42000000000002,-1.0872300000000001,1
N=C(N)C1=NOC1=O,113.076,4,2,1,1,5,88.53,-1.16483,0
Nc1cc(OC=O)oc1O,143.09799999999998,5,2,2,1,5,85.69000000000001,0.10259999999999997,0
CN=C1C=NC(CO)=N1,125.13099999999999,3,1,1,1,4,57.31,-0.5101000000000002,0
N=C1ON=C(N)C1=O,113.076,5,2,0,1,5,88.53,-1.16483,0
N#CC1=NCN(C=N)O1,124.103,4,1,1,1,5,72.47,-0.27975,0
CNC1=NC(=O)C(N)=N1,126.119,4,2,0,1,5,79.84,-1.540799999999999,0
N=C1N=COCNC1=O,127.103,3,2,0,1,5,74.53999999999999,-0.9041300000000003,0
N=C(C=O)OC1=CN=N1,125.087,5,1,2,1,5,74.87,0.4438700000000001,0
Cc1nnoc1C=NC#N,136.11399999999998,5,0,1,1,5,75.07,0.278,0
Nc1ncnoc1=O,113.07599999999998,5,1,0,1,5,82.00999999999999,-0.988,0
Cc1n[nH]c(=O)nc1N,126.119,4,2,0,1,5,84.66,-0.9444800000000002,0
N=C1N=COC(=O)CO1,128.087,4,1,0,1,5,71.74,-0.47713000000000005,0
N=C1OCC(=O)OC1=N,128.087,5,2,0,1,5,83.22999999999999,-0.48566000000000015,0
N#CC1=NC(=O)C(N)=N1,122.087,4,1,0,1,5,91.6,-1.19412,0
N#CCC1=NN=C1N,108.10400000000001,4,1,1,1,4,74.53,-0.37311999999999984,0
N=c1cconc1N,111.10400000000001,4,2,0,1,4,75.9,-0.2637299999999999,0
N=C1N=C(C(=O)CN)O1,127.103,4,2,2,1,5,88.53,-1.1223299999999998,0
N=C1N=C(C=O)N=C1CO,139.114,4,2,2,1,5,85.87,-0.99203,0
CCN=C(N)C1=NC=N1,124.147,3,1,2,1,4,63.099999999999994,-0.19609999999999989,0
CC(=O)c1n[nH]c(=N)o1,127.103,4,2,1,1,5,82.74,-0.31523000000000007,0
NC1OC(=O)NC1C=O,130.10299999999998,4,2,1,1,5,81.41999999999999,-1.4215000000000002,2
N=Cc1ncnc(=N)o1,124.103,5,2,1,1,5,86.62,-0.45325999999999994,0
N=C1N=NC(CN)=C1O,126.119,4,3,1,1,5,94.82000000000001,0.15777000000000002,0
O=Cc1nc(CO)n[nH]1,127.103,4,2,2,1,5,78.87,-0.8905000000000003,0
N=CN1COCNC1=O,129.119,3,2,1,1,5,65.42000000000002,-0.4497299999999999,0
NC1CC(=O)NC1=O,114.10399999999998,3,2,0,1,4,72.19,-1.6398000000000006,1
N=C1COC(=N)C(=N)O1,127.103,5,3,0,1,5,90.01,-0.034989999999999966,0
N=C1NC(=O)C(=O)CO1,128.087,4,2,0,1,5,79.25000000000001,-1.36333,0
N=c1[nH]c(=O)cc(N)o1,127.103,4,3,0,1,5,95.87,-0.9704300000000003,0
NC1=CC(N)=NC1=O,111.10400000000001,3,2,0,1,4,81.47,-1.2736000000000003,0
N=C1OCOC(=O)O1,117.05999999999999,5,1,0,1,5,68.61,0.06206999999999996,0
CN=C1CN=NC(=O)O1,127.10299999999998,4,0,0,1,5,63.379999999999995,0.6171,0
CNc1nc(=O)[nH]n1C=O,142.118,5,2,2,1,6,79.78,-1.3485999999999998,0
CN=C1OC(=O)N1C=N,127.103,4,1,1,1,5,65.75,0.031470000000000053,0
CN=C1N=NC(C#N)=N1,121.103,3,0,0,1,5,73.22999999999999,0.36008000000000007,0
N=C1N=CC(N)=C1O,111.104,3,3,0,1,4,82.46000000000001,-0.22363000000000027,0
COC1=NN=C1CO,114.10399999999998,4,1,1,1,4,54.18000000000001,-0.6068,0
N=C1OCC(=O)OC1=N,128.087,5,2,0,1,5,83.22999999999999,-0.48566000000000015,0
COC1=NC(F)=NC1=N,129.09400000000002,3,1,0,1,5,57.800000000000004,0.34767,0
CN=C1N=COC1=N,111.10399999999998,3,1,0,1,4,57.800000000000004,0.05047000000000007,0
N=C1N=C(N)N=C1N,111.10800000000002,4,3,0,1,5,100.61,-1.3508300000000002,0
Nc1c[nH]c(=O)c(O)c1,126.11499999999998,3,3,0,1,4,79.11,-0.3372999999999998,0
N=c1nc(CO)nco1,127.10299999999998,5,2,1,1,5,83.0,-0.9586300000000001,0
N=Cc1cnc(N)[n+]([O-])c1,138.13000000000002,4,2,1,1,5,89.7,-0.70513,0
C#CC(=O)n1nco1,110.07199999999999,4,0,0,1,4,48.03,-0.25050000000000006,0
N=C(O)C1=NC(C=O)=N1,125.08699999999999,4,2,2,1,5,85.86999999999999,-0.4688300000000001,0
COc1n[nH]nc1N,114.108,4,2,1,1,5,76.82,-0.6045000000000003,0
NC1=NN(C=O)COC1=O,143.10199999999998,5,1,1,1,6,84.99000000000001,-1.7687000000000004,0
O=CNC1=NC=C1O,112.08799999999998,3,2,1,1,4,61.69,-0.4561000000000002,0
N=C1C=NC(O)=C1N,111.104,4,3,0,1,4,82.46,-0.22362999999999988,0
Nc1cc(=O)nc(O)o1,128.087,5,2,0,1,5,89.35000000000001,-0.6774000000000002,0
NCC1=NN=C1C=O,111.10399999999997,4,1,2,1,4,67.81,-1.0454,0
Nc1coc(=O)nc1O,128.087,5,2,0,1,5,89.35000000000001,-0.6774,0
CN1CNC(=O)OC1=O,130.10299999999998,3,1,0,1,5,58.64000000000001,-0.2644999999999999,0
CNC1=NOC(=N)C1=O,127.10299999999998,5,2,0,1,5,74.54,-0.9041300000000003,0
CN=c1nc(N)c1=O,111.104,4,1,0,1,4,68.34,-1.5698999999999999,0
CNc1nn(C=N)n1C=O,141.134,6,2,3,1,6,75.7,-0.7802300000000002,0
O=CC1=C(NO)NC1=O,128.087,4,3,2,1,5,78.43,-1.4945000000000004,0
Nc1cnoc(=O)n1,113.076,5,1,0,1,5,82.01,-0.988,0
COC1=C(N)N=C1N,113.12000000000002,4,2,1,1,4,73.63,-0.8686,0
Nc1coc(=O)c(N)n1,127.10300000000001,5,2,0,1,5,95.14,-0.8008,0
N=C(N)c1cn(O)cn1,126.11899999999999,4,3,1,1,5,87.92,-0.5955299999999999,0
N=CC1=NC(N)=NC1=O,124.10300000000001,4,2,1,1,5,91.66,-1.0681300000000002,0
Nn1c(C=O)cnc1O,127.10299999999998,5,2,1,1,5,81.14,-0.8850000000000002,0
COc1nnoc1C=N,127.10299999999998,5,1,2,1,5,72.0,0.07586999999999994,0
Nc1coc(=O)nc1N,127.10300000000001,5,2,0,1,5,95.14,-0.8008,0
COC1=NC(N)=NC1=N,126.11900000000001,4,2,0,1,5,83.82,-0.66313,0
CN=C1C=NN=C1C=N,122.13099999999999,4,1,1,1,4,60.93,0.14716999999999997,0
N=C1N=C(O)C(=O)CN1,127.10299999999998,2,3,0,1,5,85.53999999999999,-0.9500300000000002,0
N=CN1C=NC1C(=O)O,127.10299999999997,3,2,2,1,5,76.75,-0.6519299999999999,1
CNc1cnc(=O)[nH]n1,126.119,4,2,1,1,5,70.67,-0.7934000000000003,0
CC(=O)OCc1nc1=N,126.11500000000001,4,1,2,1,4,63.04,-0.50023,0
NC(=O)C1=NC(O)=N1,113.076,3,2,1,1,5,88.04,-1.2022000000000002,0
N=c1cnoc(CO)n1,127.103,5,2,1,1,5,83.0,-0.9586300000000001,0
N=C1NC(=N)C(=O)N1,112.092,3,4,0,1,5,88.83000000000001,-1.3821599999999998,0
Nc1cncn1C(=O)O,127.10299999999998,4,2,0,1,5,81.14,-0.008599999999999774,0
Nc1ocnc1C=O,112.08799999999998,4,1,1,1,4,69.12,0.06930000000000014,0
N#CCOC1C=NN=C1,123.11499999999998,4,0,2,1,4,57.739999999999995,-0.034620000000000095,0
CC1=NC(N)=NC1=O,111.104,3,1,0,1,4,67.81,-0.6978,0
N=CN1CC(=O)OCO1,130.10299999999998,4,1,1,1,5,62.620000000000005,-0.65863,0
N=CN1N=COCC1N,128.135,4,2,1,1,5,74.7,-0.84623,1
CC(=O)n1cnn1N,114.10800000000002,5,1,0,1,5,65.84,-0.9415,0
O=C1N=NC(CCO)=N1,127.103,3,1,2,1,5,74.38,0.3531,0
CC1=NC(=N)N=C1O,111.10399999999998,1,2,0,1,4,68.8,0.3521700000000001,0
CC1(N)N=CNC1=N,112.13599999999998,3,3,0,1,4,74.25999999999999,-0.72993,1
NC(=O)c1cnc(N)o1,127.103,4,2,1,1,5,95.14,-0.6443000000000001,0
N=CN1C=NC(=O)CN1,126.11899999999999,3,2,1,1,5,68.55,-1.03143,0
N#Cc1ncnoc1=N,122.08699999999999,5,1,0,1,5,86.56,-0.57925,0
N=CN1NC=COC1=O,127.10299999999997,4,2,1,1,5,65.42000000000002,0.021470000000000156,0
N=C1NC(=O)OC1=N,113.076,4,3,0,1,5,86.03,-0.3192599999999998,0
N=c1cc(C=O)on1N,127.103,5,2,1,1,5,85.01,-0.91313,0
NC1=NC(CO)=NC1=O,127.10299999999998,4,2,1,1,5,88.03999999999999,-1.7254,0
Cn1ncc(=N)[nH]c1=O,126.119,4,2,0,1,5,74.53,-1.4121299999999999,0
CC(C(=N)N)C1=NO1,113.12,3,2,2,1,4,74.76,-0.09782999999999997,1
Nc1n[nH]c(C=O)n1,112.09199999999998,4,2,1,1,5,84.66,-0.8006000000000004,0
N=CC1=NC(=O)C(N)=C1,123.115,3,2,1,1,4,79.3,-0.54023,0
Cn1ncc(N)c1N,112.13600000000002,4,2,0,1,4,69.86,-0.4154999999999999,0
CC#Cc1nonc1N,123.11500000000001,4,1,0,1,4,64.94,0.0232,0
N=CN1C=NC(O)OC1,129.11899999999997,4,2,1,1,5,68.91000000000001,-0.8126300000000002,1
N=C1N=NC=C1OC=O,125.08699999999997,4,1,2,1,5,74.87,0.44387,0
NC(=O)C1C=NN=C1,111.104,3,1,1,1,4,67.81,-0.8419000000000001,0
O=C1CNC(=O)C(=O)N1,128.087,3,2,0,1,5,75.27,-2.2409999999999997,0
COC1=NOC(=N)C1=N,127.103,5,2,0,1,5,78.52000000000001,-0.02646000000000004,0
CC1(OC=O)OC1=NCN,144.13,5,1,3,1,5,77.21,-0.7795000000000001,1
N=C1NC(=O)C(=N)O1,113.076,4,3,0,1,5,86.03000000000002,-0.9551600000000002,0
NC1=C(N)C(=O)N=C1,111.10399999999998,3,2,0,1,4,81.47,-1.2736000000000003,0
N#CCc1nonc1N,124.10300000000001,5,1,1,1,5,88.73,-0.28212000000000004,0
N=C1NC(C=O)OC1=O,128.087,4,2,1,1,5,79.25,-1.3649300000000002,1
N=CN1CC(=O)NC1=O,127.10299999999998,3,2,1,1,5,73.26,-0.85473,0
CC1=NC(=N)N=C1O,111.10399999999998,1,2,0,1,4,68.8,0.3521700000000001,0
N=C1OC(CN)=NC1=O,127.10300000000001,4,2,1,1,5,88.53,-1.1223300000000003,0
N=C1COC(=N)C(=O)O1,128.087,5,2,0,1,5,83.23,-0.48566000000000015,0
Cn1ncc(NCC=O)n1,140.146,5,1,3,1,5,59.81,-0.5741000000000003,0
NC1=NC(O)=C1NC=O,127.10299999999997,4,3,2,1,5,87.71000000000001,-1.1697000000000004,0
N#CC(N)C1=NC(=O)O1,125.08699999999999,4,1,1,1,5,88.47000000000001,-0.61402,1
N=C1C=C(O)N=C1O,112.08799999999998,3,3,0,1,4,76.67,0.37567,0
CCNC1=NC(=N)N=C1,124.14699999999999,2,2,1,1,4,60.6,0.013570000000000193,0
CNC(=O)n1ccn1N,128.135,4,2,0,1,5,64.98,-0.8091000000000002,0
N=Cc1n[nH]c(C=O)n1,124.10299999999998,4,2,2,1,5,82.49,-0.3851300000000002,0
CC(C#N)Oc1cnno1,139.114,5,0,2,1,5,71.94,0.3604799999999999,1
N#CCN1C=NC1=N,108.10399999999998,2,1,1,1,4,63.24,-0.21134999999999998,0
CN=c1nc[nH]c(=N)o1,126.11899999999999,4,2,0,1,5,78.03,-0.9873300000000003,0
NC(=O)C1=NN=C1O,113.076,3,2,1,1,5,88.04,-1.2022,0
N=COc1n[nH]cc1N,126.119,4,3,2,1,5,87.78,-0.022230000000000083,0
COc1noc(C=N)n1,127.103,5,1,2,1,5,72.0,0.07586999999999994,0
N#CCc1nc(N)no1,124.10300000000001,5,1,1,1,5,88.73,-0.28212000000000004,0
N=C1COC(=N)C(=O)CN1,141.13,4,3,0,1,5,86.03,-0.8701600000000003,0
N=CC1=NN1C(N)=O,112.092,3,2,1,1,5,82.31,-0.6562299999999999,0
N=C1CCNC(=O)OCO1,144.12999999999997,4,2,0,1,5,71.41000000000001,0.06766999999999995,0
N=C1OCNC(=O)CO1,130.10299999999998,4,2,0,1,5,71.41,-0.9583300000000003,0
NC1=NC(=O)C(N)=N1,112.092,4,2,0,1,5,93.83,-1.8014999999999999,0
N=c1cn[nH]c(C=O)n1,124.10299999999998,4,2,1,1,5,82.49,-0.9033300000000004,0
N=C(O)N=C1OC(=N)O1,129.075,4,3,0,1,6,98.75000000000001,-0.18325999999999998,0
CC(=O)C1=NNC1=O,112.088,3,1,1,1,4,58.53,-0.9388000000000001,0
CNC(=O)OC1=NC=N1,127.103,4,1,0,1,5,63.05,-0.2597,0
N=C1NC(=N)C(=O)CO1,127.103,4,3,0,1,5,86.03000000000002,-0.91266,0
CC1=NC(=O)C(CO)=N1,126.11499999999998,3,1,1,1,4,62.019999999999996,-0.6217000000000001,0
COC(=O)C1=NC(=N)O1,128.08700000000002,4,1,1,1,5,71.74,-0.47713,0
N=CC1=NC(N)=NC1=N,123.11900000000001,4,3,1,1,5,98.44,-0.6174600000000001,0
NC=C1N=NC(N)=C1N,125.135,5,3,0,1,5,102.77999999999999,-0.6612000000000002,0
N=C1NC(=O)CNCO1,129.119,4,3,0,1,5,74.21000000000001,-1.3853300000000002,0
CCc1nc(=N)nco1,125.13099999999999,4,1,1,1,4,62.77,0.1114699999999999,0
N=CN1C(C=O)N1CO,129.119,4,2,3,1,5,67.17,-1.3991300000000002,2
Nc1n[nH]c(C=O)n1,112.09199999999998,4,2,1,1,5,84.66,-0.8006000000000004,0
N=C(O)C1=NC(O)=C1,112.08799999999998,3,3,1,1,4,76.67,0.37567,0
N=C1NC(=O)OC1CO,130.103,4,3,1,1,5,82.41000000000001,-0.93563,1
N=C1COC(=N)C(=O)N1,127.103,4,3,0,1,5,86.03,-0.9126600000000002,0
C#CC(O)C1=NN=N1,109.08800000000002,4,1,1,1,4,57.31,-0.2402,1
Nc1cc(CO)nn1O,129.11900000000003,5,3,1,1,5,84.3,-0.8051000000000001,0
N=C1NCC(=O)OCO1,130.103,4,2,0,1,5,71.41000000000001,-0.9583300000000001,0
N=C1OC(=O)NC1=O,114.05999999999999,4,2,0,1,5,79.25,-0.7699300000000002,0
O=CC1NC(=O)NCO1,130.103,3,2,1,1,5,67.43,-1.2017000000000002,1
Nc1noc(=O)nc1N,128.091,6,2,0,1,6,108.03,-1.4058000000000002,0
COC1=CN=C(N)C1=O,126.115,4,1,1,1,4,64.68,-0.5859000000000001,0
Cc1n[nH]c(=O)n1C=N,126.11899999999999,4,2,1,1,5,74.53,-0.6650100000000001,0
CN=C(N)c1nc1=O,111.10399999999998,3,1,1,1,4,68.34,-1.3475000000000006,0
Cn1cnc(=N)c(N)n1,125.135,5,2,0,1,5,80.58,-1.12323,0
N=Cc1ocnc1N,111.10400000000001,4,2,1,1,4,75.9,0.25447000000000014,0
CC1=NNC(=O)C1=NO,127.10299999999998,4,2,0,1,5,74.05,-0.6777,0
O=CC(O)c1c[nH]nn1,127.10300000000001,4,2,2,1,5,78.86999999999999,-0.9630000000000003,1
CC(=N)OC1=NOC1=N,127.103,5,2,0,1,5,78.52000000000001,0.32114,0
N=CC1=NC(=O)C(=N)O1,125.08699999999999,4,2,1,1,5,86.36,-0.4314599999999999,0
N=C1CC(=N)OC(=O)O1,128.087,5,2,0,1,5,83.23,0.49784,0
CCOC1=C(N)N=N1,113.12000000000002,4,1,2,1,4,59.97,0.5740000000000001,0
CC1=NC(N)=NC1=O,111.104,3,1,0,1,4,67.81,-0.6978,0
N=CN1CC(=O)OCO1,130.10299999999998,4,1,1,1,5,62.620000000000005,-0.65863,0
Nc1nc(C=O)oc1N,127.10299999999998,5,2,1,1,5,95.14,-0.3485,0
N=c1oc(=NO)c1=NO,129.07500000000002,6,3,0,1,6,102.17,-1.78553,0
N=CN1CC(=N)N1C=O,126.11899999999999,3,2,2,1,5,71.25,-0.7402600000000001,0
N=C1NCOC(=N)O1,115.092,4,3,0,1,5,78.19000000000001,-0.55016,0
N=C1C(N)ON1C=O,115.09199999999998,4,2,1,1,5,79.41000000000001,-1.3479299999999999,1
N=Cc1occ(N)[n+]1[O-],127.10300000000001,4,2,1,1,5,89.95,-0.5071300000000001,0
CCn1[nH]c(=O)nc1CO,143.14600000000002,4,2,2,1,5,70.91,-0.9164000000000001,0
N=C1NC(=N)C(=O)CO1,127.103,4,3,0,1,5,86.03000000000002,-0.91266,0
Nc1cc(C=O)c(O)[nH]1,126.11499999999998,3,3,1,1,4,79.11000000000001,0.11499999999999999,0
N=CC1OCNC(=O)CO1,144.13,4,2,1,1,5,71.41,-0.91743,1
CN1C(=CO)N=C1N,113.12,4,2,0,1,4,61.849999999999994,-0.3965999999999998,0
C=CN1COC(=O)C(=N)O1,142.11399999999998,5,1,1,1,5,62.620000000000005,-0.14493000000000006,0
N=C1OC(C=O)NC1=O,128.087,4,2,1,1,5,79.25,-1.3649300000000002,1
CNC1=NC=NC1=O,111.10399999999998,3,1,0,1,4,53.82,-0.8272000000000002,0
CN=C1N=NNC1=O,112.09199999999998,3,1,0,1,5,66.18,-0.4882999999999999,0
CC1=NC(=O)C(O)=N1,112.08799999999998,2,1,0,1,4,62.019999999999996,-0.09849999999999998,0
CC(=O)c1n[nH]nc1O,127.103,4,2,1,1,5,78.87,-0.2871,0
Cc1n[nH]c(=N)oc1=O,127.10299999999998,4,2,0,1,5,82.74000000000001,-0.84921,0
NC1=NC(N)=C1C=CO,125.13099999999997,4,3,1,1,4,84.63,-0.4007999999999999,0
COC1=NC(N)=NC1=N,126.11900000000001,4,2,0,1,5,83.82,-0.66313,0
O=C1COCOC(=O)N1,131.087,4,1,0,1,5,64.63,-0.7731000000000001,0
N=C1NC(=O)C(N)N1,114.108,3,4,0,1,5,91.0,-2.07463,1
CNC(=O)c1ncn[nH]1,126.119,3,2,1,1,5,70.67,-0.8357000000000003,0
CC1(NC=O)CNC1=O,128.131,2,2,2,1,4,58.2,-1.3791,1
N#CC(=N)NC1=NO1,110.076,4,2,0,1,5,84.56,-0.6219500000000002,0
NC1=NC=C1[N+](N)=O,113.10000000000001,3,2,1,1,5,84.47999999999999,-1.1487999999999998,0
CCn1nc(N)c(O)n1,128.135,5,2,1,1,5,76.96000000000001,-0.4142000000000002,0
Cc1n[nH]nc1C=NC=N,137.146,3,2,2,1,5,77.78,0.13908999999999994,0
N=CCN1C(=O)N1C=N,126.11899999999999,3,2,3,1,5,70.78999999999999,-0.10436000000000017,0
NC1=CC(=O)C(=O)O1,113.07199999999999,4,1,0,1,4,69.39,-1.0876000000000001,0
N=CC1=NC(=O)N=C1N,124.10300000000001,3,2,1,1,5,91.66,-0.43223000000000006,0
N=C1N=C(CO)C(=O)O1,128.087,4,2,1,1,5,82.74,-1.0887300000000002,0
C#Cc1nc(O)nn1O,125.08699999999999,5,2,0,1,5,71.17,-0.7977000000000001,0
CNC1=C(C=O)C(=N)N=N1,138.13,4,2,2,1,5,77.67,0.059370000000000034,0
N=c1cnc(CO)no1,127.103,5,2,1,1,5,83.0,-0.9586300000000003,0
C#CC(O)C1=NN=N1,109.08800000000002,4,1,1,1,4,57.31,-0.2402,1
O=C=CN1COC(=O)C1,127.09899999999999,4,0,1,1,4,46.61,-0.8520000000000001,0
N=C(CO)C1=NC(=O)N1,127.103,3,3,2,1,5,85.53999999999999,-0.8798300000000001,0
N=C1C(N)=CN=C1O,111.10399999999998,3,3,0,1,4,82.46000000000001,-0.22363000000000027,0
COc1ncnc(=O)o1,128.087,5,0,1,1,5,65.22,-0.5615999999999999,0
CC1=NNC(=O)C1=N,111.10399999999998,3,2,0,1,4,65.31,-0.4881300000000001,0
NC(=O)C1=NC(=O)N1,113.076,2,2,1,1,5,84.55000000000001,-1.4066,0
Cc1n[nH]c(=N)oc1=O,127.10299999999998,4,2,0,1,5,82.74000000000001,-0.84921,0
N=Cc1ncn(C=O)n1,124.103,5,1,2,1,5,71.63,-0.6859300000000002,0
N=c1occc(=NO)o1,128.087,5,2,0,1,5,82.72,-0.35803,0
N=C1N=CNC(C=O)N1,126.11899999999997,3,3,1,1,5,77.34,-1.3327300000000002,1
N=C1OC(=N)N1C=O,113.076,4,2,1,1,5,77.24000000000001,-0.6554600000000002,0
N=C1COC(N)C(=O)O1,130.103,5,2,0,1,5,85.39999999999999,-1.1781300000000001,1
COC1=NC(N)=NC1=N,126.11900000000001,4,2,0,1,5,83.82,-0.66313,0
N=C1N=C(O)C(F)=N1,115.067,1,2,0,1,5,68.8,0.25927,0
COc1c(N)nnn1C,128.13500000000002,5,1,1,1,5,65.96000000000001,-0.5941000000000003,0
O=C1CC(=O)C(=O)N1,113.07199999999999,3,1,0,1,4,63.24,-1.3980000000000001,0
CC(=O)C1=NOC1=N,112.088,4,1,1,1,4,62.51,-0.06112999999999996,0
N=c1occ(N)n1C=O,127.10300000000001,5,2,1,1,5,85.00999999999999,-0.8189300000000002,0
Nc1nc(C=O)n[nH]1,112.09199999999998,4,2,1,1,5,84.66,-0.8006000000000002,0
CN=C1N=CC(=N)O1,111.10399999999998,3,1,0,1,4,57.8,0.05047000000000007,0
CC(=O)n1cnc(N)n1,126.11900000000001,5,1,0,1,5,73.8,-0.47959999999999997,0
CN=c1cn[nH]c(=N)o1,126.11899999999999,4,2,0,1,5,78.03,-0.9873299999999998,0
N=C1NC(=O)C(CO)O1,130.10299999999998,4,3,1,1,5,82.41000000000001,-1.5715300000000003,1
N#CCc1nnc(O)[nH]1,124.103,4,2,1,1,5,85.59,-0.4236200000000003,0
N#CCC1=NC(=N)N1O,124.103,3,2,1,1,5,83.47,-0.06184999999999996,0
N#CCC1=NC(=O)N=N1,122.087,3,0,1,1,5,77.94,0.88438,0
Cc1nc(OC=N)no1,127.10299999999998,5,1,2,1,5,72.0,0.36388999999999994,0
NC1=C(N)C(=O)N=C1,111.10399999999998,3,2,0,1,4,81.47,-1.2736000000000003,0
Nc1cc(OC=O)no1,128.087,5,1,2,1,5,78.35000000000001,-0.20800000000000013,0
CC(=O)C1=NN=C1N,111.10400000000001,4,1,1,1,4,67.81,-0.6978,0
O=c1cn[nH]n1CCO,129.11900000000003,4,2,2,1,5,70.91,-1.4363000000000004,0
CC1=NC(=N)OC1=N,111.10399999999998,3,2,0,1,4,69.28999999999999,0.38954000000000005,0
N=C1OCNC(=O)CO1,130.10299999999998,4,2,0,1,5,71.41,-0.9583300000000003,0
N=C1NCC(=O)NCO1,129.119,3,3,0,1,5,74.21000000000001,-1.3853300000000002,0
N=CN1C=NC(=O)OC1,127.10299999999998,3,1,1,1,5,65.75,0.031470000000000053,0
CN=C1N=CNC1=NCN,139.16199999999998,3,2,1,1,5,75.13,-1.0390999999999992,0
N=c1oc(=O)[nH]c(=O)o1,130.059,5,2,0,1,6,100.05999999999999,-1.5994300000000008,0
CCOC1=NC(=N)N=N1,126.11900000000001,3,1,1,1,5,70.16,0.7794700000000001,0
Cn1nc(N)c(=O)o1,115.092,5,1,0,1,5,74.05000000000001,-1.0445,0
O=Cc1nc(CO)n[nH]1,127.103,4,2,2,1,5,78.87,-0.8905000000000003,0
COC1=C(O)C=NC1=N,126.11499999999998,3,2,1,1,4,65.67,0.46407,0
Cc1noc(=O)[nH]c1=O,128.087,4,1,0,1,5,75.96000000000001,-0.96848,0
CN=C1OC(=O)N=C1N,127.10300000000001,4,1,0,1,5,77.03999999999999,-0.47789999999999994,0
N=C1NC(=N)OCO1,115.092,4,3,0,1,5,78.19000000000001,-0.55016,0
CC1=NC(=O)N1CN,113.12,2,1,1,1,4,58.69,-0.24339999999999995,0
Cc1n[nH]c(=O)n1CO,129.119,4,2,1,1,5,70.91,-1.1703800000000004,0
O=C1CNCN=NC1=O,127.10300000000001,4,1,0,1,5,70.89,-0.905,0
N=C1COC(=N)C(C=O)O1,142.11399999999998,5,2,1,1,5,83.23,-0.44476000000000027,1
O=CC1=C(O)N=N1,98.06099999999999,4,1,1,1,4,62.019999999999996,0.3782,0
N=C1N=C(CO)C(=N)O1,127.10299999999998,4,3,1,1,5,89.52,-0.6380600000000001,0
CCOC1=NN=NC1=N,126.11900000000001,4,1,1,1,5,70.16,0.7794700000000001,0
NC1=NC(=O)C(O)=N1,113.07599999999998,3,2,0,1,5,88.03999999999999,-1.2022000000000002,0
N=C1C=COC(=N)CO1,126.115,4,2,0,1,4,66.16,0.50144,0
NC=C1N=C(O)OC1=O,128.087,4,2,0,1,5,84.91,-0.7427000000000001,0
CNC1=NC(=O)N=C1N,126.119,3,2,0,1,5,79.84,-0.9049,0
COc1nnoc1C=N,127.10299999999998,5,1,2,1,5,72.0,0.07586999999999994,0
Nc1coc(=O)c(=O)o1,129.071,5,1,0,1,5,86.44,-0.8248,0
Cc1nncnc1N,110.12,4,1,0,1,4,64.69,-0.23778,0
Cc1nc(OC=O)c[nH]1,126.11499999999997,3,1,2,1,4,54.98,0.2533199999999998,0
CC(=O)n1cn[nH]c1=N,126.119,4,2,0,1,5,74.53,-0.6492300000000002,0
CNC(=O)c1ncn[nH]1,126.119,3,2,1,1,5,70.67,-0.8357000000000003,0
N=CN1C(=N)OCC1=O,127.10299999999998,4,2,1,1,5,77.24000000000001,-0.6129600000000002,0
NC(=O)n1ccnc1N,126.119,4,2,0,1,5,86.93,-0.6079000000000001,0
NC(=O)OC1=NN=C1,113.07600000000001,4,1,0,1,5,77.04,-0.5204,0
N=C1COC(=N)N=CCO1,141.13,4,2,0,1,5,78.52,0.016039999999999888,0
N=C1OCOC(=N)C1=O,128.087,5,2,0,1,5,83.22999999999999,-0.48566000000000015,0
NN=C1N=CC(CO)=N1,126.11899999999999,3,2,1,1,5,83.33,-1.2662,0
NC(=O)N1COC(=O)C1,130.10299999999998,3,1,0,1,5,72.63,-1.1185999999999998,0
N=c1[nH]nc(C=O)n1C=O,140.10199999999998,5,2,2,1,6,91.6,-1.4585299999999997,0
Nc1cn(N)c(C=O)n1,126.119,5,2,1,1,5,86.92999999999999,-1.0084,0
N=C1N=NC=C1N=O,110.076,4,1,1,1,5,78.0,1.03727,0
CC1=NC(N)=NC1=N,110.12,3,2,0,1,4,74.59,-0.24712999999999996,0
N=C(O)C1=CN=C1N,111.104,3,3,1,1,4,82.46,-0.22362999999999988,0
CC1=NC(N)=NC1=N,110.12,3,2,0,1,4,74.59,-0.24712999999999996,0
CC1=NC(=N)C(=O)O1,112.08799999999998,3,1,0,1,4,62.510000000000005,-0.06113000000000007,0
N#CCC1=NC(=NN)N1,123.11900000000001,3,2,1,1,5,86.56,-0.86852,0
N=C1COCC(=NO)O1,130.103,5,2,0,1,5,74.9,-0.20183000000000012,0
CCC1=NC(=N)OC1=N,125.13099999999999,3,2,1,1,4,69.28999999999999,0.7796400000000001,0
N=CNc1ncc(F)o1,129.094,3,2,2,1,5,61.910000000000004,0.8326699999999999,0
N=CN1CC(=O)OCC1=O,142.11399999999998,4,1,1,1,5,70.46000000000001,-1.02113,0
N#CCC1=NC(N)=[N+]1[O-],124.10300000000001,4,1,1,1,5,88.24000000000001,-0.8628199999999997,0
CC(=O)C1=NN=C1N,111.10400000000001,4,1,1,1,4,67.81,-0.6978,0
N=C1NCC(N)=NC1O,128.13500000000002,4,4,0,1,5,94.49000000000001,-1.757529999999999,1
C#CC1=NC(N)=NC1=O,121.099,3,1,0,1,4,67.81,-1.0845,0
CC(=O)c1nnc(N)o1,127.10300000000001,5,1,1,1,5,82.01,-0.14559999999999984,0
COC1=NC(N)=NC1=N,126.11900000000001,4,2,0,1,5,83.82,-0.66313,0
NC1=NN=CC1=NC=O,124.10299999999998,4,1,1,1,5,80.16999999999999,-1.0596,0
O=CNc1cnc(O)cn1,139.11399999999998,4,2,2,1,5,75.11,-0.24950000000000006,0
CC1=CC(=O)N=C1N,110.11600000000001,2,1,0,1,3,55.45,-0.16989999999999983,0
N=CN1CC(=N)OCO1,129.119,4,2,1,1,5,69.4,-0.2079600000000001,0
N=CN1CC(=N)NC1=O,126.11899999999999,3,3,1,1,5,80.04,-0.40406000000000003,0
N=C1CNC(=N)OCO1,129.119,4,3,0,1,5,78.19000000000001,-0.5076600000000004,0
CC1=NC(=N)OC1=NCO,141.13,4,2,1,1,5,78.03,-0.23942999999999992,0
N=CN1C(=O)N=C1N,112.092,3,2,1,1,5,82.54,-0.6562300000000001,0
N=C1N=C(N)C(CO)=N1,126.119,3,3,1,1,5,94.82000000000001,-1.2747300000000001,0
N=C1OCOC(=O)C1=N,128.087,5,2,0,1,5,83.23,-0.48566000000000015,0
Nc1ncc(C=O)nc1N,138.12999999999997,5,2,1,1,5,94.89,-0.5465000000000002,0
N=C1NC(=N)C(=O)CO1,127.103,4,3,0,1,5,86.03000000000002,-0.91266,0
N=C1NC(=O)NC1=O,113.076,3,3,0,1,5,82.05000000000001,-1.19693,0
N=C1C=NC(=O)N=N1,110.07600000000001,2,1,0,1,5,78.0,0.6202700000000001,0
CC(O)C1=NC(=O)N1,114.104,2,2,1,1,4,61.690000000000005,-0.5111000000000001,1
COc1coc(=O)c(=O)[nH]1,143.098,4,1,1,1,5,72.3,-0.6633000000000002,0
N=C1OCC(=NC=O)O1,128.087,4,1,1,1,5,71.74,-0.47713000000000005,0
N=C1ONCC(=O)OC1=N,143.102,6,3,0,1,6,95.25999999999999,-0.9810600000000003,0
CC(=O)C1=NNC1=O,112.088,3,1,1,1,4,58.53,-0.9388000000000001,0
Cc1n[nH]c(=O)n1C=O,127.10299999999998,4,1,1,1,5,67.75,-1.0818800000000002,0
Nc1cnc(CO)cn1,125.13099999999999,4,2,1,1,4,72.03,-0.4489000000000001,0
Cc1nc(NC=O)no1,127.10299999999998,4,1,2,1,5,68.02000000000001,-0.053680000000000117,0
N=CN1CC(=O)OC=N1,127.10299999999998,4,1,1,1,5,65.75,-0.60443,0
CN=C1N=C(C=N)N1O,126.11899999999999,3,2,1,1,5,72.04,-0.2749299999999998,0
NC(=O)n1cc(N)o1,115.092,4,2,0,1,5,87.18,-0.4098999999999999,0
N=C(N)C1=NC=NC1=O,124.103,3,2,1,1,5,91.66,-1.06813,0
N=C1COC(=N)N=CO1,127.103,4,2,0,1,5,78.52,-0.026460000000000095,0
CC1(C(N)=O)OC1=O,115.08799999999998,3,1,1,1,4,72.69,-1.2127999999999999,1
CC(O)c1c[nH]n[n+]1[O-],129.119,3,2,1,1,5,75.85,-0.9036000000000002,1
N=C1OCNC(=O)CO1,130.10299999999998,4,2,0,1,5,71.41,-0.9583300000000003,0
COC1=NC(N)=C1C=O,126.115,4,1,1,1,4,64.68,-0.5859000000000001,0
N=C1OC(=O)C(C=O)O1,129.07099999999997,5,1,1,1,5,76.45,-0.9379300000000002,1
CNC1N=CNC(=O)O1,129.119,4,2,1,1,5,62.72,-0.7425000000000002,1
CCn1oc(=O)[nH]c1=O,130.10299999999998,4,1,1,1,5,68.0,-0.8505,0
N=CN1C=C(O)NCO1,129.119,4,3,1,1,5,68.58000000000001,-0.25533000000000006,0
N=Cn1cnoc1=O,113.07599999999998,5,1,1,1,5,71.88,-0.7085299999999999,0
Cn1nnc(C#N)n1,109.092,5,0,0,1,5,67.39,-0.91822,0
N=C1NOCC1C(N)=O,129.119,3,3,1,1,5,88.19999999999999,-1.4000300000000006,1
N=CN1OC(=O)C1C=O,128.087,4,1,2,1,5,70.46000000000001,-1.0652300000000001,1
COC1=NN=C(N)C1=N,126.119,5,2,0,1,5,83.82,-0.66313,0
N#CCC1(C(=N)O)CO1,126.11499999999998,3,2,2,1,4,80.4,0.20434999999999992,1
NCC1=NC(=O)N1CO,129.119,3,2,2,1,5,78.92,-1.271,0
NC(C=O)c1c[nH]nn1,126.119,4,2,2,1,5,84.66000000000001,-0.9966000000000002,1
N=C1C=NC(N)=C1N,110.12000000000002,4,3,0,1,4,88.25,-0.8229300000000002,0
Nc1coc(=O)n1CO,130.103,5,2,1,1,5,81.39,-1.0267000000000002,0
COc1nc(C=N)c(N)o1,141.13,5,2,2,1,5,85.13,0.26306999999999986,0
CC1=NC(O)=C1OC=N,126.11499999999997,4,2,2,1,4,65.67000000000002,0.8116699999999999,0
N=C1COC(=O)NC1=N,127.103,4,3,0,1,5,86.03,-0.27676000000000023,0
CC1(C(=O)C=O)NCN1,128.131,4,2,2,1,4,58.2,-1.3790999999999998,0
CNc1cnc(=O)[nH]n1,126.119,4,2,1,1,5,70.67,-0.7934000000000003,0
N=CC1NN1C(=N)N,113.12400000000001,3,4,1,1,5,98.67,-1.3242599999999998,1
CNC(=O)C1=NC(=N)O1,127.103,3,2,1,1,5,74.54,-0.9041300000000001,0
CNC(=O)C1=NC(N)=N1,126.11900000000001,4,2,1,1,5,79.84,-1.540799999999999,0
Cn1cnc(NC=O)n1,126.11899999999999,4,1,2,1,5,59.81,-0.6166000000000003,0
CNC1=NC(=O)N=C1N,126.119,3,2,0,1,5,79.84,-0.9049,0
NC(=O)C1(C=O)NCO1,130.10299999999998,4,2,2,1,5,81.42,-2.0557999999999996,1
N=C1N=C(N)N=C1CO,126.119,4,3,1,1,5,94.82000000000001,-1.27473,0
N=C1COCNC(=O)O1,130.103,4,2,0,1,5,71.41,-0.32243000000000016,0
COC1=NC(N)=NC1=O,127.10300000000001,4,1,0,1,5,77.03999999999999,-1.1138000000000001,0
N=C1OCC(=O)C1=O,113.07199999999999,4,1,0,1,4,67.22,-0.8679300000000001,0
CNC(=O)c1nc1=O,112.088,3,1,1,1,4,59.06,-1.323,0
CN=C1N=NC(C=O)=N1,124.10299999999998,3,0,1,1,5,66.50999999999999,0.0354000000000001,0
NC1=C(N)C(=O)C=N1,111.10399999999998,4,2,0,1,4,81.47,-1.2736000000000003,0
N=C1CONCC(=O)O1,130.10299999999998,5,2,0,1,5,71.41,-0.9583300000000003,0
C#Cc1nc(N)o[n+]1[O-],125.087,4,1,0,1,5,78.99,-1.1285,0
CN=c1[nH]cnc(=O)o1,127.10299999999998,4,1,0,1,5,71.25,-1.1066000000000003,0
NC1=NC(=O)NC1=O,113.07599999999998,3,2,0,1,5,84.54999999999998,-1.4066,0
N=C1NC(O)=CC1=O,112.08799999999998,3,3,0,1,4,73.18,-0.4646300000000001,0
C#Cc1nnc(O)n1C=N,136.11399999999998,5,2,1,1,5,74.79,-0.5798300000000001,0
N#CCc1nc(O)no1,125.08699999999999,5,1,1,1,5,82.94,-0.15872000000000008,0
N=C1OC(=N)C(=N)O1,113.076,5,3,0,1,5,90.01,-0.07748999999999995,0
N=C1N=C(CO)N=C1N,126.119,4,3,1,1,5,94.82,-1.2747300000000001,0
N=C1N=CN=C1NC=O,124.10299999999998,3,2,1,1,5,77.67,-0.8499300000000003,0
CC(O)c1c(O)c1=O,114.09999999999998,3,2,1,1,3,57.53,-0.3187000000000001,1
C#CC(O)c1ncno1,124.099,4,1,1,1,4,59.150000000000006,-0.2638000000000001,1
N=C1OC(=N)C(=O)O1,114.05999999999999,5,2,0,1,5,83.23,-0.5281600000000002,0
Nc1cnc(N)n1C=O,126.119,5,2,1,1,5,86.92999999999998,-0.9142000000000001,0
N=C1N=C(N)N=C1C=O,124.103,4,2,1,1,5,91.66,-1.06813,0
Nc1nc(C=O)c(N)o1,127.10299999999998,5,2,1,1,5,95.14,-0.3485,0
C#CC(=O)c1c[nH]nn1,121.099,3,1,1,1,4,58.64,-0.3794000000000001,0
COC1=NC(O)=NC1=O,128.087,3,1,0,1,5,71.25,-0.5145000000000002,0
CC1(O)N=CN=C1O,114.10399999999998,3,2,0,1,4,65.18,-0.30670000000000003,1
O=C1N=C(CO)OC1=O,129.07099999999997,4,1,1,1,5,75.96000000000001,-1.5394,0
N=C1NC(=O)COC1C=O,142.11399999999998,4,2,1,1,5,79.25,-1.3224300000000002,1
CN=C1N=NC(=N)O1,112.09199999999998,3,1,0,1,5,70.16,0.38937000000000005,0
Nc1cnc(N)c(=O)o1,127.103,5,2,0,1,5,95.14,-0.8008,0
N=CC1NC(=O)C(=O)N1,127.103,3,3,1,1,5,82.05000000000001,-1.7919299999999998,0
N=c1oc(=O)on1C=O,130.059,6,1,1,1,6,89.19999999999999,-1.4479300000000002,0
N=C1N=C=CN=C(N)O1,124.103,4,2,0,1,5,83.82000000000001,-0.55053,0
CNC1=NC(N)=NC1=N,125.135,4,3,0,1,5,86.62,-1.0901299999999996,0
COC1=NC(=O)C(N)=N1,127.10300000000001,4,1,0,1,5,77.03999999999999,-1.1138000000000003,0
N=C1OC=NCC(=O)O1,128.087,5,1,0,1,5,71.74,-0.47713000000000005,0
C#CC(=N)c1nn[nH]n1,121.10300000000001,4,2,1,1,5,78.31,-0.7992300000000003,0
N=CN1NCOC1C=O,129.11899999999997,4,2,2,1,5,65.42000000000002,-1.0872300000000001,1
N=Cc1cnn[nH]c1=O,124.103,4,2,1,1,5,82.49000000000001,-0.8374300000000001,0
N=C(O)C1=NC(=O)C=N1,125.08699999999999,3,2,1,1,5,85.86999999999999,-0.4688300000000001,0
N=C1N=C(O)N=C1N,112.092,3,3,0,1,5,94.82,-0.75153,0
N=C1CNC(=O)NCO1,129.119,3,3,0,1,5,74.21000000000001,-0.7494300000000003,0
NC1=NC(C(=O)O)=N1,113.07599999999998,4,2,1,1,5,88.03999999999999,-1.2022000000000002,0
NC(=O)c1cnno1,113.076,4,1,1,1,5,82.01,-0.8315000000000001,0
CN=C1COC(=N)CO1,128.131,4,1,0,1,4,54.67,0.03877000000000003,0
CC(=O)n1cnnc1,111.104,4,0,0,1,4,47.78,-0.061799999999999966,0
Nc1cnn(N)c(=O)c1,126.119,5,2,0,1,5,86.93,-1.4607000000000003,0
N=c1c(CN)nc1=O,111.104,4,2,1,1,4,79.83000000000001,-1.7444300000000004,0
N=C1C=C(N)OC1=N,111.104,4,3,0,1,4,82.95000000000002,-0.18625999999999998,0
N=C1CNC(=O)N=CN1,126.11899999999999,2,3,0,1,5,77.34,-0.6952300000000002,0
N#CCNC1=NC(C=O)=N1,136.11399999999998,5,1,2,1,5,77.61,-0.9334200000000001,0
N=CN1CC(=NO)C1=O,127.10299999999998,4,2,1,1,5,76.75,-0.7341300000000002,0
N=C1OCOC(=O)C1=N,128.087,5,2,0,1,5,83.23,-0.48566000000000015,0
N=C1COC(=N)OCO1,130.103,5,2,0,1,5,75.39,-0.08066000000000012,0
N#CC(=O)n1cn[nH]1,110.076,4,1,0,1,5,74.47,-0.6250200000000001,0
CN=NC1OCNC1=O,129.119,4,1,1,1,5,63.050000000000004,-0.5016,1
CNC1=NC(=N)N=C1O,126.11899999999999,2,3,0,1,5,80.83,-0.49083000000000016,0
N=c1[nH]c(=O)oc(=N)o1,129.075,5,3,0,1,6,106.83999999999999,-1.4801599999999997,0
N=COC1=C(CO)OC1=N,142.11399999999998,5,3,3,1,5,86.39000000000001,-0.17856,0
N=CN1C=CNC(=O)O1,127.10299999999998,3,2,1,1,5,65.42,0.021469999999999934,0
COC1=NC(=N)N=C1O,127.103,2,2,0,1,5,78.03,-0.06383000000000005,0
N=CN1C(=O)NC1=CO,127.10299999999997,3,3,1,1,5,76.42,-0.024429999999999952,0
NC1=NC(=O)N=C1O,113.07599999999998,2,2,0,1,5,88.04,-0.5663,0
Cn1cc(NC=O)nn1,126.119,4,1,2,1,5,59.81,-0.6166000000000003,0
CC1=NC(=O)C(CN)=N1,125.131,3,1,1,1,4,67.81,-0.6553,0
Cc1nnc(N)oc1=N,126.119,5,2,0,1,5,88.78999999999999,-0.5603100000000001,0
Cc1n[nH]c(=O)nc1N,126.119,4,2,0,1,5,84.66,-0.9444800000000002,0
N=C1N=NC=C1C[NH2+],110.12,3,2,1,1,4,73.87,-0.65893,0
N=C1C=NOC1=CON,127.103,5,2,1,1,5,80.69,-0.24613000000000007,0
N=C1COC(=N)N=CO1,127.103,4,2,0,1,5,78.52,-0.026460000000000095,0
N=C1C=C(O)N=C1N,111.104,4,3,0,1,4,82.46,-0.22362999999999988,0
Cn1nc(CO)nc1O,129.119,5,2,1,1,5,71.17,-0.9870000000000001,0
N=C1COCC(=NO)O1,130.103,5,2,0,1,5,74.9,-0.20183000000000012,0
N=C1N=C(N)C=C1C=O,123.11499999999998,3,2,1,1,4,79.30000000000001,-0.54023,0
CC(=O)Oc1ncc(N)o1,142.114,5,1,1,1,5,78.35,0.18210000000000004,0
CNC1OC(=N)C(=O)O1,130.103,5,2,1,1,5,71.41,-0.9599300000000002,1
N=C1N=C(N)C(CN)=N1,125.13500000000002,3,3,1,1,5,100.61,-1.3083299999999998,0
N=C1OCC(=O)OC1=N,128.087,5,2,0,1,5,83.22999999999999,-0.48566000000000015,0
COc1cnoc(=N)n1,127.103,5,1,1,1,5,72.0,-0.44233000000000006,0
CNC1=NC(=O)C(O)=N1,127.10299999999998,3,2,0,1,5,74.05,-0.9415,0
N=C1N=CC(C(N)=O)=N1,124.10300000000001,2,2,1,1,5,91.66000000000001,-1.06813,0
N=C1OCC(=O)C(=N)O1,128.087,5,2,0,1,5,83.23,-0.48566000000000015,0
N=Cc1nc(CO)no1,127.103,5,2,2,1,5,83.0,-0.44043000000000004,0
N=C1OC=NC(C=O)O1,128.087,5,1,1,1,5,71.74,-0.4787300000000001,1
N=C1C=C(N)C=NC1=O,123.115,3,2,0,1,4,79.30000000000001,-0.5402300000000002,0
CC1=NC(=N)OC1=N,111.10399999999998,3,2,0,1,4,69.28999999999999,0.38954000000000005,0
CCn1nc(CO)nc1N,142.16199999999998,5,2,2,1,5,76.96,-0.6275000000000002,0
N=C1C=NC(CCO)=N1,125.131,3,2,2,1,4,68.8,-0.17102999999999996,0
N=C1COC(=N)NC=N1,126.119,3,3,0,1,5,81.32,-0.4534600000000002,0
NC(=O)C1=NN=C1O,113.076,3,2,1,1,5,88.04,-1.2022,0
N=C1NCC(=O)C(=O)N1,127.103,3,3,0,1,5,82.05000000000001,-1.79033,0
N=C1N=C(N)C(CO)=N1,126.119,3,3,1,1,5,94.82000000000001,-1.2747300000000001,0
N=Cc1nc[nH]c(=O)n1,124.103,4,2,1,1,5,82.49,-0.8374300000000001,0
N#CC(O)c1cnn[nH]1,124.10300000000001,4,2,1,1,5,85.59,-0.6383200000000002,1
N#Cc1n[nH]c(CO)n1,124.10299999999998,4,2,1,1,5,85.59,-0.8313200000000001,0
N#CC(=N)c1ncno1,122.08699999999999,5,1,1,1,5,86.56,-0.038949999999999985,0
N=CN1C(=N)OCC1=O,127.10299999999998,4,2,1,1,5,77.24000000000001,-0.6129600000000002,0
N=C1NC(C=O)N=CO1,127.103,4,2,1,1,5,74.54,-0.9057300000000001,1
NC(=O)C1=NN=C1N,112.09200000000001,4,2,1,1,5,93.83,-1.8014999999999999,0
CN=C1NCOC(=O)CO1,144.12999999999997,4,1,0,1,5,59.92,-0.9073000000000002,0
N=CNOC1=CC(=O)O1,128.087,4,2,3,1,5,71.41,-0.48713000000000006,0
N=C1NC(=O)COC1=N,127.103,4,3,0,1,5,86.03,-0.9126600000000002,0
OCC1=NN=C1CO,114.10399999999998,4,2,2,1,4,65.18,-1.2184000000000001,0
N=CC1OC(=N)C(=O)O1,128.087,5,2,1,1,5,83.23,-0.48725999999999997,1
N=CN1COC(=O)CN1,129.119,4,2,1,1,5,65.42,-1.0856300000000003,0
N=CC1NC(=N)N1C=O,126.119,3,3,2,1,5,80.04,-1.0415600000000003,1
N=C1CC(=N)OCOCN1,143.146,4,3,0,1,5,78.19000000000001,-0.11756000000000005,0
Cc1nc(N)c(C=O)o1,126.11499999999998,4,1,1,1,4,69.12,0.37772000000000006,0
CC1=NC(=O)C(N)=N1,111.104,3,1,0,1,4,67.81,-0.6978,0
N=CN1CC(=O)C(=O)O1,128.087,4,1,1,1,5,70.46000000000001,-1.06363,0
NC(=O)c1non1CO,131.091,5,2,2,1,6,94.28000000000002,-1.4752000000000005,0
N=C1OC=NC(CO)C1=N,141.13,5,3,1,1,5,89.52000000000001,-0.5971600000000001,1
N#CCC1=[N+]([O-])OC1=N,125.08699999999999,4,1,1,1,5,82.94,-0.22615000000000002,0
COC1=NC(N)=NC1=N,126.11900000000001,4,2,0,1,5,83.82,-0.66313,0
N=C1OCNC(=O)CO1,130.10299999999998,4,2,0,1,5,71.41,-0.9583300000000003,0
N#CCNC1=COC1=O,124.09899999999998,4,1,2,1,4,62.12,-0.5022200000000001,0
Nc1ncn(C=O)c1N,126.11899999999999,5,2,1,1,5,86.92999999999999,-0.9142000000000001,0
N=C1ON=C1C#CN,109.088,4,2,0,1,4,71.46,-0.7305300000000001,0
CC(=O)OC1=NN=C1N,127.10300000000002,5,1,0,1,5,77.03999999999999,-0.7662,0
C#CCc1nnc(N)o1,123.11500000000001,4,1,1,1,4,64.94,-0.1725,0
N=c1[nH]ncn1CO,114.10799999999999,4,3,1,1,5,77.69,-1.3595300000000006,0
COC1=C(O)C(=N)N=N1,127.103,4,2,1,1,5,78.03,0.80297,0
Cn1nncc1N=N,111.10799999999999,5,1,1,1,5,66.92,0.4775699999999999,0
N=CC1NC=NC(=O)O1,127.103,4,2,1,1,5,74.54,-0.26982999999999996,1
N=C1NC(=O)CN=CO1,127.103,4,2,0,1,5,74.54,-0.9041300000000001,0
N=C1C(N)=CN=C1N,110.12,4,3,0,1,4,88.25,-0.8229300000000002,0
N=C1N=CN=C1CO,111.10399999999998,3,2,1,1,4,68.8,-0.5611300000000001,0
N=C1NCOC(=O)CN1,129.119,3,3,0,1,5,74.21,-1.3853300000000002,0
N=Cn1ncc(O)c1N=N,139.118,6,3,2,1,6,98.11000000000001,0.7063399999999999,0
Cc1nnc(NC=O)[nH]1,126.11899999999999,3,2,2,1,5,70.67,-0.31858000000000025,0
CN=C1OC(=N)NC1=O,127.103,4,2,0,1,5,74.53999999999999,-0.9041300000000003,0
N#CC1=C(CO)N=[N+]1[O-],125.08699999999999,4,1,1,1,5,82.44999999999999,-0.31002,0
N#Cc1conc1C=N,121.09899999999999,4,1,1,1,4,73.67,0.5439499999999999,0
N=C1N=CC(C(N)=O)=N1,124.10300000000001,2,2,1,1,5,91.66000000000001,-1.06813,0
N=C1COC(=O)N=CO1,128.087,4,1,0,1,5,71.74,0.15877000000000002,0
CCN=c1nc(N)c1=O,125.131,4,1,1,1,4,68.34,-1.1798000000000002,0
N#CCNC1=NC=NC1=O,136.114,4,1,1,1,5,77.61,-0.9334200000000001,0
N=C1NCCOC(=N)O1,129.119,4,3,0,1,5,78.19000000000001,-0.50766,0
CN=C1NC(=N)OC1=O,127.10299999999998,4,2,0,1,5,74.53999999999999,-0.9041300000000003,0
N#CC1C=NNC(=O)O1,125.08699999999999,4,1,0,1,5,74.48,-0.39582,1
Cn1nc(C=O)nc1N,126.119,5,1,1,1,5,73.8,-0.7902,0
COC1=NC(O)=NC1=N,127.103,3,2,0,1,5,78.03,-0.06383000000000016,0
CNC1=CN=NC1=N,110.12,3,2,1,1,4,60.6,0.49027,0
COc1ccnoc1=O,127.09899999999999,4,0,1,1,4,52.330000000000005,0.04339999999999988,0
N=C1N=C(N)N1C=O,112.092,3,2,1,1,5,82.53999999999999,-1.29213,0
CC(=O)C1=NC(=N)O1,112.088,3,1,1,1,4,62.510000000000005,-0.06112999999999996,0
COC1=C(N)C(=N)N=N1,126.11900000000001,4,2,1,1,5,83.82000000000001,0.20367000000000018,0
CN=c1nc(N)cno1,126.119,5,1,0,1,5,77.3,-0.8177000000000003,0
O=C1N=CN=C1CO,112.08799999999998,3,1,1,1,4,62.019999999999996,-1.0118,0
N=C1N=CNC(=O)CO1,127.10299999999998,3,2,0,1,5,74.54,-0.9041300000000001,0
CN1COC(=O)NC1=N,129.119,3,2,0,1,5,65.42,-0.4497299999999999,0
NC1=C(NC=O)C(=O)C=N1,139.11399999999998,4,2,2,1,5,84.55,-1.4863000000000004,0
Nc1[nH]ncc1C=O,111.10399999999997,3,2,1,1,4,71.77000000000001,-0.19560000000000038,0
Cc1nc(N)nn1C=O,126.119,5,1,1,1,5,73.8,-0.7929800000000002,0
COC1=NC(=N)C(N)=N1,126.11900000000001,4,2,0,1,5,83.82,-0.6631300000000002,0
CC1=NC(=O)NC1=NO,127.10299999999998,3,2,0,1,5,74.05,-0.04179999999999995,0
Nc1ncc(CO)nn1,126.119,5,2,1,1,5,84.92,-1.0539000000000003,0
N=C1COC(=O)CO1,115.088,4,1,0,1,4,59.379999999999995,-0.46293000000000006,0
Nc1cc(OC=O)no1,128.087,5,1,2,1,5,78.35000000000001,-0.20800000000000013,0
N=CN1COCOC1=O,130.10299999999998,4,1,1,1,5,62.62000000000001,-0.022729999999999917,0
N=CN1CC(=N)OCN1,128.135,4,3,1,1,5,72.2,-0.6349600000000002,0
CCc1nnc(O)n1C=N,140.146,5,2,2,1,5,74.79,0.0012699999999998823,0
CN1NCNC(=O)C1=O,129.11899999999997,3,2,0,1,5,61.44,-1.9632999999999994,0
N=C1NC(C=O)=NCO1,127.103,4,2,1,1,5,74.54,-0.9041300000000001,0
N=C1NC(O)=CN=CO1,127.10299999999998,4,3,0,1,5,77.7,-0.07383000000000012,0
COC1=NC(=N)C(=N)O1,127.103,4,2,0,1,5,78.52,-0.02646000000000004,0
N=Cc1ncnc(O)n1,124.103,5,2,1,1,5,82.75,-0.4251300000000001,0
CN=c1nc(N)c1=N,110.12,4,2,0,1,4,75.12,-1.4506299999999994,0
N=c1onc(N)nc1O,128.091,6,3,0,1,6,109.02000000000001,-1.1631300000000002,0
N#CC(=O)C1=NN=N1,108.06000000000002,5,0,1,1,5,77.94,-0.14162000000000005,0
N=C1NCCN=COC1=O,141.13,4,2,0,1,5,74.53999999999999,-0.8616300000000001,0
Cc1nnc(O)c(=O)[nH]1,127.10299999999998,4,2,0,1,5,78.87,-0.8210800000000003,0
N=C1OCC(=N)C(=N)O1,127.103,5,3,0,1,5,90.01,-0.034989999999999966,0
COC1=NC(=N)C(O)=N1,127.103,3,2,0,1,5,78.03,-0.06383000000000005,0
N=c1oc(N)c(C=O)o1,128.087,5,2,1,1,5,93.22000000000001,-0.2532299999999998,0
N=C1OC(=O)N=C1CO,128.087,4,2,1,1,5,82.74,-0.45282999999999995,0
NC(=O)C1N=CN=C1N,126.119,4,2,1,1,5,93.83,-1.7606000000000002,1
CC(O)C1=NC(=O)N=N1,127.10300000000001,3,1,1,1,5,74.38,0.3515,1
N#CC(=N)NC1COC1,125.13099999999999,3,2,1,1,4,68.9,-0.5243500000000001,0
CC1=NC(=N)C(N)=N1,110.12,3,2,0,1,4,74.59,-0.24712999999999996,0
N=C1CNC(=N)OCO1,129.119,4,3,0,1,5,78.19000000000001,-0.5076600000000004,0
CC1(N)OCOC1=N,116.11999999999999,4,2,0,1,4,68.33000000000001,-0.3571299999999999,1
N=CC1NC(=O)OC1=N,127.103,4,3,1,1,5,86.03,-0.27836000000000005,1
N=C1CNC(=O)C(=N)O1,127.10299999999998,4,3,0,1,5,86.03000000000002,-0.9126600000000002,0
NC1=CC(=O)C(N)=N1,111.10400000000001,4,2,0,1,4,81.47,-1.2735999999999998,0
CNC1=NC(=N)OC1=O,127.10299999999998,4,2,0,1,5,74.53999999999999,-0.9041300000000003,0
C#CC1=NC(=N)N=C1N,120.11500000000001,2,2,0,1,4,74.59,-0.6338299999999999,0
CC(=O)OC1=NN=C1,112.08800000000001,4,0,0,1,4,51.019999999999996,-0.05259999999999998,0
N=C1NCC(=N)C(=O)O1,127.103,4,3,0,1,5,86.03000000000002,-0.91266,0
CC(=O)n1ncnc1N,126.119,5,1,0,1,5,73.8,-0.47959999999999997,0
CNC1=NN=C1CO,113.11999999999999,4,2,1,1,4,56.980000000000004,-1.0338,0
N=C1OC(N)=NC1=O,113.07600000000001,4,2,0,1,5,88.53,-1.1648300000000003,0
N=C1NC(=O)OCCO1,130.103,4,2,0,1,5,71.41000000000001,-0.32243,0
CN=C1OC(=N)OC1=N,127.103,5,2,0,1,5,78.52000000000001,-0.02646000000000004,0
CC1(O)CNCN=C1O,130.14700000000002,3,3,0,1,4,64.85,-0.7453999999999998,1
COC1=NC(N)=NC1=O,127.10300000000001,4,1,0,1,5,77.03999999999999,-1.1138000000000001,0
Nc1cnc(=O)oc1O,128.087,5,2,0,1,5,89.35000000000001,-0.6774,0
N=C1COC(=O)C(=N)O1,128.087,5,2,0,1,5,83.23,-0.48566000000000015,0
N#CCc1nc(O)n[nH]1,124.103,4,2,1,1,5,85.59,-0.42362000000000005,0
N=C(N)C1=NC(=O)O1,113.076,3,2,1,1,5,88.53000000000002,-0.5289299999999999,0
Cc1nc(CO)nn1N,128.135,5,2,1,1,5,76.96000000000001,-1.2073800000000001,0
CCC1OCOC(=N)O1,131.131,4,1,1,1,4,51.540000000000006,0.6781699999999999,1
Cc1noc(=N)c(=O)[nH]1,127.103,4,2,0,1,5,82.74000000000001,-0.8492100000000002,0
O=CNC1=NCC(=O)N1,127.103,3,2,1,1,5,70.56,-1.7817999999999998,0
N=COc1cc(N)no1,127.103,5,2,2,1,5,85.13,0.2426700000000001,0
CNc1nnoc1C=O,127.10299999999998,5,1,2,1,5,68.02000000000001,-0.0762000000000001,0
CN=c1nc(N)c1=N,110.12,4,2,0,1,4,75.12,-1.4506299999999994,0
N#Cc1cn[nH]c1O,109.08799999999998,3,2,0,1,4,72.7,-0.013020000000000087,0
CC(N)C1=NC(=O)N1,113.11999999999999,2,2,1,1,4,67.47999999999999,-0.5447,1
O=c1cnc(CO)no1,128.087,5,1,1,1,5,76.22,-1.0779,0
NC1=CN=C(N)C1=O,111.104,4,2,0,1,4,81.47,-1.2735999999999998,0
N=CN1C(=O)NC1=O,113.07599999999998,3,2,1,1,5,73.26,-0.26133,0
Nc1c[nH]c(=O)n1C=O,127.103,4,2,1,1,5,80.88,-1.2031,0
N=C1OC(=O)OC1=N,114.05999999999999,5,2,0,1,5,83.22999999999999,0.10774,0
N=CN1CC(=O)OC1=N,127.10299999999998,4,2,1,1,5,77.24000000000001,-0.61296,0
N=C1OC=NOC1CO,130.103,5,2,1,1,5,74.9,-0.68533,1
Nc1ncoc(=O)c1N,127.103,5,2,0,1,5,95.14,-0.8008,0
N=CN1OC(=O)C1CO,130.103,4,2,2,1,5,73.62,-1.27183,1
COc1nc[nH]c(=N)n1,126.119,4,2,1,1,5,74.65,-0.70723,0
N=C1NC(=O)OC1=N,113.076,4,3,0,1,5,86.03,-0.3192599999999998,0
N=C(N)C1=NC(=O)O1,113.076,3,2,1,1,5,88.53000000000002,-0.5289299999999999,0
CC1=C(N)N=NC1=N,110.12,3,2,0,1,4,74.59,0.6196700000000002,0
N=C1NC=NC1=NCO,126.119,3,3,1,1,5,80.83,-1.0565300000000002,0
NC(=O)C1=NC(N)=C1,111.104,3,2,1,1,4,81.47,-1.2736000000000003,0
N=Cc1ncc(N)c(=O)o1,139.114,5,2,1,1,5,92.97000000000001,-0.3853300000000001,0
N=C1OC(=N)C(=O)O1,114.05999999999999,5,2,0,1,5,83.23,-0.5281600000000002,0
N=C1OC(C(=O)CO)O1,131.087,5,2,2,1,5,79.61,-1.1445300000000003,0
N=c1[nH]c(=N)oc(=O)o1,129.075,5,3,0,1,6,106.83999999999999,-1.4801600000000006,0
N=C1N=COC(C=O)N1,127.10299999999998,3,2,1,1,5,74.53999999999999,-0.9057300000000001,1
O=Cc1nc(CO)n[nH]1,127.103,4,2,2,1,5,78.87,-0.8905000000000003,0
N=COC1CNC(=O)N1,129.119,3,3,2,1,5,74.21,-0.7510300000000001,1
COC1=C(N)N=NC1=N,126.11900000000001,4,2,1,1,5,83.82,0.20367000000000007,0
N#CC1=NN=C1COCO,139.114,5,1,3,1,5,77.97,-0.71302,0
N=C1N=CC(N)=NC1=O,124.10300000000001,3,2,0,1,5,91.66,-1.0681300000000002,0
N=c1occnc1O,112.088,4,2,0,1,4,70.11,-0.14032999999999995,0
Cc1nc(NC=O)no1,127.10299999999998,4,1,2,1,5,68.02000000000001,-0.053680000000000117,0
NCc1c(F)noc1N,131.10999999999999,4,2,1,1,5,78.07,-0.14540000000000008,0
N=C1NC(=N)C(=O)N1,112.092,3,4,0,1,5,88.83000000000001,-1.3821599999999998,0
CC1=NC(=N)OC1=N,111.10399999999998,3,2,0,1,4,69.28999999999999,0.38954000000000005,0
CC1=NC(N)=NC1=O,111.104,3,1,0,1,4,67.81,-0.6978,0
N=C1NCNC(=O)CO1,129.119,3,3,0,1,5,74.21000000000001,-1.3853300000000002,0
CC(=O)C1=NC(F)=N1,114.07900000000001,3,0,1,1,4,41.79,0.31300000000000006,0
Nc1nccnc1C=O,123.11499999999998,4,1,1,1,4,68.87,-0.1287000000000002,0
Cn1c(C=N)n[nH]c1=O,126.11899999999999,4,2,1,1,5,74.53,-0.8939300000000001,0
N=c1[nH]c(=O)nco1,113.076,4,2,0,1,5,82.74,-1.15763,0
N=C1N=C(CO)N1N,114.108,3,3,1,1,5,85.7,-1.4987300000000001,0
N=C1N=CN=C1CN,110.12,3,2,1,1,4,74.59,-0.59473,0
N=C1C=NC(=O)N1CO,127.103,3,2,1,1,5,76.75,-0.58013,0
N=COC1OC(=O)C1=O,129.071,5,1,2,1,5,76.45,-0.9379300000000002,1
N=C1N=C(CO)C(=O)O1,128.087,4,2,1,1,5,82.74,-1.0887300000000002,0
N=C1OCNC(=O)CO1,130.10299999999998,4,2,0,1,5,71.41,-0.9583300000000003,0
CC1=NC(N)=NC1=N,110.12,3,2,0,1,4,74.59,-0.24712999999999996,0
N=C1NCC(=N)C(=O)N1,126.119,3,4,0,1,5,88.83000000000001,-1.3396599999999999,0
CNC1=NN=C1C=N,110.11999999999999,4,2,1,1,4,60.6,-0.3765300000000002,0
N=Cc1ncoc1N,111.104,4,2,1,1,4,75.9,0.25447000000000003,0
N=C1COCOC1=N,114.104,4,2,0,1,4,66.16,-0.012259999999999882,0
N=C1NC=NCC1=O,111.104,3,2,0,1,4,65.31,-0.8357300000000001,0
N=CN1CC(C=O)N1,113.11999999999998,3,2,2,1,4,56.190000000000005,-1.0188300000000001,1
N=c1oc(=N)oc(=O)o1,130.059,6,2,0,1,6,104.19000000000001,-1.21526,0
N=COc1cc(N)[nH]n1,126.119,4,3,2,1,5,87.77999999999999,-0.022230000000000028,0
N=C1N=NC(CO)=N1,112.092,3,2,1,1,5,81.16,-0.22222999999999993,0
Cn1nc(N)c(=O)o1,115.092,5,1,0,1,5,74.05000000000001,-1.0445,0
N#CCC1=NC(=N)N=N1,121.10300000000001,3,1,1,1,5,84.72,0.69915,0
C#CCc1n[nH]nc1N,122.13100000000001,3,2,1,1,4,67.59,-0.4374000000000002,0
N=Cc1nc(=N)nco1,124.103,5,2,1,1,5,86.62,-0.4532600000000002,0
N=C1OC(C=O)OC1O,131.087,5,2,1,1,5,79.61,-1.14613,2
N=C1N=COCN1C=O,127.103,3,1,1,1,5,65.75,-0.6044300000000002,0
N=C1NN1C(N)C=O,114.10799999999999,3,3,2,1,5,91.89000000000001,-1.7749300000000006,1
COC1=C(CO)C(=N)N=N1,141.13,4,2,2,1,5,78.03,0.27976999999999996,0
CC1=C(N)C(=O)N=N1,111.104,3,1,0,1,4,67.81,0.16900000000000015,0
N=C1OCC(=O)OC(=N)O1,144.08599999999998,6,2,0,1,6,92.46,-0.5540600000000002,0
N=C1COCC(O)=NCO1,144.13,4,2,0,1,5,74.9,-0.07553000000000015,0
Cc1nc(N)noc1=O,127.103,5,1,0,1,5,82.00999999999999,-0.6795800000000001,0
N=C1N=CC(C(N)=O)=N1,124.10300000000001,2,2,1,1,5,91.66000000000001,-1.06813,0
CN=C1N=CNC1=O,111.10399999999998,2,1,0,1,4,53.82,-0.8272000000000002,0
N=C1C=C(N)OC1=N,111.104,4,3,0,1,4,82.95000000000002,-0.18625999999999998,0
N=C1CC(=O)C(=N)CO1,126.11499999999998,4,2,0,1,4,74.00000000000001,-0.027160000000000017,0
CC(=O)OC1NC1=O,115.088,3,1,1,1,4,65.31,-0.9946000000000002,1
Nc1nc(C=O)cn1N,126.11899999999999,5,2,1,1,5,86.92999999999999,-1.0084,0
COC1=NC(=O)C(N)=N1,127.10300000000001,4,1,0,1,5,77.03999999999999,-1.1138000000000003,0
N=C1NN=C(CO)C1=O,127.10299999999998,4,3,1,1,5,85.53999999999999,-1.5157300000000002,0
CC1=NC(N)=NC1=N,110.12,3,2,0,1,4,74.59,-0.24712999999999996,0
N#CC(=O)n1cn[nH]1,110.076,4,1,0,1,5,74.47,-0.6250200000000001,0
N#COC1=C(CN)N=N1,124.10300000000002,5,1,2,1,5,83.75999999999999,0.07768000000000008,0
CNC1=NN=C1C=N,110.11999999999999,4,2,1,1,4,60.6,-0.3765300000000002,0
N=C1OOC(=O)C1C=O,129.07099999999997,5,1,1,1,5,76.45,-0.7328300000000001,1
Cn1ncnc1NC=O,126.11899999999999,4,1,2,1,5,59.81,-0.6166,0
NC1=CC(C=O)=CNN=N1,138.13,5,2,1,1,5,79.84,-0.16030000000000005,0
COC1=NC(=O)N=C1N,127.10300000000001,3,1,0,1,5,77.03999999999999,-0.47789999999999994,0
COC1=NC(=O)OC1=O,129.071,4,0,0,1,5,64.96000000000001,-0.29190000000000005,0
N=CN1C=C(N)N=CO1,126.119,4,2,1,1,5,74.7,-0.3734300000000001,0
CC(O)C1=NC(=N)N=C1,125.131,2,2,1,1,4,68.80000000000001,-0.17263,1
O=CN1COC(O)C=N1,130.10299999999998,4,1,1,1,5,62.13,-1.2633000000000003,1
Cc1ncc(NC=N)nn1,137.146,4,2,2,1,5,74.55000000000001,0.1989899999999999,0
CC1=NNC(=N)C1=O,111.10399999999998,3,2,0,1,4,65.31,-0.4881300000000001,0
CNC1=NOC(=N)C1=O,127.10299999999998,5,2,0,1,5,74.54,-0.9041300000000003,0
CC1(O)COCC(=N)O1,131.131,4,2,0,1,4,62.540000000000006,-0.28103000000000006,1
N=C1COC(=N)C(=N)O1,127.103,5,3,0,1,5,90.01,-0.034989999999999966,0
N=C1OCC(=O)OC1=N,128.087,5,2,0,1,5,83.22999999999999,-0.48566000000000015,0
CNC(=O)c1cn[nH]n1,126.119,3,2,1,1,5,70.67,-0.8357000000000003,0
N=C1NC(=O)NC1=N,112.092,3,4,0,1,5,88.83000000000001,-0.7462599999999999,0
N=C1NC1OC(N)=O,115.09200000000001,3,3,1,1,5,98.11000000000001,-1.01173,1
Cn1cnc(OC=O)c1,126.11499999999997,4,0,2,1,4,44.120000000000005,-0.04470000000000007,0
N=C1N=C(N)N=C1C=O,124.103,4,2,1,1,5,91.66,-1.06813,0
Nc1c[nH]c(NC=O)n1,126.119,3,3,2,1,5,83.8,-0.4398000000000004,0
N=C1OC(CO)COC1=O,145.114,5,2,1,1,5,79.61000000000001,-1.10203,1
N=CNC1=NC=NC1=O,124.103,3,2,1,1,5,77.67,-0.8499300000000001,0
CC(O)C1=NC(=N)N=N1,126.11900000000001,3,2,1,1,5,81.16000000000001,0.16626999999999992,1
Cn1nc(N)nc1C=N,125.135,5,2,1,1,5,80.58000000000001,-0.6050300000000002,0
N=C1OCC(=O)C1=NO,128.087,5,2,0,1,5,82.74,-0.60683,0
N=C(O)C1=NC(N)=N1,112.09200000000001,4,3,1,1,5,94.82,-0.75153,0
N=C1N=C(CO)N=C1N,126.119,4,3,1,1,5,94.82,-1.2747300000000001,0
N=Cn1cnc(=O)[nH]1,112.09199999999998,4,2,1,1,5,74.53,-0.97343,0
N=C1N=C(C=O)N=C1N,124.103,4,2,1,1,5,91.66,-1.06813,0
N=C1N=COC(=O)CO1,128.087,4,1,0,1,5,71.74,-0.47713000000000005,0
Nc1conc1NC=O,127.103,4,2,2,1,5,81.15,-0.1749,0
N=C1C(=O)OCCN=C1O,142.114,4,2,0,1,5,82.74000000000001,-0.48052999999999996,0
Cn1ncn1C(N)C#N,125.135,5,1,1,1,5,72.56,-0.79752,1
N=CN1OCOC1C=O,130.10299999999998,4,1,2,1,5,62.62000000000001,-0.6602300000000001,1
Nc1coc(C(=O)O)n1,128.087,4,2,1,1,5,89.35,-0.04499999999999993,0
CNC(=O)c1nc1=O,112.088,3,1,1,1,4,59.06,-1.323,0
N=CN1C=NC1CO,113.11999999999998,3,2,2,1,4,59.68000000000001,-0.7442300000000002,1
N=C1N=CC(N)=NC1=O,124.10300000000001,3,2,0,1,5,91.66,-1.0681300000000002,0
Cn1nc(N)c(CO)n1,128.135,5,2,1,1,5,76.96000000000001,-1.1104,0
O=Cc1n[nH]nc1O,113.07599999999998,4,2,1,1,5,78.87,-0.6772000000000001,0
N=C1N=C(N)NC1=O,112.092,3,3,0,1,5,91.33000000000001,-1.5918300000000003,0
CNc1cnoc(=O)c1N,141.12999999999997,5,2,1,1,5,81.15,-0.3413000000000003,0
CC1=NC(=O)C(CO)=N1,126.11499999999998,3,1,1,1,4,62.019999999999996,-0.6217000000000001,0
NC1=NC(=O)C(F)=N1,115.067,3,1,0,1,5,67.81,-0.7907,0
N=Cn1oc(=N)[nH]c1=O,128.091,5,3,1,1,6,98.63,-1.2959600000000002,0
CNc1nnc(C=N)o1,126.11899999999999,5,2,2,1,5,74.80000000000001,0.10897000000000001,0
N#Cc1nnoc1C=N,122.08699999999997,5,1,1,1,5,86.56,-0.06104999999999999,0
COC1=NC(C#N)OCO1,142.114,5,0,0,1,5,63.84,-0.15722000000000014,1
C#CCc1nnoc1N,123.11500000000001,4,1,1,1,4,64.94,-0.1725,0
N=C1C=C(NC(N)=O)O1,127.103,3,3,1,1,5,88.2,-0.4964300000000001,0
N=C1CNC(O)C(=N)O1,129.11899999999997,5,4,0,1,5,89.19000000000001,-1.1208600000000006,1
Nc1ncc(C=O)n1O,127.10299999999998,5,2,1,1,5,81.14,-0.48490000000000005,0
CC(=O)c1n[nH]c(=O)o1,128.087,4,1,1,1,5,75.96000000000001,-0.43450000000000005,0
CN=C1N=C(N)C(=O)O1,127.103,4,1,0,1,5,77.04,-1.1138,0
N=c1ocnc(N)c1N,126.11900000000001,5,3,0,1,5,101.92,-0.6815300000000002,0
NC1=C(N)C(=O)C=N1,111.10399999999998,4,2,0,1,4,81.47,-1.2736000000000003,0
N=C1N=C(N)N=C1C=O,124.103,4,2,1,1,5,91.66,-1.06813,0
N=C1C=C(C(=N)O)O1,112.08799999999998,3,3,1,1,4,77.16000000000001,0.41303999999999996,0
N=C1NC(=O)C1C=O,112.08799999999998,3,2,1,1,4,70.02000000000001,-1.0914300000000001,1
NC1=NC(C=O)=C1NCO,141.13,5,3,3,1,5,87.71,-1.6929,0
N=C1COC(=N)C(=O)O1,128.087,5,2,0,1,5,83.23,-0.48566000000000015,0
N#CC1=NC(N)=C1C=N,120.115,4,2,1,1,4,86.02000000000001,-0.21554999999999985,0
COC1C(=N)NCOC1=N,143.14600000000002,4,3,1,1,5,78.19,-0.46676000000000023,1
COC1=NC(=N)C(N)=N1,126.11900000000001,4,2,0,1,5,83.82,-0.6631300000000002,0
Cn1nc(N)c(CO)n1,128.135,5,2,1,1,5,76.96000000000001,-1.1104,0
N=C(O)C1=NC(N)=N1,112.09200000000001,4,3,1,1,5,94.82,-0.75153,0
N=CN=C1N=CC(O)=N1,124.10299999999998,1,2,1,1,5,81.16,-0.009630000000000083,0
N=C1N=CNC(=O)CO1,127.10299999999998,3,2,0,1,5,74.54,-0.9041300000000001,0
COC1=NN=C(N)C1=O,127.103,5,1,0,1,5,77.03999999999999,-1.1138000000000001,0
CN=C1C=NC(N)=[N+]1[O-],126.119,4,1,0,1,5,76.80999999999999,-1.0758999999999999,0
Cn1nc(C=N)nc1N,125.135,5,2,1,1,5,80.58,-0.6050300000000002,0
CC1=NC(N)=NC1=O,111.104,3,1,0,1,4,67.81,-0.6978,0
N=C1OCC(=O)[N+]1(N)[O-],131.091,5,2,0,1,6,99.23,-1.3337299999999996,1
COc1nc(CO)oc1N,144.13,5,2,2,1,5,81.51,-0.24230000000000007,0
NC1=NN=CC1=O,97.07699999999998,4,1,0,1,4,67.81,-1.0879,0
N=C1N=CN=C1C=O,109.08799999999998,3,1,1,1,4,65.64,-0.35453,0
CNC(=N)OC1=CN=N1,126.119,4,2,1,1,5,69.83,0.42186999999999986,0
N=CN1C=NC(=O)OC1,127.10299999999998,3,1,1,1,5,65.75,0.031470000000000053,0
NC1=CC(=O)N=C1N,111.10400000000001,3,2,0,1,4,81.47,-1.2736000000000003,0
N=c1nc[nH]c(N)[n+]1[O-],127.107,4,3,0,1,6,105.49,-1.8952299999999997,0
CN=CN1CC(=O)OCN1,143.146,4,1,1,1,5,53.93000000000001,-1.0346,0
COC1=NC(=N)C(N)=N1,126.11900000000001,4,2,0,1,5,83.82,-0.6631300000000002,0
N=C1C=NN=C1CN,110.12,4,2,1,1,4,74.59,-0.59473,0
Nc1cc(N)n(C=O)n1,126.11900000000001,5,2,1,1,5,86.92999999999999,-0.9142000000000001,0
CC(=O)n1ncc(O)n1,127.10299999999998,5,1,0,1,5,68.01,-0.3562,0
Cc1nc(O)[nH]c(=O)n1,127.10299999999998,4,2,0,1,5,78.87,-0.8210800000000003,0
CC(=O)n1ncc(=N)[nH]1,126.11899999999999,4,2,0,1,5,74.53,-0.6492300000000002,0
N=CC1NC(=O)OCO1,130.103,4,2,1,1,5,71.41000000000001,-0.32403000000000004,1
N=C1COC(=N)OCN1,129.119,4,3,0,1,5,78.19,-0.5076600000000002,0
N=CC1=NCOC(=N)O1,127.103,5,2,1,1,5,78.52,-0.026460000000000095,0
Cc1nnc(N)nc1N,125.13500000000002,5,2,0,1,5,90.71,-0.6555800000000003,0
N=C(N)C1=NC(=O)O1,113.076,3,2,1,1,5,88.53000000000002,-0.5289299999999999,0
CN=C1N=C(N)C=NC1=O,138.13,3,1,0,1,5,80.16999999999999,-1.0171,0
N=CNC1=C(CO)OC1=O,142.11399999999998,4,3,3,1,5,82.41,-1.0562300000000002,0
N#CC1NC(=N)NC1=O,124.103,3,3,0,1,5,88.77000000000001,-1.4672500000000008,1
N=C(O)C1=NN=C1C=O,125.08699999999999,4,2,2,1,5,85.87,-0.4688300000000001,0
NC(=O)c1cnoc1N,127.103,4,2,1,1,5,95.14,-0.6443000000000001,0
N=C1OCC1=NCO,114.104,4,2,1,1,4,65.67,-0.6153300000000002,0
Nc1cnc(=O)[nH]c1N,126.119,4,3,0,1,5,97.78999999999999,-1.0656999999999999,0
N#COC1=NN=C1C=N,122.087,5,1,1,1,5,81.59,-0.09825,0
CNC1=NN=C1CC#N,122.131,4,1,1,1,4,60.54,-0.11242000000000002,0
Nc1nocc1NC=O,127.10299999999998,4,2,2,1,5,81.15,-0.17490000000000022,0
N=C1OCC(CN)C(=O)O1,144.13,5,2,1,1,5,85.39999999999999,-0.9305299999999999,1
N=C1NCC(=O)NCO1,129.119,3,3,0,1,5,74.21000000000001,-1.3853300000000002,0
O=CC1C=NC=NC1O,126.11499999999998,4,1,1,1,4,62.019999999999996,-0.7674000000000001,2
N=C1OC(=O)OCC1=O,129.071,5,1,0,1,5,76.44999999999999,-0.30043,0
NC1=NC(=O)C(=O)C=N1,125.08699999999997,4,1,0,1,5,84.88,-1.5188,0
N=C1COC(=N)OCO1,130.103,5,2,0,1,5,75.39,-0.08066000000000012,0
Cn1onc1C(N)C=O,129.119,5,1,2,1,5,74.05000000000001,-0.7882,1
N=C1NCC(=O)OCO1,130.103,4,2,0,1,5,71.41000000000001,-0.9583300000000001,0
N=C1C=C(C(N)=O)O1,112.088,3,2,1,1,4,76.17,-0.6369300000000002,0
N=C1NCC=NC(C=O)O1,141.13,4,2,1,1,5,74.54,-0.8632300000000002,1
CC1=NC(=N)N=C1N,110.12,2,2,0,1,4,74.59,-0.24712999999999996,0
Cc1noc(=N)c(=O)[nH]1,127.103,4,2,0,1,5,82.74000000000001,-0.8492100000000002,0
N=C1NCOC(=O)CO1,130.103,4,2,0,1,5,71.41,-0.9583300000000001,0
N=CN1CCC(=NO)O1,129.119,4,2,1,1,5,68.91000000000001,0.018470000000000042,0
Nc1c[nH]c(=O)oc1=O,128.087,4,2,0,1,5,89.09,-1.0896999999999997,0
N#CC1N=CNC(=O)O1,125.08699999999997,4,1,0,1,5,74.48,-0.39582,1
CC1=NC(=O)NC1=NO,127.10299999999998,3,2,0,1,5,74.05,-0.04179999999999995,0
Nc1cc(=O)n(C=O)o1,128.087,5,1,1,1,5,78.23,-0.9382000000000001,0
COC1=NC(=O)N=C1N,127.10300000000001,3,1,0,1,5,77.03999999999999,-0.47789999999999994,0
O=Cc1nc(CO)n[nH]1,127.103,4,2,2,1,5,78.87,-0.8905000000000003,0
N=c1[nH]nncc1C=O,124.10299999999998,4,2,1,1,5,82.49000000000001,-0.9033300000000004,0
COC1=NC(N)=NC1=O,127.10300000000001,4,1,0,1,5,77.03999999999999,-1.1138000000000001,0
N=C(N)C1=NC(=O)N=C1,124.103,2,2,1,1,5,91.66000000000001,-0.4322299999999999,0
N=c1[nH]c(N)ncc1O,126.119,4,4,0,1,5,98.78,-0.8230300000000004,0
N=C1NC(C=O)OCO1,130.103,4,2,1,1,5,71.41000000000001,-0.9599300000000002,1
N=c1nc(N)nc[nH]1,111.108,4,3,0,1,5,91.44,-1.1336300000000004,0
CC1=NC(N)=NC1=O,111.104,3,1,0,1,4,67.81,-0.6978,0
N=C(O)C1=CC(O)=N1,112.08799999999998,2,3,1,1,4,76.67,0.37567,0
O=Cc1nc(CO)n[nH]1,127.103,4,2,2,1,5,78.87,-0.8905000000000003,0
N=C1NC(=N)C(=O)O1,113.076,4,3,0,1,5,86.03000000000002,-0.95516,0
NC(=O)c1ncc(O)o1,128.087,4,2,1,1,5,89.35000000000001,-0.5209000000000003,0
Nc1noc(C=O)c1N,127.103,5,2,1,1,5,95.14,-0.3485000000000002,0
N=C1N=NC=C1C=O,109.08799999999998,3,1,1,1,4,65.64,0.51227,0
O=C1N=CC(C(=O)O)N1,128.087,2,2,1,1,5,78.76,-0.7664,1
CNC(=O)OC1=NCO1,130.103,4,1,0,1,5,59.92,-0.31390000000000007,0
Cn1nc(C=O)nc1N,126.119,5,1,1,1,5,73.8,-0.7902,0
N#CNC1=NC=NC1=O,122.08699999999999,4,1,0,1,5,77.61,-0.9759200000000001,0
N=C1NC(=O)N=CCO1,127.103,3,2,0,1,5,74.54,-0.26822999999999997,0
Cc1nnc(COC#N)[nH]1,138.13,4,1,2,1,5,74.59,0.11079999999999984,0
C#CCC1=NC(=N)N=N1,120.11500000000001,2,1,1,1,4,60.93,0.80877,0
CN1COC(=O)OC1=N,130.10299999999998,4,1,0,1,5,62.62,-0.022729999999999972,0
N=C1COC(=N)OCN1,129.119,4,3,0,1,5,78.19,-0.5076600000000002,0
CNc1nc(C=O)c(N)o1,141.13,5,2,2,1,5,81.15,0.11100000000000015,0
CN=C1OC(=O)NC1=O,128.087,4,1,0,1,5,67.75999999999999,-0.7189000000000001,0
Nc1cc(C=O)nn1N,126.11900000000001,5,2,1,1,5,86.93,-1.0084000000000004,0
N#CC1=C(C(=O)CN)O1,124.09899999999999,4,1,2,1,4,79.41,-0.7204200000000001,0
N=C1OCC(=O)OC1=N,128.087,5,2,0,1,5,83.22999999999999,-0.48566000000000015,0
N=COc1cnc(N)o1,127.103,5,2,2,1,5,85.13,0.24267,0
NC1=C(O)C(=O)N=C1,112.088,3,2,0,1,4,75.68,-0.6742999999999999,0
N=C1NC(=N)OCCO1,129.119,4,3,0,1,5,78.19000000000001,-0.50766,0
N=c1nn[nH]cc1CO,126.11899999999997,4,3,1,1,5,85.65,-1.2235300000000005,0
N=c1[nH]c(=O)[nH]c(=N)o1,128.091,4,4,0,1,6,109.49,-1.7450599999999996,0
N=C1NCC(O)N=CO1,129.119,4,3,0,1,5,77.7,-1.11233,1
N=C1COC(=N)OCN1,129.119,4,3,0,1,5,78.19,-0.5076600000000002,0
N=C1C=NC(N)=C1OCO,141.13000000000002,5,3,2,1,5,91.69000000000001,-0.8152300000000003,0
COc1nc(C=N)no1,127.103,5,1,2,1,5,72.0,0.07586999999999994,0
N=C1N=C(N)C(C=O)=N1,124.103,3,2,1,1,5,91.66000000000001,-1.06813,0
CC(=O)c1ncoc1N,126.115,4,1,1,1,4,69.12,0.45940000000000003,0
N=C1N=CN=C1NC=O,124.10299999999998,3,2,1,1,5,77.67,-0.8499300000000003,0
COC1=NN=C1C=N,111.10399999999998,4,1,1,1,4,57.800000000000004,0.05046999999999996,0
N=CC1=NC(=N)N=C1,108.104,2,2,1,1,4,72.42,0.09614,0
NC(=NO)C1COC1=O,130.10299999999998,4,2,1,1,5,84.91,-1.0942,1
O=C1NC=NC1=NCO,127.103,3,2,1,1,5,74.05,-1.5072000000000003,0
N=C1NCNC(=O)CN1,128.135,2,4,0,1,5,77.01,-1.8123299999999993,0
CCN=C1C=NN=C1O,125.13099999999999,3,1,1,1,4,57.31,0.40320000000000006,0
COC1=NC(=O)C(O)=C1,127.09899999999998,3,1,0,1,4,58.89,0.013399999999999912,0
COC1=NC(=O)C(N)=N1,127.10300000000001,4,1,0,1,5,77.03999999999999,-1.1138000000000003,0
N=C1CN=NC(=O)CO1,127.10299999999998,4,1,0,1,5,74.87,-0.027330000000000076,0
COC1=CC(=N)N=C1N,125.13100000000001,3,2,1,1,4,71.46,-0.13522999999999985,0
CC1=NC(=O)N=C1N,111.104,2,1,0,1,4,67.81,-0.061899999999999844,0
COc1cnc(=N)o[n+]1[O-],143.102,5,1,1,1,6,86.05,-1.2039300000000002,0
N=C1OCC(=O)C(=N)O1,128.087,5,2,0,1,5,83.23,-0.48566000000000015,0
O=C(CO)c1cnn[nH]1,127.10300000000001,4,2,2,1,5,78.87,-1.0203000000000002,0
CNC1=NN=C1C=N,110.11999999999999,4,2,1,1,4,60.6,-0.3765300000000002,0
N=CN1C=CNC(=O)N1,126.11899999999999,2,3,1,1,5,68.22,-0.4055300000000001,0
N=c1[nH]c(C(=O)O)co1,128.087,3,3,1,1,5,90.08,-0.21463000000000038,0
CC(=O)n1cnoc1=N,127.103,5,1,0,1,5,71.88,-0.3843299999999998,0
COC1=NNC(=N)C1=O,127.10299999999998,4,2,0,1,5,74.53999999999999,-0.9041300000000003,0
CC1=NC(=O)C(N)=N1,111.104,3,1,0,1,4,67.81,-0.6978,0
CC1=CNC(=N)OCN1,127.147,3,3,0,1,4,57.14,-0.05063000000000012,0
N=COc1nccnc1N,138.12999999999997,5,2,2,1,5,84.88,0.044669999999999876,0
COc1cn[nH]c(=O)n1,127.103,4,1,1,1,5,67.87,-0.8265,0
O=C1COC(=O)NCO1,131.087,4,1,0,1,5,64.63000000000001,-0.7731000000000001,0
CN=C1N=NNC1=NC,125.13499999999999,3,1,0,1,5,61.47,0.013400000000000023,0
C#CC(=O)c1n[nH]n1N,124.10300000000002,4,2,1,1,5,76.7,-1.2591000000000003,0
C#CCOc1n[nH]nc1N,138.13,4,2,2,1,5,76.82,-0.6011000000000002,0
N=C(N)n1ccc(=N)o1,126.11899999999997,4,3,0,1,5,91.79,-0.6978600000000001,0
Cn1ncc(OCO)n1,129.119,5,1,2,1,5,60.17,-0.8563000000000001,0
Nc1cnoc1C=O,112.08799999999998,4,1,1,1,4,69.12,0.06930000000000014,0
Cc1nc(NC=N)no1,126.11899999999999,4,2,2,1,5,74.80000000000001,0.39698999999999984,0
NC(=O)NC1COC=N1,129.11899999999997,3,2,1,1,5,76.71000000000001,-0.9607000000000001,1
NC(=O)OC1=NC(=O)O1,130.059,4,1,0,1,6,90.98,-0.41209999999999986,0
CC(=O)C1=NN=C1N,111.10400000000001,4,1,1,1,4,67.81,-0.6978,0
Nc1noc(N)c1C=O,127.103,5,2,1,1,5,95.13999999999999,-0.3485000000000002,0
N=C1OCC(=O)N1C=O,128.087,4,1,1,1,5,70.46000000000001,-1.06363,0
Nc1nocc1OCF,132.094,4,1,2,1,5,61.28,0.5626,0
N=C1OCCNC(=O)O1,130.103,4,2,0,1,5,71.41,-0.32243000000000016,0
CC(O)c1nnc(C=N)[nH]1,140.14600000000002,4,3,2,1,5,85.65,-0.14433000000000018,1
N=CN1C=NC(=O)OC1,127.10299999999998,3,1,1,1,5,65.75,0.031470000000000053,0
C#CC(O)c1nc1=N,108.10000000000001,3,2,1,1,3,56.970000000000006,-0.8967300000000002,1
CC1=NC(=N)C(=N)O1,111.10399999999998,3,2,0,1,4,69.29,0.38954,0
N=CN1COC(=O)CN1,129.119,4,2,1,1,5,65.42,-1.0856300000000003,0
N=CN1COC1=NC=O,127.10299999999998,3,1,2,1,5,65.75,-0.6044300000000002,0
O=Cc1cn[nH]c1O,112.08799999999998,3,2,1,1,4,65.98,-0.07220000000000004,0
N=C1OCCN=NC1=O,127.10300000000001,4,1,0,1,5,74.87,-0.027330000000000076,0
Cn1ncc(N)nc1=O,126.11900000000001,5,1,0,1,5,73.80000000000001,-1.2425000000000004,0
N=C1NC(=O)C(=NO)O1,129.075,5,3,0,1,6,94.77000000000001,-1.14473,0
Nc1cnoc1NC=O,127.10299999999998,4,2,2,1,5,81.15,-0.1749,0
N=C1COC(=N)OCN1,129.119,4,3,0,1,5,78.19,-0.5076600000000002,0
N=Cc1nnc(N)n1C=N,138.13400000000001,6,3,2,1,6,104.43,-0.6868600000000002,0
CC(=O)C1=NC(O)=N1,112.088,3,1,1,1,4,62.019999999999996,-0.09849999999999998,0
NCC(=O)c1ncno1,127.103,5,1,2,1,5,82.01,-0.7890000000000004,0
N=C1NC(C=O)NC1=O,127.103,3,3,1,1,5,82.05000000000001,-1.7919299999999998,1
CC(=O)n1nc(C=N)o1,127.10299999999998,5,1,1,1,5,71.88,0.13387,0
Cn1cnnc1NC=N,125.13499999999999,4,2,2,1,5,66.59,-0.16593000000000052,0
COC1=C(CO)C(=N)N=N1,141.13,4,2,2,1,5,78.03,0.27976999999999996,0
N=C1N=C(CN)C=[N+]1[O-],126.119,3,2,1,1,5,88.30000000000001,-1.08443,0
N=C1CNCOC(=N)O1,129.119,5,3,0,1,5,78.19000000000001,-0.5076600000000004,0
N=C1COC(=N)N1C=O,127.103,4,2,1,1,5,77.24000000000001,-0.6129600000000002,0
N=C1COC(=N)OCO1,130.103,5,2,0,1,5,75.39,-0.08066000000000012,0
N=CN1COC1CC=O,128.13099999999997,3,1,3,1,4,53.39000000000001,-0.2017300000000002,1
O=Cc1nc(CO)no1,128.087,5,1,2,1,5,76.22,-0.6256000000000002,0
CN=C1C=NN=C1O,111.10399999999998,3,1,0,1,4,57.31,0.013099999999999945,0
N=CN1COC(=O)CN1,129.119,4,2,1,1,5,65.42,-1.0856300000000003,0
Nc1cnc(C=O)n1N,126.119,5,2,1,1,5,86.92999999999999,-1.0084,0
NC(=O)c1ncc(N)o1,127.103,4,2,1,1,5,95.14,-0.6443000000000003,0
Cc1nnc(NC=O)[nH]1,126.11899999999999,3,2,2,1,5,70.67,-0.31858000000000025,0
NC(=O)Cc1ncno1,127.103,4,1,2,1,5,82.01,-0.9026000000000003,0
N=c1nc(CO)nco1,127.10299999999998,5,2,1,1,5,83.0,-0.9586300000000001,0
NC1=NC(=O)C(CO)=N1,127.10299999999998,4,2,1,1,5,88.03999999999999,-1.7253999999999996,0
O=Cc1nc(CO)n[nH]1,127.103,4,2,2,1,5,78.87,-0.8905000000000003,0
N#CCC1=NC(CO)=N1,123.115,4,1,2,1,4,68.74,-0.29702,0
NC1=CN=C(N)C1=O,111.104,4,2,0,1,4,81.47,-1.2735999999999998,0
N=C1OCC(=O)OC1=N,128.087,5,2,0,1,5,83.22999999999999,-0.48566000000000015,0
CN=C1N=CN=C1O,111.10399999999998,2,1,0,1,4,57.31,0.013100000000000056,0
CN=C(N)c1ncn[nH]1,125.13499999999999,3,2,1,1,5,79.94999999999999,-0.8602000000000005,0
N=C1NC(=O)C(=O)CO1,128.087,4,2,0,1,5,79.25000000000001,-1.36333,0
NC1=C(CO)N=NC1=O,127.103,4,2,1,1,5,88.03999999999999,-0.8586000000000003,0
O=C1C=C(CO)N=N1,112.08800000000001,3,1,1,1,4,62.019999999999996,-0.14500000000000005,0
Nc1ocnc1CCN=O,141.13,5,1,3,1,5,81.47999999999999,0.5657000000000001,0
Cc1noc(NC=O)n1,127.103,4,1,2,1,5,68.02000000000001,-0.053680000000000117,0
N=C1OC(C=O)NC1=O,128.087,4,2,1,1,5,79.25,-1.3649300000000002,1
N=C1OCCOC(=N)O1,130.103,5,2,0,1,5,75.39,-0.0806599999999999,0
Cc1nnc(=N)oc1N,126.119,5,2,0,1,5,88.79,-0.5603100000000001,0
NC1=NC(C=O)=NC1=O,125.08699999999997,4,1,1,1,5,84.88,-1.5188,0
CN=C1NC(=O)NCO1,129.119,3,2,0,1,5,62.72,-0.7409000000000001,0
CC1=NN=C(CO)C1=N,125.13099999999999,4,2,1,1,4,68.80000000000001,-0.1710299999999999,0
N=c1cc(CO)on1N,129.119,5,3,1,1,5,88.17,-1.23333,0
N=C1CC(=O)COCO1,129.11499999999998,4,1,0,1,4,59.38000000000001,-0.07282999999999995,0
N=C1ON=C1C(N)=O,113.076,4,2,1,1,5,88.53,-1.1648300000000003,0
N#CCc1nnc(C=N)o1,136.114,5,1,2,1,5,86.56,0.1333499999999999,0
NC(=O)C1=NC(N)=C1,111.104,3,2,1,1,4,81.47,-1.2736000000000003,0
N=C1OC(=O)NC(C=O)O1,144.08599999999998,5,2,1,1,6,88.48,-0.7974300000000003,1
N=C1OC(=O)NC1=O,114.05999999999999,4,2,0,1,5,79.25,-0.7699300000000002,0
N=C1CC(O)OC(=N)C1=N,141.13,5,4,0,1,5,101.00999999999999,-0.2580899999999998,1
O=Cc1[nH]nnc1CO,127.103,4,2,2,1,5,78.87,-0.8905000000000001,0
Nc1cc(CO)nc(N)n1,140.14600000000002,5,3,1,1,5,98.05,-0.8667000000000002,0
Cc1nn[nH]c1C=O,111.10399999999997,3,1,1,1,4,58.64,-0.07438000000000006,0
N=C1NC(=O)OC1=N,113.076,4,3,0,1,5,86.03,-0.3192599999999998,0
N=C1N=C(C=O)N=C1N,124.103,4,2,1,1,5,91.66,-1.06813,0
CNC(=N)c1cnno1,126.119,4,2,1,1,5,74.80000000000001,-0.38563000000000036,0
Nc1cc(OC=O)[nH]n1,127.103,4,2,2,1,5,81.0,-0.47290000000000026,0
NC1=CC(=O)C(N)=N1,111.10400000000001,4,2,0,1,4,81.47,-1.2735999999999998,0
O=c1[nH]c(=O)c1=NO,114.05999999999999,4,2,0,1,5,82.52,-2.0993999999999997,0
N#Cc1nc(O)no1,111.05999999999999,5,1,0,1,5,82.94,-0.3531200000000001,0
N=CN1CC(=O)NCO1,129.119,3,2,1,1,5,65.42,-1.0856299999999999,0
N=C1CC(O)NC(=O)O1,130.10299999999998,4,3,0,1,5,82.41000000000001,-0.58803,1
CNC1=NC(=O)OC1=O,128.087,4,1,0,1,5,67.75999999999999,-0.7189000000000001,0
N=CN1OC1C(=O)O,116.07599999999998,3,2,2,1,5,76.69,-0.7486299999999999,1
COc1cn[nH]c(=O)n1,127.103,4,1,1,1,5,67.87,-0.8265,0
COc1nnoc1C=N,127.10299999999998,5,1,2,1,5,72.0,0.07586999999999994,0
Nc1cnc(=O)n(N)c1,126.119,5,2,0,1,5,86.92999999999999,-1.4606999999999994,0
CNC1=NC(=O)C(O)=N1,127.10299999999998,3,2,0,1,5,74.05,-0.9415,0
N=C1OCC(=O)OC1=N,128.087,5,2,0,1,5,83.22999999999999,-0.48566000000000015,0
N=C1C=NC(N)=NC1=O,124.10300000000001,4,2,0,1,5,91.66,-1.0681300000000002,0
COC1=NC(=O)C(CO)=N1,142.114,4,1,1,1,5,71.25,-1.0377,0
N=C1N=C(N)C(C=O)N1,126.11899999999999,3,3,1,1,5,91.33000000000001,-1.5509300000000001,1
COC1=CC(=N)OC1=O,127.09899999999999,4,1,1,1,4,59.38,0.05077000000000004,0
CC1N=NC(=O)C(=O)O1,128.087,4,0,0,1,5,68.09,-0.132,1
N=C1C=NC(CO)=N1,111.104,3,2,1,1,4,68.8,-0.5611300000000001,0
N=CNC1=CN=NC1=O,124.103,3,2,2,1,5,77.67,0.01687000000000005,0
N=Cc1cnc(N)cn1,122.131,4,2,1,1,4,75.65,0.05646999999999991,0
N=C1CN=COCOC1=N,141.13,5,2,0,1,5,78.52000000000001,0.01604000000000011,0
CC1=NC(N)=NC1=O,111.104,3,1,0,1,4,67.81,-0.6978,0
CC(=O)C1=NC(N)=N1,111.10400000000001,4,1,1,1,4,67.81,-0.6978,0
N=CN1NC(=O)C1CO,129.119,3,3,2,1,5,76.42,-1.6988300000000003,1
CC1(O)NC(=O)C(=O)O1,131.087,4,2,0,1,5,75.63000000000001,-1.6746000000000003,1
CNc1onnc1OC#N,140.102,6,1,2,1,6,83.97,-0.028820000000000123,0
N=CN=C1C(=N)OCC1O,141.13,4,3,1,1,5,89.52000000000001,-0.5971600000000001,1
CNC1=NC(=O)C(=O)[CH-]1,125.10699999999997,3,1,0,1,4,58.53,-1.0821100000000001,0
CN=C1ON=NC1=N,112.092,4,1,0,1,5,70.16,0.38937000000000005,0
Nc1cnc(C=O)n1N,126.119,5,2,1,1,5,86.92999999999999,-1.0084,0
Cn1c(N)ncnc1=O,126.11899999999999,5,1,0,1,5,73.80000000000001,-1.2425000000000004,0
CCC1=NC(=N)OC1=O,126.11499999999998,3,1,1,1,4,62.51,0.32897000000000004,0
N=COc1ncncc1N,138.12999999999997,5,2,2,1,5,84.88,0.0446700000000001,0
CC1=NC(=O)N=C1N,111.104,2,1,0,1,4,67.81,-0.061899999999999844,0
Cc1nc(N)[nH]c(=O)n1,126.119,4,2,0,1,5,84.66,-0.9444800000000002,0
N=C1COC(=N)C(=N)O1,127.103,5,3,0,1,5,90.01,-0.034989999999999966,0
N=C1ON=C(N)C1=O,113.076,5,2,0,1,5,88.53,-1.16483,0
COC(=O)C1=NC(N)=N1,127.10300000000002,5,1,1,1,5,77.03999999999999,-1.1138000000000003,0
CN=c1[nH]nc(C=O)[nH]1,126.11899999999999,3,2,1,1,5,73.9,-0.9192000000000005,0
N=CC1=NC(=O)C(=O)O1,126.07099999999998,4,1,1,1,5,79.58,-0.8821300000000001,0
COC1=NC(=N)C(O)=N1,127.103,3,2,0,1,5,78.03,-0.06383000000000005,0
N=CN1C(=O)OC1=O,114.05999999999997,4,1,1,1,5,70.46000000000001,0.16566999999999998,0
N#CC(=N)n1cno1,110.076,5,1,0,1,5,78.60000000000001,-0.17494999999999988,0
N=C1C=NC(O)=C1N,111.104,4,3,0,1,4,82.46,-0.22362999999999988,0
N=CN1C=NCNC1=O,126.11899999999999,3,2,1,1,5,68.55000000000001,-0.3955299999999999,0
CN=C1C=NC(=N)N=N1,123.119,2,1,0,1,5,73.28999999999999,0.48606999999999995,0
N=C1NC(=N)C(=O)N1,112.092,3,4,0,1,5,88.83000000000001,-1.3821599999999998,0
CC(=O)C1=NN=C1O,112.088,3,1,1,1,4,62.019999999999996,-0.09849999999999998,0
Cc1noc(=N)n1CO,129.11900000000003,5,2,1,1,5,75.04,-0.7862100000000003,0
N=C(O)C1=NC(=O)O1,114.05999999999999,3,2,1,1,5,82.74,0.07036999999999999,0
CN=C1N=C(N)C(CO)=N1,140.146,3,2,1,1,5,83.33,-1.2237,0
N=c1ncoc(CO)n1,127.103,5,2,1,1,5,83.0,-0.9586300000000001,0
N=C1OCC(=N)C(=N)O1,127.103,5,3,0,1,5,90.01,-0.034989999999999966,0
N=C1OCC(=O)C(=N)O1,128.087,5,2,0,1,5,83.23,-0.48566000000000015,0
NC(=O)c1coc(=O)[nH]1,128.087,3,2,1,1,5,89.09,-0.9332000000000003,0
N=COc1cnoc1N,127.103,5,2,2,1,5,85.13,0.24267,0
N=Cc1ncnnc1N,123.11900000000001,5,2,1,1,5,88.54,-0.5485300000000002,0
CC(=O)C1=NN=C1N,111.10400000000001,4,1,1,1,4,67.81,-0.6978,0
Nc1oncc1C=O,112.08799999999998,4,1,1,1,4,69.12,0.06930000000000003,0
CC1=NN=C(CO)C1=N,125.13099999999999,4,2,1,1,4,68.80000000000001,-0.1710299999999999,0
CC(N)C1=NC(O)=N1,113.11999999999999,3,2,1,1,4,70.97,-0.3402999999999999,1
N=c1[nH]ncn1CCO,128.135,4,3,2,1,5,77.69,-1.3170300000000006,0
N=C1CNC(=N)OCO1,129.119,4,3,0,1,5,78.19000000000001,-0.5076600000000004,0
CNc1coc(=O)n1N,129.119,5,2,1,1,5,73.19,-0.8032000000000001,0
O=Cc1cn[nH]c1N=O,125.08699999999999,4,1,2,1,5,75.18,0.6201,0
CC(N)(O)C1=CN=N1,113.12,4,2,1,1,4,70.97,-0.03919999999999996,1
N=C1C=C(CO)N=N1,111.104,3,2,1,1,4,68.8,0.30567000000000005,0
N=Cn1ncn1CO,114.10799999999999,5,2,2,1,5,66.83,-0.9104300000000003,0
NC1=NC(C=O)=NC1=O,125.08699999999997,4,1,1,1,5,84.88,-1.5188,0
N=C1CNC(=O)C1=NO,127.10299999999998,4,3,0,1,5,85.54,-1.0338300000000005,0
N#CC(=N)n1cn[nH]1,109.092,4,2,0,1,5,81.25,-0.43985,0
CCn1nc(N)nc1C=O,140.146,5,1,2,1,5,73.80000000000001,-0.3073000000000001,0
Cc1n[nH]c(=N)oc1=N,126.11899999999999,4,3,0,1,5,89.52000000000001,-0.7299400000000003,0
CNC1=C(O)C(=O)N=C1,126.11499999999998,3,2,1,1,4,61.69,-0.4136000000000002,0
COC1=NC(N)=NC1=N,126.11900000000001,4,2,0,1,5,83.82,-0.66313,0
CC(=N)C1=NC(=O)N1,111.104,2,2,1,1,4,65.31,0.14777000000000007,0
CNC1=NC(=O)OCO1,130.10299999999998,4,1,0,1,5,59.92,-0.31390000000000007,0
CNC1=NC=NC1=NO,126.11899999999999,4,2,0,1,5,69.34,-0.5661,0
N=COC1CC(=N)OCO1,144.13,5,2,2,1,5,75.39,0.30783999999999995,1
N#CN=Cc1nocc1N,136.11399999999998,5,1,1,1,5,88.2,0.15678000000000003,0
Nc1n[nH]cc1COC=O,141.12999999999997,4,2,3,1,5,81.0,-0.3351000000000004,0
N=C1N=CC(=O)N=C1N,124.10300000000001,3,2,0,1,5,91.66,-1.06813,0
CNC1=NN=C(N)C1=O,126.119,5,2,0,1,5,79.84,-1.5408,0
CCN=C1OC(=O)N=C1N,141.12999999999997,4,1,1,1,5,77.03999999999999,-0.08779999999999977,0
Cc1nc(N)nn1N,113.12400000000002,5,2,0,1,5,82.75,-1.1174799999999998,0
Cc1nnc(C=N)n1N,125.135,5,2,1,1,5,80.58,-0.70201,0
N=C1N=CC(O)=C1N,111.104,3,3,0,1,4,82.46,-0.22362999999999988,0
N=C1COC(=N)OCO1,130.103,5,2,0,1,5,75.39,-0.08066000000000012,0
NCC1=NC(=O)C(=O)N1,127.10299999999998,3,2,1,1,5,84.55,-2.0,0
N=C1NC(C=O)N=CO1,127.103,4,2,1,1,5,74.54,-0.9057300000000001,1
COC1=NC(N)=NC1=N,126.11900000000001,4,2,0,1,5,83.82,-0.66313,0
N=C1N=C(C=O)C(=O)N1,125.08699999999997,3,2,1,1,5,82.38,-1.3091300000000001,0
CC1=NCNC(=O)C(=O)O1,142.11399999999998,4,1,0,1,5,67.76,-0.9647000000000001,0
N=Cc1nncoc1=N,124.10299999999998,5,2,1,1,5,86.62,-0.45326000000000016,0
COC1=CC(=O)N=C1O,127.09899999999999,2,1,1,1,4,58.89,0.013400000000000023,0
N=CN1C=NC(=O)OC1,127.10299999999998,3,1,1,1,5,65.75,0.031470000000000053,0
Cc1nc(=O)[nH]n1CO,129.119,4,2,1,1,5,70.91,-1.1703800000000004,0
N=CC1=C(C=O)OCN1,126.11499999999998,4,2,2,1,4,62.18000000000001,-0.37623,0
CN=c1nc(N)c1=O,111.104,4,1,0,1,4,68.34,-1.5698999999999999,0
CC(=O)NC1=NC=N1,111.104,3,1,0,1,4,53.82,-0.4796,0
Nc1coc(=O)n1CO,130.103,5,2,1,1,5,81.39,-1.0267000000000002,0
N=C(N)C1=NC=NC1=O,124.103,3,2,1,1,5,91.66,-1.06813,0
N=COC1=NC=NC1=N,124.103,4,2,1,1,5,81.65,0.027739999999999987,0
CC(=O)C1=NC(=N)O1,112.088,3,1,1,1,4,62.510000000000005,-0.06112999999999996,0
CC(=O)c1nn[nH]c1N,126.11900000000001,4,2,1,1,5,84.66,-0.41050000000000003,0
Nc1cc(NC=O)no1,127.103,4,2,2,1,5,81.14999999999999,-0.17490000000000022,0
N=CN=C1OCOC1=N,127.10299999999998,4,2,1,1,5,78.52000000000001,-0.026460000000000095,0
O=CNC1=NC(=O)O1,114.05999999999999,3,1,1,1,5,67.76,-0.7614000000000001,0
COC1=NNC(=O)C1=N,127.10299999999998,4,2,0,1,5,74.53999999999999,-0.9041300000000001,0
Cc1noc(=N)nc1O,127.103,5,2,0,1,5,83.0,-0.43691,0
N=COc1n[nH]cnc1=N,139.118,5,3,2,1,6,98.5,-0.7299600000000002,0
COc1ncn[nH]c1=O,127.103,4,1,1,1,5,67.87,-0.8265,0
CNC1=NC(=N)C(=O)O1,127.10299999999998,4,2,0,1,5,74.54,-0.9041300000000003,0
CC(=N)OC1=NC=C1O,126.11499999999998,4,2,0,1,4,65.67,0.8116699999999999,0
CC(=O)C1=NC(=N)O1,112.088,3,1,1,1,4,62.510000000000005,-0.06112999999999996,0
N=C1NCC(=N)C(=O)O1,127.103,4,3,0,1,5,86.03000000000002,-0.91266,0
N=C1NC(=O)C(=O)O1,114.05999999999999,4,2,0,1,5,79.25000000000001,-1.4058300000000001,0
CC1=NC(=N)C(N)=N1,110.12,3,2,0,1,4,74.59,-0.24712999999999996,0
N=c1[nH]cnnc1C=O,124.103,4,2,1,1,5,82.49000000000001,-0.90333,0
N=c1[n-]nc(N)n1C=O,126.099,5,2,1,1,6,98.85999999999999,-2.05973,0
NC1=C(O)C=NC1=O,112.088,3,2,0,1,4,75.68,-0.6742999999999999,0
Nc1cc(NC=O)on1,127.103,4,2,2,1,5,81.14999999999999,-0.17490000000000022,0
CN=C1NN=C1CO,113.11999999999999,3,2,1,1,4,56.980000000000004,-1.0338,0
CC(CO)C1=NOC1=O,129.115,4,1,2,1,4,58.89000000000001,-0.4724000000000001,1
CNC1=NN=C1C(=N)N,125.135,4,3,1,1,5,86.62,-1.0901299999999996,0
N=Cc1ncc(N)n1CO,140.14600000000002,5,3,2,1,5,87.92,-0.5872300000000004,0
N=CN1C(=O)NC1=O,113.07599999999998,3,2,1,1,5,73.26,-0.26133,0
NC1=C(N)C(=O)C=N1,111.10399999999998,4,2,0,1,4,81.47,-1.2736000000000003,0
N=C1NC(=N)C(=O)O1,113.076,4,3,0,1,5,86.03000000000002,-0.95516,0
NC1=CC(=O)N=C1N,111.10400000000001,3,2,0,1,4,81.47,-1.2736000000000003,0
N=C1N=C(CN)C(=O)O1,127.103,4,2,1,1,5,88.53000000000002,-1.1223299999999998,0
Cn1ncnc1NC=O,126.11899999999999,4,1,2,1,5,59.81,-0.6166,0
N=C1NCNC(=O)CO1,129.119,3,3,0,1,5,74.21000000000001,-1.3853300000000002,0
Cn1oc(=O)oc1=O,117.05999999999999,5,0,0,1,5,65.35,-1.0684999999999998,0
Cc1coc(NC=N)n1,125.131,3,2,2,1,4,61.910000000000004,1.00199,0
N=C1NC(C=O)C(=O)O1,128.087,4,2,1,1,5,79.25000000000001,-1.3649300000000002,1
N#CC1CON(C=N)CO1,141.13,4,1,1,1,5,69.34,-0.29305000000000003,1
N=COC1=NC=NC1=N,124.103,4,2,1,1,5,81.65,0.027739999999999987,0
CC1=NC(=N)N=C1CO,125.13099999999999,2,2,1,1,4,68.8,-0.1710299999999999,0
N=C1CN=CNC(=O)O1,127.10299999999998,4,2,0,1,5,74.54,-0.26823000000000013,0
N=CC1NC(=O)C(=N)O1,127.103,4,3,1,1,5,86.03000000000002,-0.9142600000000001,1
N=COc1ocnc1N,127.103,5,2,2,1,5,85.13,0.24267,0
N=CN1C(=N)NC1=O,112.09199999999998,3,3,1,1,5,80.04,-0.44656,0
N=C1N=C(N)OC1=O,113.076,4,2,0,1,5,88.53,-1.16483,0
Nc1nncc(C=O)n1,124.10299999999998,5,1,1,1,5,81.76,-0.7337000000000005,0
Cc1nc(CO)nn1C=N,140.146,5,2,2,1,5,74.79,-0.4660100000000002,0
CNC1(C=O)OC=NC1=O,142.114,4,1,2,1,5,67.75999999999999,-1.3139000000000003,1
N=C1NCOC(=O)CN1,129.119,3,3,0,1,5,74.21,-1.3853300000000002,0
CC(O)C1=NC(N)=N1,113.12000000000002,4,2,1,1,4,70.97,-0.9060000000000001,1
O=C1NC(=O)C(=O)CO1,129.071,4,1,0,1,5,72.47,-1.1781000000000001,0
Cc1nonc1CO,114.10399999999998,4,1,1,1,4,59.150000000000006,-0.12968000000000007,0
Nc1c[nH]c(=O)n1N,114.10800000000002,4,3,0,1,5,89.83,-1.5275999999999996,0
N=C(O)C1=NC=NC1=N,124.103,3,3,1,1,5,92.65,-0.018159999999999954,0
N=C1ONC(=O)C1=O,114.05999999999999,4,2,0,1,5,79.25,-1.4058300000000001,0
Nc1ncc(NC=O)o1,127.10299999999998,4,2,2,1,5,81.14999999999999,-0.17490000000000022,0
N=C1N=C(CO)N=C1N,126.119,4,3,1,1,5,94.82,-1.2747300000000001,0
Nc1cnc(C=O)nn1,124.103,5,1,1,1,5,81.76,-0.7337,0
N=C1NC(=N)C(=O)OCO1,143.102,5,3,0,1,6,95.26000000000002,-0.98106,0
COC1=NC(N)=NC1=N,126.11900000000001,4,2,0,1,5,83.82,-0.66313,0
N=CN1C=CNC(=O)O1,127.10299999999998,3,2,1,1,5,65.42,0.021469999999999934,0
CC(=O)C1=NC(=O)O1,113.07199999999999,3,0,1,1,4,55.730000000000004,0.12410000000000004,0
COC1=NC(=O)N=C1N,127.10300000000001,3,1,0,1,5,77.03999999999999,-0.47789999999999994,0
O=Cc1cn[nH]c1O,112.08799999999998,3,2,1,1,4,65.98,-0.07220000000000004,0
N#Cc1cc(N)nn1N,123.11900000000003,5,2,0,1,5,93.64999999999999,-0.9492200000000002,0
N=c1nc(C=O)nco1,125.08699999999997,5,1,1,1,5,79.84,-0.6384300000000003,0
CC(=O)n1cnc(=O)[nH]1,127.103,4,1,0,1,5,67.75,-0.7685000000000002,0
N=C1COC(=N)C(=N)O1,127.103,5,3,0,1,5,90.01,-0.034989999999999966,0
N=C1OC(=N)C(C=O)O1,128.087,5,2,1,1,5,83.23,-0.48726000000000025,1
N=Cn1c(N)coc1=O,127.10299999999998,5,2,1,1,5,85.00999999999999,-0.5213300000000001,0
CN=C1C=NN=C1N,110.12,4,1,0,1,4,63.099999999999994,-0.5862,0
COC(=O)C1=NC(=N)O1,128.08700000000002,4,1,1,1,5,71.74,-0.47713,0
Cc1nnc(N)c[n+]1[O-],126.119,4,1,0,1,5,78.74,-0.9993799999999999,0
NC1=NC(=O)OCCO1,130.10299999999998,4,1,0,1,5,73.91,-0.5321,0
Cc1nc(=N)oc(=N)o1,127.10299999999998,5,2,0,1,5,86.87,-0.46504000000000006,0
N=CN1C(=N)OC1C=O,127.10299999999997,4,2,2,1,5,77.24000000000001,-0.6145600000000002,1
N=C1CCOC(=N)NCN1,142.162,3,4,0,1,5,80.99,-0.5445600000000002,0
CC1=NC(=N)C(CO)=N1,125.13099999999999,3,2,1,1,4,68.8,-0.17103000000000002,0
N=CC1=NC(N)=NC1=N,123.11900000000001,4,3,1,1,5,98.44,-0.6174600000000001,0
CN=C1C=NNC1=O,111.10399999999998,3,1,0,1,4,53.82,-0.8272000000000002,0
CC(=N)N1CNC(=N)O1,128.135,3,3,0,1,5,72.2,-0.2873600000000002,0
CNC1(N)C(=O)N1C=O,129.119,4,2,2,1,5,75.19999999999999,-2.1830999999999996,1
N=C(CN)C1=NCC(N)O1,142.162,5,3,2,1,5,97.48,-1.3216299999999996,1
CC1OC(=N)OC(=O)O1,131.087,5,1,0,1,5,68.61,0.4505699999999999,1
NC(=O)OC1C=NCN1,129.119,4,2,1,1,5,76.71000000000001,-0.9607000000000001,1
N#CCOC1=NN=C1N,124.10300000000001,5,1,1,1,5,83.75999999999999,-0.78912,0
N=C1NC(=O)OC1=N,113.076,4,3,0,1,5,86.03,-0.3192599999999998,0
N=c1oc(=N)oc(=O)o1,130.059,6,2,0,1,6,104.19000000000001,-1.21526,0
Cn1cc(N)nnc1=N,125.13500000000002,5,2,0,1,5,80.58000000000001,-1.12323,0
Nc1ncoc1NC=O,127.10299999999998,4,2,2,1,5,81.15,-0.17490000000000022,0
N=C1C=C(O)OC1=O,113.07199999999997,4,2,0,1,4,70.38,-0.03763000000000005,0
NC1=C(C=O)NC1=O,112.088,3,2,1,1,4,72.19,-1.5146000000000004,0
CN=NC1CN1C=O,113.12,3,0,2,1,4,44.8,-0.13349999999999995,1
Nc1cnoc1CO,114.10399999999998,4,2,1,1,4,72.28,-0.2508999999999998,0
N=C1C(N)=CN=C1CO,125.13099999999999,4,3,1,1,4,82.46000000000001,-0.7468300000000003,0
N=C1C=NN=C1NC=O,124.10299999999998,4,2,1,1,5,77.67,-0.8499300000000003,0
CN=c1cn[nH]c(=O)o1,127.10299999999998,4,1,0,1,5,71.25,-1.1065999999999998,0
COC(=O)N1CC(=O)N1,130.103,3,1,0,1,5,58.64,-0.9004000000000001,0
COC1=NC(=N)C(O)=N1,127.103,3,2,0,1,5,78.03,-0.06383000000000005,0
N=c1ccnc(N)n1C=O,138.13,5,2,1,1,5,84.75999999999999,-1.0169300000000001,0
Cc1noc(N)c1C=N,125.131,4,2,1,1,4,75.9,0.5628900000000001,0
O=C1C=NN=C1CO,112.088,4,1,1,1,4,62.019999999999996,-1.0118000000000003,0
N=C1OC(=O)OCC1=O,129.071,5,1,0,1,5,76.44999999999999,-0.30043,0
Cc1n[nH]nc1OC=N,126.11899999999999,4,2,2,1,5,74.65,0.09898999999999991,0
N=C1COC(=O)OC1N,130.10299999999998,5,2,0,1,5,85.39999999999999,-0.5422300000000002,1
COC1=NC(=N)N=C1N,126.11900000000001,3,2,0,1,5,83.82,-0.66313,0
N=C1NC(=N)C(=O)CO1,127.103,4,3,0,1,5,86.03000000000002,-0.91266,0
N=C1COC(=N)N=CO1,127.103,4,2,0,1,5,78.52,-0.026460000000000095,0
N=CC1=NN=CC1=N,108.10399999999998,4,2,1,1,4,72.42,0.09614,0
N=CC1=NN=C1CN,110.12,4,2,2,1,4,74.59,-0.59473,0
N#CCC1=NC(=N)N1O,124.103,3,2,1,1,5,83.47,-0.06184999999999996,0
CC1=C(N)C(=O)N=N1,111.104,3,1,0,1,4,67.81,0.16900000000000015,0
N=C1CNC(=O)N=CO1,127.10299999999998,3,2,0,1,5,74.54,-0.26823000000000013,0
C#CC1=NC(=N)N=C1N,120.11500000000001,2,2,0,1,4,74.59,-0.6338299999999999,0
N=C1N=C(C(N)C=O)N1,126.11899999999999,3,3,2,1,5,91.33000000000001,-1.5509300000000004,1
COC1=NC(=O)N=C1N,127.10300000000001,3,1,0,1,5,77.03999999999999,-0.47789999999999994,0
Cc1nc(N)nn1CO,128.13500000000002,5,2,1,1,5,76.96,-0.8814800000000005,0
N=c1[nH]c(=O)oc(=N)o1,129.075,5,3,0,1,6,106.83999999999999,-1.4801599999999997,0
CC1OC(=N)NC(=O)O1,130.10299999999998,4,2,0,1,5,71.41,0.02356999999999998,1
CC(=O)n1cnnc1N,126.11900000000001,5,1,0,1,5,73.8,-0.47959999999999997,0
COc1ncc(=N)on1,127.103,5,1,1,1,5,72.0,-0.44233000000000006,0
N=C1OCC(=N)C(=N)O1,127.103,5,3,0,1,5,90.01,-0.034989999999999966,0
N=C1CN=COC(=N)O1,127.10299999999998,5,2,0,1,5,78.52,-0.026460000000000095,0
CC(=O)C1=NC(=O)O1,113.07199999999999,3,0,1,1,4,55.730000000000004,0.12410000000000004,0
N=C1COC(=O)N=CO1,128.087,4,1,0,1,5,71.74,0.15877000000000002,0
Nc1cnc(C=O)nn1,124.103,5,1,1,1,5,81.76,-0.7337,0
O=C1N=C(O)C(CO)=N1,128.08699999999996,2,2,1,1,5,82.25,-0.49019999999999997,0
CC(=N)n1ncc[n+]1[O-],126.11899999999999,4,1,0,1,5,68.61,-0.6382299999999999,0
N=CNC1OC(=N)C1=O,127.103,4,3,2,1,5,86.03,-0.9142600000000003,1
N=c1cnc(N)no1,112.09200000000001,5,2,0,1,5,88.79,-0.8687300000000002,0
COC1=NC(=O)C(N)=N1,127.10300000000001,4,1,0,1,5,77.03999999999999,-1.1138000000000003,0
N=C1OCC(=N)C(=N)O1,127.103,5,3,0,1,5,90.01,-0.034989999999999966,0
NC1=NC(=O)NCCO1,129.119,3,2,0,1,5,76.71,-0.9590999999999998,0
N=CN1CC(=O)OC1=N,127.10299999999998,4,2,1,1,5,77.24000000000001,-0.61296,0
COC1=C(F)N=NC1=O,130.078,3,0,1,1,5,51.02,0.7638,0
Cc1ncnnc1C=O,123.11499999999998,4,0,1,1,4,55.74,-0.007480000000000042,0
Cc1nc(=O)c(=O)[nH]o1,128.087,4,1,0,1,5,75.96000000000001,-0.9684800000000002,0
Nc1nncc(C=O)n1,124.10299999999998,5,1,1,1,5,81.76,-0.7337000000000005,0
CN1C=NC(=N)C1=O,111.10399999999998,2,1,0,1,4,56.52,-0.5360300000000002,0
N=C1COC(=N)C(=N)O1,127.103,5,3,0,1,5,90.01,-0.034989999999999966,0
N=C1CNC(=O)N=CO1,127.10299999999998,3,2,0,1,5,74.54,-0.26823000000000013,0
Nc1cnc(=O)oc1O,128.087,5,2,0,1,5,89.35000000000001,-0.6774,0
CC1=NC(NCO)=NC1=N,140.146,4,3,1,1,5,80.83000000000001,-0.6664299999999999,0
N=C1COC(=N)C(=O)O1,128.087,5,2,0,1,5,83.23,-0.48566000000000015,0
N=c1nc(N)c(N)co1,126.119,5,3,0,1,5,101.92,-0.68153,0
CNC(=O)C1=NC(N)=N1,126.11900000000001,4,2,1,1,5,79.84,-1.540799999999999,0
N=c1cc[nH]c(=O)n1O,127.10299999999998,4,3,0,1,5,81.87,-1.10683,0
NC1OC(=O)COC1=O,131.087,5,1,0,1,5,78.62,-1.6288000000000002,1
N=C1CN=NC(O)CO1,129.11899999999997,5,2,0,1,5,78.03,-0.23552999999999996,1
N=CC1NCOC(=N)O1,129.119,5,3,1,1,5,78.19000000000001,-0.5092600000000003,1
CNC(=O)C1=NC(=O)N1,127.103,2,2,1,1,5,70.56,-1.1459000000000001,0
CN=c1ncc(N)no1,126.119,5,1,0,1,5,77.3,-0.8177000000000003,0
N=Cc1cnc(N)nc1O,138.13000000000002,5,3,1,1,5,95.88000000000001,-0.23793000000000003,0
N=C1N=C(CN)OC1=O,127.103,4,2,1,1,5,88.53,-1.1223299999999998,0
COC(=O)C1=NN=C1,112.08800000000001,4,0,1,1,4,51.019999999999996,-0.4002000000000001,0
N=C1NCC(=O)OCO1,130.103,4,2,0,1,5,71.41000000000001,-0.9583300000000001,0
Nc1nnn(C=O)c1CO,142.118,6,2,2,1,6,94.03,-1.6091000000000004,0
CNC1OC(=N)C1C=O,128.131,4,2,2,1,4,62.18,-0.6455300000000002,2
O=CNC1=COC1=O,113.07199999999997,3,1,2,1,4,55.4,-0.8694000000000002,0
CC(=O)c1n[nH]c(=O)o1,128.087,4,1,1,1,5,75.96000000000001,-0.43450000000000005,0
NC(=O)C1=NC(N)=N1,112.09200000000001,4,2,1,1,5,93.83,-1.8014999999999999,0
COC1=NC(=O)C(N)=N1,127.10300000000001,4,1,0,1,5,77.03999999999999,-1.1138000000000003,0
Nc1ncc(=O)oc1N,127.103,5,2,0,1,5,95.14,-0.8008000000000002,0
N=COC1=NC(=N)OC1,127.103,4,2,1,1,5,78.52,-0.026460000000000095,0
N=CNc1cnc[nH]c1=O,138.13,3,3,2,1,5,81.63,-0.2111300000000002,0
O=CNC1=CNC1=O,112.08799999999998,2,2,2,1,4,58.2,-1.2964000000000002,0
N=C1COC(=N)C(=N)O1,127.103,5,3,0,1,5,90.01,-0.034989999999999966,0
N=C1OC(=N)C(C=O)O1,128.087,5,2,1,1,5,83.23,-0.48726000000000025,1
N=Cc1ncc(=N)[nH]n1,123.119,4,3,1,1,5,89.27,-0.7181600000000001,0
Cn1cnc(=N)nc1O,126.11899999999999,5,2,0,1,5,74.79,-0.9998300000000002,0
N=CC1=NN=C1C(N)=O,124.103,4,2,2,1,5,91.66,-1.0681300000000002,0
CC(=O)C1=NC(N)=N1,111.10400000000001,4,1,1,1,4,67.81,-0.6978,0
N#CC1=NCN1C=N,108.104,3,1,1,1,4,63.24,-0.21134999999999998,0
N=C1N=CC(C(N)=O)O1,127.103,3,2,1,1,5,88.53000000000002,-1.12393,1
Nc1cnc(C=O)c(=O)o1,140.09799999999998,5,1,1,1,5,86.19,-0.5705,0
N=COc1cc(N)[nH]n1,126.119,4,3,2,1,5,87.77999999999999,-0.022230000000000028,0
COC1=NC(=N)N=C1N,126.11900000000001,3,2,0,1,5,83.82,-0.66313,0
N=CN1CC(=O)OC1=N,127.10299999999998,4,2,1,1,5,77.24000000000001,-0.61296,0
N=CN1COCOC1=O,130.10299999999998,4,1,1,1,5,62.62000000000001,-0.022729999999999917,0
N=CN1C(=N)OC1=O,113.07599999999998,4,2,1,1,5,77.24000000000001,-0.01955999999999991,0
NN=C1N=CC(N)=N1,111.108,3,2,0,1,5,89.11999999999999,-1.3423,0
N=c1oc(O)cn1CO,130.103,5,3,1,1,5,82.38,-0.7840300000000002,0
N=C(N)C1=NN=C1C=O,124.103,4,2,2,1,5,91.66,-1.06813,0
N=C1N=C(CO)C(=N)O1,127.10299999999998,4,3,1,1,5,89.52,-0.6380600000000001,0
N=C1N=CC(N)=NC1=N,123.11900000000001,3,3,0,1,5,98.44,-0.6174600000000001,0
N=C1N=COC(=O)CO1,128.087,4,1,0,1,5,71.74,-0.47713000000000005,0
N=Cc1cnnc(=N)o1,124.103,5,2,1,1,5,86.62,-0.45325999999999994,0
N=c1[nH]c(=O)oc(=N)o1,129.075,5,3,0,1,6,106.83999999999999,-1.4801599999999997,0
NCCC1=NN=C1N,112.13600000000001,4,2,2,1,4,76.75999999999999,-0.9379999999999997,0
N#CCN(O)C1=CO1,112.08799999999997,4,1,2,1,4,59.790000000000006,0.03028000000000003,0
N=C1ON=C1C=NCO,127.10299999999998,5,2,2,1,5,78.03,-0.6295300000000001,0
COc1nc(C=N)no1,127.103,5,1,2,1,5,72.0,0.07586999999999994,0
COC1=NC(=N)NC1=O,127.103,3,2,0,1,5,74.53999999999999,-0.9041300000000003,0
N=C1COC(=O)OC1=N,128.087,5,2,0,1,5,83.22999999999999,0.15023999999999993,0
N=c1[nH]c(=N)oc(=O)[nH]1,128.091,4,4,0,1,6,109.48999999999998,-1.7450600000000005,0
CNC1=CC(=O)N=C1N,125.13100000000001,3,2,1,1,4,67.48,-1.0129,0
Cn1nc(N)nc1C=N,125.135,5,2,1,1,5,80.58000000000001,-0.6050300000000002,0
N=C1OCNC(=O)CO1,130.10299999999998,4,2,0,1,5,71.41,-0.9583300000000003,0
CC(=O)C1NC(=O)O1,115.08799999999998,3,1,1,1,4,55.400000000000006,-0.35869999999999996,1
N=C1C=NN=C1C=O,109.08799999999998,4,1,1,1,4,65.64,-0.35453,0
N=C1N=COC(=O)CO1,128.087,4,1,0,1,5,71.74,-0.47713000000000005,0
N=C1OCC(=O)C(=O)O1,129.071,5,1,0,1,5,76.45,-0.9363300000000001,0
N=C1NC(=O)C(CO)N1,129.119,3,4,1,1,5,85.21000000000001,-1.9985300000000001,1
N=c1[nH]cc[nH]c1=NO,126.119,3,4,0,1,5,88.02,-0.8878300000000001,0
N=C1NC(=O)C(=N)O1,113.076,4,3,0,1,5,86.03000000000002,-0.9551600000000002,0
O=CC1COCNC1=O,129.115,3,1,1,1,4,55.4,-1.0945999999999998,1
CC(=O)C1=NC(N)=N1,111.10400000000001,4,1,1,1,4,67.81,-0.6978,0
NC1=NC(=O)C1C=O,112.08799999999997,3,1,1,1,4,72.52,-1.3011000000000001,1
N=COCC1=NC=NC1=N,138.13,4,2,3,1,5,81.65,0.07023999999999991,0
N=C1COC(=N)NCO1,129.119,4,3,0,1,5,78.19,-0.5076600000000002,0
N=CN1CNC(=O)CO1,129.11899999999997,3,2,1,1,5,65.42,-1.0856299999999999,0
CNC1=NC(=N)N1N,113.12400000000001,3,3,0,1,5,77.5,-1.3141299999999996,0
Cn1oc(=N)nc1N,114.10800000000002,5,2,0,1,5,80.83,-0.92523,0
CNC1NC(=O)OC1=N,129.119,4,3,1,1,5,74.21000000000001,-0.7510300000000001,1
N=C1COC(=O)OC1=N,128.087,5,2,0,1,5,83.22999999999999,0.15023999999999993,0
CCc1nn[nH]c1NC#N,137.146,4,2,2,1,5,77.39,0.26007999999999987,0
CNC(=O)c1c[n-]nn1,125.111,3,1,1,1,5,68.98,-1.2066000000000003,0
C#CC1=NC(=N)N=C1O,121.09899999999999,1,2,0,1,4,68.8,-0.03452999999999995,0
Nc1ocnc1C=O,112.08799999999998,4,1,1,1,4,69.12,0.06930000000000014,0
N=C1N=CC(=O)NCO1,127.103,3,2,0,1,5,74.54,-0.9041300000000001,0
CC(=O)n1nccc1O,126.11499999999997,4,1,0,1,4,55.120000000000005,0.24879999999999997,0
N=c1[nH]c(NC=O)no1,128.091,4,3,2,1,6,94.77000000000001,-0.9495300000000004,0
CN=C1NC(=O)OC1=O,128.087,4,1,0,1,5,67.75999999999999,-0.7189000000000001,0
N=CN1OCCNC1=O,129.119,3,2,1,1,5,65.42000000000002,-0.4497299999999999,0
CC(=O)n1ncc(N)n1,126.119,5,1,0,1,5,73.8,-0.47959999999999997,0
N=C1OCN=CNCO1,129.119,5,2,0,1,5,66.7,-0.4991300000000003,0
NC(=O)c1ncc(O)o1,128.087,4,2,1,1,5,89.35000000000001,-0.5209000000000003,0
CN=C1NC(=O)OC1=O,128.087,4,1,0,1,5,67.75999999999999,-0.7189000000000001,0
N=C1COC(O)C(=N)CO1,144.12999999999997,5,3,0,1,5,86.39,-0.6513600000000002,1
CC(=O)C1=NC(N)=N1,111.10400000000001,4,1,1,1,4,67.81,-0.6978,0
CN1C=NC=NC(=O)O1,127.10299999999998,4,0,0,1,5,54.260000000000005,0.040000000000000036,0
NCC1=NC(=O)N=C1CO,141.13,3,2,2,1,5,88.04,-1.0470000000000002,0
N=C1COC(=N)OCO1,130.103,5,2,0,1,5,75.39,-0.08066000000000012,0
N=C1OCCOC(=N)O1,130.103,5,2,0,1,5,75.39,-0.0806599999999999,0
N=C1N=CC(N)=NC1=O,124.10300000000001,3,2,0,1,5,91.66,-1.0681300000000002,0
Cn1ncnc1C=O,111.10399999999998,4,0,1,1,4,47.78,-0.37239999999999984,0
Cc1nc(N)nn1C=N,125.135,5,2,1,1,5,80.58,-0.3761100000000001,0
N#COCN1C(N)=C1C=O,139.114,5,1,3,1,5,79.12,-0.91612,0
CC1NC(=O)C(=O)O1,115.08799999999998,3,1,0,1,4,55.400000000000006,-0.9946000000000002,1
N=C(O)n1nccn1,112.09199999999998,4,2,0,1,5,74.78999999999999,-0.3810300000000002,0
N=C1COC(=N)N1C=O,127.103,4,2,1,1,5,77.24000000000001,-0.6129600000000002,0
O=C1NCCC(=NO)O1,130.103,4,2,0,1,5,70.92,-0.09600000000000003,0
CC1(C(=N)N)OC1=N,113.12,3,3,1,1,4,86.25,-0.31146,1
N=CN1NCOC1C=O,129.11899999999997,4,2,2,1,5,65.42000000000002,-1.0872300000000001,1
C#Cc1nnoc(=N)n1,122.08699999999999,5,1,0,1,5,75.66,-1.0746300000000002,0
N=C1NCCOC(=N)O1,129.119,4,3,0,1,5,78.19000000000001,-0.50766,0
NCC1=NN=C1NC=O,126.11899999999997,4,2,2,1,5,79.84,-1.5408000000000004,0
N#CC1=NC(=N)OCO1,125.08699999999999,4,1,0,1,5,78.46000000000001,-0.15245000000000003,0
N=C1N=CN=C1C=O,109.08799999999998,3,1,1,1,4,65.64,-0.35453,0
N=C1NCOC(=O)CO1,130.103,4,2,0,1,5,71.41,-0.9583300000000001,0
N=CC1=NC(=O)C(N)=N1,124.10300000000001,4,2,1,1,5,91.66,-1.06813,0
COC1=NC(=O)NCN1,129.119,3,2,0,1,5,62.72,-0.7409000000000001,0
N=C1N=C(CO)C(=O)O1,128.087,4,2,1,1,5,82.74,-1.0887300000000002,0
COC1=NN=C(N)C1=O,127.103,5,1,0,1,5,77.03999999999999,-1.1138000000000001,0
NC1=CC(N)=NC1=O,111.10400000000001,3,2,0,1,4,81.47,-1.2736000000000003,0
N=C1N=C(CO)C(=O)O1,128.087,4,2,1,1,5,82.74,-1.0887300000000002,0
N=C(N)OC1OC1=O,116.07599999999998,4,2,1,1,5,88.70000000000002,-1.22063,1
N=C1OCC(=O)OC1=N,128.087,5,2,0,1,5,83.22999999999999,-0.48566000000000015,0
N=C1NC(=O)CN=CO1,127.103,4,2,0,1,5,74.54,-0.9041300000000001,0
N=CN1OC(O)C1C=O,130.10299999999998,4,2,2,1,5,73.62,-1.2734300000000003,2
CC1OC(=N)NC1=O,114.10399999999998,3,2,0,1,4,62.18,-0.5439300000000002,1
N=C1N=C(O)C(=O)CO1,128.087,3,2,0,1,5,82.74,-0.5230300000000001,0
N=C(O)OC1CC(=N)O1,130.103,4,3,1,1,5,86.39,0.21943999999999986,1
CC(N)N1C=NC1=O,113.11999999999999,2,1,1,1,4,58.69,-0.24499999999999983,1
CCn1[nH]c(=O)c(=O)o1,130.10299999999998,4,1,1,1,5,68.0,-0.8505,0
COn1nc(C)cnc1=N,140.146,5,1,1,1,5,63.79,-0.8756100000000002,0
CN=C1C=NC(=N)O1,111.10399999999998,3,1,0,1,4,57.8,0.05046999999999996,0
N#Cc1nonc1C=N,122.08699999999999,5,1,1,1,5,86.56,-0.06104999999999999,0
N=C1OCCC1N=O,114.104,4,1,1,1,4,62.51,0.5189699999999999,1
CCN=CC1=NN=C1O,125.131,3,1,2,1,4,57.31,0.40320000000000006,0
N=C1N=C(CO)N=C1O,127.10299999999998,3,3,1,1,5,89.03,-0.67543,0
Nc1nocc1C=NCO,141.13,5,2,2,1,5,84.64,-0.3745000000000002,0
N=C1C=C(N)N=C1N,110.12000000000002,4,3,0,1,4,88.25,-0.8229300000000002,0
CC(O)OC1=CN=N1,114.104,4,1,2,1,4,54.18,0.6059999999999999,1
N=c1oc(=N)oc(=O)o1,130.059,6,2,0,1,6,104.19000000000001,-1.21526,0
Cc1n[nH]c(=O)nc1N,126.119,4,2,0,1,5,84.66,-0.9444800000000002,0
N=C1OCOC(=O)C(=N)O1,144.08599999999998,6,2,0,1,6,92.46000000000001,-0.5540600000000002,0
N=C1NCOC(=O)C(=O)N1,143.102,4,3,0,1,6,91.28,-1.8587299999999995,0
NC(C=O)c1nc1=O,112.088,4,1,2,1,4,73.05000000000001,-1.4839000000000002,1
N=CN1OCNC1=N,114.108,3,3,1,1,5,72.20000000000002,-0.6774600000000002,0
Cc1nonc1NC=O,127.10299999999998,4,1,2,1,5,68.02000000000001,-0.053680000000000117,0
N=C(O)c1cnoc1N,127.103,4,3,1,1,5,96.13,0.14016999999999996,0
N=C1N=CN=C1CN,110.12,3,2,1,1,4,74.59,-0.59473,0
N=CC1=NC=NC1=N,108.104,3,2,1,1,4,72.42,0.09614,0
N=C1OC(=O)C1CO,115.08799999999998,4,2,1,1,4,70.38,-0.87103,1
N=C1NCNCC(=O)O1,129.119,4,3,0,1,5,74.21000000000001,-1.3853299999999997,0
C#CCc1n[nH]c(=N)o1,123.115,3,2,1,1,4,65.67,-0.34213,0
C#CCNc1ncnn1C,136.15800000000002,4,1,2,1,4,42.74,-0.13980000000000037,0
CNC(=O)C1=NN=C1N,126.11900000000001,4,2,1,1,5,79.84,-1.5408,0
CC(CO)C1=NOC1=N,128.131,4,2,2,1,4,65.67000000000002,-0.021730000000000027,1
Cn1cnc(=N)[nH]c1=O,126.11899999999999,4,2,0,1,5,74.53,-1.4121299999999999,0
N=C1N=C(CN)OC1=O,127.103,4,2,1,1,5,88.53,-1.1223299999999998,0
N=C1OCNC(=O)CO1,130.10299999999998,4,2,0,1,5,71.41,-0.9583300000000003,0
N=CN1COC=NC1=NO,142.118,4,2,1,1,6,81.27000000000001,-0.3433300000000003,0
N#CC(N)c1cn[nH]n1,123.119,4,2,1,1,5,91.38000000000001,-0.6719200000000003,1
CN=C1C(O)=NN1C=N,126.11899999999999,3,2,1,1,5,72.04,-0.1911300000000002,0
CC1(C(=O)O)OC1=N,115.088,3,2,1,1,4,73.68,-0.1628299999999998,1
N=C1OC(=O)C(=O)O1,115.04399999999998,5,1,0,1,5,76.45,-0.9788300000000001,0
C[N+]1([O-])NCOC1=O,118.092,4,1,0,1,5,61.38999999999999,-0.4569000000000001,1
NC1=CC(=O)N1CO,114.104,3,2,1,1,4,66.56,-1.4215000000000002,0
Nc1cnc(C=O)nn1,124.103,5,1,1,1,5,81.76,-0.7337,0
N#CC1=NC(=N)N1C=N,121.103,3,2,1,1,5,87.09,-0.23408,0
N=C1OCOC(=O)CO1,131.087,5,1,0,1,5,68.61,-0.5313300000000001,0
N#CCc1n[nH]nnc1=N,136.11800000000002,5,2,1,1,6,102.1,-1.25475,0
N=C1OCC(N)OC1=O,130.103,5,2,0,1,5,85.4,-1.1781300000000001,1
COc1ncc(=N)[nH]n1,126.119,4,2,1,1,5,74.65,-0.7072300000000002,0
CNC(=O)C1=NNC1=N,126.119,3,3,1,1,5,77.34,-1.3311299999999993,0
N=C1OCC(O)C(=O)O1,131.087,5,2,0,1,5,79.61,-1.1445300000000003,1
CC(=O)C1=NNC1=O,112.088,3,1,1,1,4,58.53,-0.9388000000000001,0
N=C1NN=C1C(N)=O,112.092,3,3,1,1,5,91.33000000000001,-1.5918300000000003,0
NC1C(=O)C(O)C1=NO,130.103,5,3,0,1,5,95.91000000000001,-1.9124999999999996,2
N=c1nc(C=O)nc[nH]1,124.10299999999998,4,2,1,1,5,82.49000000000001,-0.9033300000000004,0
N=C1COC(=O)CNO1,130.103,5,2,0,1,5,71.41,-0.9583300000000001,0
CC1=NC(=O)NC1=NO,127.10299999999998,3,2,0,1,5,74.05,-0.04179999999999995,0
Cn1nc(O)c(C=N)n1,126.11899999999999,5,2,1,1,5,74.78999999999999,-0.48163000000000017,0
NC1N=CNCOC1=O,129.119,5,2,0,1,5,76.71000000000001,-1.5966,1
CNC1=NOC(=O)C1=O,128.087,5,1,0,1,5,67.76,-1.3548000000000002,0
N#CCC(=N)C1=NO1,109.088,4,1,2,1,4,72.53,0.26355000000000006,0
N=C1NC(C=O)(CO)O1,130.10299999999998,4,3,2,1,5,82.41000000000001,-1.5715300000000003,1
CC(=O)C1=NN=C1N,111.10400000000001,4,1,1,1,4,67.81,-0.6978,0
N=c1nc(C=O)cn[nH]1,124.10299999999998,4,2,1,1,5,82.49000000000001,-0.9033300000000002,0
CC(=O)C1N=NNC1=N,126.119,4,2,1,1,5,77.67,-0.10832999999999993,1
N=CN1C(=O)N1C=O,113.07599999999998,3,1,2,1,5,64.00999999999999,-0.5975300000000001,0
CC(=O)C1=NC(=O)N=N1,125.087,3,0,1,1,5,71.22,0.5597000000000001,0
NC(=O)c1nc[nH]c1N,126.119,3,3,1,1,5,97.79,-0.9092000000000005,0
CC1=NC(CO)=NC1=N,125.13099999999999,3,2,1,1,4,68.80000000000001,-0.17103000000000002,0
COC1=C(N)C(=O)N=C1,126.115,3,1,1,1,4,64.68,-0.5859000000000001,0
Cc1noc([O-])nc1=N,126.095,5,1,0,1,5,85.83000000000001,-1.06891,0
N=C1CN=NC(=O)CO1,127.10299999999998,4,1,0,1,5,74.87,-0.027330000000000076,0
NC(=O)C1=NN=C1N,112.09200000000001,4,2,1,1,5,93.83,-1.8014999999999999,0
COc1c[nH]nnc1=N,126.119,4,2,1,1,5,74.65,-0.70723,0
CNC1=NC(=O)OCO1,130.10299999999998,4,1,0,1,5,59.92,-0.31390000000000007,0
N#CC1N=COC1=N,109.08799999999998,4,1,0,1,4,69.22999999999999,-0.08565000000000006,1
NC(=O)C1=CN=C1N,111.104,3,2,1,1,4,81.47,-1.2736000000000003,0
N=c1nccc(N)n1O,126.119,5,3,0,1,5,87.92,-0.81793,0
N=C1NCNCC(=O)N1,128.135,3,4,0,1,5,77.01,-1.8123299999999993,0
N=Cn1c(O)cnc1C=O,139.11399999999998,5,2,2,1,5,78.97,-0.14363000000000004,0
N=C1N=C(C=O)N=C1N,124.103,4,2,1,1,5,91.66,-1.06813,0
Nc1nc(N)c(CO)o1,129.119,5,3,1,1,5,98.3,-0.6687000000000001,0
N=C1OCC(=O)NC1=O,128.087,4,2,0,1,5,79.25,-1.36333,0
N=C1NCC(=O)NC1=O,127.103,3,3,0,1,5,82.05000000000001,-1.79033,0
N=C1NC(=N)C(=O)CO1,127.103,4,3,0,1,5,86.03000000000002,-0.91266,0
CN=C(O)C1=NN=C1O,127.103,3,2,1,1,5,77.54,-0.10119999999999985,0
COOC1=CC(=N)N=N1,127.103,4,1,2,1,5,67.03,0.84887,0
CN=C1ON=C(N)C1=O,127.103,5,1,0,1,5,77.03999999999999,-1.1138,0
N=c1nc(CO)cno1,127.10299999999998,5,2,1,1,5,83.0,-0.9586300000000001,0
N=C1N=CCNC(=O)O1,127.103,3,2,0,1,5,74.54,-0.26823000000000013,0
Cc1nnc(=N)oc1O,127.10299999999998,5,2,0,1,5,83.0,-0.43691,0
COC1=C(N)C(=N)N=N1,126.11900000000001,4,2,1,1,5,83.82000000000001,0.20367000000000018,0
Nc1n[nH]c(=O)n1C=O,128.09099999999998,5,2,1,1,6,93.76999999999998,-1.8081000000000003,0
N=C1NC=CNC(=N)O1,126.119,3,4,0,1,5,80.99000000000001,-0.46346000000000037,0
NC(=O)N1C=NC1=O,113.076,2,1,0,1,5,75.76,-0.47099999999999986,0
N=C1OCC(=NO)CO1,130.103,5,2,0,1,5,74.9,-0.20183000000000012,0
CC1=C(N)C(=N)N=N1,110.12,3,2,0,1,4,74.59,0.6196700000000002,0
N=c1[nH]c(=O)oc(=O)o1,130.059,5,2,0,1,6,100.05999999999999,-1.59943,0
N=C1CNN(C=O)CO1,129.119,4,2,1,1,5,65.42,-1.0856300000000003,0
N=C1CON=C(O)CO1,130.10299999999998,4,2,0,1,5,74.9,-0.11803000000000013,0
CC1=NC(=O)C(N)=N1,111.104,3,1,0,1,4,67.81,-0.6978,0
N=C1COC(=O)OCO1,131.087,5,1,0,1,5,68.61,0.10457,0
N#CCc1noc(N)n1,124.10300000000001,5,1,1,1,5,88.73,-0.28212000000000004,0
CN=C1N=CN=C1N,110.12,3,1,0,1,4,63.099999999999994,-0.5861999999999998,0
COc1nc(C#N)no1,125.087,5,0,1,1,5,71.94,-0.050120000000000164,0
CC1(C(=N)N=O)CO1,114.104,3,1,1,1,4,65.81,0.51897,1
N=C1C=NC(O)=C1O,112.08799999999998,4,3,0,1,4,76.67,0.37567,0
N=CN=C1NC(=O)CO1,127.10299999999998,3,2,1,1,5,74.54,-0.9041300000000001,0
N=C1COCNC(=O)N1,129.119,3,3,0,1,5,74.21,-0.7494300000000003,0
N=CC1OC(=N)OC(=O)O1,144.08599999999998,6,2,1,1,6,92.46,0.0802400000000002,1
COC1=NNC(=N)C1=O,127.10299999999998,4,2,0,1,5,74.53999999999999,-0.9041300000000003,0
N=c1nnc(CO)c[nH]1,126.11899999999999,4,3,1,1,5,85.65,-1.2235300000000002,0
COc1coc(=O)c(N)n1,142.114,5,1,1,1,5,78.35,-0.3744,0
N=C1N=COCOC1=N,127.103,4,2,0,1,5,78.52000000000001,-0.026460000000000095,0
N=CN1C=NC(=O)OC1,127.10299999999998,3,1,1,1,5,65.75,0.031470000000000053,0
Cc1nc(NC=O)cn1N,140.14599999999996,4,2,2,1,5,72.94,-0.5263800000000001,0
N=C1NCOCC(=O)N1,129.119,3,3,0,1,5,74.21,-1.3853300000000002,0
Cn1ncc(N)nc1=O,126.11900000000001,5,1,0,1,5,73.80000000000001,-1.2425000000000004,0
CC(=O)C1=NOC1=N,112.088,4,1,1,1,4,62.51,-0.06112999999999996,0
CC1=NC(=O)C(N)=N1,111.104,3,1,0,1,4,67.81,-0.6978,0
N=C1CC(O)OC(=N)O1,130.10299999999998,5,3,0,1,5,86.39,-0.34625999999999996,1
N#CCc1[nH]nnc1N,123.11900000000001,4,2,1,1,5,91.38,-0.5470200000000003,0
CC(=O)n1nc(N)[nH]1,114.108,4,2,0,1,5,76.69999999999999,-0.5465000000000002,0
N=CN1C=NCNC1=O,126.11899999999999,3,2,1,1,5,68.55000000000001,-0.3955299999999999,0
N=c1ncc(N)c(O)o1,127.103,5,3,0,1,5,96.13000000000001,-0.5581300000000001,0
O=CC1CONC(=O)O1,131.087,4,1,1,1,5,64.63,-0.7747000000000002,1
Nc1oncc1C=O,112.08799999999998,4,1,1,1,4,69.12,0.06930000000000003,0
CN=c1[nH]c(=O)cno1,127.10299999999998,4,1,0,1,5,71.25,-1.1066000000000003,0
NC(=O)c1cnon1,113.076,4,1,1,1,5,82.01,-0.8315000000000001,0
N=c1ocnc(N)c1O,127.103,5,3,0,1,5,96.13000000000001,-0.5581300000000001,0
N=c1occ(CO)n1CO,144.13000000000002,5,3,2,1,5,82.38,-0.99733,0
N=C(N)C1=NC(F)=N1,114.08300000000001,3,2,1,1,5,74.59,-0.3400299999999998,0
N=C1N=C(N)C(=O)O1,113.076,4,2,0,1,5,88.53000000000002,-1.16483,0
Nc1nc(C=O)[nH]c1N,126.11899999999999,4,3,1,1,5,97.78999999999999,-0.6134000000000002,0
Nc1cc(NC=O)on1,127.103,4,2,2,1,5,81.14999999999999,-0.17490000000000022,0
N=CC1NC(=O)NCO1,129.119,3,3,1,1,5,74.21000000000001,-0.7510300000000001,1
N=CN1C(O)C(=O)C1CN,143.14599999999996,4,3,2,1,5,90.41000000000001,-1.8761299999999999,2
N=C1COC(=O)N=CN1,127.103,3,2,0,1,5,74.53999999999999,-0.26823000000000013,0
N=CC1NC=NC(=N)O1,126.119,4,3,1,1,5,81.32000000000001,-0.4550600000000002,1
NC1=NC(=O)C(=O)C=N1,125.08699999999997,4,1,0,1,5,84.88,-1.5188,0
N=C1N=C(N)N=C1N,111.10800000000002,4,3,0,1,5,100.61,-1.3508300000000002,0
COC1=C(CO)C(=N)O1,129.11499999999998,4,2,2,1,4,62.540000000000006,-0.15583000000000002,0
CC1=NC(=N)C(N)=N1,110.12,3,2,0,1,4,74.59,-0.24712999999999996,0
N=C1CN(C=O)C(=O)N1,127.10299999999998,3,2,1,1,5,73.26,-0.85473,0
N=C(N)OC1COC1=N,129.119,4,3,1,1,5,92.18,-0.72746,1
N=C1OC(=O)N=C1N,113.07600000000001,4,2,0,1,5,88.53,-0.5289300000000001,0
N=Cn1oc(=O)[nH]c1=O,129.075,5,2,1,1,6,91.85,-1.4152300000000002,0
N=C1N=CNC(=O)CO1,127.10299999999998,3,2,0,1,5,74.54,-0.9041300000000001,0
N=COC1N=CC(O)O1,130.10299999999998,5,2,2,1,5,74.9,-0.6869300000000003,2
NC1OC(=O)C1CO,117.10399999999997,4,2,1,1,4,72.55,-1.5635000000000003,2
COC1=NN=CC1=N,111.10399999999998,4,1,0,1,4,57.800000000000004,0.05046999999999996,0
N=CN1OCC1C(=N)O,129.119,3,3,2,1,5,80.4,-0.25545999999999985,1
N=C1CNC(=N)OCO1,129.119,4,3,0,1,5,78.19000000000001,-0.5076600000000004,0
N=CCc1n[nH]cc1N,124.147,3,3,2,1,4,78.55,0.18397000000000013,0
COC1=NN=C1OC=N,127.10299999999998,5,1,1,1,5,67.03,-0.017930000000000057,0
N=C1NC(=O)C(CO)N1,129.119,3,4,1,1,5,85.21000000000001,-1.9985300000000001,1
N=C1C=NC(=N)N1O,112.092,3,3,0,1,5,83.53,-0.32595999999999997,0
N#CC(=N)NC1NCO1,126.11899999999999,4,3,1,1,5,80.93,-1.06225,1
O=CC1=NC(=O)NC1=O,126.07099999999998,3,1,1,1,5,75.6,-1.1239000000000001,0
N=C1NC(=O)C(=N)O1,113.076,4,3,0,1,5,86.03000000000002,-0.9551600000000002,0
CNC1=NC(=O)N1C=O,127.10299999999998,3,1,1,1,5,61.77,-0.8462000000000001,0
NC1=NC(F)=NC1=NC=O,142.093,3,1,1,1,6,80.16999999999999,-0.7624000000000002,0
CC(=O)c1conc1N,126.115,4,1,1,1,4,69.12,0.45940000000000014,0
NC1=C(C=O)C(CO)=N1,126.115,4,2,2,1,4,75.68,-1.1975000000000002,0
CC(=O)C1=NOC1=N,112.088,4,1,1,1,4,62.51,-0.06112999999999996,0
COC1=CC(N)=NC1=O,126.11500000000001,3,1,1,1,4,64.68,-0.5859000000000001,0
CC(=O)n1ncoc1=N,127.10299999999998,5,1,0,1,5,71.88,-0.3843299999999998,0
Nc1nc(C=O)[nH]c1O,127.10299999999997,4,3,1,1,5,92.0,-0.4900000000000001,0
N#CCCn1nc(C=N)o1,138.13,5,1,3,1,5,78.60000000000001,0.3874499999999999,0
CC1=C(N)N=NC1=N,110.12,3,2,0,1,4,74.59,0.6196700000000002,0
N=COC1C=NC(=N)O1,127.103,4,2,2,1,5,78.52,-0.02805999999999992,1
N=NC1CN(C=O)N1,114.10799999999999,4,2,2,1,5,68.55,-0.6799300000000001,1
CN=COC1N=NC=C1N,140.146,5,1,2,1,5,72.33,0.2531000000000001,1
N=C1C=NC(C(=O)O)=N1,125.08699999999999,3,2,1,1,5,85.87,-0.46883000000000014,0
N#CC1OC(=N)OCC1=N,139.114,5,2,0,1,5,89.94999999999999,-0.12007999999999991,1
CN1COC(=O)C(=O)N1,130.10299999999998,4,1,0,1,5,58.64,-1.5362999999999996,0
N=C1C=C(N)N=[N+]1[O-],112.09200000000001,4,2,0,1,5,88.30000000000001,-0.26012999999999986,0
COc1coc(=N)nn1,127.10300000000001,5,1,1,1,5,72.0,-0.44233000000000006,0
O=CN=Cn1[nH]ncc1=O,140.102,4,1,2,1,6,80.11,-1.3958,0
N=c1ocnc(=O)o1,114.05999999999999,5,1,0,1,5,80.09,-0.89273,0
N=C1N=CC(C(N)=O)O1,127.103,3,2,1,1,5,88.53000000000002,-1.12393,1
N=C1N=CC(F)=NC1=N,126.09400000000001,2,2,0,1,5,72.42,0.39334,0
N=C1COCNC(=N)O1,129.119,4,3,0,1,5,78.19000000000001,-0.5076600000000004,0
NC1=NC(=O)C(N)=N1,112.092,4,2,0,1,5,93.83,-1.8014999999999999,0
Nc1cc(OC=O)co1,127.09899999999998,4,1,2,1,4,65.46000000000001,0.397,0
N=C1COC(=N)C(=O)O1,128.087,5,2,0,1,5,83.23,-0.48566000000000015,0
CC(O)n1cnc(=N)o1,129.119,5,2,1,1,5,75.03999999999999,-0.53363,1
N=C(N)C1=NC(C=O)=N1,124.103,4,2,2,1,5,91.66000000000001,-1.06813,0
N=C1OCC(=O)C1=NO,128.087,5,2,0,1,5,82.74,-0.60683,0
N=C1N=C(CO)OC1=N,127.10299999999998,4,3,1,1,5,89.52000000000001,-0.6380600000000003,0
C#CC(O)n1cno1,112.088,4,1,1,1,4,51.19,-0.39980000000000016,1
COc1[nH]nnc1C=O,127.103,4,1,2,1,5,67.87,-0.37420000000000025,0
CC(=O)n1cnc(=N)o1,127.103,5,1,0,1,5,71.88,-0.38433,0
N=C1OCC(=O)OC1=O,129.071,5,1,0,1,5,76.44999999999999,-0.9363300000000001,0
N=CN1C(=O)NC1=O,113.07599999999998,3,2,1,1,5,73.26,-0.26133,0
N=C(N)C1=NC(N)=N1,111.10800000000002,4,3,1,1,5,100.61,-1.3508299999999998,0
COC1=NN=C(N)C1=N,126.119,5,2,0,1,5,83.82,-0.66313,0
N=C1C=C(N)C=[N+]1[O-],111.104,3,2,0,1,4,75.94,-0.59903,0
NC1=NC=NC1=NC=O,124.10299999999998,3,1,1,1,5,80.16999999999999,-1.0596,0
N=C1N=NC(N)=C1C=O,124.103,4,2,1,1,5,91.66,-0.20132999999999995,0
N=C1N=CNC(=O)CO1,127.10299999999998,3,2,0,1,5,74.54,-0.9041300000000001,0
N=C1C=C(N)N=C1O,111.104,3,3,0,1,4,82.46000000000001,-0.22363000000000027,0
N=C1N=NC(C=O)=N1,110.076,3,1,1,1,5,78.0,-0.015629999999999977,0
Cc1n[nH]c(=O)c(O)n1,127.10299999999998,4,2,0,1,5,78.87,-0.8210800000000003,0
NCC(=O)c1ncn[nH]1,126.119,4,2,2,1,5,84.66,-1.0539000000000003,0
CC1=NC(=N)OC1=O,112.08799999999998,3,1,0,1,4,62.51,-0.06112999999999996,0
CN=C1C=NC(C=O)=N1,123.11499999999998,3,0,1,1,4,54.15,-0.3035000000000001,0
COC1=C(N)C(=O)N=C1,126.115,3,1,1,1,4,64.68,-0.5859000000000001,0
N=Cc1cn(C(N)=O)o1,127.103,4,2,1,1,5,85.01,0.005570000000000186,0
CCN=C1N=NOC1=N,126.119,4,1,1,1,5,70.16,0.7794700000000001,0
N=C1N=CCOC(=O)N1,127.103,3,2,0,1,5,74.53999999999999,-0.26823000000000013,0
O=[N+](CO)C1=CN=N1,114.084,4,1,2,1,5,65.03,-0.020200000000000023,0
Cc1ocnc1OC#N,124.09899999999999,4,0,1,1,4,59.050000000000004,0.8429,0
N=C1NC(C=O)C(=O)O1,128.087,4,2,1,1,5,79.25000000000001,-1.3649300000000002,1
N=CC1=C(N)N=CC1=N,122.131,4,3,1,1,4,86.08000000000001,-0.08955999999999997,0
N=C1OCC1C(=O)O,115.08799999999998,3,2,1,1,4,70.38,-0.30532999999999993,1
N#CC1NC(N)=NC1O,126.119,5,3,0,1,5,94.43,-1.8851199999999995,2
CNC1=NC(=N)N=C1C,124.14699999999999,2,2,0,1,4,60.6,0.013569999999999693,0
N=C1OCOC(=O)C1=O,129.071,5,1,0,1,5,76.45,-0.9363300000000001,0
CN=c1nc(N)c1=O,111.104,4,1,0,1,4,68.34,-1.5698999999999999,0
CC(=O)C1=NN=C1N,111.10400000000001,4,1,1,1,4,67.81,-0.6978,0
NC1=C(C=O)C(=O)O1,113.07199999999999,4,1,1,1,4,69.39,-1.0876000000000001,0
CC(O)C1=NOC1=N,114.104,4,2,1,1,4,65.67000000000002,-0.26933000000000007,1
Cc1coc(=O)n1CO,129.115,4,1,1,1,4,55.370000000000005,-0.30048,0
N=C1COC(=N)C(=O)O1,128.087,5,2,0,1,5,83.23,-0.48566000000000015,0
NC1=NCOC(=O)C1=NO,143.102,6,2,0,1,6,97.27000000000001,-1.3119000000000005,0
N=C1COC(=O)OCO1,131.087,5,1,0,1,5,68.61,0.10457,0
N=C1C=C(N)C(=O)O1,112.088,4,2,0,1,4,76.17,-0.6369300000000002,0
N=CN1CC(N)OC1=O,129.119,4,2,1,1,5,79.41,-0.6695299999999997,1
N=CC1=NC(C(O)C=N)=N1,138.12999999999997,5,3,3,1,5,92.64999999999999,-0.5429600000000003,1
N=C(N)C1NC(=O)O1,115.09199999999998,3,3,1,1,5,88.2,-1.0117299999999996,1
CN=C1N=CC(N)=N1,110.12,2,1,0,1,4,63.099999999999994,-0.5862,0
Nc1cn(C=O)nc1N,126.119,5,2,1,1,5,86.92999999999999,-0.9142000000000001,0
N=C1N=CN=C1OC=O,125.08699999999997,4,1,1,1,5,74.87,-0.42293000000000003,0
NC1=NN=CC1[N+]=O,112.09199999999998,5,1,1,1,5,81.91,-1.1862,1
COc1nnc(N)n1C,128.135,5,1,1,1,5,65.96000000000001,-0.5941000000000003,0
Cc1nc(N)nn1C=O,126.119,5,1,1,1,5,73.8,-0.7929800000000002,0
COC1=NC(=N)N=C1N,126.11900000000001,3,2,0,1,5,83.82,-0.66313,0
O=c1nc(CO)cn[nH]1,127.10299999999998,4,2,1,1,5,78.87,-1.3428000000000004,0
Cn1cnc(CO)nc1=N,140.146,5,2,1,1,5,74.78999999999999,-1.21313,0
CN=C1N=CC(N)=[N+]1[O-],126.119,3,1,0,1,5,76.80999999999999,-1.0758999999999999,0
CC(=O)c1nnc(N)o1,127.10300000000001,5,1,1,1,5,82.01,-0.14559999999999984,0
N=Cc1cnc(N)oc1=O,139.114,5,2,1,1,5,92.97,-0.3853299999999999,0
N=C(CO)C1=NC(N)=N1,126.11900000000001,5,3,2,1,5,94.82,-1.2747300000000001,0
N=C1OCOC1(O)C=O,131.087,5,2,1,1,5,79.61000000000001,-1.14453,1
N=C1CC(N)COC(=O)O1,144.13,5,2,0,1,5,85.40000000000002,-0.15213000000000004,1
N=C1N=C(C=O)N=C1O,125.08699999999997,3,2,1,1,5,85.87,-0.4688299999999999,0
N=c1ncc(N)[n+]([O-])[nH]1,127.10700000000001,4,3,0,1,6,105.49000000000001,-1.8952299999999997,0
NC(=O)C(O)C1=CO1,115.08799999999998,3,2,2,1,4,75.85000000000001,-1.2958000000000003,1
CN=c1nc(CO)c1=N,125.13099999999999,4,2,1,1,4,69.33000000000001,-1.5405300000000002,0
N#CCc1noc(N)n1,124.10300000000001,5,1,1,1,5,88.73,-0.28212000000000004,0
N=C1N=C(N)N1CC=O,126.119,3,2,2,1,5,82.53999999999999,-1.24963,0
N=CN1COC(=N)N1,114.10799999999999,3,3,1,1,5,72.2,-0.6774600000000002,0
N=C1OC(C=O)=C1CO,127.09899999999998,4,2,2,1,4,70.38,-0.5608299999999999,0
O=C1CC(=O)ON=N1,114.06,4,0,0,1,5,68.09,-0.17290000000000005,0
N=Cc1cnc(N)n1C=N,137.14600000000002,5,3,2,1,5,91.53999999999999,-0.08185999999999993,0
O=CCNC1=NOC1=O,128.087,5,1,2,1,5,67.75999999999999,-1.3548,0
N=C1OC=NCOC1=N,127.103,5,2,0,1,5,78.52000000000001,-0.026460000000000095,0
N=C1N=C(N)N=C1CO,126.119,4,3,1,1,5,94.82000000000001,-1.27473,0
N=C1OCC(=NO)C1=O,128.087,5,2,0,1,5,82.74000000000001,-0.6068300000000002,0
N=C1N=C(C(N)=O)N1,112.092,2,3,1,1,5,91.33000000000001,-1.5918300000000003,0
COc1n[nH]nc1C=N,126.11899999999999,4,2,2,1,5,74.65,-0.1890300000000002,0
N=CN1C=NCOC1=O,127.10299999999998,4,1,1,1,5,65.75,0.03146999999999994,0
Cn1cnc(=N)nc1N,125.135,5,2,0,1,5,80.58,-1.12323,0
CNc1nnoc1C=O,127.10299999999998,5,1,2,1,5,68.02000000000001,-0.0762000000000001,0
CNc1c[nH]nnc1=O,126.119,4,2,1,1,5,70.67,-0.7934000000000003,0
CC1(C=NO)CNC1=O,128.131,3,2,1,1,4,61.690000000000005,-0.41750000000000015,1
N=C1OC=NC(O)C1=O,128.087,5,2,0,1,5,82.74000000000001,-1.0903300000000002,1
N=c1oc(=O)occ1N,128.087,5,2,0,1,5,93.22,-0.7055300000000002,0
N#CCC1=NN=C1N,108.10400000000001,4,1,1,1,4,74.53,-0.37311999999999984,0
N=C1OCOC(=O)C1=N,128.087,5,2,0,1,5,83.23,-0.48566000000000015,0
N=C1OCC(=O)OC1=N,128.087,5,2,0,1,5,83.22999999999999,-0.48566000000000015,0
Cn1cnc(=O)n1CN,128.135,5,1,1,1,5,65.84,-1.5019999999999991,0
N=C1CNC(O)C(=O)N1,129.11899999999997,4,4,0,1,5,85.21000000000001,-1.9985300000000001,1
N=C(N)NC1COC1=O,129.119,3,3,1,1,5,88.20000000000002,-1.6051300000000002,1
N=C1OCC(=O)C(=N)O1,128.087,5,2,0,1,5,83.23,-0.48566000000000015,0
N=C1N=CN=C(N)C1=O,124.103,4,2,0,1,5,91.66,-1.06813,0
COC1=NC=NC1=N,111.104,3,1,0,1,4,57.800000000000004,0.05046999999999996,0
CN=C1C=NC(N)=N1,110.12,3,1,0,1,4,63.099999999999994,-0.5862,0
N=C1OCC(=O)C(=N)O1,128.087,5,2,0,1,5,83.23,-0.48566000000000015,0
N=CN1C(=O)NC1=O,113.07599999999998,3,2,1,1,5,73.26,-0.26133,0
N=C1OC(=O)OC1C=O,129.07099999999997,5,1,1,1,5,76.44999999999999,-0.30203,1
N=Cn1oc(=N)oc1=O,129.075,6,2,1,1,6,95.98000000000002,-1.0310599999999999,0
N=C(N)OC1COC1=O,130.10299999999998,4,2,1,1,5,85.4,-1.1781300000000001,1
C#CCNC1=NC(=N)O1,123.115,3,2,1,1,4,57.47,-0.46983000000000014,0
N=C(N)C(O)C1=CO1,114.10399999999998,3,3,2,1,4,82.63000000000001,-0.8451300000000002,1
N=C1CC(=N)OC(=O)N1,127.10299999999998,4,3,0,1,5,86.03,0.0708399999999999,0
NC1=NC(=O)C(C=O)=N1,125.08699999999997,4,1,1,1,5,84.88,-1.5188,0
N=C1COC(=N)CON1,129.119,4,3,0,1,5,78.19,-0.5076600000000002,0
N=C1CNC(=O)C=CO1,126.11499999999997,3,2,0,1,4,62.18000000000001,-0.3762300000000003,0
CN=C1N=CN=C1N,110.12,3,1,0,1,4,63.099999999999994,-0.5861999999999998,0
CC(=O)n1ncc(=N)[nH]1,126.11899999999999,4,2,0,1,5,74.53,-0.6492300000000002,0
CC(=O)c1n[nH]c(N)n1,126.11900000000001,4,2,1,1,5,84.66,-0.41050000000000003,0
NC(=O)c1coc(=O)[nH]1,128.087,3,2,1,1,5,89.09,-0.9332000000000003,0
N=C1N=C(C(N)=O)N1,112.092,2,3,1,1,5,91.33000000000001,-1.5918300000000003,0
COc1[nH]nnc1C#N,124.10300000000001,4,1,1,1,5,74.59,-0.31502000000000013,0
CC1=NC(=N)N=C1N,110.12,2,2,0,1,4,74.59,-0.24712999999999996,0
NC1=[N+]([O-])C(=O)N=C1,113.076,3,1,0,1,5,81.52,-0.9416999999999998,0
N=C1N=C(C=O)NCO1,127.10299999999998,4,2,1,1,5,74.54,-0.9041300000000001,0
CN=C1N=C(C=N)N1O,126.11899999999999,3,2,1,1,5,72.04,-0.2749299999999998,0
N=C1NC(=N)C(=O)CCO1,141.13,4,3,0,1,5,86.03000000000002,-0.5225599999999999,0
N=CC1NC(=N)N1C=O,126.119,3,3,2,1,5,80.04,-1.0415600000000003,1
NC1=C(O)C(=O)C=N1,112.088,4,2,0,1,4,75.68,-0.6742999999999999,0
NC1=NC=NCN1C=O,126.11899999999999,4,1,1,1,5,71.05,-1.2410999999999999,0
N=C1NC(=N)C(CO)O1,129.119,4,4,1,1,5,89.19000000000001,-1.1208600000000002,1
N=C1COC(=O)OCN1,130.103,4,2,0,1,5,71.41,-0.32243000000000016,0
NC(=O)c1cnoc1N,127.103,4,2,1,1,5,95.14,-0.6443000000000001,0
N=Cc1noc(=N)n1O,128.091,6,3,1,1,6,98.89,-0.8094600000000003,0
CC(O)C1=NNC1=N,113.12,3,3,1,1,4,68.47,-0.6963300000000001,1
N=C1OC=NC(=O)CO1,128.087,4,1,0,1,5,71.74,-0.47713000000000005,0
N=C1OCC(=O)C(=N)O1,128.087,5,2,0,1,5,83.23,-0.48566000000000015,0
N#CCN1C=NNN=N1,124.107,6,1,1,1,6,76.14,-0.35932000000000003,0
N#CC(N)c1cnon1,124.103,5,1,1,1,5,88.73,-0.40702000000000016,1
Nc1cc(N)c(C=O)o1,126.115,4,2,1,1,4,82.25,0.2565000000000001,0
COC(=O)c1cn[nH]n1,127.10300000000001,4,1,1,1,5,67.87,-0.40870000000000023,0
COc1c[nH]nnc1=N,126.119,4,2,1,1,5,74.65,-0.70723,0
N=c1[nH]c(=O)[nH]c(=O)o1,129.075,4,3,0,1,6,102.71,-1.8643299999999998,0
N=C1N=CN=C1CO,111.10399999999998,3,2,1,1,4,68.8,-0.5611300000000001,0
NCN=c1oc(=O)c1=O,128.087,5,1,1,1,5,85.66,-2.3075,0
N=COC1OCNC1=O,130.103,4,2,2,1,5,71.41,-0.9599300000000002,1
N=C1OC(=O)NCC1O,130.103,4,3,0,1,5,82.41,-0.9356300000000004,1
CN=C1N=C([O-])N1C=O,126.09499999999998,3,0,1,1,5,68.09,-1.8394999999999997,0
Cn1nc(N)c(CO)n1,128.135,5,2,1,1,5,76.96000000000001,-1.1104,0
CC1=NC(N)=NC1=O,111.104,3,1,0,1,4,67.81,-0.6978,0
N=C1N=C(C=O)C(=O)O1,126.07099999999997,4,1,1,1,5,79.58,-0.8821300000000001,0
N=CN1CCN=NC1=O,126.119,3,1,1,1,5,68.88,0.48127,0
Cc1nonc(CN)c1=O,141.13,5,1,1,1,5,82.00999999999999,-0.80308,0
Cc1nc(O)nn1C,113.11999999999999,4,1,0,1,4,50.940000000000005,-0.17088000000000014,0
N=C1NC(C=O)OCO1,130.103,4,2,1,1,5,71.41000000000001,-0.9599300000000002,1
NC1=NN=C1CC=O,111.10399999999998,4,1,2,1,4,67.81,-0.6978,0
CN=C1OC(=O)NC1=O,128.087,4,1,0,1,5,67.75999999999999,-0.7189000000000001,0
NC1=C(O)C(=O)N=C1,112.088,3,2,0,1,4,75.68,-0.6742999999999999,0
N=C1N=C(N)N=C1C=O,124.103,4,2,1,1,5,91.66,-1.06813,0
N=CN1C=NC(C=O)O1,127.10299999999997,4,1,2,1,5,65.75,-0.6060300000000001,1
COC1=CC(N)=NC1=O,126.11500000000001,3,1,1,1,4,64.68,-0.5859000000000001,0
O=CC(=O)c1ncn[nH]1,125.087,4,1,2,1,5,75.71000000000001,-0.8137000000000001,0
N#CC1=NC(=N)OCO1,125.08699999999999,4,1,0,1,5,78.46000000000001,-0.15245000000000003,0
N#Cc1cc(C=O)no1,122.08299999999998,4,0,1,1,4,66.89,0.35878,0
NC(=O)n1cnnc1,112.092,4,1,0,1,5,73.80000000000001,-0.7951000000000001,0
N=Cc1ncc(N)n1N,125.13500000000002,5,3,1,1,5,93.71,-0.8232300000000001,0
N=C1COC(=O)N=CN1,127.103,3,2,0,1,5,74.53999999999999,-0.26823000000000013,0
CC1=NC(=N)N=C1N,110.12,2,2,0,1,4,74.59,-0.24712999999999996,0
CN=C1NC(=O)C(=N)O1,127.10299999999998,4,2,0,1,5,74.54,-0.9041300000000001,0
N=C1N=CC(O)=C1N,111.104,3,3,0,1,4,82.46,-0.22362999999999988,0
N#CCNC1=NN=CC1=O,136.114,5,1,1,1,5,77.61,-0.9334200000000001,0
N=COC1CON1C=O,130.103,4,1,3,1,5,62.620000000000005,-0.6602300000000001,1
Cn1[nH]c(=O)nc1N,114.108,4,2,0,1,5,76.7,-1.3093999999999995,0
N#CC1N=CNC(=N)O1,124.10299999999998,4,2,0,1,5,81.26,-0.5810500000000003,1
N=C1OC(=O)OC1=NO,130.059,6,2,0,1,6,91.97,-0.08182999999999996,0
CN1C(=N)NC1C=O,113.11999999999998,2,2,1,1,4,56.190000000000005,-1.0188300000000001,1
O=Cc1cn[nH]c1O,112.08799999999998,3,2,1,1,4,65.98,-0.07220000000000004,0
CC1(O)COCC(=N)O1,131.131,4,2,0,1,4,62.540000000000006,-0.28103000000000006,1
N=C1N=NC(C=O)=N1,110.076,3,1,1,1,5,78.0,-0.015629999999999977,0
CC1=NC(=O)OC1=N,112.08799999999998,3,1,0,1,4,62.51,0.57477,0
CN=C1N=NNC1=N,111.10799999999999,3,2,0,1,5,72.96000000000001,-0.03762999999999994,0
COC1=NC(=O)C(N)=N1,127.10300000000001,4,1,0,1,5,77.03999999999999,-1.1138000000000003,0
CN=C1OC(=O)OC1=O,129.071,5,0,0,1,5,64.96000000000001,-0.29190000000000005,0
CN=C1NC(=N)C(=N)O1,126.11899999999999,4,3,0,1,5,81.32000000000001,-0.45346000000000036,0
COc1nc(C#N)n[nH]1,124.10300000000001,4,1,1,1,5,74.59,-0.31502000000000024,0
O=C1COC(=O)N=CN1,128.087,3,1,0,1,5,67.76,-0.7188999999999999,0
Nc1cnc(=O)oc1N,127.103,5,2,0,1,5,95.14,-0.8008,0
N=Cn1oc(=N)oc1=O,129.075,6,2,1,1,6,95.98000000000002,-1.0310599999999999,0
CCC(O)C1=NC(=N)N=N1,140.14600000000002,3,2,2,1,5,81.16000000000001,0.55637,1
Nc1[nH]ncc1C=O,111.10399999999997,3,2,1,1,4,71.77000000000001,-0.19560000000000038,0
N=C1N=C(N)N=C1C=O,124.103,4,2,1,1,5,91.66,-1.06813,0
Nc1coc(=O)nc1O,128.087,5,2,0,1,5,89.35000000000001,-0.6774,0
NC(=O)C1=CN=NC1=O,125.08699999999999,3,1,1,1,5,84.88,-0.6520000000000001,0
Nc1nc(C=O)cn1O,127.10299999999997,5,2,1,1,5,81.14,-0.48490000000000005,0
CC1=NC(O)C(=N)O1,114.10399999999998,4,2,0,1,4,65.67,-0.26932999999999996,1
COC1=NNC(=N)C1=O,127.10299999999998,4,2,0,1,5,74.53999999999999,-0.9041300000000003,0
COC1NC(=O)C(=N)O1,130.103,4,2,1,1,5,71.41,-0.95993,1
N=C1OC(=O)NCC1=O,128.087,4,2,0,1,5,79.25,-0.7274300000000002,0
N=Cn1cnc(N)c1N,125.135,5,3,1,1,5,93.71,-0.49733,0
COC1=NN=CC1=N,111.10399999999998,4,1,0,1,4,57.800000000000004,0.05046999999999996,0
N=C1OCC(=O)OC1=N,128.087,5,2,0,1,5,83.22999999999999,-0.48566000000000015,0
N=C1N=C(CO)C(=O)N1,127.10299999999998,3,3,1,1,5,85.53999999999999,-1.5157300000000002,0
O=C1COCC(=NO)O1,131.087,5,1,0,1,5,68.12,-0.6525000000000003,0
N=CNC1OCNC1=O,129.119,3,3,2,1,5,74.21000000000001,-1.3869300000000002,1
COC1=NN=CC1=NC=O,139.11399999999998,4,0,1,1,5,63.38,-0.3719000000000001,0
N=C1COC(=N)C1=NO,127.103,5,3,0,1,5,89.52,-0.1561600000000002,0
NC1=NC(N)=C1NC=O,126.11899999999999,4,3,2,1,5,93.5,-1.769,0
COC1=NNC(=O)C1=O,128.087,4,1,0,1,5,67.75999999999999,-1.3548000000000002,0
N=C1COCOC(=N)O1,130.103,5,2,0,1,5,75.39,-0.0806599999999999,0
N=C1OCC(=O)C(=N)O1,128.087,5,2,0,1,5,83.23,-0.48566000000000015,0
N=C1N=CC(O)=C1NC=O,139.11399999999998,3,3,2,1,5,85.53999999999999,-0.4363300000000001,0
N=CC1N=CNC(=O)O1,127.10299999999998,4,2,1,1,5,74.54,-0.26982999999999996,1
N#Cc1conc1O,110.07199999999999,4,1,0,1,4,70.05,0.25187999999999994,0
CN=C1OC(=N)C(=O)O1,128.087,5,1,0,1,5,71.74,-0.47713,0
N=CN1OC(=O)C1C=O,128.087,4,1,2,1,5,70.46000000000001,-1.0652300000000001,1
N=Cc1ncc(N)c(=N)o1,138.13,5,3,1,1,5,99.75000000000001,-0.2660600000000001,0
CC(=O)n1cnc(=N)o1,127.103,5,1,0,1,5,71.88,-0.38433,0
Nc1cc(N)n(C=O)n1,126.11900000000001,5,2,1,1,5,86.92999999999999,-0.9142000000000001,0
O=C1CC(=NO)C(=O)N1,128.087,4,2,0,1,5,78.75999999999999,-1.1369,0
CN=NC1OCC(=N)O1,129.119,5,1,1,1,5,67.03,0.37607000000000007,1
Nc1cnc(N)n1C=O,126.119,5,2,1,1,5,86.92999999999998,-0.9142000000000001,0
N=c1[nH]ccn1C(=O)O,127.103,3,3,0,1,5,81.87,-0.17823000000000017,0
N=C1OCN=C(C=O)O1,128.087,5,1,1,1,5,71.74,-0.47713000000000005,0
N=Cc1conc1N,111.10400000000001,4,2,1,1,4,75.9,0.25447000000000014,0
N=C1N=CNC=NCO1,126.11899999999999,4,2,0,1,5,69.83,-0.44493000000000005,0
N=C1C=NC(N)=NC1=O,124.10300000000001,4,2,0,1,5,91.66,-1.0681300000000002,0
N#CC(=N)NC1=CN=N1,121.103,4,2,1,1,5,84.39,0.34155,0
NC1=CNC(=O)N=CO1,127.103,3,2,0,1,5,76.71,-0.4879,0
NC(=O)c1ncc(N)o1,127.103,4,2,1,1,5,95.14,-0.6443000000000003,0
CC1OC(=N)OC(=O)O1,131.087,5,1,0,1,5,68.61,0.4505699999999999,1
N=Nc1oncc1C=O,125.08699999999997,5,1,2,1,5,79.31,1.14957,0
N=C1NC(=O)COC1=N,127.103,4,3,0,1,5,86.03,-0.9126600000000002,0
CN=C1C=C(N)N=[N+]1[O-],126.11900000000001,4,1,0,1,5,76.80999999999999,-0.20909999999999973,0
N=C1OCC(=N)C(=O)O1,128.087,5,2,0,1,5,83.23,-0.48566000000000015,0
N=C1NCC(=O)NC1=O,127.103,3,3,0,1,5,82.05000000000001,-1.79033,0
CCn1nncc1N=O,126.11899999999999,5,0,2,1,5,60.14,0.6959,0
CNC1=NC(N)=NC1=O,126.119,4,2,0,1,5,79.84,-1.5408,0
NC1=CC(=O)C(O)=N1,112.088,3,2,0,1,4,75.68,-0.6743000000000001,0
CC1=C(OC#N)N=C1O,124.099,3,1,1,1,4,65.61,0.6856800000000001,0
N=CN1C=NC1C=O,111.10399999999997,3,1,2,1,4,56.52,-0.53763,1
COc1cnc(O)nc1N,141.12999999999997,5,2,1,1,5,81.26,-0.2270000000000002,0
N=CC1OCN=C(N)O1,129.11900000000003,5,2,1,1,5,80.69,-0.7189300000000001,1
COC1=CC(=O)C(N)=N1,126.11500000000001,4,1,1,1,4,64.68,-0.5859000000000001,0
CC(O)C1=NN=C1N,113.12000000000002,4,2,1,1,4,70.97,-0.9060000000000001,1
COC1=NC(=N)OC1=O,128.087,4,1,0,1,5,71.74000000000001,-0.47713,0
N=C(O)c1coc(=N)o1,128.087,4,3,1,1,5,94.21,0.23544000000000004,0
N=c1cnc(C=O)no1,125.08699999999999,5,1,1,1,5,79.84,-0.63843,0
N=C1COC(=N)NCO1,129.119,4,3,0,1,5,78.19,-0.5076600000000002,0
CN=C1OC(=O)C(O)O1,131.087,5,1,0,1,5,68.12,-1.1360000000000001,1
N=Cc1ncn[nH]c1=O,124.103,4,2,1,1,5,82.49000000000001,-0.8374300000000001,0
N=C1OCCNC(=O)O1,130.103,4,2,0,1,5,71.41,-0.32243000000000016,0
CC(=O)N1N=C(N)C1=O,127.103,4,1,0,1,5,75.75999999999999,-1.3527,0
N=C1COCOC(=N)O1,130.103,5,2,0,1,5,75.39,-0.0806599999999999,0
Nc1nccc(=O)n1N,126.119,5,2,0,1,5,86.92999999999999,-1.4607000000000003,0
N=C1ONC(=O)CC1=O,128.087,4,2,0,1,5,79.25,-1.0157300000000002,0
N=c1nc(C=O)nc[nH]1,124.10299999999998,4,2,1,1,5,82.49000000000001,-0.9033300000000004,0
CC(=NO)c1ncn[nH]1,126.119,4,2,1,1,5,74.16,0.0029000000000000137,0
N=C1NC(=O)NCC1=O,127.103,3,3,0,1,5,82.05000000000001,-1.15443,0
N#CC(N)n1ccnn1,123.11899999999999,5,1,1,1,5,80.52,-0.7410200000000002,1
N#CCC(=O)c1cnno1,137.09799999999998,5,0,2,1,5,79.78,0.16597999999999996,0
N=CC1=C(N)N=CC1=O,123.115,4,2,1,1,4,79.30000000000001,-0.5402300000000002,0
N=C1N=C(C(N)=O)O1,113.076,3,2,1,1,5,88.53000000000002,-1.1648300000000003,0
NC1=NC(=O)C(O)=C1,112.08799999999997,3,2,0,1,4,75.67999999999999,-0.6742999999999999,0
NC(=O)OC1=NCCO1,130.103,4,1,0,1,5,73.91000000000001,-0.5321,0
Cc1nc(=N)on1CO,129.119,5,2,1,1,5,75.04,-0.7862100000000003,0
N=C1OC(=O)N=C1CO,128.087,4,2,1,1,5,82.74,-0.45282999999999995,0
O=C1CCNC(=O)CN1,128.131,2,2,0,1,4,58.2,-1.377499999999999,0
Cn1nc(N)c[n+]1[O-],114.108,4,1,0,1,5,70.78,-1.3642999999999996,0
N=C1OCC(=O)C(=N)O1,128.087,5,2,0,1,5,83.23,-0.48566000000000015,0
N=C1OCCOC(=N)O1,130.103,5,2,0,1,5,75.39,-0.0806599999999999,0
N=C1COC(=O)NCO1,130.103,4,2,0,1,5,71.41,-0.3224300000000002,0
N=CN1C=C(O)NCO1,129.119,4,3,1,1,5,68.58000000000001,-0.25533000000000006,0
O=Cc1n[nH]c(CO)n1,127.10299999999998,4,2,2,1,5,78.87,-0.8905000000000001,0
COC1=NC(=N)C(N)=N1,126.11900000000001,4,2,0,1,5,83.82,-0.6631300000000002,0
N=CN1CC(=N)OC1=O,127.10299999999998,4,2,1,1,5,77.24000000000001,0.022940000000000016,0
N=CN1C=NC(CO)O1,129.11899999999997,4,2,2,1,5,68.91000000000001,-0.8126300000000002,1
Nc1cnc(C=O)nc1,123.11499999999998,4,1,1,1,4,68.87,-0.12869999999999976,0
N=C1OC=NCC(=O)O1,128.087,5,1,0,1,5,71.74,-0.47713000000000005,0
NC1=NC(CO)=NC1=O,127.10299999999998,4,2,1,1,5,88.03999999999999,-1.7254,0
CC(O)C1=NNC1=O,114.104,3,2,1,1,4,61.690000000000005,-1.1470000000000002,1
CN=C1C=C(N)N=N1,110.12000000000002,3,1,0,1,4,63.099999999999994,0.28060000000000007,0
N=c1[nH]nc(C=O)n1N,127.107,5,3,1,1,6,100.55,-1.7830300000000001,0
CC(O)C1=NC(CO)=N1,128.131,4,2,2,1,4,65.18,-0.8299000000000001,1
N#CC(O)C1=NOC1=N,125.087,5,2,1,1,5,89.46000000000001,-0.7656500000000002,1
N=C1CN=NC(C=O)O1,127.10299999999997,5,1,1,1,5,74.87,-0.028930000000000122,1
N=C1OCOC(=N)O1,116.076,5,2,0,1,5,75.39,-0.1231600000000001,0
N=C1NC(=O)OC1C=O,128.087,4,2,1,1,5,79.25,-0.7290300000000001,1
N#CCOC1=NC(=N)C=N1,136.11399999999998,4,1,1,1,5,81.58999999999999,-0.05575000000000002,0
NC1=NC(COC=O)=N1,127.10299999999998,5,1,3,1,5,77.04,-1.1138,0
Nn1[nH]c(O)nc1=O,116.07999999999998,5,3,0,1,6,96.93,-2.0092000000000003,0
NC1=C(N)C(C=O)=N1,111.10399999999998,4,2,1,1,4,81.47,-1.2735999999999998,0
N=C1NC(=O)COC1=N,127.103,4,3,0,1,5,86.03,-0.9126600000000002,0
N=C1OCN=C(N)CO1,129.119,5,2,0,1,5,80.69,-0.71733,0
N#CCc1nc(O)n[nH]1,124.103,4,2,1,1,5,85.59,-0.42362000000000005,0
N=Cc1ncnc(=N)o1,124.103,5,2,1,1,5,86.62,-0.45325999999999994,0
CC(=O)C1=NC(=O)N1,112.088,2,1,1,1,4,58.53,-0.3028999999999999,0
N=C1N=CNC(=O)CO1,127.10299999999998,3,2,0,1,5,74.54,-0.9041300000000001,0
COC1NCN=CNC1=O,143.14600000000002,4,2,1,1,5,62.72,-1.3358999999999994,1
N=CN1COC(=O)CN1,129.119,4,2,1,1,5,65.42,-1.0856300000000003,0
N=C1NC(CO)N=CO1,129.119,4,3,1,1,5,77.7,-1.11233,1
N=C1OC(=N)C(=O)O1,114.05999999999999,5,2,0,1,5,83.23,-0.5281600000000002,0
CNC1=NC(O)=NC1=O,127.10299999999998,3,2,0,1,5,74.05000000000001,-0.9415000000000002,0
CC1=NN=C(N)C1=N,110.12,4,2,0,1,4,74.59,-0.24712999999999996,0
N=C1N=COC(=O)CO1,128.087,4,1,0,1,5,71.74,-0.47713000000000005,0
CCC1OCCNC(=N)O1,144.174,3,2,1,1,4,54.34,0.29366999999999976,1
NC(=O)C1=NC(N)=N1,112.09200000000001,4,2,1,1,5,93.83,-1.8014999999999999,0
NC1=NN=C1CC=O,111.10399999999998,4,1,2,1,4,67.81,-0.6978,0
CC1(CO)N=NC1=O,114.104,3,1,1,1,4,62.02,-0.27019999999999994,1
Nc1onnc1CC=O,127.10299999999998,5,1,2,1,5,82.00999999999999,-0.6068000000000002,0
N=C1OC=C(O)NCO1,130.103,5,3,0,1,5,74.57000000000001,-0.12803000000000003,0
N=C1OC(=N)C(C=O)O1,128.087,5,2,1,1,5,83.23,-0.48726000000000025,1
N=C(N)C1=NC(N)=N1,111.10800000000002,4,3,1,1,5,100.61,-1.3508299999999998,0
N=CN1C(=N)OC1=NO,128.09099999999998,5,3,1,1,6,92.76,-0.39436,0
NC1=NN=C1CC=NCO,140.14600000000002,5,2,3,1,5,83.33,-0.8760999999999999,0
NC1=NC(=O)C(CO)=N1,127.10299999999998,4,2,1,1,5,88.03999999999999,-1.7253999999999996,0
O=CC1=NC(F)=NC1=O,128.062,3,0,1,1,5,58.86,-0.508,0
N=C1NC(=N)C(=O)O1,113.076,4,3,0,1,5,86.03000000000002,-0.95516,0
N#CC1N=COC(=N)O1,125.08699999999997,5,1,0,1,5,78.46,-0.15405000000000008,1
CN=C1N=CN=C1CO,125.13099999999999,3,1,1,1,4,57.31,-0.5101,0
N=CN1CC(=O)OC1=N,127.10299999999998,4,2,1,1,5,77.24000000000001,-0.61296,0
N#CN=CC1=NC(=O)O1,123.071,4,0,1,1,5,74.81,0.08698000000000002,0
Nc1cnnc(C=O)n1,124.103,5,1,1,1,5,81.76,-0.7337,0
Cc1noc(=O)nc1N,127.10300000000001,5,1,0,1,5,82.01,-0.6795800000000001,0
COC1=C(O)N=C1O,115.08799999999998,3,2,1,1,4,62.05,0.32999999999999996,0
COC1=NC(=N)N=C1O,127.103,2,2,0,1,5,78.03,-0.06383000000000005,0
Nc1oncc1NC=O,127.10299999999998,4,2,2,1,5,81.15,-0.17490000000000022,0
CN=C1NC(=N)C(=O)O1,127.10299999999998,4,2,0,1,5,74.54,-0.9041300000000003,0
N=CC1N=C(C(N)=O)N1,126.119,4,3,2,1,5,91.33000000000001,-1.5509300000000001,1
N=c1oc(N)nnc1C=O,140.102,6,2,1,1,6,105.86000000000001,-1.05623,0
CN=C1N=C(N)N=C1N,125.13500000000002,4,2,0,1,5,89.11999999999999,-1.2997999999999994,0
NC1=C(N)C(=O)N=N1,112.092,4,2,0,1,5,93.83,-0.9347000000000003,0
N=C1OCNC(=O)CO1,130.10299999999998,4,2,0,1,5,71.41,-0.9583300000000003,0
Cc1onnc1C=N,111.10399999999998,4,1,1,1,4,62.77,0.37568999999999997,0
NC=C1ON=C(N)C1=O,127.103,5,2,0,1,5,90.69999999999999,-1.3420000000000003,0
N=C1NC=C(O)C1=NO,127.103,4,4,0,1,5,88.7,-0.20353,0
CC(O)C1=NOC1=O,115.088,4,1,1,1,4,58.89000000000001,-0.7200000000000002,1
COC1=NC(=N)N=C1N,126.11900000000001,3,2,0,1,5,83.82,-0.66313,0
N=C1CC(=O)COCO1,129.11499999999998,4,1,0,1,4,59.38000000000001,-0.07282999999999995,0
CCn1ncnc1N,112.136,4,1,1,1,4,56.730000000000004,-0.11980000000000002,0
N=C(N)C1=NC=NC1=O,124.103,3,2,1,1,5,91.66,-1.06813,0
N=C1N=C(N)N=C1C=O,124.103,4,2,1,1,5,91.66,-1.06813,0
CCC1=NN=NC1=N,110.11999999999999,3,1,1,1,4,60.93,1.19547,0
N=C1N=C(O)C(C=O)=N1,125.08699999999997,2,2,1,1,5,85.86999999999999,-0.4688300000000001,0
CC1=NN=C(CN)C1=O,125.131,4,1,1,1,4,67.81,-0.6553,0
N=c1occn1C=O,112.088,4,1,1,1,4,58.99,-0.40113,0
N=C1OC(=O)N1CC=O,128.087,4,1,2,1,5,70.46000000000001,-0.42772999999999994,0
COC(=N)c1nnc[nH]1,126.119,4,2,1,1,5,74.65,-0.22353000000000017,0
C#CCc1noc(N)n1,123.11500000000001,4,1,1,1,4,64.94,-0.1725,0
NC1=C(O)C(C=O)=N1,112.088,4,2,1,1,4,75.68,-0.6742999999999999,0
N=C1NC(C=O)OC1=N,127.103,4,3,1,1,5,86.03,-0.9142600000000001,1
Cc1noc(=O)n1C=N,127.103,5,1,1,1,5,71.88,-0.40011000000000013,0
CC(=O)n1cnn1CO,129.11900000000003,5,1,1,1,5,60.05,-0.7055,0
COc1ncn(C=N)n1,126.119,5,1,2,1,5,63.790000000000006,-0.25813000000000014,0
CCC1=NC(=N)N=N1,110.12,2,1,1,1,4,60.93,1.19547,0
N=CN1C=NC1NC=O,126.11899999999997,3,2,3,1,5,68.55000000000001,-1.0330300000000001,1
C#Cc1n[nH]nnc1=O,122.08699999999999,4,1,0,1,5,71.53,-1.4588,0
N=C1CNC=NC(=O)N1,126.11899999999999,3,3,0,1,5,77.34,-0.6952300000000002,0
COc1cnc(=N)oc1,126.11499999999998,4,1,1,1,4,59.11,0.16266999999999993,0
COC1=NN=C1C=NC=N,138.13,4,1,2,1,5,70.16,0.07876999999999995,0
N=C1COC(=N)C(=O)O1,128.087,5,2,0,1,5,83.23,-0.48566000000000015,0
N=C1NN=C(CO)C1=O,127.10299999999998,4,3,1,1,5,85.53999999999999,-1.5157300000000002,0
Cc1nc(N)nn1C=O,126.119,5,1,1,1,5,73.8,-0.7929800000000002,0
N=c1onc(CO)n1CN,144.134,6,3,2,1,6,101.05999999999999,-1.63593,0
CC1=NC(=O)C(O)=N1,112.08799999999998,2,1,0,1,4,62.019999999999996,-0.09849999999999998,0
Nc1c([O-])noc1C=O,127.07899999999998,5,1,1,1,5,92.18,-0.8571000000000002,0
NC(=O)C1=NNC1=O,113.076,3,2,1,1,5,84.55000000000001,-2.0425,0
N=C1NC(=N)C(=O)CO1,127.103,4,3,0,1,5,86.03000000000002,-0.91266,0
O=CN1OC(=O)C1=O,115.04399999999998,4,0,1,1,5,63.68,-1.5568000000000002,0
N=C1NC=NC=COC1=O,139.11399999999998,4,2,0,1,5,74.53999999999999,-0.39043000000000005,0
N=c1[nH]cc(O)oc1=N,127.103,4,4,0,1,5,96.86000000000001,-0.7277600000000002,0
C#CCNC1=NC(=O)N=C1,135.126,2,1,1,1,4,53.82,-0.1878999999999999,0
N=CC1=NC=NC1=N,108.104,3,2,1,1,4,72.42,0.09614,0
N=CNC1C(=O)OC1=O,128.087,4,2,2,1,5,79.25,-1.3649300000000002,0
O=CC1COCC1=NO,129.115,4,1,1,1,4,58.89,-0.33810000000000023,1
CC(=N)OC1=NN=C1O,127.103,4,2,0,1,5,78.03,0.2837700000000001,0
NC1=CC(=O)C(N)=N1,111.10400000000001,4,2,0,1,4,81.47,-1.2735999999999998,0
NC1=NC(=O)C(CO)=N1,127.10299999999998,4,2,1,1,5,88.03999999999999,-1.7253999999999996,0
NC1(C=O)COC(=O)N1,130.103,4,2,1,1,5,81.42000000000002,-1.4199,1
N=C1NC(=O)C(=N)O1,113.076,4,3,0,1,5,86.03000000000002,-0.9551600000000002,0
O=Cc1n[nH]c(C=O)n1,125.08699999999997,4,1,2,1,5,75.71000000000001,-0.5703,0
NC(=O)Oc1c[nH]nn1,128.091,4,2,1,1,6,93.89000000000001,-0.7378000000000002,0
N=C(N)N1N=CC1=O,112.09199999999998,3,2,0,1,5,82.53999999999999,-1.29213,0
N=c1oc(N)coc1=O,128.087,5,2,0,1,5,93.22,-0.70553,0
Nc1oc(C=O)nc1O,128.087,5,2,1,1,5,89.35000000000001,-0.2250999999999999,0
N=C1CC(=N)OC(=O)O1,128.087,5,2,0,1,5,83.23,0.49784,0
CC(=O)C1=NNC1=O,112.088,3,1,1,1,4,58.53,-0.9388000000000001,0
COC1=NC(=N)OC1=O,128.087,4,1,0,1,5,71.74000000000001,-0.47713,0
CN=C1N=C(O)N=C1N,126.119,3,2,0,1,5,83.33,-0.7004999999999999,0
O=CC1=C(O)OC1=O,114.05599999999997,4,1,1,1,4,63.6,-0.4883,0
Nn1[nH]cc(C=O)c1=O,127.10299999999998,4,2,1,1,5,80.88,-1.2973000000000003,0
Cc1nnc(CO)nc1N,140.146,5,2,1,1,5,84.92,-0.7454800000000001,0
N=C1OC(=N)C(=N)O1,113.076,5,3,0,1,5,90.01,-0.07748999999999995,0
N=Cn1c(=N)nc[nH]c1=N,138.134,5,4,1,1,6,105.16,-1.3746900000000004,0
N=c1occ(N)oc1=O,128.08700000000002,5,2,0,1,5,93.22,-0.70553,0
N=C1NCC(=O)C(N)CO1,143.14600000000002,4,3,0,1,5,88.2,-1.56263,1
CC1(C(=O)O)NC1=N,114.104,2,3,1,1,4,83.09,-0.5898300000000003,1
N=C1C=CN(N)C1=O,111.104,3,2,0,1,4,70.18,-0.7642300000000002,0
N=CCC1=NN=C1N,110.12000000000002,4,2,2,1,4,74.59,-0.24712999999999996,0
N=C1C=C(N)N=NC1=O,124.10300000000001,4,2,0,1,5,91.66,-0.20133000000000012,0
Cc1nnc(=N)n(O)n1,127.107,6,2,0,1,6,87.68,-1.3017100000000001,0
Cn1ncc(=O)c(=N)[nH]1,126.119,4,2,0,1,5,74.53,-1.4121299999999999,0
NC1=C(N)C(=O)N=C1,111.10399999999998,3,2,0,1,4,81.47,-1.2736000000000003,0
COC(=O)c1ncc(N)o1,142.114,5,1,1,1,5,78.35,0.043399999999999994,0
CN=C1OC(=N)C(=O)O1,128.087,5,1,0,1,5,71.74,-0.47713,0
NC1=CC(OC=O)=C1N,126.115,4,2,2,1,4,78.34,-0.8141,0
NCc1n[nH]c(C=O)n1,126.11899999999997,4,2,2,1,5,84.66,-0.9241000000000004,0
C#CC(=N)n1nco1,109.088,4,1,0,1,4,54.81,-0.06532999999999994,0
CN=C1OCOC(=N)O1,130.103,5,1,0,1,5,63.900000000000006,-0.07212999999999997,0
Nc1cnoc(=O)c1N,127.103,5,2,0,1,5,95.14,-0.8008,0
N=C1COCNC(=O)N1,129.119,3,3,0,1,5,74.21,-0.7494300000000003,0
NC1=NC(=O)C(C=O)=N1,125.08699999999997,4,1,1,1,5,84.88,-1.5188,0
N=C1COC(=N)C(=O)N1,127.103,4,3,0,1,5,86.03,-0.9126600000000002,0
N=c1ncoc(CO)n1,127.103,5,2,1,1,5,83.0,-0.9586300000000001,0
CC1=NC(=O)C(CO)=N1,126.11499999999998,3,1,1,1,4,62.019999999999996,-0.6217000000000001,0
N=C1COC(=N)CON1,129.119,4,3,0,1,5,78.19,-0.5076600000000002,0
N=C1COC(=N)OCO1,130.103,5,2,0,1,5,75.39,-0.08066000000000012,0
N=C1COC(=O)COC1=N,142.114,5,2,0,1,5,83.22999999999999,-0.44316000000000016,0
COc1n[nH]c(=O)n1C=N,142.118,5,2,2,1,6,83.75999999999999,-0.9648300000000001,0
COC1=C(N)C(=N)N=N1,126.11900000000001,4,2,1,1,5,83.82000000000001,0.20367000000000018,0
COC1=NC(=N)N=C1N,126.11900000000001,3,2,0,1,5,83.82,-0.66313,0
N#CCNc1conn1,124.103,5,1,2,1,5,74.74000000000001,0.005079999999999807,0
N=C1NC(=O)COC1=N,127.103,4,3,0,1,5,86.03,-0.9126600000000002,0
N=C1CNC(=O)OC=N1,127.10299999999998,3,2,0,1,5,74.54,-0.26823000000000013,0
N=Cc1nc(O)oc1N,127.103,5,3,1,1,5,96.13,-0.03993000000000002,0
O=Cc1nc[nH]c(=O)n1,125.08699999999999,4,1,1,1,5,75.71000000000001,-1.0226,0
CN=C1C=NC(CN)=N1,124.147,3,1,1,1,4,63.099999999999994,-0.5437000000000001,0
CC1=NC(=O)C(N)=N1,111.104,3,1,0,1,4,67.81,-0.6978,0
CN=C1C=NC(N)=[N+]1[O-],126.119,4,1,0,1,5,76.80999999999999,-1.0758999999999999,0
N=CN1CC(=N)NC1=O,126.11899999999999,3,3,1,1,5,80.04,-0.40406000000000003,0
O=CC1OC(=O)C1=NO,129.071,5,1,1,1,5,75.96000000000001,-1.0591,1
CNc1nc(C=O)no1,127.10299999999998,5,1,2,1,5,68.02000000000001,-0.07619999999999999,0
N=C1N=C(N)N=C1CO,126.119,4,3,1,1,5,94.82000000000001,-1.27473,0
N=C1NC=CNCOC1=O,141.13,4,3,0,1,5,74.21000000000001,-0.8716300000000001,0
CC(=O)C1=NN=C1N,111.10400000000001,4,1,1,1,4,67.81,-0.6978,0
COC1=NN=C(F)C1=N,129.094,4,1,0,1,5,57.800000000000004,0.34767,0
N#CC1NCC(=N)N1C=N,137.14600000000002,4,3,1,1,5,86.76,-0.6743800000000002,1
COCc1noc(=N)o1,130.103,5,1,2,1,5,72.25,-0.10652999999999974,0
N=C1OCNC(=O)CO1,130.10299999999998,4,2,0,1,5,71.41,-0.9583300000000003,0
N=Cc1cnoc1N,111.104,4,2,1,1,4,75.9,0.25447000000000003,0
N=C1N=C(C(=O)CN)O1,127.103,4,2,2,1,5,88.53,-1.1223299999999998,0
N=C(N)OC1=NCCN1,128.13500000000002,4,3,0,1,5,83.49000000000001,-1.14433,0
CC1=NC(=N)N=C1CO,125.13099999999999,2,2,1,1,4,68.8,-0.1710299999999999,0
N=C1OC(=N)C(=N)O1,113.076,5,3,0,1,5,90.01,-0.07748999999999995,0
CNC1=NC(=O)N=C1N,126.119,3,2,0,1,5,79.84,-0.9049,0
NCC1=NC(C=O)=N1,111.10399999999998,4,1,2,1,4,67.81,-1.0453999999999999,0
O=Cc1cnncc1O,124.09899999999998,4,1,1,1,4,63.08,-0.005300000000000027,0
CC(=N)OC1=NN=C1N,126.11900000000001,5,2,0,1,5,83.82,-0.31553000000000003,0
NCC1=NC(=NO)CO1,129.119,4,2,1,1,5,80.2,-0.8385000000000002,0
N=C1OCN=CNC1=O,127.10299999999998,4,2,0,1,5,74.53999999999999,-0.9041300000000003,0
CC(O)C1N=C1NC#N,125.131,4,2,1,1,4,68.41,-0.7814200000000002,2
N=COCC1=NOC1=O,128.087,5,1,3,1,5,71.74000000000001,-0.47713000000000005,0
N#CN1CN(C=O)CC1=N,138.13,3,1,1,1,5,71.19,-0.8237500000000002,0
COC(=N)N1N=CC1=N,126.119,4,2,0,1,5,72.53,-0.15376,0
Nc1cn(C=O)c(N)n1,126.119,5,2,1,1,5,86.92999999999999,-0.9142000000000001,0
CN=C1N=CC(CO)=N1,125.13099999999999,2,1,1,1,4,57.31,-0.5101,0
NC1=CC(=O)N=C1N,111.10400000000001,3,2,0,1,4,81.47,-1.2736000000000003,0
NC1=NC(CC=O)=C1N,125.13099999999999,4,2,2,1,4,81.47,-0.8835000000000004,0
N=C1N=NC=C1N=CN,123.119,3,2,1,1,5,86.95,0.2578700000000001,0
NC1=NC=C(C=O)C1=O,124.09899999999998,4,1,1,1,4,72.52,-0.9909000000000001,0
CC1=NC(=N)C(=O)N=N1,124.103,3,1,0,1,5,78.0,0.37446999999999997,0
N=C1ON=C(CO)C1=O,128.087,5,2,1,1,5,82.74000000000001,-1.0887300000000002,0
CC(=O)C1=NC(N)=N1,111.10400000000001,4,1,1,1,4,67.81,-0.6978,0
COC1=NC(=O)N=C1O,128.087,2,1,0,1,5,71.25,0.12140000000000001,0
N=Cc1nc(N)[n+]([O-])[nH]1,127.10700000000001,4,3,1,1,6,105.49000000000001,-1.3770300000000004,0
C#CC(=O)C1=NN=N1,107.07200000000002,4,0,1,1,4,54.15,-0.032,0
CNC(=O)C1=NN=C1N,126.11900000000001,4,2,1,1,5,79.84,-1.5408,0
CC(=O)c1n[nH]c(=N)o1,127.103,4,2,1,1,5,82.74,-0.31523000000000007,0
CC(C#N)N1OC1=N,111.10399999999998,3,1,1,1,4,63.18,0.08045000000000008,1
CN=C1N=NC1C#N,108.10399999999998,3,0,0,1,4,60.87,0.37268000000000007,1
CC(=O)C1=NN=C1N,111.10400000000001,4,1,1,1,4,67.81,-0.6978,0
N=C1COC(=N)NCO1,129.119,4,3,0,1,5,78.19,-0.5076600000000002,0
N#CC1C=NC(CO)=NN1,138.13,5,2,1,1,5,80.77,-1.1416200000000003,1
N=C1N=CN=C1CN,110.12,3,2,1,1,4,74.59,-0.59473,0
CC1=C(C=N)C(=O)N=N1,123.115,3,1,1,1,4,65.64,0.9023700000000001,0
N=C(N)N1CCC(=O)O1,129.119,3,2,0,1,5,79.41000000000001,-0.9562299999999997,0
N=Cn1oc(=N)oc1=O,129.075,6,2,1,1,6,95.98000000000002,-1.0310599999999999,0
CNC1=NC(=O)N=C1C,125.13099999999999,2,1,0,1,4,53.82,0.19880000000000003,0
N=C1CNC(=N)C(=N)O1,126.11899999999999,4,4,0,1,5,92.81000000000002,-0.4619900000000005,0
CC(=O)N1C=NC1=N,111.104,2,1,0,1,4,56.52,-0.18842999999999993,0
N#CC1=CN(C=N)CN1,122.13099999999999,3,2,1,1,4,62.910000000000004,-0.17885000000000012,0
COc1ncoc(=O)n1,128.087,5,0,1,1,5,65.22,-0.5616000000000001,0
N=C1NCC(=O)CN=CO1,141.13,4,2,0,1,5,74.54,-0.8616300000000001,0
N#CC1NC(=N)NC1O,126.11899999999999,3,4,0,1,5,91.93,-1.6754500000000003,2
COC1=NC(=N)C(N)=N1,126.11900000000001,4,2,0,1,5,83.82,-0.6631300000000002,0
O=C1CC(O)C(=O)CO1,130.099,4,1,0,1,4,63.599999999999994,-1.1367,1
N=C1NC(=O)C(=O)CO1,128.087,4,2,0,1,5,79.25000000000001,-1.36333,0
CN=C1N=CN=C1N,110.12,3,1,0,1,4,63.099999999999994,-0.5861999999999998,0
CC(=O)c1n[nH]c(N)n1,126.11900000000001,4,2,1,1,5,84.66,-0.41050000000000003,0
N=C1C=C(C(N)=O)O1,112.088,3,2,1,1,4,76.17,-0.6369300000000002,0
N=C1ONC(=O)C1=O,114.05999999999999,4,2,0,1,5,79.25,-1.4058300000000001,0
CCN1NCC(=O)OCO1,146.146,5,1,1,1,5,50.80000000000001,-0.7411999999999999,0
CC1=NC(=N)OC1=NCN,140.146,4,2,1,1,5,83.82,-0.27303,0
NC=C1NC(=O)N1N,114.108,3,3,0,1,5,84.38,-1.3571000000000002,0
Cc1noc(=O)n1C=N,127.103,5,1,1,1,5,71.88,-0.40011000000000013,0
N#CCc1n[nH]c(O)n1,124.103,4,2,1,1,5,85.59,-0.4236200000000002,0
N=C1OC1OC(N)=O,116.07600000000001,4,2,1,1,5,88.69999999999999,-0.58473,1
CC(=O)C(N)C1NCO1,130.147,4,2,2,1,4,64.35000000000001,-1.1939,2
CC1=NC(N)=NC1=O,111.104,3,1,0,1,4,67.81,-0.6978,0
N=CNC1NCC(=O)O1,129.119,4,3,2,1,5,74.21000000000001,-1.3869300000000002,1
CNC(=O)c1cnco1,126.11499999999998,3,1,1,1,4,55.13,0.03419999999999995,0
N=CN1C(=O)NC1=O,113.07599999999998,3,2,1,1,5,73.26,-0.26133,0
N#CC1(CO)C=NC=N1,123.11499999999998,4,1,1,1,4,68.74,-0.64622,1
N=CN1C(=N)OC1=O,113.07599999999998,4,2,1,1,5,77.24000000000001,-0.01955999999999991,0
N=c1[nH]c(=N)oc(=O)[nH]1,128.091,4,4,0,1,6,109.48999999999998,-1.7450600000000005,0
COc1n[nH]c(=O)c(N)n1,142.118,5,2,1,1,6,93.89,-1.2443000000000002,0
COc1nc[nH]c(=O)n1,127.103,4,1,1,1,5,67.87,-0.8265,0
N=C1N=CN=C(N)C1=O,124.103,4,2,0,1,5,91.66,-1.06813,0
CC1OCC(=O)OC1=N,129.11499999999998,4,1,0,1,4,59.38,-0.07442999999999994,1
COC1=NC(N)=C1CO,128.131,4,2,1,1,4,67.84,-0.7925000000000002,0
N#CC(O)C1=NC=N1,109.08800000000001,4,1,1,1,4,68.74,-0.68872,1
N=COC1NCOC1=N,129.119,5,3,2,1,5,78.19,-0.5092600000000003,1
Cn1nc(CO)[nH]c1=O,129.119,4,2,1,1,5,70.91,-1.3992999999999998,0
COc1n[nH]c(=N)n1N,129.123,5,3,1,1,6,92.71,-1.5869299999999997,0
N=C1NC(=N)C(=O)OCO1,143.102,5,3,0,1,6,95.26000000000002,-0.98106,0
N=CN1OCCNC1=O,129.119,3,2,1,1,5,65.42000000000002,-0.4497299999999999,0
NC(=O)n1ccn1O,115.09199999999998,4,2,0,1,5,73.18,-0.5463,0
N=Cc1[nH]ncc1N=O,124.103,4,2,2,1,5,81.96000000000001,0.8052699999999999,0
CNC1=NN=C1OC#N,124.103,5,1,0,1,5,69.77000000000001,-0.5709200000000001,0
N=CN1C=COC(=N)O1,127.10299999999998,4,2,1,1,5,69.4,0.26324000000000003,0
N=CN1CC(=O)NCO1,129.119,3,2,1,1,5,65.42,-1.0856299999999999,0
CN=C1N=NC(=O)N1,112.09199999999998,2,1,0,1,5,66.17999999999999,0.14760000000000006,0
O=CN1CC(=O)NCN1,129.119,3,2,1,1,5,61.440000000000005,-1.9632999999999994,0
N#CC1=NC(N)=NC1=N,121.10300000000001,4,2,0,1,5,98.38,-0.7434500000000002,0
CN=C1NC(=O)NC1=O,127.10299999999998,3,2,0,1,5,70.56,-1.1459000000000001,0
NC1=NC(C=O)=C1N,111.10399999999998,4,2,1,1,4,81.47,-1.2736000000000003,0
NC1=CN=C(N)C1=O,111.104,4,2,0,1,4,81.47,-1.2735999999999998,0
N=C1OCC(C=O)=NO1,128.087,5,1,1,1,5,71.74,-0.4771300000000003,0
NC1COC(=O)NC=N1,129.11899999999997,4,2,0,1,5,76.71,-0.9607000000000001,1
N=C1CNC(=N)OCO1,129.119,4,3,0,1,5,78.19000000000001,-0.5076600000000004,0
Nc1cnc(OC=O)[nH]1,127.10299999999998,4,2,2,1,5,81.0,-0.47290000000000004,0
N=C1NC(=O)OCC1N,129.119,4,3,0,1,5,88.2,-0.9692300000000003,1
O=c1nc(CO)c1=O,113.07199999999997,4,1,1,1,4,67.25999999999999,-1.8301,0
COc1onc(N)c1O,130.103,5,2,1,1,5,81.51,-0.02899999999999997,0
Nc1cnnc(C=O)n1,124.103,5,1,1,1,5,81.76,-0.7337,0
N=C1C=C(N)N=C1N,110.12000000000002,4,3,0,1,4,88.25,-0.8229300000000002,0
C#CC(N)C1=NNC1=O,123.115,3,2,1,1,4,67.47999999999999,-1.5673000000000004,1
CC(=O)n1ncc(N)n1,126.119,5,1,0,1,5,73.8,-0.47959999999999997,0
N=C1C(N)=NN=C1C=O,124.10299999999998,5,2,1,1,5,91.66,-1.0681300000000002,0
Nc1ncc(C=O)n1F,129.094,4,1,1,1,5,60.91,0.010399999999999965,0
CC1=NC(=N)N=C1N,110.12,2,2,0,1,4,74.59,-0.24712999999999996,0
N=Cn1ncoc1=O,113.07599999999998,5,1,1,1,5,71.88,-0.7085299999999999,0
Cc1nc(C=N)nn1N,125.135,5,2,1,1,5,80.58,-0.70201,0
N=c1[nH]cc[nH]c1=NCO,140.14600000000002,3,4,1,1,5,88.02,-1.3272300000000001,0
Nc1noc(=O)c(N)n1,128.091,6,2,0,1,6,108.03,-1.4058000000000002,0
C#CC1=NN=NC1=N,106.088,3,1,0,1,4,60.93,0.41867000000000004,0
NC1=CC(N)=NC1=O,111.10400000000001,3,2,0,1,4,81.47,-1.2736000000000003,0
NC(C=O)c1nc1=O,112.088,4,1,2,1,4,73.05000000000001,-1.4839000000000002,1
CN=C1OC(=O)N=C1N,127.10300000000001,4,1,0,1,5,77.03999999999999,-0.47789999999999994,0
Nc1cnc(C=O)cn1,123.11499999999998,4,1,1,1,4,68.87,-0.12869999999999998,0
CN=c1ncc(N)no1,126.119,5,1,0,1,5,77.3,-0.8177000000000003,0
N=COC1(CN)N=CO1,129.119,5,2,3,1,5,80.69,-0.7189300000000001,1
COC(=O)c1ncno1,128.08700000000002,5,0,1,1,5,65.22,-0.14379999999999993,0
CN=NC1=NC(=O)C=N1,124.103,4,0,0,1,5,66.50999999999999,0.0354000000000001,0
NC1=C(F)C=NC1=O,114.079,2,1,0,1,4,55.449999999999996,-0.26279999999999987,0
CC(N)C1=NOC1=O,114.10399999999998,4,1,1,1,4,64.68,-0.7536,1
CC(O)n1cnnc1N,128.135,5,2,1,1,5,76.96,-0.6289000000000002,1
N#CC1=NC(=N)N1C=O,122.08699999999999,3,1,1,1,5,80.31,-0.68475,0
N=C1C=NC(=O)N=C1N,124.10300000000001,3,2,0,1,5,91.66,-0.43223000000000006,0
N=C1NCNCC(=O)O1,129.119,4,3,0,1,5,74.21000000000001,-1.3853299999999997,0
N#COCC1=NN=C1N,124.10300000000002,5,1,2,1,5,83.75999999999999,-0.78912,0
N#CC(=O)C1NC(=N)N1,124.103,3,3,1,1,5,88.77000000000001,-1.46725,0
N=C1OC(=O)OC1=N,114.05999999999999,5,2,0,1,5,83.22999999999999,0.10774,0
N=C1OC(=N)C(=O)O1,114.05999999999999,5,2,0,1,5,83.23,-0.5281600000000002,0
COC1=NC(=O)C(N)=N1,127.10300000000001,4,1,0,1,5,77.03999999999999,-1.1138000000000003,0
N=C1OC(=O)NC1=O,114.05999999999999,4,2,0,1,5,79.25,-0.7699300000000002,0
CN=c1cnoc(=N)[nH]1,126.11899999999999,4,2,0,1,5,78.03,-0.98733,0
N=C1N=NC(C=O)=C1O,125.08699999999997,4,2,1,1,5,85.87,0.39796999999999993,0
N=C1OCC(=O)C(=N)O1,128.087,5,2,0,1,5,83.23,-0.48566000000000015,0
N=C(N)C1=NC(N)=C1,110.12,3,3,1,1,4,88.25,-0.8229299999999997,0
N=C1C=NC(O)=C1N,111.104,4,3,0,1,4,82.46,-0.22362999999999988,0
Nc1cc(OC=O)co1,127.09899999999998,4,1,2,1,4,65.46000000000001,0.397,0
N=C1OC=C(N)C1=O,112.08800000000001,4,2,0,1,4,76.16999999999999,-0.6369300000000002,0
O=CC(=O)n1cn[nH]1,113.076,4,1,1,1,5,67.75,-0.9497000000000002,0
N=C1C(O)=NN=C1CO,127.103,4,3,1,1,5,89.03,-0.67543,0
N=c1cnc(CN)no1,126.11900000000001,5,2,1,1,5,88.79,-0.99223,0
N=CN1CC(=N)NCO1,128.135,3,3,1,1,5,72.2,-0.6349600000000002,0
COC1=NC(=O)C(N)=N1,127.10300000000001,4,1,0,1,5,77.03999999999999,-1.1138000000000003,0
N=C(C=O)OC1OC1=N,128.087,5,2,2,1,5,86.53,-0.48725999999999997,1
CC(O)C1=C(N)OC1=N,128.131,4,3,1,1,4,79.33000000000001,-0.4550300000000002,1
Cn1cnc(=N)n1CO,128.135,5,2,1,1,5,66.83,-1.3491300000000002,0
N=c1nc1C(O)C=O,112.08799999999997,4,2,2,1,4,74.03999999999999,-1.3310300000000002,1
N=C1N=NC=C1C(N)=O,124.103,3,2,1,1,5,91.66,-0.2013299999999999,0
CC(O)C1=NN=C1N,113.12000000000002,4,2,1,1,4,70.97,-0.9060000000000001,1
Nc1conc(N)c1=O,127.10300000000001,5,2,0,1,5,95.13999999999999,-0.8008,0
CNc1nn(C=O)n1C=N,141.134,6,2,3,1,6,75.7,-0.7802300000000002,0
O=CC1(O)NCC1=NO,130.103,5,3,1,1,5,81.92,-1.6927000000000005,1
COC1=NN=C1CO,114.10399999999998,4,1,1,1,4,54.18000000000001,-0.6068,0
COC1=NN=C1NC=N,126.11899999999999,4,2,1,1,5,69.83000000000001,-0.4449300000000002,0
N=c1nc(C=O)cn[nH]1,124.10299999999998,4,2,1,1,5,82.49000000000001,-0.9033300000000002,0
Nc1ncc(C=O)c(N)n1,138.13,5,2,1,1,5,94.89,-0.5465000000000002,0
N=C1NCOC(=O)CCO1,144.13,4,2,0,1,5,71.41,-0.5682300000000002,0
N=c1cn[nH]c(CN)n1,125.135,4,3,1,1,5,91.44,-1.2571300000000005,0
N=c1cnnc(N)o1,112.092,5,2,0,1,5,88.79,-0.8687300000000002,0
CN=C1N=CNC1=O,111.10399999999998,2,1,0,1,4,53.82,-0.8272000000000002,0
NC1=C(C=O)C(=O)C=N1,124.09899999999999,4,1,1,1,4,72.52000000000001,-0.9909000000000001,0
CN(C#N)C1=NNC1=O,124.103,4,1,0,1,5,68.49000000000001,-1.1574200000000001,0
Nc1cnoc1C=NC=O,139.11399999999998,4,1,2,1,5,81.47999999999999,-0.16789999999999994,0
O=CC1=NN=CC1=O,110.07199999999997,4,0,1,1,4,58.86,-0.8052000000000001,0
Nc1coc(=O)nc1N,127.10300000000001,5,2,0,1,5,95.14,-0.8008,0
NC1=CC(O)=NC1=O,112.088,2,2,0,1,4,75.68,-0.6742999999999999,0
N=CC1=C(O)C(C=O)=N1,124.09899999999998,4,2,2,1,4,73.50999999999999,0.059069999999999956,0
N=C1COCC(=N)OC1,128.131,4,2,0,1,4,66.16,0.030239999999999878,0
N=C1C=C(O)C(N)=N1,111.104,3,3,0,1,4,82.46,-0.22362999999999988,0
N=C1NC(=N)C(=O)CO1,127.103,4,3,0,1,5,86.03000000000002,-0.91266,0
CN=C1OC(O)NC1=O,130.10299999999998,4,2,0,1,5,70.92,-1.5630000000000002,1
CC(=O)C1=NC(=N)O1,112.088,3,1,1,1,4,62.510000000000005,-0.06112999999999996,0
CC(O)C1=NNC1=O,114.104,3,2,1,1,4,61.690000000000005,-1.1470000000000002,1
C#CC(C)c1nnno1,123.11500000000001,4,0,1,1,4,51.81,0.20130000000000003,1
N=Cc1ncnc(N)n1,123.11900000000001,5,2,1,1,5,88.54,-0.5485300000000002,0
CC(=N)C1=NC(O)=N1,111.104,3,2,1,1,4,68.8,0.35217,0
N=Cc1nc(=N)nc[nH]1,123.119,4,3,1,1,5,89.27000000000001,-0.7181600000000004,0
Nc1cnc(NC=O)[nH]1,126.11899999999999,3,3,2,1,5,83.79999999999998,-0.43980000000000036,0
N#CN(C#N)N1C=N1,107.07600000000001,5,0,1,1,5,66.19,-0.5755399999999999,0
NC1=NN=C1C(N)C=O,126.11899999999999,5,2,2,1,5,93.82999999999998,-1.7606000000000004,1
CC(=O)C1=NN=C1N,111.10400000000001,4,1,1,1,4,67.81,-0.6978,0
N=C1ON=C(CO)C1=N,127.10299999999998,5,3,1,1,5,89.52000000000001,-0.6380600000000003,0
COc1nc(OC=N)n[nH]1,142.118,5,2,3,1,6,83.88,-0.20083000000000018,0
N=CN1CC(=O)OCN1,129.119,4,2,1,1,5,65.42,-1.0856300000000003,0
N=C1CN(C=O)OC1=O,128.087,4,1,1,1,5,70.46000000000001,-1.06363,0
O=CC1OC(O)=NCC1=O,143.09799999999998,4,1,1,1,5,75.96000000000001,-0.9328000000000001,1
N=CN1N=CCNC1=O,126.11899999999999,3,2,1,1,5,68.55000000000001,-0.3955299999999999,0
Nc1ncc(CO)nn1,126.119,5,2,1,1,5,84.92,-1.0539000000000003,0
N=C1OC(=O)N=C1N,113.07600000000001,4,2,0,1,5,88.53,-0.5289300000000001,0
N=C1NCOC(=O)N1,115.092,3,3,0,1,5,74.21,-0.79193,0
N#Cc1n[nH]cc1N,108.10399999999998,3,2,0,1,4,78.49,-0.13641999999999987,0
CC1=NC(CO)=NC1=O,126.11499999999998,3,1,1,1,4,62.02,-0.6217000000000001,0
CC(=N)OC1OC1=O,115.08799999999998,4,1,1,1,4,62.68,-0.11693000000000014,1
CC(=N)C1=NC(N)=N1,110.12000000000002,4,2,1,1,4,74.59,-0.24712999999999996,0
NC1=NC(C=O)=NC1=O,125.08699999999997,4,1,1,1,5,84.88,-1.5188,0
NC1=NC(=O)N=C1O,113.07599999999998,2,2,0,1,5,88.04,-0.5663,0
CC1=NC(=O)N=C1C=O,124.09899999999998,2,0,1,1,4,58.86,0.22080000000000005,0
N#CC(=O)n1cn[nH]1,110.076,4,1,0,1,5,74.47,-0.6250200000000001,0
N=C1OC(=O)C(=O)O1,115.04399999999998,5,1,0,1,5,76.45,-0.9788300000000001,0
N#CCC1=NN=C1N,108.10400000000001,4,1,1,1,4,74.53,-0.37311999999999984,0
N=C1COC(=N)C(=N)O1,127.103,5,3,0,1,5,90.01,-0.034989999999999966,0
N=C1N=C(N)C(N)=N1,111.10800000000002,3,3,0,1,5,100.61,-1.3508299999999998,0
N=CN1COC(=N)C1=N,126.11899999999999,4,3,1,1,5,84.02000000000001,-0.16229000000000016,0
N=C1CNC(=O)C(=N)O1,127.10299999999998,4,3,0,1,5,86.03000000000002,-0.9126600000000002,0
N=CNC1=C(N)C=NC1=O,138.13,3,3,2,1,5,91.33000000000001,-1.0356299999999998,0
N=CNc1cnoc1N,126.119,4,3,2,1,5,87.93,0.27577,0
N=c1cnonc1CN,126.11900000000001,5,2,1,1,5,88.79,-0.99223,0
N=C1C(=O)OC=NC1N,127.103,5,2,0,1,5,88.53,-1.12393,1
CNC(=O)C1=NN=C1N,126.11900000000001,4,2,1,1,5,79.84,-1.5408,0
Nc1cnc(NC=O)o1,127.10299999999998,4,2,2,1,5,81.14999999999999,-0.17490000000000022,0
CN=C1N=CN=C1N,110.12,3,1,0,1,4,63.099999999999994,-0.5861999999999998,0
N=C1OCOC(=O)C1=O,129.071,5,1,0,1,5,76.45,-0.9363300000000001,0
N=C(O)C1=NC=NC1=N,124.103,3,3,1,1,5,92.65,-0.018159999999999954,0
CN=C1C=C(O)N=N1,111.104,3,1,0,1,4,57.31,0.8799000000000001,0
N=C1OCCOC(=N)C1=N,141.13,5,3,0,1,5,90.00999999999999,0.007510000000000017,0
C#Cc1n[nH]c(=N)n1N,123.119,4,3,0,1,5,83.48,-1.61423,0
NC1=CC(O)=NC1=NC=O,139.114,2,2,1,1,5,88.03999999999999,-0.6459999999999999,0
N#Cc1cn[nH]c(=O)n1,122.08699999999999,4,1,0,1,5,82.42999999999999,-0.9634200000000002,0
N=CN1C=NCC(=O)O1,127.10299999999998,4,1,1,1,5,65.75,-0.6044300000000002,0
N=C(O)C1=NN=C1N,112.09200000000001,4,3,1,1,5,94.82,-0.75153,0
N=C1C=NC(=N)N1CO,126.119,3,3,1,1,5,83.53,-0.76536,0
N=C1COC(=N)C(=O)O1,128.087,5,2,0,1,5,83.23,-0.48566000000000015,0
N=CC(=O)N1COCO1,130.103,4,1,1,1,5,62.620000000000005,-0.65863,0
NC1=C(C=O)C(=O)N1,112.088,3,2,1,1,4,72.19,-1.5146,0
N=C1COC(=O)N=CO1,128.087,4,1,0,1,5,71.74,0.15877000000000002,0
N=C1COC(=O)OC1=N,128.087,5,2,0,1,5,83.22999999999999,0.15023999999999993,0
CC1=NC(=N)NC1=NC=O,138.13,2,2,1,1,5,77.67,-0.4598300000000002,0
N=CN1N=COC1C=O,127.10299999999997,4,1,2,1,5,65.75,-0.6060300000000001,1
N=CN1C(=N)C1CO,113.11999999999998,3,3,2,1,4,70.94,-0.7527600000000003,1
N#CCC(=O)NC1CO1,126.11499999999998,3,1,2,1,4,65.42,-0.6274200000000001,1
NC(=O)C1=CN=NC1=O,125.08699999999999,3,1,1,1,5,84.88,-0.6520000000000001,0
Cc1nnc(CO)n1N,128.135,5,2,1,1,5,76.96000000000001,-1.2073800000000001,0
Nc1cn[nH]c(=O)c1O,127.10299999999998,4,3,0,1,5,92.0,-0.9423000000000001,0
N=C1C=C(N)OC1=O,112.088,4,2,0,1,4,76.17000000000002,-0.6369300000000002,0
N=c1[nH]ncc(=O)n1O,128.09099999999998,5,3,0,1,6,94.76,-1.7118299999999997,0
CC1=NC(=O)C=NC1=N,123.11499999999998,2,1,0,1,4,65.64,0.035570000000000046,0
N=C1N=CN=C(O)CO1,127.10299999999998,3,2,0,1,5,78.03,-0.06383000000000011,0
N=CN(C=O)N1CNC1,128.135,4,2,3,1,5,59.43000000000001,-1.2129300000000003,0
COC1=NN=C1C=N,111.10399999999998,4,1,1,1,4,57.800000000000004,0.05046999999999996,0
COC(=O)C1=NC(=N)N1,127.10300000000001,3,2,1,1,5,74.53999999999999,-0.9041300000000001,0
CN1COC(=N)C(=O)O1,130.10299999999998,5,1,0,1,5,62.620000000000005,-0.6586300000000003,0
N=C1NC(C=O)C(=N)O1,127.103,4,3,1,1,5,86.03000000000002,-0.9142600000000001,1
NC(=O)C1=NC(CO)=N1,127.103,4,2,2,1,5,88.04,-1.7253999999999996,0
N#Cc1nc(CN)no1,124.10300000000001,5,1,1,1,5,88.73,-0.60002,0
N=C1ON=CNC1=CO,127.10299999999997,5,3,0,1,5,77.7,-0.07383000000000006,0
COC1=NN=C1C=NC#N,136.11399999999998,5,0,1,1,5,70.1,-0.04722000000000004,0
N=c1[nH]cc[nH]c1=NO,126.119,3,4,0,1,5,88.02,-0.8878300000000001,0
N#CC1=NN=CC1=N,106.08799999999998,4,1,0,1,4,72.36,-0.029849999999999932,0
N=C1OC(O)C(=N)C1C=O,142.11399999999998,5,3,1,1,5,94.22999999999999,-0.8528600000000004,2
N=Cn1cn[nH]c1=NO,127.10699999999999,5,3,1,1,6,90.05,-1.04373,0
COC1=NC(=O)C(=N)O1,128.087,4,1,0,1,5,71.74,-0.47713,0
COC1=NN=C1CO,114.10399999999998,4,1,1,1,4,54.18000000000001,-0.6068,0
Nc1cn(N)c(C=O)n1,126.119,5,2,1,1,5,86.92999999999999,-1.0084,0
N=C1COC(=O)CON1,130.103,4,2,0,1,5,71.41,-0.9583300000000001,0
O=C(O)C1=NN=C1O,114.06,3,2,1,1,5,82.25,-0.6029,0
CC(=O)n1ncc(N)n1,126.119,5,1,0,1,5,73.8,-0.47959999999999997,0
Nc1nc(C=O)cn1N,126.11899999999999,5,2,1,1,5,86.92999999999999,-1.0084,0
NC(=O)C1=NC=NC1=O,125.08699999999999,3,1,1,1,5,84.88,-1.5188,0
N=C1N=CN=C1C=O,109.08799999999998,3,1,1,1,4,65.64,-0.35453,0
Cc1nc(=O)oc(=O)[nH]1,128.087,4,1,0,1,5,75.96000000000001,-0.96848,0
O=C1CN=COC(=O)N1,128.087,4,1,0,1,5,67.75999999999999,-0.7189000000000001,0
N=C1OCN1C=NC=O,127.10299999999998,3,1,2,1,5,65.75,-0.6044300000000002,0
N=C(O)c1coc(=N)[nH]1,127.10299999999998,3,4,1,1,5,96.85999999999999,-0.02945999999999993,0
Cn1nc[nH]c1=NC=O,126.11899999999999,3,1,1,1,5,63.04,-1.1946999999999999,0
COC1=NC(=O)C(N)=N1,127.10300000000001,4,1,0,1,5,77.03999999999999,-1.1138000000000003,0
N=C1N=C(C(N)=O)O1,113.076,3,2,1,1,5,88.53000000000002,-1.1648300000000003,0
N=C1CNC(=O)OCO1,130.10299999999998,4,2,0,1,5,71.41000000000001,-0.3224300000000002,0
O=C1NCC(=O)C(=O)N1,128.087,3,2,0,1,5,75.27,-1.6051000000000002,0
N=CN1CC(=O)NCO1,129.119,3,2,1,1,5,65.42,-1.0856299999999999,0
CNC(=O)c1cn[nH]n1,126.119,3,2,1,1,5,70.67,-0.8357000000000003,0
NC1=NC(=O)N=C1O,113.07599999999998,2,2,0,1,5,88.04,-0.5663,0
Cc1ncnn1C(N)=O,126.119,4,1,0,1,5,73.80000000000001,-0.48667999999999995,0
N=c1ocnn1C=NCO,142.11800000000002,6,2,2,1,6,87.4,-1.2182300000000001,0
N=C1OC(=O)OC1=NO,130.059,6,2,0,1,6,91.97,-0.08182999999999996,0
N#CCn1ncnc1N,123.119,5,1,1,1,5,80.52,-0.61612,0
CC(O)C1=C(N)N=N1,113.12000000000002,4,2,1,1,4,70.97,-0.03919999999999996,1
CC(=O)c1nn[nH]c1N,126.11900000000001,4,2,1,1,5,84.66,-0.41050000000000003,0
N=COC1C(=O)N1C=O,128.087,4,1,3,1,5,70.22999999999999,-1.0652300000000001,1
N=C1NC(=O)C(C=O)O1,128.087,4,2,1,1,5,79.25000000000001,-1.3649300000000002,1
COc1coc(=N)n1CO,144.13000000000002,5,2,2,1,5,71.38,-0.48102999999999996,0
N=CN1C=NC1C(=O)O,127.10299999999997,3,2,2,1,5,76.75,-0.6519299999999999,1
CC(=O)c1onnc1O,128.087,5,1,1,1,5,76.22,-0.022200000000000053,0
N=CN=C1C=NN=C1N,123.119,4,2,1,1,5,86.95,-0.60893,0
Nc1cc(=O)nc(N)o1,127.10300000000001,5,2,0,1,5,95.14,-0.8008000000000002,0
N=C1N=CC(=O)N=C1O,125.08699999999999,2,2,0,1,5,85.87,-0.4688299999999999,0
N=C1OC=NCNC1=O,127.103,4,2,0,1,5,74.53999999999999,-0.9041300000000003,0
N=CC1=NN=CC1=N,108.10399999999998,4,2,1,1,4,72.42,0.09614,0
N=c1oc(CO)cn1N,129.119,5,3,1,1,5,88.17,-1.23333,0
N=c1ncoc(=O)o1,114.05999999999999,5,1,0,1,5,80.09,-0.89273,0
CN1OCC(=O)C1OC#N,142.114,5,0,1,1,5,62.559999999999995,-0.7437200000000002,1
CN=C1OC(=O)NC1=N,127.103,4,2,0,1,5,74.53999999999999,-0.2682300000000001,0
N=C1CNC(=O)N=CN1,126.11899999999999,2,3,0,1,5,77.34,-0.6952300000000002,0
CN=C1NC(N)=NC1=O,126.119,3,2,0,1,5,79.84,-1.5408,0
Cn1c(=N)cn[nH]c1=O,126.11899999999999,4,2,0,1,5,74.53,-1.4121299999999999,0
N=C1OC=NCNCC1=O,141.13,5,2,0,1,5,74.53999999999999,-0.8616300000000003,0
Nc1nc(C=O)oc1N,127.10299999999998,5,2,1,1,5,95.14,-0.3485,0
N=C1NC(=O)C(=O)CO1,128.087,4,2,0,1,5,79.25000000000001,-1.36333,0
N=C1OC=NC=NC1O,127.10299999999998,5,2,0,1,5,78.03,-0.63113,1
O=c1cc(CO)nco1,127.09899999999999,4,1,1,1,4,63.33,-0.4728999999999999,0
CC1(C=O)OC(=N)O1,115.088,4,1,1,1,4,59.38000000000001,-0.11693000000000003,0
CC(O)C1=NN=C1N,113.12000000000002,4,2,1,1,4,70.97,-0.9060000000000001,1
N=C1N=C(N)C(N)=N1,111.10800000000002,3,3,0,1,5,100.61,-1.3508299999999998,0
N=C1NC(=N)C(=O)CO1,127.103,4,3,0,1,5,86.03000000000002,-0.91266,0
N=CN1CC(=N)OCO1,129.119,4,2,1,1,5,69.4,-0.2079600000000001,0
CC1=NC(=N)N=C1N,110.12,2,2,0,1,4,74.59,-0.24712999999999996,0
N=C1NC(=N)OC(=O)CO1,143.102,5,3,0,1,6,95.26,-0.98106,0
N=C1NC(=O)NC1C=O,127.10299999999998,3,3,1,1,5,82.05000000000001,-1.15603,1
N=CN1C=NC(=O)CO1,127.10299999999998,3,1,1,1,5,65.75,-0.60443,0
COC1=NC(CN)=NC1=O,141.13000000000002,4,1,1,1,5,77.03999999999999,-1.0713000000000001,0
N=C1OCC(=O)C(=N)O1,128.087,5,2,0,1,5,83.23,-0.48566000000000015,0
N=C(O)c1c[nH]c(=N)o1,127.10299999999998,3,4,1,1,5,96.86,-0.029460000000000153,0
CNC(=O)OC1OC1=N,130.10299999999998,4,2,1,1,5,74.71000000000001,-0.32403,1
N=C(CN)c1nc1=O,111.10399999999998,4,2,2,1,4,79.83000000000001,-1.35603,0
Cc1noc(NC#N)n1,124.10300000000001,5,1,1,1,5,74.74000000000001,0.2709999999999999,0
N#Cc1nn[nH]c1C=O,122.08699999999997,4,1,1,1,5,82.43,-0.51112,0
Cc1nc(NC#N)no1,124.103,5,1,1,1,5,74.74000000000001,0.2709999999999999,0
N=C1OCC(=O)OC1=O,129.071,5,1,0,1,5,76.44999999999999,-0.9363300000000001,0
Nc1cnnc(C=O)n1,124.103,5,1,1,1,5,81.76,-0.7337,0
Cc1nc(C=O)nn1N,126.119,5,1,1,1,5,73.8,-0.8871800000000001,0
CC1=NC(=N)C(O)=N1,111.10399999999998,2,2,0,1,4,68.8,0.35217,0
N=c1oc(=NO)c1=O,114.05999999999999,5,2,0,1,5,86.65,-1.7152300000000005,0
N=CN=C1N=CN=C1N,123.119,3,2,1,1,5,86.95,-0.60893,0
N=C1OC=C(O)NCO1,130.103,5,3,0,1,5,74.57000000000001,-0.12803000000000003,0
CN1COC(=N)OC=N1,129.11899999999997,5,1,0,1,5,57.91,-0.19942999999999994,0
N=C1CNC(=N)OCO1,129.119,4,3,0,1,5,78.19000000000001,-0.5076600000000004,0
NC1=NCC(=O)C1=O,112.08799999999998,4,1,0,1,4,72.52,-1.5046,0
CN=c1ocnc(=O)o1,128.087,5,0,0,1,5,68.6,-0.8416999999999999,0
Cc1nc(N)nn1C=N,125.135,5,2,1,1,5,80.58,-0.3761100000000001,0
N=C1C=C(N)N=CC1=O,123.115,4,2,0,1,4,79.30000000000001,-0.5402300000000002,0
CC(=O)C1=NC(=O)N1,112.088,2,1,1,1,4,58.53,-0.3028999999999999,0
NC=C1N=CC(O)=[N+]1[O-],127.10299999999998,3,2,0,1,5,84.67999999999999,-0.7047999999999996,0
CC1=NC(=N)C(=O)O1,112.08799999999998,3,1,0,1,4,62.510000000000005,-0.06113000000000007,0
N#COCc1oncc1N,139.11399999999998,5,1,2,1,5,85.07,0.25448000000000004,0
N=C1COCOC(=N)O1,130.103,5,2,0,1,5,75.39,-0.0806599999999999,0
N=C1NCC(CO)=NCO1,143.14600000000002,4,3,1,1,5,77.7,-1.06823,0
N=C1COC(=O)NC1=N,127.103,4,3,0,1,5,86.03,-0.27676000000000023,0
COc1nn[nH]c1N=N,127.107,5,2,2,1,6,87.01,0.4757699999999998,0
N=C1N=CC(N)=C1C=O,123.115,3,2,1,1,4,79.30000000000001,-0.5402300000000002,0
CNC1=NC(=O)N=N1,112.092,3,1,0,1,5,66.18,0.1476,0
N=C1OC(=O)C(=O)O1,115.04399999999998,5,1,0,1,5,76.45,-0.9788300000000001,0
N#CCOC1=NC(=N)O1,125.08699999999999,4,1,1,1,5,78.46,-0.15245000000000003,0
N=C1COC(=N)C(=N)O1,127.103,5,3,0,1,5,90.01,-0.034989999999999966,0
N=CC(=N)c1ncno1,124.103,5,2,2,1,5,86.62,0.08704000000000012,0
NC1=C(N)C(=O)C=N1,111.10399999999998,4,2,0,1,4,81.47,-1.2736000000000003,0
O=C1COC(=O)OCN1,131.087,4,1,0,1,5,64.63000000000001,-0.7730999999999999,0
N=C1COCC(CO)N1,130.147,3,3,1,1,4,65.34,-1.05563,1
O=CNC1=COC1=O,113.07199999999997,3,1,2,1,4,55.4,-0.8694000000000002,0
COc1nonc1CO,130.103,5,1,2,1,5,68.38000000000001,-0.42950000000000005,0
N=C1NC(CO)N=CO1,129.119,4,3,1,1,5,77.7,-1.11233,1
Cc1noc(=N)c(O)n1,127.103,5,2,0,1,5,83.0,-0.43691,0
N=C1OCC(NC=O)O1,130.10299999999998,4,2,2,1,5,71.41,-0.9599300000000002,1
N=CN1COC(C=O)O1,130.10299999999998,4,1,2,1,5,62.620000000000005,-0.6602300000000001,1
Nc1ncoc1OC=O,128.087,5,1,2,1,5,78.35,-0.20800000000000013,0
N=C1OCCN=COC1=O,142.114,5,1,0,1,5,71.74000000000001,-0.43463000000000007,0
NC1=NN=C1CCN=O,126.119,5,1,3,1,5,80.16999999999999,-0.13029999999999986,0
CC(O)C1=NC(=O)N1O,130.103,3,2,1,1,5,73.13000000000001,-0.4094999999999999,1
N=C1NC(=O)C(=O)O1,114.05999999999999,4,2,0,1,5,79.25000000000001,-1.4058300000000001,0
N=C1C=C(CN)N=[N+]1[O-],126.11900000000001,4,2,1,1,5,88.30000000000001,-0.21762999999999988,0
NC(=O)OC1C=NC=N1,127.103,4,1,1,1,5,77.04,-0.47950000000000004,1
CC(=O)C1=NC(O)=N1,112.088,3,1,1,1,4,62.019999999999996,-0.09849999999999998,0
N=C1N=C(N)N1CC=O,126.119,3,2,2,1,5,82.53999999999999,-1.24963,0
N#CCN1C=NC1=N,108.10399999999998,2,1,1,1,4,63.24,-0.21134999999999998,0
COC1=NNC(=N)C1=O,127.10299999999998,4,2,0,1,5,74.53999999999999,-0.9041300000000003,0
CN=C1C=C(N)N=[N+]1[O-],126.11900000000001,4,1,0,1,5,76.80999999999999,-0.20909999999999973,0
N=CC1=NC(N)=C1CO,125.131,4,3,2,1,4,82.46000000000001,-0.7468300000000003,0
N=Cn1c(=O)ccn1N,126.11899999999999,5,2,1,1,5,76.8,-1.18123,0
N=C1COC(=O)OC1=N,128.087,5,2,0,1,5,83.22999999999999,0.15023999999999993,0
COc1n[nH]nc1CO,129.119,4,2,2,1,5,71.03,-0.6944000000000001,0
Cc1cnc(N)n1C=O,125.131,4,1,1,1,4,60.91,-0.1879800000000002,0
NC(=O)c1cocn1,112.08799999999998,3,1,1,1,4,69.12,-0.2265000000000001,0
Nc1ocnc(=O)c1N,127.103,5,2,0,1,5,95.14,-0.8008,0
O=C1N=CN=C1C=NO,125.08699999999997,4,1,1,1,5,74.38,-0.5441,0
NC1=NC(C=O)=C1N,111.10399999999998,4,2,1,1,4,81.47,-1.2736000000000003,0
N=CN1CC(=O)NC1=O,127.10299999999998,3,2,1,1,5,73.26,-0.85473,0
Cc1nc(O)[nH]c(=O)n1,127.10299999999998,4,2,0,1,5,78.87,-0.8210800000000003,0
CN=c1nc(CN)c1=O,125.131,4,1,1,1,4,68.34,-1.6933999999999996,0
N=C1C=NN(CO)C1=N,126.11899999999999,4,3,1,1,5,83.53,-0.76536,0
N=C1OC(=O)C1CNCO,144.13,5,3,3,1,5,82.41,-1.32393,1
NC1=NC(=O)C(C=O)=N1,125.08699999999997,4,1,1,1,5,84.88,-1.5188,0
N=C1NCOC(=O)CO1,130.103,4,2,0,1,5,71.41,-0.9583300000000001,0
N=C1NC(=O)OC1=N,113.076,4,3,0,1,5,86.03,-0.3192599999999998,0
Nc1noc(=O)n1CO,131.091,6,2,1,1,6,94.28000000000002,-1.6317000000000004,0
Nc1ncc(C=O)nc1N,138.12999999999997,5,2,1,1,5,94.89,-0.5465000000000002,0
N=C1OCNC=NC1=O,127.10299999999998,4,2,0,1,5,74.53999999999999,-0.9041300000000003,0
COC1=NNC(=N)C1=O,127.10299999999998,4,2,0,1,5,74.53999999999999,-0.9041300000000003,0
N=C1C=NC(=N)N1CN,125.13500000000002,3,3,1,1,5,89.32000000000001,-0.7989599999999999,0
NC(=O)n1cc[nH]c1=O,127.10299999999998,3,2,0,1,5,80.88,-0.8968,0
C#CC(=O)c1ncn[nH]1,121.099,3,1,1,1,4,58.64,-0.3794000000000001,0
N#CCc1ncnn1N,123.11900000000001,5,1,1,1,5,80.52,-0.9420200000000001,0
N=C1OCNC(C=O)O1,130.10299999999998,5,2,1,1,5,71.41,-0.9599300000000004,1
N=C1OCC(=O)OC1=O,129.071,5,1,0,1,5,76.44999999999999,-0.9363300000000001,0
N#CC1OC(=N)CC(=N)O1,139.114,5,2,0,1,5,89.95,0.22751999999999994,0
Cn1nc(CO)nc1N,128.135,5,2,1,1,5,76.96,-1.1104,0
N=Cn1[nH]c(=N)oc1=O,128.09099999999998,5,3,1,1,6,98.63,-1.2959600000000002,0
C#CC(O)n1ccn1N,125.131,4,2,1,1,4,56.11,-0.8725,1
N=C1CC(=N)OC(=O)N1,127.10299999999998,4,3,0,1,5,86.03,0.0708399999999999,0
N#CCc1conc1N,123.115,4,1,1,1,4,75.84,0.32288000000000006,0
CC(O)n1cn[nH]c1=N,128.135,4,3,1,1,5,77.69,-0.7985300000000002,1
N=CN1COC(=N)C1=O,127.10299999999998,4,2,1,1,5,77.24000000000001,-0.6129600000000004,0
N#CCC(=N)N1COC1,125.131,3,1,1,1,4,60.11,0.12455,0
CN=C1C=NNC1=CO,125.13099999999997,4,2,0,1,4,56.980000000000004,0.045600000000000085,0
NC1=NC(=O)C(N)=N1,112.092,4,2,0,1,5,93.83,-1.8014999999999999,0
N#CCNC1=NNC1=O,124.103,4,2,1,1,5,77.28,-1.45712,0
NC1=NN=C(C=O)C1=O,125.08699999999997,5,1,1,1,5,84.88,-1.5188,0
N=C1OCC(=NO)C1=O,128.087,5,2,0,1,5,82.74000000000001,-0.6068300000000002,0
CC(N)C1=NC(N)=[N+]1[O-],128.13500000000002,4,2,1,1,5,90.47,-1.4292999999999987,1
N=CCc1[nH]nnc1N,125.13500000000002,4,3,2,1,5,91.44,-0.4210300000000002,0
N=c1c(N)nocnc1=O,140.10199999999998,6,2,0,1,6,105.86000000000001,-1.5085300000000006,0
CC1(NC#N)NCC1=O,125.131,4,2,1,1,4,64.92,-1.0544200000000001,1
CNC1=NN=C1C=O,111.10399999999998,4,1,1,1,4,53.82,-0.8272000000000002,0
CN=C1N=NC(C#N)=N1,121.103,3,0,0,1,5,73.22999999999999,0.36008000000000007,0
N=C1N=C(N)N=C1C=O,124.103,4,2,1,1,5,91.66,-1.06813,0
C#Cc1noc(=N)n1C,123.115,4,1,0,1,4,54.81,-0.5261300000000002,0
N=c1[nH]ncnc1CO,126.11899999999999,4,3,1,1,5,85.65,-1.2235300000000005,0
COc1cn[nH]c(=N)n1,126.119,4,2,1,1,5,74.65,-0.70723,0
COC1=NC(=N)C(=O)O1,128.087,4,1,0,1,5,71.74,-0.47713,0
CN1N=CC(C=O)=NN1,126.119,5,1,1,1,5,57.06,-1.0229000000000001,0
CN=C1C=C(O)C(O)=N1,126.11499999999998,2,2,0,1,4,65.18,0.42669999999999997,0
N=C1C(=O)N=CN=C1N,124.10300000000001,4,2,0,1,5,91.66,-1.06813,0
COC1=NC(=N)N=C1O,127.103,2,2,0,1,5,78.03,-0.06383000000000005,0
NC(=O)C1=NC(N)=N1,112.09200000000001,4,2,1,1,5,93.83,-1.8014999999999999,0
Nc1[nH]ncc1OC=O,127.10299999999997,4,2,2,1,5,81.0,-0.47290000000000054,0
N=CC1=NC(=N)C=C1O,123.11499999999998,3,3,1,1,4,80.29,0.5097400000000001,0
CC1=C(O)N=NC1=N,111.10400000000001,3,2,0,1,4,68.80000000000001,1.2189699999999999,0
N=C1CON(C(N)=O)C1,129.119,3,2,0,1,5,79.41,-0.6679299999999999,0
N=C1OC(=N)C(C=O)O1,128.087,5,2,1,1,5,83.23,-0.48726000000000025,1
Cc1nnc(O)oc1=N,127.10299999999998,5,2,0,1,5,83.0,-0.4369100000000001,0
N=Cn1cc(N)c(=O)o1,127.103,5,2,1,1,5,85.01,-0.5213299999999998,0
CN=C1N=C(N)C=[N+]1[O-],126.119,3,1,0,1,5,76.80999999999999,-1.0758999999999999,0
COC1=NC=C(O)C1=N,126.11499999999998,4,2,0,1,4,65.67,0.46406999999999987,0
COc1cn[nH]c(=O)n1,127.103,4,1,1,1,5,67.87,-0.8265,0
CC1=NN=C(N)C1=O,111.104,4,1,0,1,4,67.81,-0.6978,0
COc1nnc(=N)[nH]n1,127.107,5,2,1,1,6,87.54,-1.3122300000000002,0
N=C1COC(=N)NCO1,129.119,4,3,0,1,5,78.19,-0.5076600000000002,0
N=C1N=C(N)C=C1N,110.12,3,3,0,1,4,88.25,-0.8229299999999997,0
CN=C1N=NC(=N)N1,111.10799999999999,2,2,0,1,5,72.96,-0.03762999999999994,0
O=CN1CN(C=O)C(=O)O1,144.08599999999998,4,0,2,1,6,66.92,-1.0741,0
N=Cn1cnc(N)c1N,125.135,5,3,1,1,5,93.71,-0.49733,0
O=CC1C(=NO)C1=NO,128.087,5,2,1,1,5,82.25,-0.5245000000000002,0
N=CN1C=NC(=O)OC1,127.10299999999998,3,1,1,1,5,65.75,0.031470000000000053,0
Cc1nc(N)nn1C=O,126.119,5,1,1,1,5,73.8,-0.7929800000000002,0
N=C1ON=C1OCCO,130.103,5,2,2,1,5,74.9,-0.6837300000000002,0
N=C1OC=NCOC1=O,128.087,5,1,0,1,5,71.74000000000001,-0.47713000000000005,0
N=C1OC=NC(O)CO1,130.10299999999998,5,2,0,1,5,74.9,-0.68533,1
N=c1ocnnc1CO,127.103,5,2,1,1,5,83.0,-0.9586300000000001,0
N=CN1CC(=O)OC1=O,128.087,4,1,1,1,5,70.46000000000001,-0.42772999999999994,0
O=C1N=CC([N+](=O)[O-])=N1,127.059,3,0,0,1,6,84.92999999999999,-0.134,0
O=CC1CN=NC(=O)O1,128.087,4,0,1,1,5,68.09,0.15629999999999994,1
COC1=NC(N)=NC1=N,126.11900000000001,4,2,0,1,5,83.82,-0.66313,0
Cn1cnc(CO)nc1=N,140.146,5,2,1,1,5,74.78999999999999,-1.21313,0
O=C1CN=COC(=O)N1,128.087,4,1,0,1,5,67.75999999999999,-0.7189000000000001,0
NC(=O)C1=NC=NC1=O,125.08699999999999,3,1,1,1,5,84.88,-1.5188,0
CC(N)(N)C1=C(O)O1,116.11999999999998,4,3,1,1,4,84.8,-0.6226999999999996,0
COC1=NOC(=N)C1=O,128.087,5,1,0,1,5,71.74000000000001,-0.47713,0
COC1=NC(N)=NC1=O,127.10300000000001,4,1,0,1,5,77.03999999999999,-1.1138000000000001,0
N=C1OC(C=O)OC1=O,129.071,5,1,1,1,5,76.44999999999999,-0.9379300000000002,1
CNC(=O)C1=NC(=N)N1,126.119,2,3,1,1,5,77.34,-1.3311300000000001,0
CC(=N)n1cnc(N)n1,125.135,5,2,0,1,5,80.58,-0.29443000000000014,0
N=C1OCNC1C(N)=O,129.119,4,3,1,1,5,88.19999999999999,-1.60513,1
N=C1COC(=N)C(=O)N1,127.103,4,3,0,1,5,86.03,-0.9126600000000002,0
N=CN1C=NC(=O)NC1,126.11899999999999,2,2,1,1,5,68.55,-0.39553000000000016,0
CC(=O)C1=NC(N)=N1,111.10400000000001,4,1,1,1,4,67.81,-0.6978,0
CNC(=O)n1ccn1N,128.135,4,2,0,1,5,64.98,-0.8091000000000002,0
COC1=NC(=O)C(N)=N1,127.10300000000001,4,1,0,1,5,77.03999999999999,-1.1138000000000003,0
N=C1OC(=N)C(C=O)O1,128.087,5,2,1,1,5,83.23,-0.48726000000000025,1
N=COC1COC(=N)O1,130.103,5,2,2,1,5,75.39,-0.08225999999999994,1
N=CN1CC(=O)NC1=O,127.10299999999998,3,2,1,1,5,73.26,-0.85473,0
NC(=O)c1cnno1,113.076,4,1,1,1,5,82.01,-0.8315000000000001,0
CC(=O)Nc1cnn[nH]1,126.119,3,2,1,1,5,70.67,-0.23690000000000028,0
N=C(N)C1NC(=O)O1,115.09199999999998,3,3,1,1,5,88.2,-1.0117299999999996,1
COC(=N)C1=NC(N)=N1,126.11900000000001,5,2,1,1,5,83.82,-0.6631300000000002,0
CC(O)C1=NC(=O)O1,115.088,3,1,1,1,4,58.89,-0.08410000000000006,1
N=C1CNC(=O)OCO1,130.10299999999998,4,2,0,1,5,71.41000000000001,-0.3224300000000002,0
CC(O)C1=NC(=N)O1,114.104,3,2,1,1,4,65.67,-0.26933000000000007,1
COC1=NC(=O)C(=N)O1,128.087,4,1,0,1,5,71.74,-0.47713,0
CC(O)C1=NC(N)=N1,113.12000000000002,4,2,1,1,4,70.97,-0.9060000000000001,1
N=COC1NCOC1=N,129.119,5,3,2,1,5,78.19,-0.5092600000000003,1
N=C1OCC(=O)C(=N)O1,128.087,5,2,0,1,5,83.23,-0.48566000000000015,0
CNC(=O)C1=NNC1=N,126.119,3,3,1,1,5,77.34,-1.3311299999999993,0
Cc1nnc(NC=O)o1,127.10299999999998,4,1,2,1,5,68.02000000000001,-0.053680000000000117,0
O=CC(=O)c1c[nH]nn1,125.087,4,1,2,1,5,75.71000000000001,-0.8137000000000003,0
Cn1cnc(=N)n1CO,128.135,5,2,1,1,5,66.83,-1.3491300000000002,0
N=CCn1cnnc1N,125.135,5,2,2,1,5,80.58,-0.4901300000000001,0
CC(=O)C1=NN=C1N,111.10400000000001,4,1,1,1,4,67.81,-0.6978,0
N=C1NC(=N)C(O)CO1,129.119,4,4,0,1,5,89.19000000000001,-1.1208600000000002,1
N=CC1=NC=NC1=NN,123.11900000000001,4,2,1,1,5,86.95,-0.60893,0
COc1cn[nH]c(=N)n1,126.119,4,2,1,1,5,74.65,-0.70723,0
Nc1ncc(C=O)nn1,124.103,5,1,1,1,5,81.76,-0.7337000000000002,0
CC(=O)c1cnnn1N,126.11900000000001,5,1,1,1,5,73.8,-0.8055000000000001,0
CC1=C(N)C(=O)N=N1,111.104,3,1,0,1,4,67.81,0.16900000000000015,0
N=c1ncoc(=N)o1,113.076,5,2,0,1,5,86.87,-0.77346,0
COC1=NC(=O)N=C1N,127.10300000000001,3,1,0,1,5,77.03999999999999,-0.47789999999999994,0
COC1=NC(=N)N1C=O,127.103,3,1,1,1,5,65.75,-0.6044300000000002,0
COc1ncnc(C=N)n1,138.13,5,1,2,1,5,71.75,-0.12213000000000002,0
N=C1OC(=N)C(=O)O1,114.05999999999999,5,2,0,1,5,83.23,-0.5281600000000002,0
N=C1C=C(N)OC1=N,111.104,4,3,0,1,4,82.95000000000002,-0.18625999999999998,0
CN=C1C(O)=NN=C1O,127.10299999999998,3,2,0,1,5,77.54,-0.10120000000000007,0
NC1=C(CO)NC1=O,114.10399999999998,3,3,1,1,4,75.35,-1.7212,0
N#CC1=NC(=O)C(N)=N1,122.087,4,1,0,1,5,91.6,-1.19412,0
CC(O)C1=NOC1=N,114.104,4,2,1,1,4,65.67000000000002,-0.26933000000000007,1
CN=C1C=NC(N)=[N+]1[O-],126.119,4,1,0,1,5,76.80999999999999,-1.0758999999999999,0
CN=C1C=NC(=N)O1,111.10399999999998,3,1,0,1,4,57.8,0.05046999999999996,0
CC(=O)c1nonc1N,127.10300000000001,5,1,1,1,5,82.01,-0.14559999999999995,0
COc1noc(=O)c(=N)o1,144.08599999999998,6,1,1,1,6,89.32000000000001,-0.8841299999999999,0
CN1CC(=O)OC(=O)N1,130.10299999999998,4,1,0,1,5,58.64,-0.9004000000000001,0
NC1=NC(=O)C(C=O)=N1,125.08699999999997,4,1,1,1,5,84.88,-1.5188,0
COc1noc(C=O)n1,128.087,5,0,2,1,5,65.22,-0.10930000000000006,0
N=Cc1nncc(CN)n1,137.146,5,2,2,1,5,88.54,-0.6720300000000001,0
Cc1cnc(N)nc1N,124.14700000000002,4,2,0,1,4,77.82,-0.050580000000000125,0
N=C1OC=NC(=O)CO1,128.087,4,1,0,1,5,71.74,-0.47713000000000005,0
CC(=N)N1OCC(=O)O1,130.10299999999998,4,1,0,1,5,62.620000000000005,-0.31103000000000014,0
CC1=NC(N)=NC1=N,110.12,3,2,0,1,4,74.59,-0.24712999999999996,0
N=c1occ(N)c(=O)o1,128.08700000000002,5,2,0,1,5,93.22000000000001,-0.70553,0
CNC1=NC(=N)NC1=O,126.11899999999999,3,3,0,1,5,77.34,-1.3311300000000001,0
N#CC1N=CNC(=N)O1,124.10299999999998,4,2,0,1,5,81.26,-0.5810500000000003,1
CNC1=NC(=O)NCO1,129.119,3,2,0,1,5,62.72,-0.7409000000000001,0
CC1=NC(N)=NC1=O,111.104,3,1,0,1,4,67.81,-0.6978,0
N=CC1=NC(=N)N=C1,108.104,2,2,1,1,4,72.42,0.09614,0
N=C1OCC(=O)NC1=O,128.087,4,2,0,1,5,79.25,-1.36333,0
N=Cc1[nH]nnc1C=O,124.103,4,2,2,1,5,82.49000000000001,-0.38513,0
CC1=C(N)C(=O)N=N1,111.104,3,1,0,1,4,67.81,0.16900000000000015,0
CN=C1N=C(N)NC1=O,126.119,3,2,0,1,5,79.84,-1.5408,0
N=Cc1ncn[nH]c1=O,124.103,4,2,1,1,5,82.49000000000001,-0.8374300000000001,0
CC1=NC(=O)C(N)=N1,111.104,3,1,0,1,4,67.81,-0.6978,0
N=CN1OCNC1C=O,129.119,4,2,2,1,5,65.42000000000002,-1.0872300000000001,1
COC1=NC(=O)C(N)=N1,127.10300000000001,4,1,0,1,5,77.03999999999999,-1.1138000000000003,0
Nc1coc(=O)n1CO,130.103,5,2,1,1,5,81.39,-1.0267000000000002,0
N=C1COC(=N)OCO1,130.103,5,2,0,1,5,75.39,-0.08066000000000012,0
COC1=NN=C(N)C1=O,127.103,5,1,0,1,5,77.03999999999999,-1.1138000000000001,0
Cn1cnnc1CO,113.11999999999999,4,1,1,1,4,50.94,-0.6926000000000001,0
CCC1=NC(=N)N=C1N,124.147,2,2,1,1,4,74.59,0.1429700000000002,0
N#CCNC1=CN=NC1=O,136.114,4,1,2,1,5,77.61,-0.06662000000000007,0
N=c1[nH]c(=O)[nH]c(=O)o1,129.075,4,3,0,1,6,102.71,-1.8643299999999998,0
COC1=NC(=O)C(N)=N1,127.10300000000001,4,1,0,1,5,77.03999999999999,-1.1138000000000003,0
N=Cc1cnnoc1=NN,139.118,6,2,1,1,6,101.14999999999999,-1.1583299999999999,0
N=COC1=NCC(C=N)O1,141.13,5,2,2,1,5,78.52,0.014440000000000064,1
N=c1[nH]nncc1C=O,124.10299999999998,4,2,1,1,5,82.49000000000001,-0.9033300000000004,0
N=Cc1ncc(O)n1CO,141.13,5,3,2,1,5,82.13,-0.46383,0
Nc1cnc(C=O)n1O,127.10299999999998,5,2,1,1,5,81.14,-0.48490000000000005,0
CCN(C#N)N1COC1=O,141.13,4,0,2,1,5,56.57,0.11407999999999996,0
COC1=NC(=N)OC1=O,128.087,4,1,0,1,5,71.74000000000001,-0.47713,0
N=C1OCC(=O)OC1=N,128.087,5,2,0,1,5,83.22999999999999,-0.48566000000000015,0
N#CCN1NCNC1=O,126.11899999999999,3,2,1,1,5,68.16,-1.0027199999999998,0
N=C1OC(=O)OC1=O,115.04399999999998,5,1,0,1,5,76.44999999999999,-0.34293,0
N=Cc1nn[nH]c1C=O,124.10299999999998,4,2,2,1,5,82.49000000000001,-0.38513,0
Cc1noc(=O)n1CO,130.103,5,1,1,1,5,68.26,-0.9054800000000001,0
N=Cc1nocc1N,111.104,4,2,1,1,4,75.9,0.25447000000000003,0
NC(=O)C1=NC=NC1=O,125.08699999999999,3,1,1,1,5,84.88,-1.5188,0
N=C1NC(CCN=O)N1,128.13500000000002,3,3,3,1,5,77.34,-0.4034299999999999,0
Cc1nnc(O)nc1N,126.119,5,2,0,1,5,84.92,-0.5321800000000001,0
N=C1OC(=N)N1CO,115.092,4,3,1,1,5,80.4,-0.86206,0
N=C1OCC(=O)C(=O)O1,129.071,5,1,0,1,5,76.45,-0.9363300000000001,0
N=C1OC(=N)C(=O)O1,114.05999999999999,5,2,0,1,5,83.23,-0.5281600000000002,0
O=Cc1ncoc1CO,127.09899999999998,4,1,2,1,4,63.33,-0.020600000000000007,0
CC(=O)c1nc(N)no1,127.10300000000001,5,1,1,1,5,82.01,-0.14560000000000006,0
O=C1N=CN=C1CO,112.08799999999998,3,1,1,1,4,62.019999999999996,-1.0118,0
O=CC1=NC(O)=NC1=O,126.07099999999998,3,1,1,1,5,79.09,-0.9195,0
CN=C1N=C(O)N=C1N,126.119,3,2,0,1,5,83.33,-0.7004999999999999,0
Nc1cnc(C=O)nn1,124.103,5,1,1,1,5,81.76,-0.7337,0
CC1=NN=C(N)C1=O,111.104,4,1,0,1,4,67.81,-0.6978,0
CN=C1N=C(O)N=C1C=N,138.13,3,2,1,1,5,81.16,0.032870000000000066,0
N#CCc1n[nH]c(N)n1,123.11900000000001,4,2,1,1,5,91.38,-0.5470200000000003,0
NCC1=CC(=O)N=N1,111.104,3,1,1,1,4,67.81,-0.1786000000000001,0
N=C1N=CC(=O)NCO1,127.103,3,2,0,1,5,74.54,-0.9041300000000001,0
Nc1ncc(=O)oc1N,127.103,5,2,0,1,5,95.14,-0.8008000000000002,0
N=C1OCOC(C=O)O1,131.087,5,1,1,1,5,68.61,-0.5329300000000001,1
N=C1CC(C=O)C(O)O1,129.11499999999998,4,2,1,1,4,70.38000000000001,-0.48253000000000007,2
N=C1N=C(CN)N1CO,128.13500000000002,3,3,2,1,5,85.7,-1.4562299999999997,0
O=C1CC(C(O)=NO)=N1,128.087,3,2,1,1,5,82.25,-0.2965999999999999,0
CNC(=O)C1N=CN1,113.11999999999999,3,2,1,1,4,53.49,-1.3100000000000003,1
Nc1cnc(=O)oc1N,127.103,5,2,0,1,5,95.14,-0.8008,0
N#CC1N=COC(=N)O1,125.08699999999997,5,1,0,1,5,78.46,-0.15405000000000008,1
N=C1COC(=N)OCO1,130.103,5,2,0,1,5,75.39,-0.08066000000000012,0
CCC1=NC(O)=NC1=N,125.13099999999999,2,2,1,1,4,68.80000000000001,0.74227,0
Cn1cnc(NC=O)c1,125.13099999999997,3,1,2,1,4,46.92,-0.01160000000000011,0
O=C1CNC(O)C(=O)N1,130.10299999999998,4,3,0,1,5,78.43,-2.4492,1
Nc1cnc(C=O)c(N)n1,138.13,5,2,1,1,5,94.89,-0.5465,0
N=C1C(=O)OCC1C=O,127.09899999999998,4,1,1,1,4,67.22,-0.6219300000000001,1
CC1=NC(N)=NC1=O,111.104,3,1,0,1,4,67.81,-0.6978,0
N=CN1COCOC1=O,130.10299999999998,4,1,1,1,5,62.62000000000001,-0.022729999999999917,0
N=c1oc(=N)oc(=O)o1,130.059,6,2,0,1,6,104.19000000000001,-1.21526,0
N=C1N=CN=C1C=O,109.08799999999998,3,1,1,1,4,65.64,-0.35453,0
COc1n[nH]c(=N)n1C=O,142.118,5,2,2,1,6,83.75999999999999,-1.26243,0
CC(N)c1n[nH]c(=N)o1,128.135,4,3,1,1,5,91.69,-0.4981299999999999,1
CN=C1CN=C1NC=O,125.13099999999997,3,1,1,1,4,53.82,-0.7847000000000002,0
CC1CNC(=O)OC1=N,128.131,3,2,0,1,4,62.18,0.33957000000000015,1
COC1=NN=C1CO,114.10399999999998,4,1,1,1,4,54.18000000000001,-0.6068,0
N=CC1=NC(O)=NC1=O,125.08699999999999,3,2,1,1,5,85.87,-0.46883000000000014,0
N=c1occ[nH]c1=NO,127.103,4,3,0,1,5,85.37,-0.6229300000000002,0
COC1=NC(=N)C(=N)O1,127.103,4,2,0,1,5,78.52,-0.02646000000000004,0
N=C1ON=C1NCC=O,127.10299999999998,5,2,2,1,5,74.53999999999999,-0.9041300000000003,0
N=C1N=CC(C(=N)O)=N1,124.103,2,3,1,1,5,92.65,-0.018159999999999954,0
N=C1N=C(N)N=C1C=O,124.103,4,2,1,1,5,91.66,-1.06813,0
NC1=C(O)C=NC1=O,112.088,3,2,0,1,4,75.68,-0.6742999999999999,0
N=C1N=C(O)COCO1,130.10299999999998,3,2,0,1,5,74.9,-0.11803000000000008,0
N=C1CC(=O)NC(=N)N1,126.11899999999999,3,4,0,1,5,88.83000000000001,-0.9920600000000004,0
CNC1=NC(=O)NCO1,129.119,3,2,0,1,5,62.72,-0.7409000000000001,0
CC1=NC(=O)C(CO)=N1,126.11499999999998,3,1,1,1,4,62.019999999999996,-0.6217000000000001,0
Nc1cc(=O)[nH]oc1=O,128.087,4,2,0,1,5,89.09,-1.0897000000000001,0
O=C1CNC(=O)C(=O)N1,128.087,3,2,0,1,5,75.27,-2.2409999999999997,0
NC(C=O)C1=NC=N1,111.104,4,1,2,1,4,67.81,-1.0470000000000002,1
N=C1N=C(O)C(=O)O1,114.05999999999997,3,2,0,1,5,82.74,-0.5655300000000001,0
CC(=O)n1ncnc1N,126.119,5,1,0,1,5,73.8,-0.47959999999999997,0
N=CN1CC(CO)C(=O)O1,144.12999999999997,4,2,2,1,5,73.62000000000002,-1.0242300000000002,1
N=C1N=CCOC(=N)O1,127.103,4,2,0,1,5,78.52,-0.026460000000000095,0
Nc1ncoc(=O)c1N,127.103,5,2,0,1,5,95.14,-0.8008,0
CNC1=NOC(=O)C1=N,127.10299999999998,5,2,0,1,5,74.54,-0.9041300000000001,0
CNC1=NC(=N)N=C1C,124.14699999999999,2,2,0,1,4,60.6,0.013569999999999693,0
CN=C1OC(=N)OC1=O,128.087,5,1,0,1,5,71.74000000000001,-0.47713,0
N=CN1CC(=O)C(=N)O1,127.10299999999998,4,2,1,1,5,77.24000000000001,-0.61296,0
N=CN1NC(=O)C1=O,113.07599999999998,3,2,1,1,5,73.26,-1.53313,0
N=C1NC(=N)OC(=O)CO1,143.102,5,3,0,1,6,95.26,-0.98106,0
N#CC(N)N1C=NC1=N,123.11899999999999,3,2,1,1,5,89.25999999999999,-0.9265500000000002,1
C#CC1=NC(N)=NC1=O,121.099,3,1,0,1,4,67.81,-1.0845,0
CN=C(O)C1=NN=C1N,126.11900000000001,4,2,1,1,5,83.33,-0.7004999999999999,0
N=CN1CONC(=O)C1,129.11899999999997,3,2,1,1,5,65.42000000000002,-1.0856299999999999,0
N=C1OCC(=NO)CO1,130.103,5,2,0,1,5,74.9,-0.20183000000000012,0
CC(=N)N1COC(=N)O1,129.119,4,2,0,1,5,69.4,0.13964,0
COc1conc1C=N,126.115,4,1,2,1,4,59.11000000000001,0.6808699999999999,0
NC(=O)c1cc(O)no1,128.087,4,2,1,1,5,89.35000000000001,-0.5209,0
N=CN1CC(=O)NCO1,129.119,3,2,1,1,5,65.42,-1.0856299999999999,0
N=C1NC(=O)C(O)N1,115.09199999999998,3,4,0,1,5,85.21000000000001,-2.04103,1
N=C1OCC(C=O)O1,115.08799999999998,4,1,1,1,4,59.379999999999995,-0.4645300000000001,1
CN=C1N=NN=C1C=O,124.10299999999998,4,0,1,1,5,66.50999999999999,0.03540000000000004,0
N#CC(=O)n1nccn1,122.08699999999999,5,0,0,1,5,71.57,-0.55812,0
N=C1NCCNC1C=O,127.14699999999999,3,3,1,1,4,64.98,-1.2760299999999998,1
Cn1nc(CO)c(=N)o1,129.119,5,2,1,1,5,75.03999999999999,-1.01513,0
Cn1cnc(=N)c(=N)o1,126.11899999999999,5,2,0,1,5,78.66000000000001,-1.02796,0
N=C(N)C1=NC=NC1=O,124.103,3,2,1,1,5,91.66,-1.06813,0
N=c1nc(CN)c1=O,111.104,4,2,1,1,4,79.83000000000001,-1.7444299999999995,0
COC(=O)C1=NC(N)=N1,127.10300000000002,5,1,1,1,5,77.03999999999999,-1.1138000000000003,0
CNC(=O)C1=NC(N)=N1,126.11900000000001,4,2,1,1,5,79.84,-1.540799999999999,0
N=C1C=C(N)N=C1N,110.12000000000002,4,3,0,1,4,88.25,-0.8229300000000002,0
N=C1CNC(=N)OCO1,129.119,4,3,0,1,5,78.19000000000001,-0.5076600000000004,0
N=CNC1COC(=O)CO1,144.13,4,2,2,1,5,71.41,-0.91743,1
N=C1CNC(=O)N=CO1,127.10299999999998,3,2,0,1,5,74.54,-0.26823000000000013,0
N=CN=C1N=CC(O)=N1,124.10299999999998,1,2,1,1,5,81.16,-0.009630000000000083,0
N=C1OC(=N)C(=NO)O1,129.075,6,3,0,1,6,98.75,-0.26705999999999996,0
C#Cc1nnc(O)n1O,125.08699999999997,5,2,0,1,5,71.17,-0.7977000000000001,0
COC1=NC(N)=NC1=N,126.11900000000001,4,2,0,1,5,83.82,-0.66313,0
O=CC1OC(=O)C1=NO,129.071,5,1,1,1,5,75.96000000000001,-1.0591,1
O=CC1OCNC(=O)O1,131.087,4,1,1,1,5,64.63,-0.7747000000000002,1
N#CC1=NC(N)=NC1=O,122.087,4,1,0,1,5,91.6,-1.19412,0
COc1n[nH]nc1C=O,127.10299999999998,4,1,2,1,5,67.87,-0.37420000000000025,0
CNc1n[nH]cnc1=O,126.11899999999999,4,2,1,1,5,70.67,-0.7934000000000001,0
N=C1CNC(=N)OCO1,129.119,4,3,0,1,5,78.19000000000001,-0.5076600000000004,0
CN=C1C=NN=C1N,110.12,4,1,0,1,4,63.099999999999994,-0.5862,0
CC1=NC(N)=NC1=N,110.12,3,2,0,1,4,74.59,-0.24712999999999996,0
N=C1N=C(O)C(=O)O1,114.05999999999997,3,2,0,1,5,82.74,-0.5655300000000001,0
N=C1NCC(=O)N=CO1,127.103,3,2,0,1,5,74.54,-0.9041300000000001,0
Nc1nocc1C=O,112.08799999999998,4,1,1,1,4,69.12,0.06930000000000003,0
Cn1c(O)nnc1C=O,127.103,5,1,1,1,5,68.00999999999999,-0.6668000000000001,0
NC1=NC(C=O)NCO1,129.119,5,2,1,1,5,76.71,-1.5966,1
N=c1cn[nH]c(N)[n+]1[O-],127.107,4,3,0,1,6,105.49,-1.8952299999999997,0
N=C1C=C(N)OC1=N,111.104,4,3,0,1,4,82.95000000000002,-0.18625999999999998,0
Cn1nc(CO)c(=O)[nH]1,129.119,4,2,1,1,5,70.91,-1.3993000000000002,0
N=c1[nH]nncc1C=O,124.10299999999998,4,2,1,1,5,82.49000000000001,-0.9033300000000004,0
N=C1COCOC(=N)O1,130.103,5,2,0,1,5,75.39,-0.0806599999999999,0
NC(C=O)c1cnno1,127.103,5,1,2,1,5,82.01,-0.7317000000000002,1
N=C1COC(=N)OCN1,129.119,4,3,0,1,5,78.19,-0.5076600000000002,0
Nc1nc(C=O)[nH]c1O,127.10299999999997,4,3,1,1,5,92.0,-0.4900000000000001,0
N=C1NCC(=O)OCO1,130.103,4,2,0,1,5,71.41000000000001,-0.9583300000000001,0
N=CN1C=NC(O)OC1,129.11899999999997,4,2,1,1,5,68.91000000000001,-0.8126300000000002,1
CN=C1N=COC1=N,111.10399999999998,3,1,0,1,4,57.800000000000004,0.05047000000000007,0
N=C1C=NC(O)=C1O,112.08799999999998,4,3,0,1,4,76.67,0.37567,0
N=C1CNC(=N)C(=O)O1,127.10299999999998,4,3,0,1,5,86.03000000000002,-0.9126600000000005,0
N=C1C=C(N)C(N)=N1,110.12000000000002,3,3,0,1,4,88.25,-0.8229299999999997,0
CN=C1CCNC(=N)N1,126.163,2,3,0,1,4,60.27,-0.46762999999999993,0
N#COCc1ncoc1N,139.11399999999998,5,1,2,1,5,85.07,0.25448000000000004,0
N=Cn1c(N)nnc1C=O,139.118,6,2,2,1,6,97.65,-0.8720300000000001,0
N=C1NCCOC(=O)N1,129.119,3,3,0,1,5,74.21,-0.74943,0
CN=C1OC=NC1=N,111.104,3,1,0,1,4,57.800000000000004,0.05046999999999996,0
N=C(O)n1ccnc1N,126.119,4,3,0,1,5,87.92,-0.19383000000000006,0
N=c1[nH]c(=O)oc(=N)o1,129.075,5,3,0,1,6,106.83999999999999,-1.4801599999999997,0
N=C1OC(C=O)OC1=N,128.087,5,2,1,1,5,83.22999999999999,-0.48725999999999997,0
N=C1COC(=N)OCO1,130.103,5,2,0,1,5,75.39,-0.08066000000000012,0
NC1=NC(C(=O)O)=N1,113.07599999999998,4,2,1,1,5,88.03999999999999,-1.2022000000000002,0
CN=C1C=NC(=O)O1,112.08799999999998,3,0,0,1,4,51.019999999999996,0.23569999999999997,0
N=c1nc(C=O)cno1,125.08699999999997,5,1,1,1,5,79.84,-0.63843,0
CC(=O)C1=NNC1=O,112.088,3,1,1,1,4,58.53,-0.9388000000000001,0
Nc1ncc(=O)oc1N,127.103,5,2,0,1,5,95.14,-0.8008000000000002,0
CC1=NOC(=N)ON1C=O,143.102,5,1,1,1,6,74.98,-0.3252300000000001,0
CC(O)C1=NN=C1N,113.12000000000002,4,2,1,1,4,70.97,-0.9060000000000001,1
N=C1C=C(N)OC1=O,112.088,4,2,0,1,4,76.17000000000002,-0.6369300000000002,0
COC1=NC(=N)N=C1O,127.103,2,2,0,1,5,78.03,-0.06383000000000005,0
COn1c(C)noc1=N,129.119,5,1,1,1,5,64.03999999999999,-0.67761,0
Nc1nocc1C=O,112.08799999999998,4,1,1,1,4,69.12,0.06930000000000003,0
NC1=NC(OC=O)=C1N,127.10299999999998,5,2,2,1,5,90.7,-1.3419999999999999,0
COC1=NC(N)=C1C=N,125.131,4,2,1,1,4,71.46000000000001,-0.13522999999999985,0
N=C1OCC(=O)C(=O)O1,129.071,5,1,0,1,5,76.45,-0.9363300000000001,0
CNc1cnoc1N=O,127.103,5,1,2,1,5,67.49000000000001,1.1141999999999999,0
CN=C1C=NC(N)=N1,110.12,3,1,0,1,4,63.099999999999994,-0.5862,0
N=C1N=C(C(N)=O)N1,112.092,2,3,1,1,5,91.33000000000001,-1.5918300000000003,0
N=C(O)C1C(=O)OC1=O,129.071,4,2,1,1,5,87.44999999999999,-0.7787300000000001,0
NCC1=NC(=O)N=C1N,126.119,3,2,1,1,5,93.83,-1.1231,0
O=CN1CC(=O)COC1=O,143.09799999999998,4,0,1,1,5,63.68,-0.8359000000000001,0
CN=C1N=CN=C(N)C1=O,138.13,4,1,0,1,5,80.16999999999999,-1.0171,0
NC(=O)C1=NC=NC1=O,125.08699999999999,3,1,1,1,5,84.88,-1.5188,0
NCC1=NC(N)=NC1=O,126.119,4,2,1,1,5,93.82999999999998,-1.7589999999999995,0
N=C1ON=C(N)C1=O,113.076,5,2,0,1,5,88.53,-1.16483,0
N=C1N=COC(=O)CN1,127.103,3,2,0,1,5,74.53999999999999,-0.9041300000000001,0
CC(O)C1=NN=C1N,113.12000000000002,4,2,1,1,4,70.97,-0.9060000000000001,1
CC(O)C1=NN=C1N,113.12000000000002,4,2,1,1,4,70.97,-0.9060000000000001,1
C#CC(O)C1=NN=C1O,124.099,3,2,1,1,4,65.18,-0.6934,1
N#CC1=NC(=N)N1C=O,122.08699999999999,3,1,1,1,5,80.31,-0.68475,0
CN=C1NC1C(=N)O,113.11999999999998,2,3,1,1,4,78.38,-0.47823,1
N=CNc1coc(=O)o1,128.087,4,2,2,1,5,79.23,0.25176999999999994,0
N#CCNc1c[nH]nn1,123.119,4,2,2,1,5,77.39,-0.25982000000000033,0
O=Cc1nc(CO)n[nH]1,127.103,4,2,2,1,5,78.87,-0.8905000000000003,0
COC1=C(O)C(=O)N=N1,128.087,4,1,1,1,5,71.25,0.3523,0
N=CC1OC(=N)OC1=N,127.103,5,3,1,1,5,90.00999999999999,-0.03658999999999979,1
N=CN1OCNC1C=O,129.119,4,2,2,1,5,65.42000000000002,-1.0872300000000001,1
N=C1N=CN1NC=O,112.09199999999998,2,2,2,1,5,68.55000000000001,-1.07393,0
COC1=C(N)N=NC1=O,127.10300000000001,4,1,1,1,5,77.03999999999999,-0.247,0
CN=C1N=CC(C#N)N1,122.13099999999999,2,1,0,1,4,60.54,-0.46161999999999986,1
N=CC1=C(N)C(O)=N1,111.104,3,3,1,1,4,82.46000000000001,-0.22363000000000005,0
N=C1OCC(N)OC1=O,130.103,5,2,0,1,5,85.4,-1.1781300000000001,1
NC(=O)c1nccn1N,126.119,4,2,1,1,5,86.93,-1.3042000000000002,0
Cc1n[nH]c(=O)nc1C=O,139.11399999999998,4,1,1,1,5,75.71000000000001,-0.7141800000000003,0
CNC1=NN=C(N)C1=O,126.119,5,2,0,1,5,79.84,-1.5408,0
N=C1COC(=N)OC(=O)N1,143.102,5,3,0,1,6,95.25999999999999,-0.3451600000000001,0
C#CCc1nnoc(=N)n1,136.114,5,1,1,1,5,75.66,-0.8802300000000003,0
CC(=O)n1cnc(=O)[nH]1,127.103,4,1,0,1,5,67.75,-0.7685000000000002,0
CN=C1NC=NC1=N,110.11999999999999,2,2,0,1,4,60.6,-0.3765300000000002,0
COC1=NN=C1NC=O,127.10299999999998,4,1,1,1,5,63.050000000000004,-0.8956000000000002,0
N=C1COC(=N)N1C=O,127.103,4,2,1,1,5,77.24000000000001,-0.6129600000000002,0
NCC1=NN=C1C=O,111.10399999999997,4,1,2,1,4,67.81,-1.0454,0
N=C1OCC(=O)C(=N)O1,128.087,5,2,0,1,5,83.23,-0.48566000000000015,0
CC1=NC(=N)N=C1N,110.12,2,2,0,1,4,74.59,-0.24712999999999996,0
N=C1NCC(=O)NCO1,129.119,3,3,0,1,5,74.21000000000001,-1.3853300000000002,0
NCC1=NC(=O)C(N)=N1,126.119,4,2,1,1,5,93.83,-1.7589999999999995,0
Nc1nc(C=O)oc1N,127.10299999999998,5,2,1,1,5,95.14,-0.3485,0
O=CC(=O)C1=NN=C1O,126.071,4,1,2,1,5,79.09,-0.9195,0
CNC(=N)N1OC1=O,115.09199999999998,3,2,0,1,5,68.49000000000001,-0.4922300000000001,0
N=C1NC(=N)C(=O)CO1,127.103,4,3,0,1,5,86.03000000000002,-0.91266,0
COc1n[nH]nc1N,114.108,4,2,1,1,5,76.82,-0.6045000000000003,0
N=C1OC(=O)N=C1N,113.07600000000001,4,2,0,1,5,88.53,-0.5289300000000001,0
N#CCc1nc(N)no1,124.10300000000001,5,1,1,1,5,88.73,-0.28212000000000004,0
CC(N)N1C=NC1=N,112.136,2,2,1,1,4,65.47,-0.43023000000000006,1
N=C1NN1C(=O)C=O,113.07599999999998,3,2,1,1,5,82.94,-1.53313,0
CC1=NC(=N)N=C1N,110.12,2,2,0,1,4,74.59,-0.24712999999999996,0
N=C1ON=C(CO)C1=N,127.10299999999998,5,3,1,1,5,89.52000000000001,-0.6380600000000003,0
Nc1oncc1C=O,112.08799999999998,4,1,1,1,4,69.12,0.06930000000000003,0
NC1=NC(N)C(=O)OC1,129.11899999999997,5,2,0,1,5,90.7,-1.8147999999999995,1
N=CC1OCON1C=N,129.119,4,2,2,1,5,69.4,-0.2095599999999999,1
CC(=O)NC1=CN=N1,111.104,3,1,1,1,4,53.82,0.38720000000000004,0
CC(=O)c1noc(=N)o1,128.087,5,1,1,1,5,80.09,-0.05033000000000004,0
Nc1nc(C=O)n[nH]1,112.09199999999998,4,2,1,1,5,84.66,-0.8006000000000002,0
[N-]=[N+]=C1NC(=N)CCO1,126.119,2,2,0,1,5,81.51,-0.4406300000000001,0
N=c1nc[nH]c(C=O)n1,124.10299999999998,4,2,1,1,5,82.49,-0.90333,0
N=C1C=C(O)OC1=N,112.08799999999998,4,3,0,1,4,77.16,0.41304,0
CCn1[nH]nnc1=NC=N,140.15,4,2,2,1,6,82.71000000000001,-0.8661300000000001,0
CNC1=NC(=N)C(N)=N1,125.135,4,3,0,1,5,86.62,-1.0901299999999996,0
N=CN1CC(=O)NCO1,129.119,3,2,1,1,5,65.42,-1.0856299999999999,0
N=CC1=NC(=N)N1CO,126.119,3,3,2,1,5,83.53,-0.76536,0
N=c1nc[nH]c(=N)n1CO,141.13400000000001,5,4,1,1,6,101.54,-1.8800600000000003,0
N=COC1=NC=NC1=N,124.103,4,2,1,1,5,81.65,0.027739999999999987,0
N=C1OCC(=O)C(=O)O1,129.071,5,1,0,1,5,76.45,-0.9363300000000001,0
N=C1COC(=N)C(=O)N1,127.103,4,3,0,1,5,86.03,-0.9126600000000002,0
COc1ncc(=N)[nH]n1,126.119,4,2,1,1,5,74.65,-0.7072300000000002,0
N=C1N=C(N)OC(=O)CO1,143.102,5,2,0,1,6,97.76,-1.1907299999999998,0
N=C1OC(C=O)C1O,115.08799999999998,4,2,1,1,4,70.38,-1.07773,2
Nc1coc(NC=O)n1,127.103,4,2,2,1,5,81.14999999999999,-0.17490000000000022,0
CNc1nc(C#N)n[nH]1,123.119,4,2,1,1,5,77.39,-0.28192000000000006,0
N=C1C=NN=C1CO,111.10399999999998,4,2,1,1,4,68.8,-0.5611300000000001,0
Nc1coc(=O)[nH]c1=O,128.087,4,2,0,1,5,89.09,-1.0896999999999997,0
N=C1NC(=N)OC(=O)CO1,143.102,5,3,0,1,6,95.26,-0.98106,0
N=C1C=NC(F)=NC1=O,127.078,3,1,0,1,5,65.64,-0.05732999999999994,0
COc1ncnc(=O)[nH]1,127.103,4,1,1,1,5,67.87,-0.8265,0
N=C1COC(=N)N=CO1,127.103,4,2,0,1,5,78.52,-0.026460000000000095,0
N=C1OCC(=NO)C1=O,128.087,5,2,0,1,5,82.74000000000001,-0.6068300000000002,0
COC1=NN=C1CO,114.10399999999998,4,1,1,1,4,54.18000000000001,-0.6068,0
CC1=C(N)N=NC1=O,111.104,3,1,0,1,4,67.81,0.16900000000000015,0
N=c1[nH]c(C=O)ncc1N,138.12999999999997,4,3,1,1,5,95.61999999999999,-0.7161300000000004,0
N=C1C=NCN=C(O)O1,127.103,4,2,0,1,5,78.03,-0.06383000000000011,0
N=c1[nH]c(=N)n(C=O)o1,128.091,5,3,1,1,6,98.63000000000001,-1.5935599999999994,0
CC(=O)C1=NC(=O)O1,113.07199999999999,3,0,1,1,4,55.730000000000004,0.12410000000000004,0
N=C1CCOC(=N)NCO1,143.146,4,3,0,1,5,78.19,-0.11756000000000005,0
NCCC1=NC(=O)N=N1,126.119,3,1,2,1,5,80.17,0.31950000000000023,0
N=CN=C1OCOC1=O,128.087,4,1,1,1,5,71.74000000000001,-0.47713000000000005,0
COC1=NC(N)=NC1=N,126.11900000000001,4,2,0,1,5,83.82,-0.66313,0
CCC1=NC(=N)N=N1,110.12,2,1,1,1,4,60.93,1.19547,0
N=C1N=C(N)N=C1CO,126.119,4,3,1,1,5,94.82000000000001,-1.27473,0
N=C1CNC(=O)OCOC1,144.12999999999997,4,2,0,1,5,71.41000000000001,-0.27993000000000023,0
Nc1cnc(N)n1C=O,126.119,5,2,1,1,5,86.92999999999998,-0.9142000000000001,0
Cn1[nH]nc(N)c1=N,113.12400000000001,4,3,0,1,5,83.47999999999999,-1.19013,0
N=C1ON1C(=O)C=O,114.05999999999997,4,1,1,1,5,73.53,-1.10613,0
N=C1CC(=N)OC(=N)O1,127.10299999999998,5,3,0,1,5,90.01,0.31261,0
COC1=CC(N)=NC1=N,125.13100000000001,3,2,1,1,4,71.46000000000001,-0.13522999999999985,0
CN=C1N=CN=C1CN,124.147,3,1,1,1,4,63.099999999999994,-0.5436999999999999,0
O=Cc1nnc(CO)[nH]1,127.10299999999998,4,2,2,1,5,78.87,-0.8905000000000001,0
CN=c1nc(N)c1=N,110.12,4,2,0,1,4,75.12,-1.4506299999999994,0
COC1=C(N)N=NC1=N,126.11900000000001,4,2,1,1,5,83.82,0.20367000000000007,0
CC(=N)C1=NN=C1O,111.104,3,2,1,1,4,68.8,0.3521700000000001,0
N#CC1=CN=C(N)C1=O,121.09899999999999,4,1,0,1,4,79.24000000000001,-0.6662200000000003,0
N=CC1OC=NN1C=N,126.119,4,2,2,1,5,72.53,-0.1553599999999999,1
COc1n[nH]nc1C#N,124.103,4,1,1,1,5,74.59,-0.31502000000000013,0
Cc1nc(=N)on1CO,129.119,5,2,1,1,5,75.04,-0.7862100000000003,0
Nc1ncc(C=O)n1C=O,139.11399999999998,5,1,2,1,5,77.97999999999999,-0.6839000000000002,0
CN=C1NC(N)=NC1=O,126.119,3,2,0,1,5,79.84,-1.5408,0
O=C1N=C(CO)C(=O)N1,128.087,3,2,1,1,5,78.75999999999999,-1.3305,0
N=C1COC=C(N)NCO1,143.14600000000002,5,3,0,1,5,80.36,-0.68483,0
NC1=NC(CCO)=NC1=O,141.13,4,2,2,1,5,88.03999999999999,-1.3353000000000002,0
C#CC(=O)n1cncn1,121.09899999999999,4,0,0,1,4,47.78,-0.4484999999999999,0
CNC(=O)c1c[nH]nn1,126.119,3,2,1,1,5,70.67,-0.8357000000000003,0
CC1(O)OC(=N)C(=O)O1,131.087,5,2,0,1,5,79.61,-0.7969300000000001,1
COC1=NC(=O)C(N)=N1,127.10300000000001,4,1,0,1,5,77.03999999999999,-1.1138000000000003,0
N=C1OCCOC1=N,114.104,4,2,0,1,4,66.16,-0.012259999999999882,0
N=CN1C=NC(C=O)O1,127.10299999999997,4,1,2,1,5,65.75,-0.6060300000000001,1
COC(=N)C1=NC(=N)O1,127.103,4,2,1,1,5,78.52,-0.02646000000000004,0
N=C(N)C1=NN=C1C=O,124.103,4,2,2,1,5,91.66,-1.06813,0
NC1C=NC(=O)OC=N1,127.10299999999998,4,1,0,1,5,77.03999999999999,-0.47950000000000004,1
N#CC(N)C1=NC=N1,108.104,4,1,1,1,4,74.53,-0.7223200000000001,1
N=C1OC=NC1=NCO,127.103,4,2,1,1,5,78.03,-0.6295300000000001,0
NC1=C(N)C(=O)N=C1,111.10399999999998,3,2,0,1,4,81.47,-1.2736000000000003,0
N=CN1C(=O)CNC1=O,127.10299999999998,3,2,1,1,5,73.26,-0.85473,0
N=c1[nH]c(C=O)no1,113.076,4,2,1,1,5,82.74,-0.7053300000000002,0
Nc1onc(C=O)c1O,128.087,5,2,1,1,5,89.35000000000001,-0.22510000000000002,0
N=C1N=COC(=O)CN1,127.103,3,2,0,1,5,74.53999999999999,-0.9041300000000001,0
N=C(N)n1cncn1,111.10799999999999,4,2,0,1,5,80.58,-0.9803300000000004,0
CNC1=NC(=O)C(=O)O1,128.087,4,1,0,1,5,67.76,-1.3548000000000002,0
C#CC(=N)OC1C=NN1,123.11499999999998,4,2,1,1,4,57.47,-0.47142999999999996,1
CN=C1OC(=O)N=C1C,126.115,3,0,0,1,4,51.019999999999996,0.6258,0
N=C1NN=NC1=CN,111.108,4,3,0,1,5,86.62,-0.2658300000000001,0
CNc1[nH]nnc1C=O,126.11899999999999,4,2,2,1,5,70.67,-0.34110000000000035,0
N=C1COC(=N)C(=O)O1,128.087,5,2,0,1,5,83.23,-0.48566000000000015,0
N=C1N=C(N)N=C1CO,126.119,4,3,1,1,5,94.82000000000001,-1.27473,0
O=CC(=O)C1NC(=O)O1,129.071,4,1,2,1,5,72.47,-1.1797000000000002,1
N=C1OC(C=O)OC1=N,128.087,5,2,1,1,5,83.22999999999999,-0.48725999999999997,0
N=C1N=NC=C(N)C1=O,124.103,4,2,0,1,5,91.66,-0.2013299999999999,0
N=C1OCC(=O)C(=N)O1,128.087,5,2,0,1,5,83.23,-0.48566000000000015,0
COc1[nH]nnc1C=O,127.103,4,1,2,1,5,67.87,-0.37420000000000025,0
Nc1ncc(C=O)nn1,124.103,5,1,1,1,5,81.76,-0.7337000000000002,0
N=C1OCC(O)C1=O,115.08799999999998,4,2,0,1,4,70.38,-1.0761300000000003,1
N=CC1=NN=C(N)C1=N,123.119,5,3,1,1,5,98.44,-0.6174600000000001,0
Nn1c(O)c[nH]c1=O,115.09199999999998,4,3,0,1,5,84.03999999999999,-1.4042,0
Nc1cncn1C=O,111.10399999999998,4,1,1,1,4,60.91,-0.49639999999999995,0
CNn1cnc(C=N)n1,125.13499999999999,5,2,2,1,5,66.59,-0.5509300000000004,0
Cc1noc(=N)oc1=N,127.103,5,2,0,1,5,86.87,-0.46503999999999984,0
N=CN1C(=N)NC1=O,112.09199999999998,3,3,1,1,5,80.04,-0.44656,0
CN=C1N=NNC1=N,111.10799999999999,3,2,0,1,5,72.96000000000001,-0.03762999999999994,0
Nc1ncc(C=O)n1N,126.119,5,2,1,1,5,86.92999999999999,-1.0084000000000004,0
Nc1ncc(C=O)n1O,127.10299999999998,5,2,1,1,5,81.14,-0.48490000000000005,0
N=CN1COC(=O)C(=N)O1,143.10199999999998,5,2,1,1,6,86.47000000000001,-0.6813600000000004,0
N=C1N=CN=C1C(N)=O,124.103,3,2,1,1,5,91.66,-1.0681300000000002,0
COC(=O)C1=NC(N)=N1,127.10300000000002,5,1,1,1,5,77.03999999999999,-1.1138000000000003,0
NC1=NC(=O)C(=O)O1,114.05999999999997,4,1,0,1,5,81.75,-1.6155,0
O=CN1CONC(=O)C1,130.10299999999998,3,1,1,1,5,58.64,-1.5363000000000004,0
CC1=NC(=O)C(N)=N1,111.104,3,1,0,1,4,67.81,-0.6978,0
N=c1cnc(CN)no1,126.11900000000001,5,2,1,1,5,88.79,-0.99223,0
N=C1NN=C(CO)C1=N,126.11899999999999,4,4,1,1,5,92.32,-1.0650600000000003,0
C#Cc1nnc(=N)[nH]n1,121.103,4,2,0,1,5,78.31,-1.33953,0
CN=C1N=CN=C1N,110.12,3,1,0,1,4,63.099999999999994,-0.5861999999999998,0
N=C1OCC(=O)OC1=N,128.087,5,2,0,1,5,83.22999999999999,-0.48566000000000015,0
COc1nc(C=O)cn1N,141.12999999999997,5,1,2,1,5,70.14,-0.5820000000000001,0
COC1=CN=C(N)C1=N,125.131,4,2,1,1,4,71.46000000000001,-0.13522999999999985,0
N=CN1CC(=O)C(=O)N1,127.10299999999998,3,2,1,1,5,73.26,-1.4906300000000001,0
CNc1onnc1C=O,127.103,5,1,2,1,5,68.02000000000001,-0.0762000000000001,0
N=C1COC(=N)N1C=O,127.103,4,2,1,1,5,77.24000000000001,-0.6129600000000002,0
N#CCOC1=NC(CO)=N1,139.11399999999998,5,1,2,1,5,77.97,-0.71302,0
N=C(O)C1=NCOC1=O,128.087,4,2,1,1,5,82.74000000000001,-0.5230300000000001,0
N=C1N=CN=C(N)C1=N,123.119,4,3,0,1,5,98.44,-0.6174600000000001,0
CC1=NN=C1NC=O,111.10399999999998,3,1,1,1,4,53.82,-0.4796,0
N=C1NC(C=O)OCO1,130.103,4,2,1,1,5,71.41000000000001,-0.9599300000000002,1
C#Cc1n[nH]nc1N,108.104,3,2,0,1,4,67.59,-0.6318000000000001,0
CC1=NC(N)=NC1=N,110.12,3,2,0,1,4,74.59,-0.24712999999999996,0
N=CN1OC(C=O)NC1=N,142.118,4,3,2,1,6,89.27000000000001,-1.1099599999999998,1
CNC(=O)N1C=NCOC1,143.146,3,1,0,1,5,53.93000000000001,-0.39870000000000005,0
CNC1=NNC(=O)C1=O,127.10299999999998,4,2,0,1,5,70.56,-1.7817999999999996,0
Nc1coc(=O)n1CO,130.103,5,2,1,1,5,81.39,-1.0267000000000002,0
N=C1C=NC(C(N)=O)=N1,124.10300000000001,3,2,1,1,5,91.66000000000001,-1.06813,0
Nc1[nH]ncc1C=O,111.10399999999997,3,2,1,1,4,71.77000000000001,-0.19560000000000038,0
CC(=O)Nc1nc1=N,111.104,3,2,1,1,4,65.84,-0.6049300000000002,0
N=C1NC(=N)C(=O)CO1,127.103,4,3,0,1,5,86.03000000000002,-0.91266,0
N#COC1N=CN1C=N,124.103,4,1,2,1,5,72.47,-0.28134999999999993,1
CN1NC(=O)COC1=N,129.119,3,2,0,1,5,65.42000000000002,-1.08563,0
Cn1ncc(=O)nc1O,127.103,5,1,0,1,5,68.01,-1.1191,0
Nc1cn[nH]c1C=O,111.10399999999998,3,2,1,1,4,71.77,-0.19559999999999994,0
O=Cc1nnc(=O)[nH]n1,126.07499999999999,5,1,1,1,6,88.60000000000001,-1.6276000000000002,0
CC1NC(=N)OC(=O)CO1,144.12999999999997,4,2,0,1,5,71.41,-0.5698300000000001,1
N=CN1OCCNC1=O,129.119,3,2,1,1,5,65.42000000000002,-0.4497299999999999,0
CCC1=NN=C(N)C1=N,124.14699999999999,4,2,1,1,4,74.59,0.14296999999999999,0
N=c1nn[nH]cc1C=O,124.10299999999997,4,2,1,1,5,82.49000000000001,-0.9033300000000004,0
N=C1NC(OC=O)CO1,130.103,4,2,2,1,5,71.41,-0.9599300000000002,1
N=CN1OC(=O)C1C=O,128.087,4,1,2,1,5,70.46000000000001,-1.0652300000000001,1
N#CC1OCON1C=N,127.103,4,1,1,1,5,69.34,-0.33554999999999996,1
N#CC(=O)c1nc1=N,107.072,4,1,1,1,4,77.6,-0.8570500000000001,0
N=C1NC(=O)OCCO1,130.103,4,2,0,1,5,71.41000000000001,-0.32243,0
CN=C1N=CN=C1N,110.12,3,1,0,1,4,63.099999999999994,-0.5861999999999998,0
COc1cnoc(=N)c1,126.11499999999998,4,1,1,1,4,59.11000000000001,0.16266999999999993,0
CC(=O)C1=NN=C1N,111.10400000000001,4,1,1,1,4,67.81,-0.6978,0
N=CN1NC(=O)C1C=O,127.10299999999997,3,2,2,1,5,73.26,-1.4922300000000004,1
COC(=O)C1=NC(O)=N1,128.087,4,1,1,1,5,71.25,-0.5145,0
N=C1C(=O)NCN1C=O,127.103,3,2,1,1,5,73.26,-1.4906300000000001,0
N=C1N=C(C(N)=O)O1,113.076,3,2,1,1,5,88.53000000000002,-1.1648300000000003,0
N=C(N)OC1OC1=O,116.07599999999998,4,2,1,1,5,88.70000000000002,-1.22063,1
Nc1[nH]ncc1C(=O)O,127.10299999999997,3,3,1,1,5,92.00000000000001,-0.30990000000000056,0
CNC(=N)C1=NC(=N)O1,126.119,3,3,1,1,5,81.32000000000001,-0.45346000000000036,0
N=CN1C=NC(=O)OC1,127.10299999999998,3,1,1,1,5,65.75,0.031470000000000053,0
COC1=NC(=N)C(N)=N1,126.11900000000001,4,2,0,1,5,83.82,-0.6631300000000002,0
CC(=O)N1C=NC1=N,111.104,2,1,0,1,4,56.52,-0.18842999999999993,0
CC(=O)n1cnc(=O)[nH]1,127.103,4,1,0,1,5,67.75,-0.7685000000000002,0
N=C1COC(=N)OCN1,129.119,4,3,0,1,5,78.19,-0.5076600000000002,0
CC1(O)NCC1=NO,116.12,4,3,0,1,4,64.85,-0.8717000000000004,1
N=CN1CC(=O)OCN1,129.119,4,2,1,1,5,65.42,-1.0856300000000003,0
COc1ncoc(=O)n1,128.087,5,0,1,1,5,65.22,-0.5616000000000001,0
N#Cc1noc(=N)o1,111.05999999999999,5,1,0,1,5,86.81,-0.38125000000000003,0
N#CC(=N)C1=CN=N1,106.088,4,1,1,1,4,72.36,0.8369500000000001,0
N=c1nc1NCOC=O,127.10299999999998,5,2,4,1,5,75.07,-1.0209300000000003,0
N=C1OCC(=O)OC1=O,129.071,5,1,0,1,5,76.44999999999999,-0.9363300000000001,0
NCC1=NC=NC1=O,111.10399999999998,3,1,1,1,4,67.81,-1.0454,0
N=C1N=C(O)N=C1C=O,125.08699999999997,3,2,1,1,5,85.87,-0.4688300000000001,0
N=C1NC(=N)OC(=O)CO1,143.102,5,3,0,1,6,95.26,-0.98106,0
N=C1NC(=N)C(=O)CO1,127.103,4,3,0,1,5,86.03000000000002,-0.91266,0
N=c1ncc(C=O)no1,125.08699999999999,5,1,1,1,5,79.84,-0.63843,0
CN=C1N=C(N)C=[N+]1[O-],126.119,3,1,0,1,5,76.80999999999999,-1.0758999999999999,0
N=Cc1ncnc(=O)o1,125.08699999999999,5,1,1,1,5,79.84,-0.57253,0
CC(O)C1=NN=C1N,113.12000000000002,4,2,1,1,4,70.97,-0.9060000000000001,1
N=C1CN(O)C(=O)CO1,130.10299999999998,4,2,0,1,5,73.62000000000002,-0.7883300000000002,0
O=c1ncoc(=O)[nH]1,114.05999999999999,4,1,0,1,5,75.96000000000001,-1.2769,0
Cn1nc(N)n1C=N,113.12400000000001,5,2,1,1,5,72.62,-0.7410300000000003,0
O=Cc1[nH]nnc1CO,127.103,4,2,2,1,5,78.87,-0.8905000000000001,0
N=Cn1cnc(N)n1,111.108,5,2,1,1,5,80.58,-0.6845300000000001,0
N=Cc1cnc(N)n1O,126.119,5,3,1,1,5,87.92,-0.2997300000000002,0
N#CCc1cnnn1N,123.11900000000001,5,1,1,1,5,80.52,-0.9420200000000001,0
O=C1C=C(CO)C(=O)N1,127.09899999999999,3,2,1,1,4,66.39999999999999,-1.4385000000000001,0
N=CN1OC(=O)C1=N,113.076,4,2,1,1,5,77.24000000000001,-0.6554599999999999,0
N=CN1C(=O)C1COC=O,142.11399999999998,4,1,4,1,5,70.22999999999999,-1.0227300000000001,1
NC(=O)CN1OCC1=O,130.10299999999998,3,1,2,1,5,72.63,-1.7544999999999997,0
O=CC1=NC(=O)N=C1O,126.07099999999998,2,1,1,1,5,79.09,-0.2836,0
COC1=NC(=N)N1C=O,127.103,3,1,1,1,5,65.75,-0.6044300000000002,0
Cc1nc(CO)nc(=N)o1,141.13,5,2,1,1,5,83.00000000000001,-0.65021,0
N=Cn1c(O)cnc1N[O-],141.10999999999999,6,3,2,1,6,96.99000000000001,-0.04643000000000014,0
N=C(N)c1cnoc1O,127.10299999999998,4,3,1,1,5,96.13000000000001,-0.3357299999999997,0
N=C1OCC(=O)OC1N,130.10299999999998,5,2,0,1,5,85.39999999999999,-1.1781300000000001,1
CNc1nc(C=O)n[nH]1,126.11899999999999,4,2,2,1,5,70.67,-0.3411000000000001,0
C#CC(N)C1=NC(=O)N1,123.115,2,2,1,1,4,67.47999999999999,-0.9314,1
CC1=NC(=O)C(N)=N1,111.104,3,1,0,1,4,67.81,-0.6978,0
N=C1CN=COC(=O)N1,127.10299999999998,4,2,0,1,5,74.53999999999999,-0.26823000000000013,0
CC(O)C1=NC(N)=N1,113.12000000000002,4,2,1,1,4,70.97,-0.9060000000000001,1
N=C(O)C1=NCOC1=N,127.103,4,3,1,1,5,89.52000000000001,-0.07236000000000015,0
N=C1C=C(O)OC1=N,112.08799999999998,4,3,0,1,4,77.16,0.41304,0
N=C1OC=NCC(=O)O1,128.087,5,1,0,1,5,71.74,-0.47713000000000005,0
N=CN1OCOCC1=N,129.119,4,2,1,1,5,69.4,-0.2079600000000001,0
N=C1COC(=N)C(O)C=N1,141.12999999999997,4,3,0,1,5,89.52,-0.5971600000000001,1
N=C1C(=O)ON=C1N,113.07600000000001,5,2,0,1,5,88.53,-1.16483,0
N=C1C=NN=C1CN,110.12,4,2,1,1,4,74.59,-0.59473,0
N=C1NC(=N)C(=O)O1,113.076,4,3,0,1,5,86.03000000000002,-0.95516,0
N=CN1C(=N)COC1=N,126.11899999999999,4,3,1,1,5,84.02000000000001,-0.1622900000000002,0
N#CCc1ncnn1N,123.11900000000001,5,1,1,1,5,80.52,-0.9420200000000001,0
N#CCc1n[nH]c(N)n1,123.11900000000001,4,2,1,1,5,91.38,-0.5470200000000003,0
NCc1n[nH]nnc1=O,127.10699999999999,5,2,1,1,6,97.55000000000001,-1.9813999999999998,0
N=C1OC(=O)N1C=O,114.05999999999999,4,1,1,1,5,70.46000000000001,-0.47023000000000015,0
CC(=O)C1=NC(=O)N1,112.088,2,1,1,1,4,58.53,-0.3028999999999999,0
NC1=NC(=O)C(O)=N1,113.07599999999998,3,2,0,1,5,88.03999999999999,-1.2022000000000002,0
N=C1OC=NCNC1=O,127.103,4,2,0,1,5,74.53999999999999,-0.9041300000000003,0
N=C1CONC(=O)N1,115.09199999999998,3,3,0,1,5,74.21,-0.7919300000000002,0
N=Cn1c(O)cnc1C=O,139.11399999999998,5,2,2,1,5,78.97,-0.14363000000000004,0
N=COC1=NC1NC=O,127.10299999999998,4,2,3,1,5,74.53999999999999,-0.9057300000000001,1
CC1OC(=N)OC1=NO,130.103,5,2,0,1,5,74.9,0.1441699999999999,1
N=C1N=CON=CCO1,127.103,4,1,0,1,5,67.03,-0.01793,0
Nc1cn[nH]c1OC=O,127.10299999999998,4,2,2,1,5,81.0,-0.4729000000000001,0
CN=C1N=CN=C1C=N,122.13099999999999,3,1,1,1,4,60.93,0.14717000000000008,0
NC(=O)C1C=NNC1=O,127.103,3,2,1,1,5,84.55000000000001,-1.7965,1
N=C1COC(=N)OCO1,130.103,5,2,0,1,5,75.39,-0.08066000000000012,0
O=NCC1C(=O)NC1=O,128.087,4,1,2,1,5,75.6,-0.9746000000000001,0
CNC(=N)C1ON1C=O,129.119,3,2,2,1,5,68.49000000000001,-1.08723,1
N=C(CN)N1N=C1CO,128.135,4,3,2,1,5,85.47000000000001,-1.4562299999999997,0
Cc1nnc(O)nc1N,126.119,5,2,0,1,5,84.92,-0.5321800000000001,0
NC1=NCC(=O)C(=O)O1,128.087,5,1,0,1,5,81.75,-1.573,0
O=Cn1[nH]c(=O)c(=O)o1,130.059,5,1,1,1,6,85.07000000000001,-1.8321000000000005,0
N=C1OC(=O)NCC1=O,128.087,4,2,0,1,5,79.25,-0.7274300000000002,0
CN=C1N=CC(N)=N1,110.12,2,1,0,1,4,63.099999999999994,-0.5862,0
N=Cn1nc(O)cc1N,126.11899999999999,5,3,1,1,5,87.92,-0.37393000000000004,0
N=C1NCOC(=O)CO1,130.103,4,2,0,1,5,71.41,-0.9583300000000001,0
N=CN1OC(=N)C1CO,129.119,4,3,2,1,5,80.4,-0.8211600000000003,1
Nc1cnc(NC=O)o1,127.10299999999998,4,2,2,1,5,81.14999999999999,-0.17490000000000022,0
Cc1nnc(N)n1C=N,125.135,5,2,1,1,5,80.58,-0.3761100000000001,0
NC1=CC(=O)C(C=O)=N1,124.09899999999999,4,1,1,1,4,72.52000000000001,-0.9909000000000001,0
N=C1COC(=N)OCO1,130.103,5,2,0,1,5,75.39,-0.08066000000000012,0
N=c1cnc(CO)no1,127.103,5,2,1,1,5,83.0,-0.9586300000000003,0
CC1(C#N)N=NC1=N,108.104,3,1,0,1,4,72.36,0.7117500000000001,1
N=C1OC(N)=NC1=O,113.07600000000001,4,2,0,1,5,88.53,-1.1648300000000003,0
N=CN1CC(=O)OCO1,130.10299999999998,4,1,1,1,5,62.620000000000005,-0.65863,0
N=C1OCC(=O)OC1=N,128.087,5,2,0,1,5,83.22999999999999,-0.48566000000000015,0
NC(=O)c1ncno1,113.076,4,1,1,1,5,82.01,-0.8315000000000003,0
N=C1C=C(CO)OC1=O,127.09899999999998,4,2,1,1,4,70.38,-0.5608300000000002,0
N=C1NC(=O)N=CCO1,127.103,3,2,0,1,5,74.54,-0.26822999999999997,0
CC1=C(N)C(=O)N=N1,111.104,3,1,0,1,4,67.81,0.16900000000000015,0
N=Cc1c[nH]nc1O,111.10399999999998,3,3,1,1,4,72.76,0.11296999999999996,0
N=CC1NC=CNC(=N)O1,140.146,4,4,1,1,5,80.99000000000001,-0.4225600000000002,1
N=C1N=C(N)C(CO)=N1,126.119,3,3,1,1,5,94.82000000000001,-1.2747300000000001,0
N=C1OCC(=O)C(=N)O1,128.087,5,2,0,1,5,83.23,-0.48566000000000015,0
N=CN1CC(=N)NC1=O,126.11899999999999,3,3,1,1,5,80.04,-0.40406000000000003,0
COC1=NC(=N)C(N)=N1,126.11900000000001,4,2,0,1,5,83.82,-0.6631300000000002,0
Cn1ncnc1CO,113.11999999999999,4,1,1,1,4,50.94,-0.6926000000000001,0
N=C1COC(=N)C(=O)N1,127.103,4,3,0,1,5,86.03,-0.9126600000000002,0
COC(=O)c1nc[nH]n1,127.10300000000001,4,1,1,1,5,67.87,-0.4087,0
CC(=O)n1cnnc1N,126.11900000000001,5,1,0,1,5,73.8,-0.47959999999999997,0
CC1=NC(=N)N=C1O,111.10399999999998,1,2,0,1,4,68.8,0.3521700000000001,0
CC(=O)n1cnc(C=N)n1,138.13,5,1,1,1,5,71.63,-0.06412999999999996,0
N=c1occ(N)n1CO,129.11900000000003,5,3,1,1,5,88.17,-0.9074300000000004,0
N=C1ON=C1C(N)=O,113.076,4,2,1,1,5,88.53,-1.1648300000000003,0
Nc1ncc(=O)oc1O,128.087,5,2,0,1,5,89.35000000000001,-0.6774000000000002,0
CN=C1N=COC1=O,112.08799999999998,3,0,0,1,4,51.02,-0.4001999999999999,0
CN=c1nc(N)c1=O,111.104,4,1,0,1,4,68.34,-1.5698999999999999,0
Cc1nc(=N)oc(=N)[nH]1,126.11899999999999,4,3,0,1,5,89.52000000000001,-0.7299400000000003,0
N=COc1cc(N)no1,127.103,5,2,2,1,5,85.13,0.2426700000000001,0
CC1(O)N=COC(=O)O1,131.087,5,1,0,1,5,68.12,-0.15249999999999997,1
CN=C1OC(=O)NC1=O,128.087,4,1,0,1,5,67.75999999999999,-0.7189000000000001,0
CC(O)Oc1cnoc1,129.115,4,1,2,1,4,55.49,0.3916999999999999,1
N=C1N=C(CO)N=C1O,127.10299999999998,3,3,1,1,5,89.03,-0.67543,0
N=CN1NCOC1C=O,129.11899999999997,4,2,2,1,5,65.42000000000002,-1.0872300000000001,1
CNC1=NC=C(N)C1=O,125.13099999999999,4,2,0,1,4,67.47999999999999,-1.0129,0
N=CC1=NC(N)=NC1=O,124.10300000000001,4,2,1,1,5,91.66,-1.0681300000000002,0
COc1noc(C=O)n1,128.087,5,0,2,1,5,65.22,-0.10930000000000006,0
COc1noc(C=N)n1,127.103,5,1,2,1,5,72.0,0.07586999999999994,0
COc1nc(C=O)c[nH]1,126.11499999999998,3,1,2,1,4,54.98,0.23079999999999995,0
Cn1nc(N)nnc1=N,126.12300000000002,6,2,0,1,6,93.47,-1.72823,0
CNC1(C(=N)O)OC1=O,130.10299999999998,4,3,2,1,5,85.71000000000001,-1.0058299999999998,1
COc1cnoc(=N)n1,127.103,5,1,1,1,5,72.0,-0.44233000000000006,0
NC(=O)NC1C=NO1,115.09199999999998,3,2,1,1,5,76.71000000000001,-1.0031999999999999,1
NC1=NC(OC=O)=C1N,127.10299999999998,5,2,2,1,5,90.7,-1.3419999999999999,0
CC1=NC(=O)N=C1N,111.104,2,1,0,1,4,67.81,-0.061899999999999844,0
CN=C1NC(O)=NC1=O,127.10299999999998,2,2,0,1,5,74.05000000000001,-0.9415000000000002,0
N=C1OCOC(=O)C1=O,129.071,5,1,0,1,5,76.45,-0.9363300000000001,0
CC1=NC(=O)C(O)=N1,112.08799999999998,2,1,0,1,4,62.019999999999996,-0.09849999999999998,0
NC1=CC(=O)N=C1N,111.10400000000001,3,2,0,1,4,81.47,-1.2736000000000003,0
CC(=N)c1ncno1,111.104,4,1,1,1,4,62.77,0.45737,0
Nc1n[nH]c(C=O)n1,112.09199999999998,4,2,1,1,5,84.66,-0.8006000000000004,0
NC=C1N=NC=C1N,110.11999999999999,4,2,0,1,4,76.75999999999999,0.05240000000000011,0
CC(=O)n1[nH]c(=O)o1,116.07599999999998,4,1,0,1,5,68.0,-0.5705,0
N=C1NC(=O)C(=O)O1,114.05999999999999,4,2,0,1,5,79.25000000000001,-1.4058300000000001,0
C#Cc1nc(CN)no1,123.11500000000001,4,1,1,1,4,64.94,-0.4904000000000001,0
N=C1OC(=O)C(C=O)O1,129.07099999999997,5,1,1,1,5,76.45,-0.9379300000000002,1
Cc1nc(N)nnc1C#N,135.13,5,1,0,1,5,88.47999999999999,-0.36610000000000026,0
Nc1cnc(C=O)n1C=O,139.11399999999998,5,1,2,1,5,77.97999999999999,-0.6839,0
N=C1OCC(=O)C(=N)O1,128.087,5,2,0,1,5,83.23,-0.48566000000000015,0
N=CNC1NC1C=NC=O,140.146,3,3,4,1,5,87.25,-1.29183,2
N=C1C=NN=C1NC=O,124.10299999999998,4,2,1,1,5,77.67,-0.8499300000000003,0
N=CC1OCOC(=N)O1,130.103,5,2,1,1,5,75.39,-0.08225999999999994,1
NC(=O)C1=NC(=O)N1,113.076,2,2,1,1,5,84.55000000000001,-1.4066,0
N=CN1C=NC(=O)CO1,127.10299999999998,3,1,1,1,5,65.75,-0.60443,0
Nc1nnc[nH]c1=O,112.09199999999998,4,2,0,1,5,84.66,-1.2529000000000006,0
Cc1n[nH]c(=N)oc1=O,127.10299999999998,4,2,0,1,5,82.74000000000001,-0.84921,0
CN=C(O)C1=C(N)N=N1,126.11900000000001,4,2,1,1,5,83.33,0.16630000000000017,0
N=C1OC(=O)OC1C=O,129.07099999999997,5,1,1,1,5,76.44999999999999,-0.30203,1
NC1=CC(=O)C(=O)N1,112.088,3,2,0,1,4,72.19,-1.5146,0
N=C1ON=C1C=NC=O,125.08699999999997,4,1,2,1,5,74.87,-0.42293000000000003,0
CC(=O)C1=NC(N)=N1,111.10400000000001,4,1,1,1,4,67.81,-0.6978,0
COc1cnc(CN)nn1,140.14600000000002,5,1,2,1,5,73.92,-0.6611000000000002,0
N=Cc1coc(=O)c(N)n1,139.114,5,2,1,1,5,92.97,-0.3853300000000001,0
N=Cc1n[nH]c(N)n1,111.108,4,3,1,1,5,91.44,-0.6154300000000001,0
N=C1OCNC(=O)C(=N)O1,143.10199999999998,5,3,0,1,6,95.26,-0.9810600000000003,0
NC1=NC(=O)C(=O)N=C1,125.08699999999997,3,1,0,1,5,84.88,-1.5188,0
CN=C1NC(=O)NCO1,129.119,3,2,0,1,5,62.72,-0.7409000000000001,0
N=C1C=NC(N)=[N+]1[O-],112.09200000000001,4,2,0,1,5,88.30000000000001,-1.12693,0
N=c1onc(N)n1C=O,128.091,6,2,1,1,6,97.9,-1.4239300000000001,0
N=c1[nH]c(=N)oc(=O)[nH]1,128.091,4,4,0,1,6,109.48999999999998,-1.7450600000000005,0
N=CN1C(=N)NC1C=O,126.11899999999997,3,3,2,1,5,80.04,-1.0415600000000003,1
N=C1N=C(N)N=C1N,111.10800000000002,4,3,0,1,5,100.61,-1.3508300000000002,0
CN=C1N=NC(C=O)CN1,140.146,3,1,1,1,5,66.17999999999999,-0.4049,1
N=C1OC(C=O)NC1O,130.103,5,3,1,1,5,82.41,-1.5731300000000001,2
COC1=NC(N)=NC1=N,126.11900000000001,4,2,0,1,5,83.82,-0.66313,0
Nc1cnc(=O)oc1N,127.103,5,2,0,1,5,95.14,-0.8008,0
N=c1cc(N)[nH]n1C=O,126.119,4,3,1,1,5,87.66,-1.0838299999999998,0
CC(O)C1=CN=NC1=N,125.131,3,2,1,1,4,68.80000000000001,0.6941700000000001,1
Nc1cnc(N)[n+]([O-])c1,126.119,4,2,0,1,5,91.86999999999999,-1.1206,0
N=C1CNC(=O)C(N)O1,129.119,4,3,0,1,5,88.2,-1.60513,1
NC(=O)C1=NC=C1N,111.104,3,2,1,1,4,81.47,-1.2736000000000003,0
N=C1CNC(=O)N=CO1,127.10299999999998,3,2,0,1,5,74.54,-0.26823000000000013,0
N=CN1COC(=O)CO1,130.10299999999998,4,1,1,1,5,62.620000000000005,-0.6586300000000003,0
N=C1N=CN=C1C=NO,124.10299999999998,4,2,1,1,5,81.16,-0.09343000000000007,0
N=C1OCC(=O)C1=NO,128.087,5,2,0,1,5,82.74,-0.60683,0
NC1=NN=C1CC=O,111.10399999999998,4,1,2,1,4,67.81,-0.6978,0
CN=C1C(=O)NN=C1O,127.10299999999998,3,2,0,1,5,74.05,-0.9415000000000002,0
CC(C#N)C1=NN=C1N,122.13100000000001,4,1,1,1,4,74.53,-0.1271199999999998,1
N=c1[nH]oc(=O)c(=N)o1,129.075,5,3,0,1,6,106.83999999999999,-1.4801599999999997,0
NC1=C(O)C(=O)C(O)=N1,128.087,4,3,0,1,5,95.91,-0.7886,0
COC(=O)C1=NC(N)=N1,127.10300000000002,5,1,1,1,5,77.03999999999999,-1.1138000000000003,0
Nc1cnnc(=O)n1N,127.10700000000001,6,2,0,1,6,99.82000000000001,-2.0656999999999996,0
N=C1OC(=N)C(C=O)O1,128.087,5,2,1,1,5,83.23,-0.48726000000000025,1
CNC1=C(C=O)C(=N)N=N1,138.13,4,2,2,1,5,77.67,0.059370000000000034,0
N=Cc1conc1N,111.10400000000001,4,2,1,1,4,75.9,0.25447000000000014,0
[O-]c1noc(CO)n1,115.068,5,1,1,1,5,82.21000000000001,-1.3645,0
CCC1=NC(=N)NC1=O,125.13099999999999,2,2,1,1,4,65.31,-0.09802999999999995,0
O=C1CNC=CC(O)N1,128.13099999999997,3,3,0,1,4,61.36,-1.4621,1
O=Cc1conc1N=O,126.071,5,0,2,1,5,72.53,0.885,0
CNc1cnc(C=O)n1O,141.13,5,2,2,1,5,67.15,-0.025399999999999978,0
Cn1c(=N)cnoc1=N,126.11899999999999,5,2,0,1,5,78.66,-1.0279600000000002,0
N=CN1CC(=O)C1=NO,127.10299999999998,4,2,1,1,5,76.75,-0.7341300000000002,0
NC1=NC(=O)C(N)=N1,112.092,4,2,0,1,5,93.83,-1.8014999999999999,0
COc1nc[nH]c(=O)n1,127.103,4,1,1,1,5,67.87,-0.8265,0
Cn1c(=N)ncoc1=N,126.11899999999999,5,2,0,1,5,78.66,-1.0279600000000002,0
N=C1COC(=N)OCO1,130.103,5,2,0,1,5,75.39,-0.08066000000000012,0
O=CC1NC(=O)NC1=O,128.087,3,2,1,1,5,75.27000000000001,-1.6067,1
N=C1C=NCOC(=N)N1,126.119,4,3,0,1,5,81.32,-0.45346000000000014,0
CC(=O)n1cnc(N)n1,126.11900000000001,5,1,0,1,5,73.8,-0.47959999999999997,0
CC(=O)C1=NC(O)=N1,112.088,3,1,1,1,4,62.019999999999996,-0.09849999999999998,0
N=C1OC(=O)N1C=O,114.05999999999999,4,1,1,1,5,70.46000000000001,-0.47023000000000015,0
NCC1=C(O)C(=O)N=N1,127.10299999999998,4,2,1,1,5,88.04,-0.2929000000000002,0
COC1=NC(=O)C(N)=N1,127.10300000000001,4,1,0,1,5,77.03999999999999,-1.1138000000000003,0
CC(=O)n1ncnc1N,126.119,5,1,0,1,5,73.8,-0.47959999999999997,0
N=C(N)C1=NC=NC1=O,124.103,3,2,1,1,5,91.66,-1.06813,0
O=C1NCNC(=O)C1O,130.10299999999998,3,3,0,1,5,78.43,-2.4492,0
N#Cc1noc(C=N)n1,122.08699999999999,5,1,1,1,5,86.56,-0.06104999999999999,0
N=C1OCC(=O)C(N)O1,130.103,5,2,0,1,5,85.4,-1.1781300000000001,1
CNC1=NC(=N)C(=O)N1,126.11899999999999,3,3,0,1,5,77.34,-1.3311300000000001,0
Cn1cnnc1C=NC#N,135.13,5,0,1,1,5,66.86,-0.2849200000000003,0
Cc1nonc(N)c1=N,126.119,5,2,0,1,5,88.78999999999999,-0.5603100000000001,0
Cn1cnn1C(N)C#N,125.135,5,1,1,1,5,72.56,-0.7975200000000002,1
COc1cnoc(=O)c1,127.09899999999998,4,0,1,1,4,52.330000000000005,0.04339999999999988,0
Nc1ncc(C=O)nn1,124.103,5,1,1,1,5,81.76,-0.7337000000000002,0
O=CNC1=CN=NC1=O,125.08699999999999,3,1,2,1,5,70.89,-0.4338000000000002,0
CC1=NC(N)=NC1=N,110.12,3,2,0,1,4,74.59,-0.24712999999999996,0
Cn1ncnc1C(=N)O,126.11899999999999,4,2,1,1,5,74.79,-0.3015299999999997,0
Nc1nc(C=O)c(O)o1,128.08699999999996,5,2,1,1,5,89.35,-0.2250999999999999,0
N=C1CN=COC(=N)O1,127.10299999999998,5,2,0,1,5,78.52,-0.026460000000000095,0
O=CN1CC(=O)NCO1,130.103,3,1,1,1,5,58.64,-1.5363000000000004,0
N#CCC(CO)C1=NN1,125.131,4,2,3,1,4,78.32,-0.5747200000000001,1
N=Cn1c(O)cnc1N,126.11899999999999,5,3,1,1,5,87.92,-0.37393000000000004,0
Cn1cnc(N)nc1=N,125.135,5,2,0,1,5,80.58000000000001,-1.12323,0
N=CNC1=CN=NC1=N,123.119,3,3,2,1,5,84.45,0.46754,0
CC1=NC(CO)=NC1=O,126.11499999999998,3,1,1,1,4,62.02,-0.6217000000000001,0
N=C(O)c1c[nH]c(=N)o1,127.10299999999998,3,4,1,1,5,96.86,-0.029460000000000153,0
NC1=CC(=O)N=C1N,111.10400000000001,3,2,0,1,4,81.47,-1.2736000000000003,0
NC1=NC(=O)OC1=O,114.05999999999997,4,1,0,1,5,81.75,-0.9796,0
CN=NC1COC(=O)C1=N,141.13,5,1,1,1,5,74.87,0.013570000000000026,1
N=CN1CC(C(N)=O)CO1,143.146,3,2,2,1,5,79.41000000000001,-1.0578300000000003,1
N=C(N)C1=NC(=O)O1,113.076,3,2,1,1,5,88.53000000000002,-0.5289299999999999,0
N=Cn1[nH]c(=O)oc1=O,129.075,5,2,1,1,6,91.85,-1.4152300000000002,0
CC(=O)C1=NC(=N)N1,111.104,2,2,1,1,4,65.31,-0.4881300000000001,0
N=C1OCC(=O)C1=O,113.07199999999999,4,1,0,1,4,67.22,-0.8679300000000001,0
CN=C1NC(N)=NC1=O,126.119,3,2,0,1,5,79.84,-1.5408,0
COC1=NC(=N)OCN1,129.119,4,2,0,1,5,66.7,-0.49913000000000024,0
CC1=NC(=N)N=C1CO,125.13099999999999,2,2,1,1,4,68.8,-0.1710299999999999,0
CN=C1N=CNC1=O,111.10399999999998,2,1,0,1,4,53.82,-0.8272000000000002,0
NC1=NN=C1C=NCO,126.11899999999999,5,2,2,1,5,83.33,-1.2662000000000002,0
CN=C1N=CN=C1N,110.12,3,1,0,1,4,63.099999999999994,-0.5861999999999998,0
CC1(C(=N)O)NCO1,116.11999999999999,3,3,1,1,4,65.34,-0.18483,1
Cc1cnc(N)n[n+]1[O-],126.11900000000001,4,1,0,1,5,78.74,-0.9993800000000002,0
CC(=O)c1ocnc1N,126.115,4,1,1,1,4,69.12,0.45940000000000014,0
N#CCc1nonc1N,124.10300000000001,5,1,1,1,5,88.73,-0.28212000000000004,0
N=C(N)c1nnco1,112.092,4,2,1,1,5,88.79,-0.6463300000000001,0
N=CN=C1OCOC1=N,127.10299999999998,4,2,1,1,5,78.52000000000001,-0.026460000000000095,0
CNC1OC(=N)C(=O)O1,130.103,5,2,1,1,5,71.41,-0.9599300000000002,1
CC1=NN=C(N)C1=N,110.12,4,2,0,1,4,74.59,-0.24712999999999996,0
CC1=NC(CO)=NC1=O,126.11499999999998,3,1,1,1,4,62.02,-0.6217000000000001,0
N=C1ON=C(CO)C1=N,127.10299999999998,5,3,1,1,5,89.52000000000001,-0.6380600000000003,0
Nc1ocnc(=O)[n+]1[O-],129.075,5,1,0,1,6,96.06,-1.7495999999999998,0
CC1=NC(N)=NC1=O,111.104,3,1,0,1,4,67.81,-0.6978,0
C[NH2+]C1NC(=O)OC1=N,130.127,3,3,1,1,5,78.78999999999999,-1.7772299999999994,1
Cc1n[nH]nc1COC#N,138.13,4,1,2,1,5,74.59,0.11079999999999995,0
CN=C1C=NN=C1N,110.12,4,1,0,1,4,63.099999999999994,-0.5862,0
N=CNC1=NC(=O)C=N1,124.103,3,2,1,1,5,77.67,-0.8499300000000001,0
N=Cn1cnc(N)n1,111.108,5,2,1,1,5,80.58,-0.6845300000000001,0
CN=C1NC(=O)N=C1N,126.119,3,2,0,1,5,79.84,-0.9049,0
NC(=O)OC1=NCOC1,130.103,4,1,0,1,5,73.91000000000001,-0.5321,0
CC(=O)n1cc(N)nn1,126.11900000000001,5,1,0,1,5,73.8,-0.4796000000000002,0
CC(=O)C1=NNC1=N,111.104,3,2,1,1,4,65.31,-0.4881300000000001,0
CC1=NC(=N)OC1=O,112.08799999999998,3,1,0,1,4,62.51,-0.06112999999999996,0
CN=c1nc(CN)c1=N,124.147,4,2,1,1,4,75.12,-1.5741299999999994,0
CNC1OC(=N)NC1=O,129.119,4,3,1,1,5,74.21000000000001,-1.3869299999999998,1
CN=C1NC(=N)N=C1O,126.11899999999999,2,3,0,1,5,80.83,-0.49083000000000016,0
CCn1cnnc1N,112.13600000000001,4,1,1,1,4,56.730000000000004,-0.11980000000000002,0
CC1=C(N)N=NC1=N,110.12,3,2,0,1,4,74.59,0.6196700000000002,0
N=C1N=C(N)C(C=O)=N1,124.103,3,2,1,1,5,91.66000000000001,-1.06813,0
N#CC(N)N1OC1=O,113.07599999999998,4,1,1,1,5,82.41999999999999,-0.83802,1
N#CC1NC=C(N)N=CO1,138.13,5,2,0,1,5,83.43,-0.7582200000000001,1
CN=C1COC(=N)NC1=N,140.146,4,3,0,1,5,81.32,-0.41095999999999994,0
N=COC(=N)C1=NN=C1,124.103,5,2,2,1,5,81.64999999999999,0.027739999999999987,0
CC1=NN=C1NC=O,111.10399999999998,3,1,1,1,4,53.82,-0.4796,0
N=CC1=NN=NC1=N,109.092,4,2,1,1,5,84.78,0.43504000000000004,0
CN=c1[nH]ncc(=O)o1,127.10299999999998,4,1,0,1,5,71.25,-1.1066000000000003,0
N=CC1NC(=N)C(=O)N1,126.119,3,4,1,1,5,88.83000000000001,-1.3412600000000003,1
N=C1NC(=O)C(=O)CO1,128.087,4,2,0,1,5,79.25000000000001,-1.36333,0
NC(=O)n1ncc(O)n1,128.09099999999998,5,2,0,1,6,94.03,-1.0895000000000004,0
CN=C1C=NC(CO)=N1,125.13099999999999,3,1,1,1,4,57.31,-0.5101000000000002,0
CNC1OC(=N)OC1=O,130.103,5,2,1,1,5,71.41,-0.9599300000000002,1
Cc1nnc(=N)oc1O,127.10299999999998,5,2,0,1,5,83.0,-0.43691,0
N=C1OCCNC1=NO,129.11900000000003,4,3,0,1,5,77.7,-0.6288300000000002,0
CC(=O)C1=NC(=N)O1,112.088,3,1,1,1,4,62.510000000000005,-0.06112999999999996,0
N=C1NC(=O)OC1C=O,128.087,4,2,1,1,5,79.25,-0.7290300000000001,1
CN=C1N=C(N)N=C1N,125.13500000000002,4,2,0,1,5,89.11999999999999,-1.2997999999999994,0
CC1=NC(=N)N1CO,113.11999999999999,2,2,1,1,4,59.68000000000001,-0.39503,0
CN=C1ON=C1NC#N,124.103,5,1,0,1,5,69.77000000000001,-0.5709200000000001,0
Cc1nnc(N)n1C=O,126.119,5,1,1,1,5,73.8,-0.7929800000000002,0
CN=C1OC(=N)N1C=N,126.119,4,2,1,1,5,72.53,-0.15376,0
N=C1CNC(=O)NCO1,129.119,3,3,0,1,5,74.21000000000001,-0.7494300000000003,0
N=CC1=NC(=N)N=C1N,123.11900000000001,3,3,1,1,5,98.44,-0.6174600000000001,0
N=C1N=CN(N)C1=N,111.108,3,3,0,1,5,89.32,-0.8414600000000003,0
NC1=NC=NC1=NC=O,124.10299999999998,3,1,1,1,5,80.16999999999999,-1.0596,0
N=C(O)c1c[nH]c(=N)o1,127.10299999999998,3,4,1,1,5,96.86,-0.029460000000000153,0
COC1=C(O)N=C1N,114.104,4,2,1,1,4,67.84,-0.2693,0
N=c1cc(N)nc(N)o1,126.11900000000001,5,3,0,1,5,101.92,-0.6815300000000004,0
Cc1nc(N)nn1C=N,125.135,5,2,1,1,5,80.58,-0.3761100000000001,0
COC1=CN=C1NC#N,123.115,4,1,1,1,4,57.41,-0.04302,0
N#CCc1ncnn1N,123.11900000000001,5,1,1,1,5,80.52,-0.9420200000000001,0
CC(=O)n1cnc(=N)o1,127.103,5,1,0,1,5,71.88,-0.38433,0
COC1=NC(N)=NC1=N,126.11900000000001,4,2,0,1,5,83.82,-0.66313,0
CC(=O)c1c(O)c1=O,112.08399999999997,3,1,1,1,3,54.37,-0.16940000000000005,0
N=C1OCOC(=O)C1=O,129.071,5,1,0,1,5,76.45,-0.9363300000000001,0
CC1=NC(CO)=NC1=O,126.11499999999998,3,1,1,1,4,62.02,-0.6217000000000001,0
N=C1NCC(=O)N=CO1,127.103,3,2,0,1,5,74.54,-0.9041300000000001,0
CC(=O)C1=NOC1=N,112.088,4,1,1,1,4,62.51,-0.06112999999999996,0
CNC1=NC(=O)N1C=N,126.11899999999999,3,2,1,1,5,68.55000000000001,-0.3955299999999999,0
N=CNc1coc(=O)[nH]1,127.10299999999998,3,3,2,1,5,81.88,-0.013130000000000197,0
N=C1N=CC(=O)C(N)=N1,124.10300000000001,3,2,0,1,5,91.66,-1.06813,0
CC1(NC=O)NC1=O,114.104,2,2,2,1,4,68.11000000000001,-1.4216000000000002,1
N=C1C=NC(N)=C1N,110.12000000000002,4,3,0,1,4,88.25,-0.8229300000000002,0
CC1=[NH+]C(=O)C(N)=N1,112.11200000000001,3,2,0,1,4,69.42,-2.6171999999999995,0
N=C1C=NC(C=O)=N1,109.088,3,1,1,1,4,65.64,-0.35453,0
NC1=C(C=NC=O)C(=O)N1,139.11399999999998,3,2,2,1,5,84.55,-1.4863000000000004,0
CNC1OC(=O)NC1=O,130.103,4,2,1,1,5,67.43,-1.2017000000000002,1
N=c1ncc(CO)n[nH]1,126.119,4,3,1,1,5,85.65,-1.2235300000000002,0
NC1=NC=C(C=O)NC=N1,138.12999999999997,5,2,1,1,5,79.83999999999999,-1.0270999999999997,0
O=CC(O)c1cnon1,128.087,5,1,2,1,5,76.22,-0.6981000000000002,1
N=Cc1nc(C=O)no1,125.08699999999999,5,1,2,1,5,79.84,-0.12023,0
NC(=O)C1=NN=C1N,112.09200000000001,4,2,1,1,5,93.83,-1.8014999999999999,0
Nc1cnc(C=O)n1O,127.10299999999998,5,2,1,1,5,81.14,-0.48490000000000005,0
N=CC1COC(=O)N1C=O,142.114,4,1,2,1,5,70.46000000000001,-0.38683,1
CNC1NC(=O)C(=N)O1,129.119,4,3,1,1,5,74.21,-1.3869299999999998,1
N=CNC(=O)NC1CO1,129.119,3,3,2,1,5,77.51,-0.7510300000000001,1
CCn1ncc(N)[n+]1[O-],128.135,4,1,1,1,5,70.78,-0.8813999999999997,0
N=c1[nH]c(=NO)c1=O,113.076,4,3,0,1,5,89.30000000000001,-1.9801300000000004,0
COc1noc(N)c1N,129.119,5,2,1,1,5,87.3,-0.15239999999999998,0
N=C1CNC(=O)N1,99.09299999999999,2,3,0,1,4,64.98,-0.7235300000000002,0
CCn1cnnc1O,113.11999999999999,4,1,1,1,4,50.94,0.003599999999999881,0
N#CNC1=NC=NC1=N,121.103,4,2,0,1,5,84.39,-0.52525,0
N=C1NC=C(N)OCO1,129.11900000000003,4,3,0,1,5,80.36000000000001,-0.72733,0
CC(=O)C1=NC(O)=N1,112.088,3,1,1,1,4,62.019999999999996,-0.09849999999999998,0
CN=c1ncoc(=N)[nH]1,126.11899999999999,4,2,0,1,5,78.03,-0.9873300000000005,0
CCn1[nH]c(=N)c(=O)o1,129.119,4,2,1,1,5,74.78,-0.7312299999999998,0
CC1=NC(=N)N1C=O,111.10399999999998,2,1,1,1,4,56.52,-0.18843000000000004,0
COC(=O)c1cn[nH]n1,127.10300000000001,4,1,1,1,5,67.87,-0.40870000000000023,0
NC(=O)C1=NC(O)=N1,113.076,3,2,1,1,5,88.04,-1.2022000000000002,0
N=C1NC(=O)NC1=O,113.076,3,3,0,1,5,82.05000000000001,-1.19693,0
N=C1COC(=N)OCO1,130.103,5,2,0,1,5,75.39,-0.08066000000000012,0
N=C1NCC(C=O)OC1=N,141.13,4,3,1,1,5,86.03,-0.8717600000000001,1
N=C1NCN=NC(=O)O1,128.091,4,2,0,1,6,86.9,0.07067000000000012,0
N=C1COC(=N)OCO1,130.103,5,2,0,1,5,75.39,-0.08066000000000012,0
Cn1nnc(=N)c(N)n1,126.123,6,2,0,1,6,93.47,-1.72823,0
COC1=C(N)N=NC1=N,126.11900000000001,4,2,1,1,5,83.82,0.20367000000000007,0
N=CN1CC(=N)OCO1,129.119,4,2,1,1,5,69.4,-0.2079600000000001,0
Nc1cnc(C=O)cn1,123.11499999999998,4,1,1,1,4,68.87,-0.12869999999999998,0
N=CN1OCCOC1=N,129.119,4,2,1,1,5,69.4,-0.2079600000000001,0
N=CN1CC(O)OC=N1,129.11899999999997,4,2,1,1,5,68.91000000000001,-0.8126300000000002,1
CN=C1N=NC(=O)CN1,126.11899999999999,2,1,0,1,5,66.17999999999999,-0.4457999999999999,0
COC1=NNC(=O)C1=N,127.10299999999998,4,2,0,1,5,74.53999999999999,-0.9041300000000001,0
CN=c1cconc1N,125.131,4,1,0,1,4,64.41,-0.2127,0
CC1=NN=C(N)C1=NC=N,137.14600000000002,4,2,1,1,5,86.94999999999999,-0.21883000000000002,0
N=C(O)c1cnoc1N,127.103,4,3,1,1,5,96.13,0.14016999999999996,0
O=C1N=NN=C1C#CCO,137.09799999999998,4,1,0,1,5,74.38,-0.6695,0
NC1=CC(=O)N=C1N,111.10400000000001,3,2,0,1,4,81.47,-1.2736000000000003,0
NC(=O)N(C=O)C1CO1,130.10299999999998,3,1,2,1,5,75.93,-1.1202,1
COC1=NN=C1CCO,128.131,4,1,2,1,4,54.18000000000001,-0.21670000000000006,0
NC1=C(CO)C(=O)O1,115.08799999999998,4,2,1,1,4,72.55,-1.2942000000000002,0
NC1=NC(=O)N=C1CCO,141.13,3,2,2,1,5,88.04,-0.6993999999999998,0
N=C1CC(=N)C(=N)OCO1,141.13,5,3,0,1,5,90.01000000000002,0.3551099999999999,0
N=C1OCCNC(=O)O1,130.103,4,2,0,1,5,71.41,-0.32243000000000016,0
N=C1CNC(=N)OCO1,129.119,4,3,0,1,5,78.19000000000001,-0.5076600000000004,0
CC1=NOC(N)=NN1C,128.13500000000002,5,1,0,1,5,63.21,-0.48849999999999993,0
N=C1COC(=N)N=CO1,127.103,4,2,0,1,5,78.52,-0.026460000000000095,0
O=C1CNC(=O)C(=O)O1,129.071,4,1,0,1,5,72.47,-1.814,0
O=CC1N=CNC(=O)N1,127.10299999999998,3,2,1,1,5,70.56,-1.1475000000000002,1
N=CC1OCOC(=N)C1=N,141.13,5,3,1,1,5,90.00999999999999,0.005910000000000193,1
N=C1COC(=N)OCO1,130.103,5,2,0,1,5,75.39,-0.08066000000000012,0
CNC(=N)OC1NC1=O,129.119,3,3,1,1,5,84.12,-1.3869299999999998,1
N=c1nc(C=O)cn[nH]1,124.10299999999998,4,2,1,1,5,82.49000000000001,-0.9033300000000002,0
NC1=C(O)N=NC1=O,113.07600000000001,4,2,0,1,5,88.03999999999999,-0.3354,0
N=C1N=CC(CO)=N1,111.104,2,2,1,1,4,68.8,-0.5611300000000001,0
N=C1OCNC(C=O)O1,130.10299999999998,5,2,1,1,5,71.41,-0.9599300000000004,1
CNC(=O)N1CC(=O)O1,130.103,3,1,0,1,5,58.64,-0.9004000000000001,0
CNc1nnoc1C=N,126.11899999999999,5,2,2,1,5,74.80000000000001,0.1089699999999999,0
CN=C1NN=C1C#N,108.104,3,1,0,1,4,60.54,-0.5025200000000001,0
CC(=O)C1N=CC(=O)N1,126.11499999999998,3,1,1,1,4,58.53,-0.8979000000000001,1
Nc1ncc(NC=O)[nH]1,126.11899999999999,3,3,2,1,5,83.79999999999998,-0.43980000000000036,0
Nc1cnc(C=O)c(=O)[nH]1,139.11399999999998,4,2,1,1,5,88.84,-0.8354000000000001,0
COC1(C(=N)O)COC1,131.13099999999997,3,2,2,1,4,62.540000000000006,-0.06292999999999993,0
N=C1C=[N+]([O-])C(CN)=N1,126.11900000000001,3,2,1,1,5,88.3,-1.08443,0
N=C1NC(=N)C(=O)O1,113.076,4,3,0,1,5,86.03000000000002,-0.95516,0
CNC(=O)N1CC(=O)CO1,144.13,3,1,0,1,5,58.64,-0.8579000000000001,0
N=CC1=NC(F)=NC1=N,126.09400000000001,3,2,1,1,5,72.42,0.39334,0
COC1=NN=C1NC=O,127.10299999999998,4,1,1,1,5,63.050000000000004,-0.8956000000000002,0
NC1=NC=C(O)C1=O,112.08799999999998,4,2,0,1,4,75.68,-0.6743000000000001,0
N=C1COC(=N)C(=O)N1,127.103,4,3,0,1,5,86.03,-0.9126600000000002,0
COc1nc(O)oc(=N)n1,143.102,6,2,1,1,6,92.23,-0.7367300000000001,0
NN=C1CC(=O)NC1=O,127.10299999999998,4,2,0,1,5,84.54999999999998,-1.6524,0
N=C1NC(=N)OCCO1,129.119,4,3,0,1,5,78.19000000000001,-0.50766,0
COC1=NN=C(N)C1=O,127.103,5,1,0,1,5,77.03999999999999,-1.1138000000000001,0
N=C1NCC(=O)C(=O)O1,128.087,4,2,0,1,5,79.25000000000001,-1.36333,0
N=C1CNC(=NO)CO1,129.119,4,3,0,1,5,77.7,-0.6288300000000002,0
CC(O)C1=NC(N)=N1,113.12000000000002,4,2,1,1,4,70.97,-0.9060000000000001,1
CNC1=NC(N)=NC1=N,125.135,4,3,0,1,5,86.62,-1.0901299999999996,0
N=CC1=C(N)C(N)=C1,109.132,3,3,1,1,3,75.89,-0.29503000000000007,0
N=CN1COC(=N)OC1,129.11899999999997,4,2,1,1,5,69.4,-0.2079600000000001,0
N=C1NCC(=O)NCO1,129.119,3,3,0,1,5,74.21000000000001,-1.3853300000000002,0
Nc1nc(C=O)cnc1F,141.10499999999996,4,1,1,1,5,68.87,0.010400000000000187,0
N=c1oc(N)c(C=O)o1,128.087,5,2,1,1,5,93.22000000000001,-0.2532299999999998,0
O=Cc1nc(CO)n[nH]1,127.103,4,2,2,1,5,78.87,-0.8905000000000003,0
N=C1OCC(=O)OC(=N)O1,144.08599999999998,6,2,0,1,6,92.46,-0.5540600000000002,0
N=CN1C=NC(=N)OC1,126.11899999999999,3,2,1,1,5,72.53,-0.15376000000000006,0
COc1n[nH]nc1C=N,126.11899999999999,4,2,2,1,5,74.65,-0.1890300000000002,0
N=C1CN=COC(=N)O1,127.10299999999998,5,2,0,1,5,78.52,-0.026460000000000095,0
N=C1N=NC1C(N)=O,112.092,3,2,1,1,5,91.66,-0.7166300000000001,1
N=c1ncoc(=N)o1,113.076,5,2,0,1,5,86.87,-0.77346,0
N#CC(=N)n1ccnn1,121.103,5,1,0,1,5,78.35000000000001,-0.3729500000000001,0
N=CN1C(=O)OC1=NO,129.075,5,2,1,1,6,85.98,-0.20912999999999998,0
CN=C1N=C(N)N1C=O,126.119,3,1,1,1,5,71.05,-1.2411,0
Cc1ncc(=N)[nH]c1N,124.147,3,3,0,1,4,78.55,-0.22021000000000013,0
N=C1OC(N)=NCC1O,129.11900000000003,5,3,0,1,5,91.69,-1.3305300000000002,1
N=C1N=CC(N)=NC1=O,124.10300000000001,3,2,0,1,5,91.66,-1.0681300000000002,0
N=C1N=C(C=O)C(=O)O1,126.07099999999997,4,1,1,1,5,79.58,-0.8821300000000001,0
COc1conc(N)c1=O,142.114,5,1,1,1,5,78.35,-0.3744,0
N=C1OCCOC(=N)O1,130.103,5,2,0,1,5,75.39,-0.0806599999999999,0
NC1=NC(=O)C(C=O)=N1,125.08699999999997,4,1,1,1,5,84.88,-1.5188,0
N=C1NC(=N)OC(=O)CO1,143.102,5,3,0,1,6,95.26,-0.98106,0
N=Cc1nc(N)oc1O,127.103,5,3,1,1,5,96.13000000000001,-0.03993000000000002,0
Cc1nnc(N)n1C=O,126.119,5,1,1,1,5,73.8,-0.7929800000000002,0
N=C1OC(C=NO)C1=N,127.103,5,3,1,1,5,89.52000000000001,-0.15776,1
NC(=O)NC1=NC=C1N,126.119,3,3,0,1,5,93.5,-1.1331,0
N=CN1C=NC(=O)OC1,127.10299999999998,3,1,1,1,5,65.75,0.031470000000000053,0
N=CN1NC(O)C1=N,114.10799999999998,4,4,1,1,5,83.20000000000002,-1.2906600000000004,1
N=C1OCC(=O)NC=[N+]1[O-],143.102,4,2,0,1,6,88.25,-1.3938300000000001,0
N=Cc1cnc(N)nn1,123.11900000000001,5,2,1,1,5,88.54,-0.5485300000000002,0
N#CC(N)C1=NC(O)=N1,124.103,4,2,1,1,5,94.76,-0.8366199999999999,1
N=C1NCC(=O)OCO1,130.103,4,2,0,1,5,71.41000000000001,-0.9583300000000001,0
N=C1N=C(N)N=C1C=O,124.103,4,2,1,1,5,91.66,-1.06813,0
C#Cc1n[nH]c(=N)n1O,124.10299999999998,4,3,0,1,5,77.69,-1.09073,0
CN=c1[nH]cnoc1=N,126.11899999999999,4,2,0,1,5,78.03,-0.9873300000000005,0
O=CC1NC(=O)NC1=O,128.087,3,2,1,1,5,75.27000000000001,-1.6067,1
CN=C1N=C(O)C(=N)N1,126.11899999999999,2,3,0,1,5,80.83000000000001,-0.49083000000000004,0
N=C1NC(CO)=NC1=O,127.103,3,3,1,1,5,85.53999999999999,-1.51573,0
NC(=O)c1ncc(O)o1,128.087,4,2,1,1,5,89.35000000000001,-0.5209000000000003,0
N#CC(N)C1=CN=N1,108.104,4,1,1,1,4,74.53,0.14448000000000005,1
COC1=NCNC(=O)N1,129.119,3,2,0,1,5,62.72,-0.7409000000000001,0
N=C1OC(C=O)OC1=O,129.071,5,1,1,1,5,76.44999999999999,-0.9379300000000002,1
N=CN1CC(=O)OC1=N,127.10299999999998,4,2,1,1,5,77.24000000000001,-0.61296,0
C#Cc1nnc(=N)[nH]n1,121.103,4,2,0,1,5,78.31,-1.33953,0
N#CCNc1cocn1,123.11499999999998,4,1,2,1,4,61.85,0.61008,0
COc1n[nH]c(=O)n1CN,144.134,5,2,2,1,6,85.92999999999999,-1.5037999999999994,0
N=C1CN=COC(=N)O1,127.10299999999998,5,2,0,1,5,78.52,-0.026460000000000095,0
CN=C1N=C(O)N1C=N,126.11899999999999,2,2,1,1,5,72.04,-0.19112999999999974,0
N=C1CN=NCOC1=O,127.10299999999998,5,1,0,1,5,74.87,-0.027330000000000076,0
NC1=CN=C(N)C1=O,111.104,4,2,0,1,4,81.47,-1.2735999999999998,0
N=C1OCC(=O)C1=NO,128.087,5,2,0,1,5,82.74,-0.60683,0
CC(=O)c1onnc1N,127.10300000000001,5,1,1,1,5,82.01,-0.14559999999999995,0
N=C1OC(C=O)NC1=O,128.087,4,2,1,1,5,79.25,-1.3649300000000002,1
N=C1COC(=N)C(N)O1,129.119,5,3,0,1,5,92.18,-0.7274600000000002,1
N=C1OC=NCNC1=O,127.103,4,2,0,1,5,74.53999999999999,-0.9041300000000003,0
CNC1=CN=NC1=O,111.104,3,1,1,1,4,53.82,0.03959999999999991,0
N=C1NC(=N)C(=N)OCO1,142.118,5,4,0,1,6,102.04000000000002,-0.5303900000000001,0
Cn1ncc(NC=N)n1,125.135,4,2,2,1,5,66.59,-0.16593000000000008,0
N=C1NC(=O)CC(N)O1,129.119,4,3,0,1,5,88.2,-1.2575300000000003,1
O=C1N=C(O)CCCN1,128.131,1,2,0,1,4,61.69,0.4463,0
N=c1[nH]ncc(=O)n1O,128.09099999999998,5,3,0,1,6,94.76,-1.7118299999999997,0
N=CN1C=NCC(=O)N1,126.11899999999999,3,2,1,1,5,68.55,-1.0314300000000003,0
NC=CN1OCOC1=O,130.10299999999998,4,1,1,1,5,64.78999999999999,-0.24239999999999995,0
CC(=O)n1cnc(N)n1,126.11900000000001,5,1,0,1,5,73.8,-0.47959999999999997,0
N=C1OC(=N)C(=O)O1,114.05999999999999,5,2,0,1,5,83.23,-0.5281600000000002,0
CC(=O)n1[nH]nc1N,114.108,4,2,0,1,5,76.7,-0.5465000000000002,0
CC1=NC(=N)N=C1N,110.12,2,2,0,1,4,74.59,-0.24712999999999996,0
COc1cc(=O)[nH]nn1,127.10300000000001,4,1,1,1,5,67.87,-0.8265000000000002,0
Nc1cnc(N)n1C=O,126.119,5,2,1,1,5,86.92999999999998,-0.9142000000000001,0
N=CN1COC1=NCO,129.119,4,2,2,1,5,68.91000000000001,-0.8110300000000004,0
NCc1n[nH]c(C=O)n1,126.11899999999997,4,2,2,1,5,84.66,-0.9241000000000004,0
N=C1NC(=O)OC1=N,113.076,4,3,0,1,5,86.03,-0.3192599999999998,0
N=C=C1N=C(N)N=C1CO,138.13000000000002,5,3,1,1,5,94.82000000000001,-1.11963,0
COc1cnoc(=N)n1,127.103,5,1,1,1,5,72.0,-0.44233000000000006,0
CC1C(=O)C(=N)C1O,113.11599999999999,3,2,0,1,3,61.150000000000006,-0.4141299999999999,2
CC1(O)OCOC1=N,117.104,4,2,0,1,4,62.54,-0.32353000000000004,1
O=CN1CNC(=O)OC1,130.10299999999998,3,1,1,1,5,58.64,-0.9004000000000001,0
N=C1CNC(=N)C(=O)O1,127.10299999999998,4,3,0,1,5,86.03000000000002,-0.9126600000000005,0
Cn1cc(N)oc1=O,114.104,4,1,0,1,4,61.160000000000004,-0.43949999999999995,0
NCc1cnc(N)nn1,125.135,5,2,1,1,5,90.71,-1.0875000000000001,0
N=C1CNC(=O)N=CO1,127.10299999999998,3,2,0,1,5,74.54,-0.26823000000000013,0
NC=C1N=CN=C1N,110.12,4,2,0,1,4,76.75999999999999,-0.8144,0
N=CN1COCNC(=O)C1,143.146,3,2,1,1,5,65.42000000000002,-1.04313,0
N=C1COC(=N)OCCO1,144.13,5,2,0,1,5,75.39,-0.038160000000000194,0
N=c1cnc(N)c(CO)o1,141.13,5,3,1,1,5,96.13000000000001,-0.7714300000000001,0
CC1(O)NC(=O)C(=N)O1,130.103,4,3,0,1,5,82.41000000000001,-1.2239300000000004,1
N=C1OCOC(=O)CO1,131.087,5,1,0,1,5,68.61,-0.5313300000000001,0
N=C1C=C(N)[N+]([O-])=C1O,127.103,3,3,0,1,5,96.17,-0.7133300000000002,0
N=c1oc(C=O)nnc1N,140.10199999999998,6,2,1,1,6,105.86,-1.0562300000000002,0
N=C(N)C1C=NOC1=O,127.103,4,2,1,1,5,88.53,-0.91883,1
CN=C1OC(=O)N1C=N,127.103,4,1,1,1,5,65.75,0.031470000000000053,0
CC1=NC(=N)N=C1O,111.10399999999998,1,2,0,1,4,68.8,0.3521700000000001,0
COC1=NN=C(N)C1=O,127.103,5,1,0,1,5,77.03999999999999,-1.1138000000000001,0
CC(=O)n1ncnc1N,126.119,5,1,0,1,5,73.8,-0.47959999999999997,0
C#Cc1nc(N)nn1N,123.11900000000003,5,2,0,1,5,82.75,-1.4446000000000003,0
NC(=O)C1=NC(N)=N1,112.09200000000001,4,2,1,1,5,93.83,-1.8014999999999999,0
Cc1nnc(CO)c(=N)o1,141.13,5,2,1,1,5,83.00000000000001,-0.65021,0
N=C1COC(=N)NCO1,129.119,4,3,0,1,5,78.19,-0.5076600000000002,0
N=C1CN=COC(=N)OC1,141.12999999999997,5,2,0,1,5,78.52,0.016039999999999888,0
N=C1OCC(=O)OC1=N,128.087,5,2,0,1,5,83.22999999999999,-0.48566000000000015,0
N=C1OCC(C(=N)O)CO1,144.12999999999997,4,3,1,1,5,86.39,0.11943999999999999,0
CNC1=NC(=O)N=N1,112.092,3,1,0,1,5,66.18,0.1476,0
Cn1cnc(=N)n1CO,128.135,5,2,1,1,5,66.83,-1.3491300000000002,0
COC1=NC(O)=C1N,114.104,4,2,0,1,4,67.84,-0.2693,0
N=Cn1cc(F)c(=O)o1,130.078,4,1,1,1,5,58.99,0.035570000000000046,0
CN=c1nc(N)c1=O,111.104,4,1,0,1,4,68.34,-1.5698999999999999,0
CN=C1C=NC(=O)N1O,127.10299999999998,3,1,0,1,5,65.26,-0.08969999999999995,0
COc1cnoc1N=N,127.103,5,1,2,1,5,71.47,1.34567,0
N=C1N=C=COC(N)=N1,124.103,3,2,0,1,5,83.82,-0.5505300000000002,0
Nc1cc(NC=O)on1,127.103,4,2,2,1,5,81.14999999999999,-0.17490000000000022,0
NC1=C(N)C(C=O)=N1,111.10399999999998,4,2,1,1,4,81.47,-1.2735999999999998,0
Cc1nc(N)nc[n+]1[O-],126.119,4,1,0,1,5,78.74,-0.9993799999999999,0
NC1=NC(=O)N=C1F,115.067,2,1,0,1,5,67.81,-0.15479999999999983,0
N=C1OCC(=N)C(=O)O1,128.087,5,2,0,1,5,83.23,-0.48566000000000015,0
N=CC1OC=NC(=N)O1,127.103,4,2,1,1,5,78.52,-0.02805999999999992,1
N=C1OC=NC(C=O)O1,128.087,5,1,1,1,5,71.74,-0.4787300000000001,1
N=Cc1n[nH]nc1C=O,124.10299999999998,4,2,2,1,5,82.49000000000001,-0.38513,0
Cc1noc(N)nc1=O,127.10300000000001,5,1,0,1,5,82.00999999999999,-0.6795800000000001,0
N#CC1=NC(OC=N)=N1,122.08699999999999,5,1,1,1,5,81.58999999999999,-0.09825,0
Cc1nc(O)nc(=N)o1,127.10299999999998,5,2,0,1,5,83.00000000000001,-0.4369100000000001,0
Cc1cnc(=O)[nH]n1,111.104,3,1,0,1,4,58.64,-0.5266800000000003,0
Nc1[nH]ncc1C=O,111.10399999999997,3,2,1,1,4,71.77000000000001,-0.19560000000000038,0
N=C1N=C(CN)C=[N+]1[O-],126.119,3,2,1,1,5,88.30000000000001,-1.08443,0
N=c1cnoc(=O)n1O,129.07500000000002,6,2,0,1,6,92.11,-1.4469300000000003,0
COC1=NC(=N)N=C1N,126.11900000000001,3,2,0,1,5,83.82,-0.66313,0
COC1=NC(N)=NC1=O,127.10300000000001,4,1,0,1,5,77.03999999999999,-1.1138000000000001,0
N=C(C=O)C1N=C(O)O1,128.087,4,2,2,1,5,82.74000000000001,-0.5246300000000002,1
N=C1COC(=N)C(=O)N1,127.103,4,3,0,1,5,86.03,-0.9126600000000002,0
Cn1ncc(=N)n1C=N,125.135,5,2,1,1,5,70.45,-0.8437600000000003,0
N=C1C=C(N)N=C1O,111.104,3,3,0,1,4,82.46000000000001,-0.22363000000000027,0
N=C1NC(C=O)NC1=N,126.119,3,4,1,1,5,88.83000000000001,-1.3412599999999997,0
NC1=C(F)C(=O)N=C1,114.079,2,1,0,1,4,55.45,-0.26279999999999987,0
N=C1OCCC(=O)C1=N,126.115,4,2,0,1,4,74.0,-0.027160000000000017,0
N=C1NC(=O)NC1=O,113.076,3,3,0,1,5,82.05000000000001,-1.19693,0
CC(=O)c1nn[nH]c1N,126.11900000000001,4,2,1,1,5,84.66,-0.41050000000000003,0
CC(=O)n1nc[nH]c1=N,126.11899999999999,4,2,0,1,5,74.53,-0.6492300000000002,0
N=C1N=C(N)N=C1C=O,124.103,4,2,1,1,5,91.66,-1.06813,0
N=c1[nH]cc(O)c(=O)o1,128.087,4,3,0,1,5,90.08,-0.84703,0
N#CCn1[nH]ncc1=O,124.10299999999998,4,1,1,1,5,74.47,-0.9050199999999999,0
NC(=O)c1cnc(N)o1,127.103,4,2,1,1,5,95.14,-0.6443000000000001,0
N=C1NC=NC1C(=O)O,127.10299999999998,3,3,1,1,5,85.54,-0.9516300000000002,1
Nc1coc(=O)n1C=O,128.087,5,1,1,1,5,78.22999999999999,-0.9381999999999999,0
N=CN1C(=N)C=C1N,110.11999999999999,3,3,1,1,4,76.96000000000001,-0.31356,0
CC(N)C1=C(CO)N=N1,127.14699999999999,4,2,2,1,4,70.97,0.003300000000000025,1
COC1=C(C=O)C(=N)N=N1,139.11399999999998,4,1,2,1,5,74.87,0.4863699999999999,0
CC1=NC(=N)N=C1N,110.12,2,2,0,1,4,74.59,-0.24712999999999996,0
N=C1C=C(CO)N=N1,111.104,3,2,1,1,4,68.8,0.30567000000000005,0
N=C1OCC(=O)C(=O)O1,129.071,5,1,0,1,5,76.45,-0.9363300000000001,0
N=C1N=CN=C1C=O,109.08799999999998,3,1,1,1,4,65.64,-0.35453,0
N=C1N=C(CO)N=C1N,126.119,4,3,1,1,5,94.82,-1.2747300000000001,0
CNC1=NC(=O)N=C1O,127.10299999999998,2,2,0,1,5,74.05,-0.3055999999999999,0
CC1=NC(=N)C(N)=N1,110.12,3,2,0,1,4,74.59,-0.24712999999999996,0
CC1N=C(N)OC(O)O1,132.119,5,2,0,1,5,77.07000000000001,-1.0302,2
CN=C1ON=C1CO,114.10399999999998,4,1,1,1,4,54.18000000000001,-0.6068,0
C#Cc1noc(CN)n1,123.11500000000001,4,1,1,1,4,64.94,-0.4903999999999999,0
N=C1OC(C=O)C1CO,129.115,4,2,2,1,4,70.38,-0.8301300000000003,2
N=C(N)N1CCC(=O)O1,129.119,3,2,0,1,5,79.41000000000001,-0.9562299999999997,0
N=CC1=NC(=N)C(N)=N1,123.11900000000001,4,3,1,1,5,98.44,-0.6174600000000001,0
N=C1C=C(O)C(=O)O1,113.07199999999997,4,2,0,1,4,70.38,-0.03763000000000005,0
N=c1cnnc(N)n1C=O,139.118,6,2,1,1,6,97.65,-1.62193,0
Nc1nc(=O)[nH]n1C=O,128.09099999999998,5,2,1,1,6,93.76999999999998,-1.8081000000000003,0
CN=C1N=C(N)C(N)=N1,125.13500000000002,3,2,0,1,5,89.11999999999999,-1.2997999999999994,0
NC1=C(CO)C=NC1=O,126.11499999999998,3,2,1,1,4,75.68,-1.1975000000000002,0
N=Nc1nocc1C=O,125.08699999999997,5,1,2,1,5,79.31,1.14957,0
N=c1[nH]cc(N)c(=O)[nH]1,126.11900000000001,3,4,0,1,5,98.51999999999998,-1.2353300000000005,0
COC1=NC(=O)C(N)=N1,127.10300000000001,4,1,0,1,5,77.03999999999999,-1.1138000000000003,0
N#CCN1NCOC1=N,126.11899999999999,4,2,1,1,5,72.14000000000001,-0.7609500000000002,0
N=CC1NCOCN1C=N,142.162,4,3,2,1,5,72.2,-0.59406,1
CCN1C=NOC(N)=N1,128.135,5,1,1,1,5,63.209999999999994,-0.4884999999999999,0
Cc1nc(CO)nn1N,128.135,5,2,1,1,5,76.96000000000001,-1.2073800000000001,0
N=CN=C1N=CNC1=O,124.10299999999998,2,2,1,1,5,77.67,-0.8499300000000003,0
N=CC1OC(=O)ON1C=N,143.102,5,2,2,1,6,86.47,-0.047059999999999824,1
NC1=CC(=O)N1CO,114.104,3,2,1,1,4,66.56,-1.4215000000000002,0
NC1=C(O)C(=O)N=C1,112.088,3,2,0,1,4,75.68,-0.6742999999999999,0
N=C1N=C(N)C(CCN)=N1,139.162,3,3,2,1,5,100.61,-0.9182299999999994,0
Cn1cnc(CO)c1N,127.14699999999999,4,2,1,1,4,64.07,-0.5054000000000003,0
N=Cc1ncnnc1N,123.11900000000001,5,2,1,1,5,88.54,-0.5485300000000002,0
COC1=NC(=O)C(N)=N1,127.10300000000001,4,1,0,1,5,77.03999999999999,-1.1138000000000003,0
CC1COC(=N)OC1=O,129.11499999999998,4,1,0,1,4,59.38,0.1306699999999999,1
CN=C1ON=C1OC=N,127.10299999999998,5,1,1,1,5,67.03,-0.017929999999999946,0
N=C1OCC(=O)C(=N)O1,128.087,5,2,0,1,5,83.23,-0.48566000000000015,0
NC1=CN=NC1=NC=O,124.103,3,1,1,1,5,80.16999999999999,-0.19280000000000003,0
N=CN1C=NC(=O)OC1,127.10299999999998,3,1,1,1,5,65.75,0.031470000000000053,0
COc1nncc(N)n1,126.119,5,1,1,1,5,73.92,-0.5376000000000003,0
N=CN1CC(=N)OCO1,129.119,4,2,1,1,5,69.4,-0.2079600000000001,0
CN=C1OC(=O)OC1=O,129.071,5,0,0,1,5,64.96000000000001,-0.29190000000000005,0
N#CCC1=NC(=N)N=N1,121.10300000000001,3,1,1,1,5,84.72,0.69915,0
O=c1nc(CO)cn[nH]1,127.10299999999998,4,2,1,1,5,78.87,-1.3428000000000004,0
N=CC1=NC(=O)N=C1N,124.10300000000001,3,2,1,1,5,91.66,-0.43223000000000006,0
N=C1NCC(=NO)CO1,129.119,4,3,0,1,5,77.7,-0.6288300000000002,0
N=C1OCC(=O)C(=N)O1,128.087,5,2,0,1,5,83.23,-0.48566000000000015,0
N#CCC1=NC(N)=[N+]1[O-],124.10300000000001,4,1,1,1,5,88.24000000000001,-0.8628199999999997,0
CC1=NC(=N)N=C1N,110.12,2,2,0,1,4,74.59,-0.24712999999999996,0
N=CNc1nn[nH]c1C=O,139.118,4,3,3,1,6,94.52000000000001,-0.3638300000000005,0
N#Cc1nocc1O,110.07199999999997,4,1,0,1,4,70.05,0.25187999999999994,0
NC1=NC(N)=C1C=O,111.10399999999998,4,2,1,1,4,81.47,-1.2735999999999998,0
O=CC1N=CNC1=NO,127.10299999999998,4,2,1,1,5,74.05,-1.0269000000000001,1
Cc1nonc1N=NC=O,140.102,5,0,2,1,6,80.71000000000001,0.61812,0
NC(=O)C1=NNC1=O,113.076,3,2,1,1,5,84.55000000000001,-2.0425,0
O=Cc1noc(C=O)n1,126.07099999999998,5,0,2,1,5,73.06,-0.3054,0
N=C1NC(=O)C(=O)O1,114.05999999999999,4,2,0,1,5,79.25000000000001,-1.4058300000000001,0
CN=c1cn[nH]c(=O)o1,127.10299999999998,4,1,0,1,5,71.25,-1.1065999999999998,0
CN=C1N=C(O)C(=O)O1,128.087,3,1,0,1,5,71.25,-0.5145,0
Cc1ncc(NC=O)nn1,138.13,4,1,2,1,5,67.77000000000001,-0.25168000000000007,0
NCC(=O)c1cnn[nH]1,126.119,4,2,2,1,5,84.66,-1.0539000000000003,0
N=Cn1oc(=N)oc1=O,129.075,6,2,1,1,6,95.98000000000002,-1.0310599999999999,0
N#CCc1noc(O)n1,125.08699999999999,5,1,1,1,5,82.94,-0.15872000000000008,0
N=C1N=C(CO)NC1=N,126.11899999999999,3,4,1,1,5,92.32,-1.0650600000000003,0
CNC(=O)C1=NC(N)=N1,126.11900000000001,4,2,1,1,5,79.84,-1.540799999999999,0
NC1=CN=C(CO)C1=O,126.11499999999998,4,2,1,1,4,75.68,-1.1975000000000002,0
CC(=O)C1=NNC1=N,111.104,3,2,1,1,4,65.31,-0.4881300000000001,0
N=C1OC(=O)OC1=NO,130.059,6,2,0,1,6,91.97,-0.08182999999999996,0
COC1OC(=N)C(=N)O1,130.103,5,2,1,1,5,75.39,-0.08225999999999989,0
Nc1c(C=O)c1=O,97.073,3,1,1,1,3,60.160000000000004,-0.6829000000000001,0
COC1=NC(CO)=C1N,128.131,4,2,1,1,4,67.84,-0.7925000000000002,0
NC1=NC(=O)C(C=O)=N1,125.08699999999997,4,1,1,1,5,84.88,-1.5188,0
N=C1OCC(=O)OC1=O,129.071,5,1,0,1,5,76.44999999999999,-0.9363300000000001,0
CC(=O)n1ncc(N)n1,126.119,5,1,0,1,5,73.8,-0.47959999999999997,0
CNC1OC(C#N)=NC1=N,138.13000000000002,4,2,1,1,5,81.25999999999999,-0.5385500000000003,1
Cc1nc(CO)nc(=N)o1,141.13,5,2,1,1,5,83.00000000000001,-0.65021,0
N=C1COC(=N)OCO1,130.103,5,2,0,1,5,75.39,-0.08066000000000012,0
N=CC(N)n1ccoc1=O,141.12999999999997,5,2,2,1,5,85.00999999999999,-0.4518300000000002,1
N=C(N)C1=NC(N)=N1,111.10800000000002,4,3,1,1,5,100.61,-1.3508299999999998,0
CN=c1oc(=O)[nH]n1N,130.107,5,2,0,1,6,89.31,-1.9863,0
NC(=O)C(O)C1=COC1,129.11499999999998,3,2,2,1,4,72.55000000000001,-1.2533000000000003,1
N=CNC1=NC=NC1=N,123.119,3,3,1,1,5,84.45,-0.3992599999999999,0
N=C1N=NC(N)=NCO1,127.10700000000001,5,2,0,1,6,96.18,-0.32423,0
N=C1NC(=N)C(=O)OCO1,143.102,5,3,0,1,6,95.26000000000002,-0.98106,0
CN=c1ncoc(=O)[nH]1,127.10299999999998,4,1,0,1,5,71.25,-1.1066000000000003,0
N#CCNc1ccnn1N,137.146,5,2,2,1,5,79.66,-0.4676200000000001,0
O=C1CNC(=O)C(=O)O1,129.071,4,1,0,1,5,72.47,-1.814,0
CN(O)C1=NC(=N)N=C1,126.119,3,2,0,1,5,72.03999999999999,-0.27492999999999984,0
NC1CC(=O)OC(=O)N1,130.10299999999998,4,2,0,1,5,81.42000000000002,-1.0723,1
CC1=NOC(=N)C1=O,112.088,4,1,0,1,4,62.51,-0.06112999999999996,0
N=C1NOCOC1C=O,130.10299999999998,4,2,1,1,5,71.41,-0.9599300000000002,1
N=C1NC(=O)C(=O)CO1,128.087,4,2,0,1,5,79.25000000000001,-1.36333,0
N=C1CNC(=N)OCCO1,143.146,4,3,0,1,5,78.19000000000001,-0.46516000000000046,0
CC1=NNC(=CO)N=N1,126.11899999999999,5,2,0,1,5,69.34,0.7321,0
N=C1C=C(CO)C(=N)O1,126.11499999999998,4,3,1,1,4,77.16000000000001,-0.11015999999999998,0
C#CC(=O)c1conn1,122.083,4,0,1,1,4,55.99,-0.11450000000000005,0
N=C1COC(=N)C(=O)O1,128.087,5,2,0,1,5,83.23,-0.48566000000000015,0
CN=C1N=C(N)OC1=O,127.103,4,1,0,1,5,77.03999999999999,-1.1138,0
N=C1NC(C=O)N=CO1,127.103,4,2,1,1,5,74.54,-0.9057300000000001,1
COc1nonc1C=N,127.103,5,1,2,1,5,72.0,0.07586999999999994,0
O=CC1=NOCC(=O)O1,129.071,5,0,1,1,5,64.96,-0.9278000000000002,0
NCc1cnoc1N,113.11999999999999,4,2,1,1,4,78.07,-0.2845000000000001,0
N=CC1NC(=O)OCO1,130.103,4,2,1,1,5,71.41000000000001,-0.32403000000000004,1
N=C1NCC(=O)OCO1,130.103,4,2,0,1,5,71.41000000000001,-0.9583300000000001,0
CC(=O)C1=NOC1=O,113.07199999999999,4,0,1,1,4,55.73,-0.5118,0
Cc1ncnnc1N,110.12,4,1,0,1,4,64.69,-0.23778,0
N=C1OC(=N)C(=O)O1,114.05999999999999,5,2,0,1,5,83.23,-0.5281600000000002,0
CN=C1OC(=O)N=C1N,127.10300000000001,4,1,0,1,5,77.03999999999999,-0.47789999999999994,0
N=C1N=CC(N)=NC1=O,124.10300000000001,3,2,0,1,5,91.66,-1.0681300000000002,0
COc1n[nH]c(=N)n1C=O,142.118,5,2,2,1,6,83.75999999999999,-1.26243,0
Nc1nc(C=O)[nH]c1N,126.11899999999999,4,3,1,1,5,97.78999999999999,-0.6134000000000002,0
CN=C1C=NC(N)=[N+]1[O-],126.119,4,1,0,1,5,76.80999999999999,-1.0758999999999999,0
N=C1OC(C=O)OC1=O,129.071,5,1,1,1,5,76.44999999999999,-0.9379300000000002,1
CNC(=O)C1=CN=NC1=N,138.13,3,2,1,1,5,77.67,0.05936999999999992,0
NC(=O)C1=NN=C1N,112.09200000000001,4,2,1,1,5,93.83,-1.8014999999999999,0
N=C1COC(=N)OCO1,130.103,5,2,0,1,5,75.39,-0.08066000000000012,0
CCC1=NC(OC#N)=N1,123.115,4,0,1,1,4,57.739999999999995,0.6621800000000001,0
NC(=O)C1=CN=C1N,111.104,3,2,1,1,4,81.47,-1.2736000000000003,0
COC1=NC(N)=C1C=N,125.131,4,2,1,1,4,71.46000000000001,-0.13522999999999985,0
CC(O)C1=NN=C1N,113.12000000000002,4,2,1,1,4,70.97,-0.9060000000000001,1
N=C1N=CN=C(N)C1=O,124.103,4,2,0,1,5,91.66,-1.06813,0
N=C1OC(=NO)C1C=O,128.087,5,2,1,1,5,82.74000000000001,-0.4033300000000002,1
N=C1NC(=O)OCCO1,130.103,4,2,0,1,5,71.41000000000001,-0.32243,0
NC1=C(C=O)NC1=O,112.088,3,2,1,1,4,72.19,-1.5146000000000004,0
N=C(O)C1=NN=C1N,112.09200000000001,4,3,1,1,5,94.82,-0.75153,0
NCC1=NC(=O)OC1=O,128.087,4,1,1,1,5,81.75,-0.9371,0
N=C1N=CC(=O)N1N,112.09200000000001,3,2,0,1,5,82.54,-1.29213,0
NC1=NC(=O)C(C=O)=N1,125.08699999999997,4,1,1,1,5,84.88,-1.5188,0
N=C1CC(=O)OC(=N)N1,127.10299999999998,4,3,0,1,5,86.03,-0.5650600000000001,0
COC1=COC(=O)C1=O,128.083,4,0,1,1,4,52.6,-0.39990000000000014,0
[NH3+]CCOC1=NN=CC1=O,142.138,4,1,2,1,5,78.66,-1.7880999999999987,0
NC1=NN=C1C(=O)CO,127.10299999999998,5,2,2,1,5,88.04,-1.7254,0
N#CC(N)c1nc[nH]n1,123.119,4,2,1,1,5,91.38000000000001,-0.6719200000000001,1
N=C1C=NN=C1F,99.068,3,1,0,1,4,48.57,0.37357,0
CN=C1N=C(O)C(=O)O1,128.087,3,1,0,1,5,71.25,-0.5145,0
NC1=NC(O)=C1C=O,112.08799999999997,4,2,1,1,4,75.68,-0.6743000000000001,0
N=C1C=C(N)N=C1N,110.12000000000002,4,3,0,1,4,88.25,-0.8229300000000002,0
N=C1ON=C1NC=O,113.07599999999998,4,2,1,1,5,74.53999999999999,-0.9466300000000003,0
N=C1OCC(=O)OC1O,131.087,5,2,0,1,5,79.61,-1.1445300000000003,1
CC(=O)n1nccc1N,125.13099999999999,4,1,0,1,4,60.91,0.12540000000000007,0
N=C1OC(CO)=NC1=O,128.087,4,2,1,1,5,82.74000000000001,-1.0887300000000002,0
N=c1nnocc1C=O,125.08699999999997,5,1,1,1,5,79.84,-0.6384300000000003,0
N=C1N=C(C(N)=O)N1,112.092,2,3,1,1,5,91.33000000000001,-1.5918300000000003,0
COC1=NC(=N)N=C1O,127.103,2,2,0,1,5,78.03,-0.06383000000000005,0
CC[N+]1([O-])NCOC1=O,132.119,4,1,1,1,5,61.38999999999999,-0.06679999999999992,1
Cc1nnc(N)n1C=N,125.135,5,2,1,1,5,80.58,-0.3761100000000001,0
N=CC(=N)OC1NCO1,129.119,5,3,2,1,5,78.19000000000001,-0.5092600000000003,1
CC(=O)n1cnc(N)n1,126.11900000000001,5,1,0,1,5,73.8,-0.47959999999999997,0
COC1=NC(=N)C(O)=N1,127.103,3,2,0,1,5,78.03,-0.06383000000000005,0
N=C1NN=C(CO)C1=N,126.11899999999999,4,4,1,1,5,92.32,-1.0650600000000003,0
N=c1[nH]ncnc1C=O,124.10299999999998,4,2,1,1,5,82.49000000000001,-0.9033300000000004,0
CNC(=N)Oc1nc1=O,127.103,4,2,1,1,5,75.07,-1.1496300000000002,0
N#Cc1ncn(C=O)n1,122.08699999999999,5,0,1,1,5,71.57,-0.8119200000000002,0
N=Cc1nn[nH]c1C=O,124.10299999999998,4,2,2,1,5,82.49000000000001,-0.38513,0
CC(=O)n1[nH]nc1N,114.108,4,2,0,1,5,76.7,-0.5465000000000002,0
N=C1C=NC(N)=C1C=O,123.115,4,2,1,1,4,79.30000000000001,-0.5402300000000002,0
N=C1OCC(=O)C(=N)O1,128.087,5,2,0,1,5,83.23,-0.48566000000000015,0
CC1=NC(=N)C(O)=N1,111.10399999999998,2,2,0,1,4,68.8,0.35217,0
N=C1C(=O)C(=O)NC1CO,142.114,4,3,1,1,5,90.25,-1.9340300000000001,1
O=C1N=C(O)C(=O)N1,114.05999999999997,2,2,0,1,5,78.75999999999999,-0.8072999999999999,0
N=C1OC(=O)CNC1=O,128.087,4,2,0,1,5,79.25,-1.36333,0
N=CN=C1ON=CC1=N,124.10299999999998,4,2,1,1,5,81.65,0.027739999999999987,0
N=C1OCC(O)C1=NO,130.103,5,3,0,1,5,85.9,-0.8150300000000004,1
CN=C1N=C(N)C(O)=N1,126.119,2,2,0,1,5,83.33,-0.7004999999999999,0
N=COc1ncc(N)o1,127.103,5,2,2,1,5,85.13,0.24267,0
N=CC1=NC(=O)C(N)=N1,124.10300000000001,4,2,1,1,5,91.66,-1.06813,0
N=C1ON=C(N)C1=O,113.076,5,2,0,1,5,88.53,-1.16483,0
N=CN1C=C(N)NCO1,128.13500000000002,4,3,1,1,5,74.37,-0.8546300000000002,0
Nc1coc(=O)n1CO,130.103,5,2,1,1,5,81.39,-1.0267000000000002,0
COC1=NC(=O)NC1=N,127.103,3,2,0,1,5,74.53999999999999,-0.2682300000000001,0
N=C1OCC(=O)OC1=N,128.087,5,2,0,1,5,83.22999999999999,-0.48566000000000015,0
N=C1OCC(N)OC1=N,129.119,5,3,0,1,5,92.18,-0.72746,1
N=c1ncoc(CO)n1,127.103,5,2,1,1,5,83.0,-0.9586300000000001,0
N=c1oc(=N)oc(=O)o1,130.059,6,2,0,1,6,104.19000000000001,-1.21526,0
N=C1C=NC(N)=C1CO,125.131,4,3,1,1,4,82.46000000000001,-0.7468300000000003,0
COC1=NN=C(N)C1=O,127.103,5,1,0,1,5,77.03999999999999,-1.1138000000000001,0
N=C1NN=C1C(O)C=O,127.10299999999997,4,3,2,1,5,85.53999999999999,-1.51733,1
N=C1OCN=CC(=O)O1,128.087,5,1,0,1,5,71.74,-0.47713000000000005,0
N=CC1=NC(=N)C(=O)O1,125.08699999999999,4,2,1,1,5,86.36,-0.4314600000000001,0
COC1=C(OC=O)N=C1,127.09899999999998,4,0,3,1,4,47.89,0.05930000000000002,0
CC1(OC(=N)O)CO1,117.10399999999998,3,2,1,1,4,65.84,0.24217,1
N=C1NCC(=O)OC1=N,127.103,4,3,0,1,5,86.03,-0.9126600000000002,0
N=C1ON=C(CN)C1=O,127.103,5,2,1,1,5,88.53,-1.1223299999999998,0
Cc1nc(N)nc(CO)n1,140.146,5,2,1,1,5,84.92,-0.7454800000000004,0
N=C1N=CCNC(=N)O1,126.119,3,3,0,1,5,81.32000000000001,-0.45346000000000036,0
CN=C1N=CC(C=O)=N1,123.11499999999998,2,0,1,1,4,54.15,-0.3034999999999999,0
N=C1OC(N)=NC1C=O,127.103,5,2,1,1,5,88.53,-1.12393,1
N=C1NCOC(=N)O1,115.092,4,3,0,1,5,78.19000000000001,-0.55016,0
N=Cn1oc(=N)oc1=O,129.075,6,2,1,1,6,95.98000000000002,-1.0310599999999999,0
N=C(N)Oc1cn[nH]c1,126.11899999999999,3,3,1,1,5,87.78,-0.31803,0
CC(N)C1=NNC1=N,112.136,3,3,1,1,4,74.25999999999999,-0.72993,1
Nc1nccnc1C=O,123.11499999999998,4,1,1,1,4,68.87,-0.1287000000000002,0
Nc1nocc1NC=O,127.10299999999998,4,2,2,1,5,81.15,-0.17490000000000022,0
N=C1OC=NC1C(=O)O,128.087,4,2,1,1,5,82.74,-0.5246300000000002,1
N=CN1COC(=O)C=N1,127.10299999999998,4,1,1,1,5,65.75,-0.6044300000000002,0
CC1=NC(=N)C(=N)N1,110.11999999999999,2,3,0,1,4,72.09,-0.03745999999999988,0
Cc1ncnc(N)[n+]1[O-],126.119,4,1,0,1,5,78.74,-0.9993799999999999,0
N=C1C=NC(O)=C1O,112.08799999999998,4,3,0,1,4,76.67,0.37567,0
N=c1oc(=N)oc(=O)o1,130.059,6,2,0,1,6,104.19000000000001,-1.21526,0
NC(=O)NC1=CC(=O)O1,128.087,3,2,1,1,5,81.42,-0.9471,0
N=C1N=C(C=O)N=C1F,127.07799999999999,3,1,1,1,5,65.64,-0.05732999999999994,0
N=CN1C=NC(=O)OC1,127.10299999999998,3,1,1,1,5,65.75,0.031470000000000053,0
N=C1NCN=C(O)CO1,129.119,3,3,0,1,5,77.7,-0.5450300000000001,0
N=C1NC(=O)C(C=O)O1,128.087,4,2,1,1,5,79.25000000000001,-1.3649300000000002,1
O=CC1NC(=O)NC1=O,128.087,3,2,1,1,5,75.27000000000001,-1.6067,1
Nc1coc(=O)nn1,113.07600000000001,5,1,0,1,5,82.01,-0.988,0
CN=C1OC=NC1=N,111.104,3,1,0,1,4,57.800000000000004,0.05046999999999996,0
N=C1COC(=N)NCO1,129.119,4,3,0,1,5,78.19,-0.5076600000000002,0
N=C1COC(=N)OCO1,130.103,5,2,0,1,5,75.39,-0.08066000000000012,0
Nc1cnc(N)n1C=O,126.119,5,2,1,1,5,86.92999999999998,-0.9142000000000001,0
N=c1occn1C(N)=O,127.10300000000001,4,2,0,1,5,85.00999999999999,-0.5126299999999999,0
N=CN1C(=N)OC1=O,113.07599999999998,4,2,1,1,5,77.24000000000001,-0.01955999999999991,0
N=C1COC(=N)C(=O)N1,127.103,4,3,0,1,5,86.03,-0.9126600000000002,0
N#Cc1[nH]nnc1CO,124.103,4,2,1,1,5,85.59,-0.8313200000000003,0
N=C1NC=CN=C(O)O1,127.103,3,3,0,1,5,77.7,-0.07383000000000012,0
COC(=O)C1=NNC1=O,128.08700000000002,4,1,1,1,5,67.75999999999999,-1.3548000000000002,0
CN=C1N=CN=C1N,110.12,3,1,0,1,4,63.099999999999994,-0.5861999999999998,0
N=c1ncocc1N,111.104,4,2,0,1,4,75.9,-0.2637299999999999,0
CNC(=O)N1C=NC1=N,126.119,2,2,0,1,5,68.55000000000001,-0.3955299999999999,0
N=C1CN=C(C(N)=O)O1,127.103,4,2,1,1,5,88.53000000000002,-1.1223300000000003,0
N=C=C1N=C(N)C=C1N,122.131,4,3,0,1,4,88.25,-0.6678299999999999,0
Cc1nc(C=O)no1,112.08799999999998,4,0,1,1,4,55.99,0.19051999999999997,0
N=CC1OC(=N)OC1=O,128.087,5,2,1,1,5,83.22999999999999,-0.48725999999999997,1
N=C(N)C1C=NC(O)=N1,126.119,3,3,1,1,5,94.82000000000001,-0.7106299999999999,1
CC1=NC(=O)N=C1C=N,123.11499999999998,2,1,1,1,4,65.64,0.67147,0
N#CCc1n[nH]c(N)n1,123.11900000000001,4,2,1,1,5,91.38,-0.5470200000000003,0
N=C1OC(=O)NC1C=O,128.087,4,2,1,1,5,79.25,-0.7290300000000003,1
N=CNC1C=NC(=O)O1,127.103,3,2,2,1,5,74.54,-0.26983,1
C#CCn1ncnc1N,122.131,4,1,1,1,4,56.730000000000004,-0.5065000000000002,0
Cn1nnc(C=N)c1N,125.13499999999999,5,2,1,1,5,80.58,-0.60503,0
NC(=O)c1[nH]nc[n+]1[O-],128.091,3,2,1,1,6,98.71000000000001,-1.8580000000000003,0
N=CNC1=NC(C=N)N1,125.13499999999999,4,4,2,1,5,84.12,-0.8820600000000003,1
COC1=NC(=O)N1CC=N,141.13,3,1,2,1,5,65.75,0.07397000000000004,0
C#CC1=CN=NNN=N1,121.10300000000001,5,1,0,1,5,61.47,0.7986,0
N=C1NC(O)CNCO1,131.13500000000002,4,4,0,1,5,77.37,-1.59353,1
N=C1C=NN=C(N)C1=N,123.119,5,3,0,1,5,98.44,-0.6174600000000001,0
N=c1oc(C=O)nn1N,128.091,6,2,1,1,6,97.89999999999999,-1.5181300000000004,0
N=C1OCCOC(=N)O1,130.103,5,2,0,1,5,75.39,-0.0806599999999999,0
N=C1OC(=N)C(=CN)O1,127.103,5,3,0,1,5,92.18,-0.25466,0
COC1=NC(N)=NC1=O,127.10300000000001,4,1,0,1,5,77.03999999999999,-1.1138000000000001,0
CC(=O)n1cnnc1O,127.103,5,1,0,1,5,68.01,-0.3562,0
C#CCc1n[nH]nc1N,122.13100000000001,3,2,1,1,4,67.59,-0.4374000000000002,0
Nc1nncn1CC=O,126.11899999999999,5,1,2,1,5,73.8,-0.9408000000000005,0
O=Cc1ncc(=O)on1,126.07099999999998,5,0,1,1,5,73.06,-0.7577,0
O=C1C(F)=NN1CO,118.06700000000001,3,1,1,1,5,52.900000000000006,-0.9386000000000001,0
Nn1c(O)cnc1C=O,127.10299999999998,5,2,1,1,5,81.13999999999999,-0.8850000000000002,0
N=C1NC(=O)OCC1=O,128.087,4,2,0,1,5,79.25,-0.72743,0
NC1=C(N)C(C=O)=N1,111.10399999999998,4,2,1,1,4,81.47,-1.2735999999999998,0
N=COC1OCOC1=N,130.103,5,2,2,1,5,75.39000000000001,-0.08226000000000017,1
N=CN=C1NC=NC1=N,123.11899999999999,2,3,1,1,5,84.45,-0.3992599999999999,0
NC1=NC=C(C=O)C1=O,124.09899999999998,4,1,1,1,4,72.52,-0.9909000000000001,0
N=c1occ(C=O)n1O,128.087,5,2,1,1,5,79.22,-0.38962999999999987,0
N=C1NCC(=O)OC1=O,128.087,4,2,0,1,5,79.25,-1.36333,0
Nc1noc(C=O)n1,113.076,5,1,1,1,5,82.01,-0.5357000000000001,0
Cn1c(N)nnc1C=N,125.13499999999999,5,2,1,1,5,80.58000000000001,-0.6050300000000002,0
N#CC1CN(C=N)OCO1,141.13,4,1,1,1,5,69.34,-0.29305000000000003,1
NC1=C(C=O)C(=O)C=N1,124.09899999999999,4,1,1,1,4,72.52000000000001,-0.9909000000000001,0
Cn1cnc(=O)n1CO,129.119,5,1,1,1,5,60.05,-1.4684000000000004,0
N=C1N=NC=C1N,96.093,3,2,0,1,4,74.59,0.2295700000000001,0
N=C1N=C(CO)N1N,114.108,3,3,1,1,5,85.7,-1.4987300000000001,0
N=C1NC(=O)COC(=N)O1,143.102,5,3,0,1,6,95.26,-0.9810600000000003,0
N=C1COCOC(=O)N1,130.103,4,2,0,1,5,71.41,-0.32242999999999994,0
N=C1OCOC(=O)C(=N)O1,144.08599999999998,6,2,0,1,6,92.46000000000001,-0.5540600000000002,0
COC1=NC=C(N)C1=O,126.115,4,1,0,1,4,64.68,-0.5859000000000001,0
Nc1[nH]ncc(=O)c1O,127.10299999999997,4,3,0,1,5,92.00000000000001,-0.9423000000000001,0
CN=NC1NCOC1=O,129.119,5,1,1,1,5,63.050000000000004,-0.5016,1
Nc1cnnn1CC=O,126.119,5,1,2,1,5,73.8,-0.9408000000000003,0
CC(=O)C1=NC(N)=N1,111.10400000000001,4,1,1,1,4,67.81,-0.6978,0
Nc1cnoc1N=NC=O,140.102,5,1,2,1,6,93.84,0.4969000000000001,0
N=CC1OC(=N)OC1=N,127.103,5,3,1,1,5,90.00999999999999,-0.03658999999999979,1
Nc1cn(CO)c(C=O)n1,141.12999999999997,5,2,2,1,5,81.14,-0.7724,0
NC1=CC(=O)N=C1O,112.088,2,2,0,1,4,75.68,-0.6742999999999999,0
N=COC1=NC(=O)N=C1N,140.10199999999998,4,2,1,1,6,100.89,-0.5006300000000001,0
N#Cc1noc(C=N)n1,122.08699999999999,5,1,1,1,5,86.56,-0.06104999999999999,0
Nc1coc(=O)n1NC=O,143.102,5,2,2,1,6,90.25999999999999,-1.2766000000000002,0
N#CCC(N)n1cn[nH]1,125.135,4,2,2,1,5,83.41999999999999,-0.41782,1
N=C1NC(=N)C(C=O)O1,127.10299999999998,4,3,1,1,5,86.03000000000002,-0.9142600000000001,1
O=C1CNC(=O)NCN1,129.119,2,3,0,1,5,70.23,-1.6271,0
CN=C1C=NC(O)=N1,111.10399999999998,2,1,0,1,4,57.31,0.013099999999999945,0
N=C1OC(=O)OC1=NO,130.059,6,2,0,1,6,91.97,-0.08182999999999996,0
N=C1N=CC(=O)OCO1,128.087,4,1,0,1,5,71.74000000000001,-0.47713000000000005,0
N=C1COC(=N)OC=N1,127.103,4,2,0,1,5,78.52,-0.026460000000000095,0
CN1COC(=O)C(=O)N1,130.10299999999998,4,1,0,1,5,58.64,-1.5362999999999996,0
CC(=O)NC(=O)C1=NO1,128.087,4,1,1,1,5,71.06,-1.0072,0
N=C1NCOC(C=O)O1,130.10299999999998,4,2,1,1,5,71.41,-0.9599300000000002,1
N=C1NC(=O)C(=N)CO1,127.103,4,3,0,1,5,86.03000000000002,-0.9126600000000002,0
N=Cc1noc(=N)n1C=O,140.102,6,2,2,1,6,95.72999999999999,-1.0084600000000001,0
COC1=NC(=N)N=C1N,126.11900000000001,3,2,0,1,5,83.82,-0.66313,0
NC1=NC(=O)CN=CN1,126.11899999999999,4,2,0,1,5,79.84,-1.5408000000000004,0
N=C1OC=NC1CO,114.10399999999998,4,2,1,1,4,65.67,-0.61693,1
N#CCc1cnnc(N)n1,135.13,5,1,1,1,5,88.48,-0.48012000000000005,0
CC(=O)Oc1ncn[nH]1,127.10300000000001,4,1,1,1,5,67.87,-0.2700000000000002,0
N=Cc1[nH]nnc1C=O,124.103,4,2,2,1,5,82.49000000000001,-0.38513,0
Nc1cnoc1C=NCO,141.13,5,2,2,1,5,84.64,-0.3745,0
N=CN=C1N=C(N)O1,112.092,3,2,1,1,5,83.82000000000001,-0.70563,0
O=Cc1nc(CO)n[nH]1,127.103,4,2,2,1,5,78.87,-0.8905000000000003,0
CC(=O)c1nncn1N,126.11900000000001,5,1,1,1,5,73.8,-0.8055000000000001,0
COc1n[nH]c(=O)n1CO,145.118,5,2,2,1,6,80.14,-1.4702000000000004,0
CN=C1NCC(=O)NCO1,143.146,3,2,0,1,5,62.72,-1.3342999999999998,0
N=CN1CC=NC(=O)O1,127.10299999999998,3,1,1,1,5,65.75,0.03146999999999994,0
N=c1ncncc(=O)o1,125.08699999999997,5,1,0,1,5,79.84,-1.09073,0
N=C1N=CNC(=O)CN1,126.11899999999999,2,3,0,1,5,77.34,-1.3311300000000004,0
O=CNC1=CN=NC1=O,125.08699999999999,3,1,2,1,5,70.89,-0.4338000000000002,0
COC(=O)c1c[nH]n1N,129.119,4,2,1,1,5,73.04,-0.6834000000000002,0
N=C1N=CC(N)=C1CO,125.131,3,3,1,1,4,82.46000000000001,-0.7468300000000003,0
N=CNc1conc1O,127.10299999999998,4,3,2,1,5,82.14,0.39916999999999986,0
NC(=O)OC1CNC=N1,129.119,4,2,1,1,5,76.71000000000001,-0.9607000000000001,1
N=C1O[N+]([O-])=CNC1O,131.09099999999998,5,3,0,1,6,91.41,-1.6445300000000005,1
N=C(O)C1=NN=C1N,112.09200000000001,4,3,1,1,5,94.82,-0.75153,0
N=COc1cc(N)on1,127.103,5,2,2,1,5,85.13,0.2426700000000001,0
N#CC=C(O)NC1CO1,126.11499999999998,4,2,2,1,4,68.58,-0.14472000000000018,1
Nc1ccnn1CC=O,125.131,4,1,2,1,4,60.91,-0.3358000000000001,0
N#CCC(=N)n1cn[nH]1,123.119,4,2,1,1,5,81.25,-0.04975000000000007,0
CC(O)C1=NOC1=N,114.104,4,2,1,1,4,65.67000000000002,-0.26933000000000007,1
N=C1COC(=N)OCO1,130.103,5,2,0,1,5,75.39,-0.08066000000000012,0
CC#CC(=O)OC1=NN1,124.09899999999999,4,1,0,1,4,60.599999999999994,-0.5729,0
N=C1OCC(=O)NC1=O,128.087,4,2,0,1,5,79.25,-1.36333,0
CC1=NC(CN)=NC1=O,125.131,3,1,1,1,4,67.81,-0.6553,0
CN=C1N=CC(=O)N1N,126.119,3,1,0,1,5,71.05,-1.2411,0
CN=C1C=NN=C1N,110.12,4,1,0,1,4,63.099999999999994,-0.5862,0
N=CC1=NC(C(N)=O)=N1,124.10300000000001,4,2,2,1,5,91.66000000000001,-1.06813,0
Nc1ncnoc1=NCO,142.118,6,2,1,1,6,97.53,-1.4977000000000003,0
Nc1nnc(C=O)o1,113.07599999999998,5,1,1,1,5,82.01,-0.5357000000000003,0
N=C1NC=COC(=O)N1,127.103,3,3,0,1,5,74.21,-0.27823000000000014,0
CC(O)C1=NNC1=O,114.104,3,2,1,1,4,61.690000000000005,-1.1470000000000002,1
CNC1=NC=NC1=N,110.11999999999999,3,2,0,1,4,60.6,-0.3765300000000002,0
N=C(N)C1=NC(O)=N1,112.092,3,3,1,1,5,94.82000000000001,-0.75153,0
COc1n[nH]c(=O)n1C=N,142.118,5,2,2,1,6,83.75999999999999,-0.9648300000000001,0
N=C1OCC(=O)OC1=N,128.087,5,2,0,1,5,83.22999999999999,-0.48566000000000015,0
Cc1connc1=NC=N,138.13000000000002,4,1,1,1,5,75.13,-0.1142100000000002,0
N=COC1C(=N)N1CO,129.11900000000003,4,3,3,1,5,80.17,-0.8211599999999999,1
N=C1NC(=N)C(=O)CO1,127.103,4,3,0,1,5,86.03000000000002,-0.91266,0
N=C1COC(=N)N=CO1,127.103,4,2,0,1,5,78.52,-0.026460000000000095,0
N=CC1=C(N)C=NC1=N,122.131,3,3,1,1,4,86.08000000000001,-0.08955999999999997,0
N=C1N=CN1C(N)=O,112.092,2,2,0,1,5,82.53999999999999,-0.6562299999999999,0
NC1=NC(CO)=CC1=O,126.11499999999997,4,2,1,1,4,75.68,-1.1975000000000002,0
N=C1COC(=N)OCO1,130.103,5,2,0,1,5,75.39,-0.08066000000000012,0
N=CN1C=CNC(=O)O1,127.10299999999998,3,2,1,1,5,65.42,0.021469999999999934,0
N=C1OCC(=O)OC1=O,129.071,5,1,0,1,5,76.44999999999999,-0.9363300000000001,0
CC(=O)n1ncnc1N,126.119,5,1,0,1,5,73.8,-0.47959999999999997,0
N#Cc1n[nH]nc1CO,124.10299999999998,4,2,1,1,5,85.59,-0.8313200000000003,0
Nc1cnoc(=O)c1N,127.103,5,2,0,1,5,95.14,-0.8008,0
CN(C#N)C(=O)N1CN1,126.119,3,1,0,1,5,69.05,-0.70302,0
N=C1NC(=N)C(N)O1,114.108,4,4,0,1,5,94.98,-1.19696,1
Nc1cnnc(CO)n1,126.119,5,2,1,1,5,84.92,-1.0539000000000003,0
NC(=O)C1=NN=C1O,113.076,3,2,1,1,5,88.04,-1.2022,0
N=C1OC(=N)C(C=O)O1,128.087,5,2,1,1,5,83.23,-0.48726000000000025,1
NC(=O)c1cn[nH]n1,112.092,3,2,1,1,5,84.66000000000001,-1.0964000000000003,0
N=C1N=C(N)C(C=O)=N1,124.103,3,2,1,1,5,91.66000000000001,-1.06813,0
N#CCNc1ncon1,124.103,5,1,2,1,5,74.74000000000001,0.005080000000000029,0
N=C1NC(=O)C(C=O)O1,128.087,4,2,1,1,5,79.25000000000001,-1.3649300000000002,1
N=C(N)C1=NC=NC1=O,124.103,3,2,1,1,5,91.66,-1.06813,0
N=C1C=NC(CO)=N1,111.104,3,2,1,1,4,68.8,-0.5611300000000001,0
NC(=O)n1ccnc1N,126.119,4,2,0,1,5,86.93,-0.6079000000000001,0
Cc1nnc(NC=O)[nH]1,126.11899999999999,3,2,2,1,5,70.67,-0.31858000000000025,0
CNC1=CC(N)OC(=N)O1,143.14600000000002,5,3,1,1,5,80.36,-0.6864300000000005,1
NC1=NC(=O)C(O)=C1,112.08799999999997,3,2,0,1,4,75.67999999999999,-0.6742999999999999,0
N=CC1=NC(=N)C(C=O)=N1,136.11399999999998,4,2,2,1,5,89.49,-0.3347600000000001,0
Cn1c(N)nnc1C=O,126.11899999999999,5,1,1,1,5,73.80000000000001,-0.7902,0
COC1=NN=C1CO,114.10399999999998,4,1,1,1,4,54.18000000000001,-0.6068,0
COC1=NC(=O)C(N)=N1,127.10300000000001,4,1,0,1,5,77.03999999999999,-1.1138000000000003,0
N=C1NC(C=O)NCO1,129.119,4,3,1,1,5,74.21000000000001,-1.38693,1
COc1[nH]nnc1NC=O,142.118,4,2,3,1,6,79.9,-0.6184000000000005,0
Cn1ncnc1NC=N,125.13499999999999,4,2,2,1,5,66.59,-0.16593000000000008,0
COC(=O)C1=NC(=N)N1,127.10300000000001,3,2,1,1,5,74.53999999999999,-0.9041300000000001,0
CCc1n[nH]nnc1=N,125.13499999999999,4,2,1,1,5,78.31,-0.7584300000000004,0
CCC1=NC(=O)C(O)=N1,126.11499999999998,2,1,1,1,4,62.019999999999996,0.2916,0
Nc1cnc(=O)[nH]n1,112.092,4,2,0,1,5,84.66,-1.2529000000000001,0
O=CC1NCNC(=O)O1,130.103,4,2,1,1,5,67.43,-1.2017000000000002,1
CN=c1nc(CO)c1=N,125.13099999999999,4,2,1,1,4,69.33000000000001,-1.5405300000000002,0
CC(=O)C1=NC(O)=N1,112.088,3,1,1,1,4,62.019999999999996,-0.09849999999999998,0
O=CN1CONC1=O,116.076,3,1,1,1,5,58.64,-0.9429000000000003,0
N=C1CNC(=O)N=CN1,126.11899999999999,2,3,0,1,5,77.34,-0.6952300000000002,0
N=CN1CC(=O)C(=N)O1,127.10299999999998,4,2,1,1,5,77.24000000000001,-0.61296,0
N=C1NC(C(=N)O)CO1,129.119,3,4,1,1,5,89.19000000000001,-0.5551600000000001,1
CN=C(O)C1=NN=C1N,126.11900000000001,4,2,1,1,5,83.33,-0.7004999999999999,0
N=CN1C=CNC(=O)C1,125.13099999999999,2,2,1,1,4,56.190000000000005,-0.5035300000000003,0
CC1=NC(N)=NC1=N,110.12,3,2,0,1,4,74.59,-0.24712999999999996,0
NC(=O)C1=NN=C1N,112.09200000000001,4,2,1,1,5,93.83,-1.8014999999999999,0
Nc1cnoc(=O)c1N,127.103,5,2,0,1,5,95.14,-0.8008,0
N=CN1C(=N)OCNC1=O,142.118,4,3,1,1,6,89.27000000000001,-0.47246000000000005,0
COc1ncn(C=O)n1,127.103,5,0,2,1,5,57.010000000000005,-0.675,0
CN=NC1COC(=O)N1,129.119,4,1,1,1,5,63.050000000000004,0.13430000000000014,1
N=c1[nH]c(=O)nco1,113.076,4,2,0,1,5,82.74,-1.15763,0
N=C1N=C(N)C(O)=N1,112.092,2,3,0,1,5,94.82000000000001,-0.75153,0
N=C1OCC(=O)C(=N)O1,128.087,5,2,0,1,5,83.23,-0.48566000000000015,0
N=C1N=CC(=O)N=N1,110.07600000000001,2,1,0,1,5,78.0,-0.015629999999999977,0
C#Cc1[nH]nnc1N,108.10400000000001,3,2,0,1,4,67.59,-0.6318000000000001,0
CC(=N)n1ncnc1N,125.135,5,2,0,1,5,80.58,-0.29443000000000014,0
N=C1OC(=O)OCC1=O,129.071,5,1,0,1,5,76.44999999999999,-0.30043,0
N=C1COCC(=O)OCN1,144.13,4,2,0,1,5,71.41,-0.9158300000000001,0
N=C1OCC(=O)C(=N)O1,128.087,5,2,0,1,5,83.23,-0.48566000000000015,0
N=CN1C=NC(N)=CO1,126.11899999999999,4,2,1,1,5,74.7,-0.3734300000000001,0
COc1cnoc(=O)c1N,142.11399999999998,5,1,1,1,5,78.35000000000001,-0.3744,0
O=C1N=COC(=O)CN1,128.087,3,1,0,1,5,67.75999999999999,-0.7188999999999999,0
NC1=CC(=O)N=C1O,112.088,2,2,0,1,4,75.68,-0.6742999999999999,0
N=C1OCC(=N)C(=N)O1,127.103,5,3,0,1,5,90.01,-0.034989999999999966,0
N=C1OCOC(=O)CO1,131.087,5,1,0,1,5,68.61,-0.5313300000000001,0
N=C1CC(=O)N1C=O,112.08799999999998,3,1,1,1,4,61.230000000000004,-0.6476300000000001,0
N=CC1=NC(=N)NCO1,126.119,3,3,1,1,5,81.32000000000001,-0.4534600000000002,0
COc1cc(=N)ocn1,126.115,4,1,1,1,4,59.11,0.16266999999999993,0
N#CCC1=NC(O)=N1,109.088,3,1,1,1,4,68.74,0.22618,0
N=c1onc(N)c(=O)o1,129.075,6,2,0,1,6,106.11,-1.3105300000000002,0
N=CN=C1C=NN=C1N,123.119,4,2,1,1,5,86.95,-0.60893,0
NC1=C(O)N=NC1=O,113.07600000000001,4,2,0,1,5,88.03999999999999,-0.3354,0
CCn1cnc(=N)c(=N)o1,140.146,5,2,1,1,5,78.66000000000001,-0.5450600000000001,0
CC1=NC(=N)N=C1N,110.12,2,2,0,1,4,74.59,-0.24712999999999996,0
Nc1cc(OC=O)no1,128.087,5,1,2,1,5,78.35000000000001,-0.20800000000000013,0
O=C1C=C(O)C(F)=N1,115.063,2,1,0,1,4,49.66,0.3365,0
N=C1N=C(CO)OC1=N,127.10299999999998,4,3,1,1,5,89.52000000000001,-0.6380600000000003,0
N=COC1=NC=NC1=N,124.103,4,2,1,1,5,81.65,0.027739999999999987,0
Cn1c(N)nnc1CO,128.135,5,2,1,1,5,76.96000000000001,-1.1104,0
N=c1occ(N)oc1=O,128.08700000000002,5,2,0,1,5,93.22,-0.70553,0
N=CC1=NC=NC1=N,108.104,3,2,1,1,4,72.42,0.09614,0
Nc1ncnc(C=O)n1,124.10299999999998,5,1,1,1,5,81.76,-0.7337,0
N=C1C=NC(C(=N)O)=N1,124.103,3,3,1,1,5,92.65,-0.018159999999999954,0
NC1=NC(O)=CC1=O,112.08799999999997,4,2,0,1,4,75.68,-0.6743000000000001,0
N=COC1NC(=O)C(=O)O1,144.08599999999998,5,2,2,1,6,88.48,-1.4333300000000002,1
CN=C1OC(=N)C(=O)O1,128.087,5,1,0,1,5,71.74,-0.47713,0
CN=C1OCOC(=N)O1,130.103,5,1,0,1,5,63.900000000000006,-0.07212999999999997,0
N=c1oc(=N)c1=NO,113.076,5,3,0,1,5,93.43,-1.5959600000000003,0
N=C1CC(NO)=NC1=N,126.11899999999999,4,4,0,1,5,92.32,-0.23555999999999988,0
Nc1cnc(F)c(N)n1,128.11,4,2,0,1,5,77.82,-0.21989999999999987,0
N=CN1COCNC1=O,129.119,3,2,1,1,5,65.42000000000002,-0.4497299999999999,0
NC1=CNC(=O)OCN1,129.119,4,3,0,1,5,76.38,-0.9690999999999999,0
N=c1oc(=NO)c1=O,114.05999999999999,5,2,0,1,5,86.65,-1.7152300000000005,0
N=C1CC(O)OCOC1=N,144.13,5,3,0,1,5,86.39000000000001,-0.3037600000000002,1
CN=C1C=NC(C#N)=N1,120.115,3,0,0,1,4,60.87,0.021179999999999977,0
CNc1noc(=N)n1C=O,142.118,6,2,2,1,6,83.91,-0.9644300000000001,0
Nc1ncc(C=O)nc1N,138.12999999999997,5,2,1,1,5,94.89,-0.5465000000000002,0
COc1onnc1C=N,127.103,5,1,2,1,5,72.0,0.07586999999999994,0
CN=C1N=C(N)N=C1O,126.119,3,2,0,1,5,83.33,-0.7004999999999997,0
N=C1N=CN=C1CN,110.12,3,2,1,1,4,74.59,-0.59473,0
COc1cn[nH]c(=O)n1,127.103,4,1,1,1,5,67.87,-0.8265,0
N=COC1NC1C(N)=O,129.119,4,3,3,1,5,98.10999999999999,-1.6067299999999998,2
O=Cc1ccnc(=O)[nH]1,124.09899999999999,3,1,1,1,4,62.82,-0.41760000000000014,0
Cn1ncnc1CO,113.11999999999999,4,1,1,1,4,50.94,-0.6926000000000001,0
N=C1CNC(=N)OCO1,129.119,4,3,0,1,5,78.19000000000001,-0.5076600000000004,0
N=C1N=C(N)C(=O)O1,113.076,4,2,0,1,5,88.53000000000002,-1.16483,0
N=C1ON=C1C(N)=O,113.076,4,2,1,1,5,88.53,-1.1648300000000003,0
N=CN1C=NC1C(=N)O,126.11899999999997,3,3,2,1,5,83.53,-0.20125999999999977,1
N=CC(N)c1cnon1,126.119,5,2,2,1,5,88.79,-0.28103000000000006,1
Cc1nc(=N)on1N,114.108,5,2,0,1,5,80.83,-1.02221,0
CN=NC1NCOC1=O,129.119,5,1,1,1,5,63.050000000000004,-0.5016,1
Cn1cnc(N)c1C=O,125.13099999999999,4,1,1,1,4,60.910000000000004,-0.1852000000000002,0
CC(=N)c1ncnn1C,124.147,4,1,1,1,4,54.56,0.20287000000000005,0
Cn1nc(CO)c(=N)o1,129.119,5,2,1,1,5,75.03999999999999,-1.01513,0
COc1[nH]nnc1CO,129.11900000000003,4,2,2,1,5,71.03,-0.6944000000000001,0
N=Cn1c(=O)[nH]oc1=N,128.09099999999998,5,3,1,1,6,98.63,-1.2959600000000002,0
O=C1COC(=NO)O1,117.05999999999999,5,1,0,1,5,68.12,-0.6950000000000001,0
N=CN1C(=O)NC1=O,113.07599999999998,3,2,1,1,5,73.26,-0.26133,0
N#COc1coc(N)c1,124.09899999999999,4,1,1,1,4,72.17999999999999,0.7216800000000001,0
CN=C1N=NC=C1O,111.10399999999997,3,1,0,1,4,57.31,0.8799000000000001,0
N=C1CC(=O)OC1=NO,128.087,5,2,0,1,5,82.74000000000001,-0.25923,0
Nc1ncc(=O)[nH]c1N,126.119,4,3,0,1,5,97.78999999999999,-1.0657000000000003,0
Nc1coc(=O)n1CO,130.103,5,2,1,1,5,81.39,-1.0267000000000002,0
Nc1nncc(C=O)n1,124.10299999999998,5,1,1,1,5,81.76,-0.7337000000000005,0
N=C1OCOC(=N)C1=N,127.103,5,3,0,1,5,90.00999999999999,-0.034989999999999966,0
Cn1cnc(=N)n1CN,127.15100000000001,5,2,1,1,5,72.62,-1.3827299999999991,0
Nc1cc(C=O)on1,112.088,4,1,1,1,4,69.12,0.06930000000000003,0
N=C1COC(=N)OCN1,129.119,4,3,0,1,5,78.19,-0.5076600000000002,0
CNC(=N)C1=NC(N)=N1,125.13500000000002,4,3,1,1,5,86.62,-1.0901299999999996,0
NC1=NC(=O)C(N)=N1,112.092,4,2,0,1,5,93.83,-1.8014999999999999,0
CC(=O)C1=NC(=O)N1,112.088,2,1,1,1,4,58.53,-0.3028999999999999,0
N=COC1OCNC1=N,129.119,4,3,2,1,5,78.19,-0.5092600000000003,1
Cn1nc(N)nc1C=O,126.119,5,1,1,1,5,73.80000000000001,-0.7902,0
CN=C1C=NC(CO)=N1,125.13099999999999,3,1,1,1,4,57.31,-0.5101000000000002,0
CN1C(=N)N=C1OC=N,126.11899999999999,3,2,1,1,5,72.53,-0.15376,0
N=C1OCCOC(=O)C1=N,142.114,5,2,0,1,5,83.23,-0.44316000000000016,0
N=c1oncn1CCO,129.119,5,2,2,1,5,75.04,-1.0521300000000002,0
N=COC1=NN=CC1=O,125.08699999999999,5,1,1,1,5,74.87,-0.42293000000000003,0
Nc1noc(=O)nc1CO,143.102,6,2,1,1,6,102.24000000000001,-1.4957000000000003,0
N=C1COC(=O)NCO1,130.103,4,2,0,1,5,71.41,-0.3224300000000002,0
Cc1nc(=N)nc(N)[nH]1,125.135,4,3,0,1,5,91.44,-0.82521,0
N=C1OC(=N)C(=O)O1,114.05999999999999,5,2,0,1,5,83.23,-0.5281600000000002,0
NC1=NC(=O)C(C=O)=N1,125.08699999999997,4,1,1,1,5,84.88,-1.5188,0
N=C1OC(=O)CC(=O)O1,129.071,5,1,0,1,5,76.45,-0.58873,0
N=CN1C=NC1C(=O)O,127.10299999999997,3,2,2,1,5,76.75,-0.6519299999999999,1
CC1=NC(=O)NC1=N,111.10399999999998,2,2,0,1,4,65.31,0.14777000000000007,0
CC(=O)C1=NC(N)=N1,111.10400000000001,4,1,1,1,4,67.81,-0.6978,0
N=CN1C=NOC(N)=N1,127.107,5,2,1,1,6,87.06,-0.90133,0
O=CC1OC(=O)NC1=O,129.071,4,1,1,1,5,72.47,-1.1797000000000002,1
CCN=c1nn[nH]n1C,127.15100000000001,4,1,1,1,5,58.86,-0.9362000000000001,0
NC1=NN=C1NCC=O,126.11899999999999,5,2,2,1,5,79.84,-1.5408000000000002,0
N=C1NC(C=O)C(=N)O1,127.103,4,3,1,1,5,86.03000000000002,-0.9142600000000001,1
N=CNC1OCOC1=N,129.119,4,3,2,1,5,78.19,-0.5092600000000003,1
N=C1COC(=O)C(O)=N1,128.087,3,2,0,1,5,82.74,-0.5230300000000001,0
N=C1COC(=N)OCN1,129.119,4,3,0,1,5,78.19,-0.5076600000000002,0
N=C1CNC(=N)OCO1,129.119,4,3,0,1,5,78.19000000000001,-0.5076600000000004,0
NCC1=NC(=O)C(F)=N1,129.094,3,1,1,1,5,67.81,-0.7482,0
CNC1=NC(=O)C(N)=N1,126.119,4,2,0,1,5,79.84,-1.540799999999999,0
CC(=O)C1=NC(=N)O1,112.088,3,1,1,1,4,62.510000000000005,-0.06112999999999996,0
N=C1N=C(C(=N)O)CO1,127.10299999999998,3,3,1,1,5,89.52000000000001,-0.07236000000000004,0
N#CC(N)c1cco[n+]1[O-],139.11399999999998,4,1,1,1,5,89.89,-0.56362,1
COC1=NC(N)=CC1=O,126.115,4,1,0,1,4,64.68,-0.5859000000000001,0
N#CCC1=NN=C1N,108.10400000000001,4,1,1,1,4,74.53,-0.37311999999999984,0
CN=C1N=NC(=O)CN1,126.11899999999999,2,1,0,1,5,66.17999999999999,-0.4457999999999999,0
N=C1COC(=O)N=CO1,128.087,4,1,0,1,5,71.74,0.15877000000000002,0
N=C1OC=NC1C(=O)O,128.087,4,2,1,1,5,82.74,-0.5246300000000002,1
Cc1n[nH]c(=O)n1CO,129.119,4,2,1,1,5,70.91,-1.1703800000000004,0
NC(=O)c1ncno1,113.076,4,1,1,1,5,82.01,-0.8315000000000003,0
NC(=O)C1=NC(=O)C=N1,125.08699999999999,3,1,1,1,5,84.88000000000001,-1.5188,0
N=C1N=NC=C1C(N)=O,124.103,3,2,1,1,5,91.66,-0.2013299999999999,0
CN=C1C=NOC1=O,112.08799999999998,4,0,0,1,4,51.02,-0.4002000000000001,0
CC1=NC(=O)N=C1N,111.104,2,1,0,1,4,67.81,-0.061899999999999844,0
N=C1C=NC(=O)NCO1,127.103,3,2,0,1,5,74.54,-0.2682300000000002,0
Nc1coc(=O)n1C=O,128.087,5,1,1,1,5,78.22999999999999,-0.9381999999999999,0
C#Cn1cnoc1=N,109.088,4,1,0,1,4,54.81,-0.6056300000000001,0
N#CCOC1=NN=C1N,124.10300000000001,5,1,1,1,5,83.75999999999999,-0.78912,0
N=C1OC(=N)N1C=O,113.076,4,2,1,1,5,77.24000000000001,-0.6554600000000002,0
N=C1N=C(CO)N=C1O,127.10299999999998,3,3,1,1,5,89.03,-0.67543,0
N=C1OCOC(=O)CO1,131.087,5,1,0,1,5,68.61,-0.5313300000000001,0
N=c1occn1C(N)=O,127.10300000000001,4,2,0,1,5,85.00999999999999,-0.5126299999999999,0
N=C1N=CC(O)=C1N,111.104,3,3,0,1,4,82.46,-0.22362999999999988,0
CNC(=O)C1=NNC1=N,126.119,3,3,1,1,5,77.34,-1.3311299999999993,0
COC1=NC(=N)C(=N)O1,127.103,4,2,0,1,5,78.52,-0.02646000000000004,0
CC(O)C1=NN=C1N,113.12000000000002,4,2,1,1,4,70.97,-0.9060000000000001,1
N=CN1CC(=O)OCO1,130.10299999999998,4,1,1,1,5,62.620000000000005,-0.65863,0
CC(=O)n1nc[nH]c1=N,126.11899999999999,4,2,0,1,5,74.53,-0.6492300000000002,0
N=c1[nH]cc(O)c(=N)o1,127.103,4,4,0,1,5,96.86,-0.72776,0
NC1=NC(C=O)=NC1=O,125.08699999999997,4,1,1,1,5,84.88,-1.5188,0
NC(=O)C1=NC=C1N,111.104,3,2,1,1,4,81.47,-1.2736000000000003,0
N#CCC1=NN=C1N,108.10400000000001,4,1,1,1,4,74.53,-0.37311999999999984,0
N=C1OC=NC1=NCO,127.103,4,2,1,1,5,78.03,-0.6295300000000001,0
N=C1OCC(=O)C(=N)O1,128.087,5,2,0,1,5,83.23,-0.48566000000000015,0
COc1connc1=N,127.10300000000001,5,1,1,1,5,72.0,-0.44233000000000006,0
N=CN=C1NC=NC1=O,124.10299999999998,2,2,1,1,5,77.67,-0.8499300000000001,0
Nc1coc(=O)n1CO,130.103,5,2,1,1,5,81.39,-1.0267000000000002,0
N=C(N)OC1COC=N1,129.11899999999997,4,2,1,1,5,80.69000000000001,-0.7189300000000001,1
N=C1OCC(N)C(=O)O1,130.103,5,2,0,1,5,85.39999999999999,-1.1781300000000001,1
CNC(=O)C1=NN=C1N,126.11900000000001,4,2,1,1,5,79.84,-1.5408,0
Cc1noc(=N)n1CO,129.11900000000003,5,2,1,1,5,75.04,-0.7862100000000003,0
O=CC1NC(=O)NC1=O,128.087,3,2,1,1,5,75.27000000000001,-1.6067,1
N=C1C=NOC(=N)C1=O,125.08699999999999,5,2,0,1,5,86.35999999999999,-0.4314600000000001,0
CC(N)Oc1cn[nH]n1,128.135,4,2,2,1,5,76.82,-0.5118000000000003,1
Nc1cc(N)c(=O)on1,127.10300000000001,5,2,0,1,5,95.14,-0.8008,0
N=C1COC(=O)N=CO1,128.087,4,1,0,1,5,71.74,0.15877000000000002,0
COC(=O)C1=NC(=N)O1,128.08700000000002,4,1,1,1,5,71.74,-0.47713,0
N=c1[nH]c(=N)oc(=N)o1,128.091,5,4,0,1,6,113.61999999999999,-1.3608900000000004,0
CN=c1oncc(=O)n1N,142.11799999999997,6,1,0,1,6,86.41,-1.9193999999999996,0
N=C1NC(=O)N=CCO1,127.103,3,2,0,1,5,74.54,-0.26822999999999997,0
CC(O)C1=NC(=N)O1,114.104,3,2,1,1,4,65.67,-0.26933000000000007,1
CN=C1C=NN=C1N,110.12,4,1,0,1,4,63.099999999999994,-0.5862,0
N=CC1=NN=C1CO,111.10399999999998,4,2,2,1,4,68.8,-0.5611300000000001,0
N=COC1=NN=CC1=O,125.08699999999999,5,1,1,1,5,74.87,-0.42293000000000003,0
O=Cc1nc(CO)n[nH]1,127.103,4,2,2,1,5,78.87,-0.8905000000000003,0
C#CC(N)C1=NN=N1,108.10400000000001,4,1,1,1,4,63.099999999999994,-0.27379999999999993,1
COc1cnc(=N)[nH]n1,126.119,4,2,1,1,5,74.65,-0.7072300000000002,0
C#CC(N)N1C=NC1=N,122.13099999999999,2,2,1,1,4,65.47,-0.8169299999999999,1
Cn1nc(C=O)nc1N,126.119,5,1,1,1,5,73.8,-0.7902,0
N=C1OCC(=O)C(=O)O1,129.071,5,1,0,1,5,76.45,-0.9363300000000001,0
N=C1COCNC(=O)O1,130.103,4,2,0,1,5,71.41,-0.32243000000000016,0
CCN1OC(=N)C1=N,113.11999999999999,3,2,1,1,4,60.17,0.20804,0
N=C1CNC(=N)OCO1,129.119,4,3,0,1,5,78.19000000000001,-0.5076600000000004,0
NCn1c(N)noc1=O,130.107,6,2,1,1,6,100.07,-1.6653000000000002,0
N=CN1OC(=N)C1=O,113.076,4,2,1,1,5,77.24000000000001,-0.6554600000000002,0
N=C1NCC(=O)NCO1,129.119,3,3,0,1,5,74.21000000000001,-1.3853300000000002,0
CC1(OC(=N)O)OCO1,133.10299999999998,4,2,1,1,5,71.77000000000001,0.17376999999999998,0
N=C1OC=NCCN=C1O,141.13000000000002,4,2,0,1,5,78.03,-0.021330000000000127,0
NC1=NC(=O)N=C1N,112.092,3,2,0,1,5,93.83,-1.1656,0
Cn1cnc(=O)n1CN,128.135,5,1,1,1,5,65.84,-1.5019999999999991,0
CC1=NC(N)=NC1=O,111.104,3,1,0,1,4,67.81,-0.6978,0
C#CC(=O)n1ncn1N,124.10300000000001,5,1,0,1,5,65.84,-1.3282000000000003,0
NC1=CN=C(N)C1=O,111.104,4,2,0,1,4,81.47,-1.2735999999999998,0
CN=C1C=NOC1=N,111.10399999999998,4,1,0,1,4,57.800000000000004,0.05046999999999996,0
CN=C(O)C1=NN=C1N,126.11900000000001,4,2,1,1,5,83.33,-0.7004999999999999,0
NC(=O)OC1NCC1=O,130.103,4,2,1,1,5,81.42000000000002,-1.4199000000000004,1
NC1COCC(=O)N1,116.11999999999999,3,2,0,1,4,64.35,-1.5823999999999994,1
N#Cc1cc(N)n(CN)n1,137.14600000000002,5,2,1,1,5,93.65,-0.7468200000000003,0
C#Cc1n[nH]nc1CO,123.11499999999998,3,2,1,1,4,61.8,-0.7217,0
N=CN=C1C=NC(N)=N1,123.119,3,2,1,1,5,86.95,-0.6089300000000002,0
N=c1ncoc(=O)[nH]1,113.076,4,2,0,1,5,82.74000000000001,-1.1576300000000002,0
CC1=NC(=N)N=C1N,110.12,2,2,0,1,4,74.59,-0.24712999999999996,0
N=c1cn[nH]c(=N)n1N,126.123,5,4,0,1,6,107.33,-2.11606,0
CN=C1N=CC(CO)=N1,125.13099999999999,2,1,1,1,4,57.31,-0.5101,0
N=C1N=C(N)C(=O)O1,113.076,4,2,0,1,5,88.53000000000002,-1.16483,0
N=Cc1nncoc1=N,124.10299999999998,5,2,1,1,5,86.62,-0.45326000000000016,0
N=C1OC(=O)COC1=O,129.071,5,1,0,1,5,76.44999999999999,-0.9363300000000001,0
N=C1NCNCC(=O)CO1,143.146,4,3,0,1,5,74.21000000000001,-1.3428299999999993,0
COc1nn[nH]c1N,114.108,4,2,1,1,5,76.82000000000001,-0.6045000000000003,0
N=C1OC(=O)C(=O)O1,115.04399999999998,5,1,0,1,5,76.45,-0.9788300000000001,0
N=c1[nH]c(=O)[nH]cc1N,126.119,3,4,0,1,5,98.52,-1.23533,0
CN=C1N=NC(N)=N1,111.108,3,1,0,1,5,75.46,-0.24729999999999996,0
N=C=Nc1n[nH]cc1N,123.119,4,3,1,1,5,90.91,0.37607,0
COC1=NCC(=N)OC=N1,141.13,5,1,0,1,5,67.03,0.024570000000000036,0
NC1=NC(CO)=NC1=O,127.10299999999998,4,2,1,1,5,88.03999999999999,-1.7254,0
N#CCc1nncn1C=N,135.13,5,1,2,1,5,78.35,-0.20065000000000005,0
NC1=C(O)C(=O)C=N1,112.088,4,2,0,1,4,75.68,-0.6742999999999999,0
NCc1n[nH]nc(N)c1=O,141.134,5,3,1,1,6,110.68,-1.7942,0
Nc1ncoc1NC=O,127.10299999999998,4,2,2,1,5,81.15,-0.17490000000000022,0
COC(=N)OC1=CN=N1,127.103,5,1,1,1,5,67.03,0.84887,0
N=C1COC(O)N=CO1,130.10299999999998,5,2,0,1,5,74.9,-0.68533,1
N=C1NC(=O)C(CO)O1,130.10299999999998,4,3,1,1,5,82.41000000000001,-1.5715300000000003,1
CC(=O)N1C=NC1=N,111.104,2,1,0,1,4,56.52,-0.18842999999999993,0
O=Cc1cn(CO)cn1,126.11499999999998,4,1,2,1,4,55.120000000000005,-0.35459999999999997,0
N#CC(N)c1ncno1,124.103,5,1,1,1,5,88.73,-0.40701999999999994,1
N=C1OCC(=O)C(=N)O1,128.087,5,2,0,1,5,83.23,-0.48566000000000015,0
N=CNC1=NC=NC1=N,123.119,3,3,1,1,5,84.45,-0.3992599999999999,0
N=C1N=C(O)C(O)=N1,113.07599999999998,1,3,0,1,5,89.03,-0.1522300000000002,0
N=C1OC(=N)C(C=O)O1,128.087,5,2,1,1,5,83.23,-0.48726000000000025,1
N=C1N=C(O)N=C1N,112.092,3,3,0,1,5,94.82,-0.75153,0
Cc1nnoc1CO,114.10399999999998,4,1,1,1,4,59.150000000000006,-0.12968000000000007,0
O=CN1COCNC1=O,130.103,3,1,1,1,5,58.64,-0.9004000000000003,0
COc1[nH]nnc1C=N,126.119,4,2,2,1,5,74.65,-0.1890300000000002,0
COC1=NC(=O)C(N)=N1,127.10300000000001,4,1,0,1,5,77.03999999999999,-1.1138000000000003,0
Cc1nc(N)n[nH]c1=O,126.119,4,2,0,1,5,84.66,-0.94448,0
N=C1NC(=O)C(=N)O1,113.076,4,3,0,1,5,86.03000000000002,-0.9551600000000002,0
Nc1cn[nH]c1C[NH3+],113.144,2,3,1,1,4,82.34,-1.2661999999999998,0
N=CC1=NC(=O)C(N)=N1,124.10300000000001,4,2,1,1,5,91.66,-1.06813,0
C[N+](C)([O-])C1=NN=N1,114.10800000000002,4,0,0,1,5,60.14,0.2973999999999999,0
CNC1NC(=O)C1=N,113.11999999999999,3,3,1,1,4,64.97999999999999,-1.3185299999999993,1
CN=C1N=CNC1=NC=O,138.13,2,1,1,1,5,66.18,-0.7989000000000002,0
N=C1N=NC=C1CN,110.12,3,2,1,1,4,74.59,0.27207000000000015,0
N=C1OCNC(=O)C1=O,128.087,4,2,0,1,5,79.25,-1.3633300000000004,0
N=C1OC(O)C(C=O)O1,131.087,5,2,1,1,5,79.61,-1.1461300000000003,2
N=CN1C=NCN1C=O,126.11899999999999,3,1,2,1,5,59.760000000000005,-0.7317300000000002,0
CN=C1N=C(O)N1C=N,126.11899999999999,2,2,1,1,5,72.04,-0.19112999999999974,0
N=C1N=C(N)C(CO)=N1,126.119,3,3,1,1,5,94.82000000000001,-1.2747300000000001,0
CN=C1OC=NC1=O,112.088,3,0,0,1,4,51.02,-0.4002000000000001,0
CN=C1OC=NC1=N,111.104,3,1,0,1,4,57.800000000000004,0.05046999999999996,0
Cc1nc(NC=O)no1,127.10299999999998,4,1,2,1,5,68.02000000000001,-0.053680000000000117,0
N=C1OCC(=N)C(=O)O1,128.087,5,2,0,1,5,83.23,-0.48566000000000015,0
CNC1=NOC(=N)C1=O,127.10299999999998,5,2,0,1,5,74.54,-0.9041300000000003,0
COC1OCC(=N)C1N,130.147,4,2,1,1,4,68.33,-0.6638300000000004,2
NC1=NC(C=O)=NC1=O,125.08699999999997,4,1,1,1,5,84.88,-1.5188,0
Nc1nc[nH]c1OCC=O,141.12999999999997,4,2,3,1,5,81.0,-0.4304000000000001,0
COC1=NN=C1NC=N,126.11899999999999,4,2,1,1,5,69.83000000000001,-0.4449300000000002,0
CC(=O)C1=NC(=N)O1,112.088,3,1,1,1,4,62.510000000000005,-0.06112999999999996,0
N=CN1C(=N)OCC1=O,127.10299999999998,4,2,1,1,5,77.24000000000001,-0.6129600000000002,0
COC1=C(O)N=C1O,115.08799999999998,3,2,1,1,4,62.05,0.32999999999999996,0
N=CN1OC(=N)C1=O,113.076,4,2,1,1,5,77.24000000000001,-0.6554600000000002,0
CN1COC(=O)C1=NO,130.103,4,1,0,1,5,62.129999999999995,-0.7798,0
Nc1cc(OC=O)cnn1,139.11399999999998,5,1,2,1,5,78.10000000000001,-0.40600000000000014,0
CN=C1N=NC=C1N,110.11999999999999,3,1,0,1,4,63.099999999999994,0.28060000000000007,0
CC(=O)n1cn[nH]c1=N,126.119,4,2,0,1,5,74.53,-0.6492300000000002,0
N=C1C=C(N)OC1=N,111.104,4,3,0,1,4,82.95000000000002,-0.18625999999999998,0
N=CN1CC(=O)OC1=O,128.087,4,1,1,1,5,70.46000000000001,-0.42772999999999994,0
CNC1=NC(=N)N=C1C=O,138.13,3,2,1,1,5,77.67,-0.8074300000000003,0
N=CC1OCNC(=O)O1,130.103,4,2,1,1,5,71.41,-0.32403,1
CC(O)C1=NN=C1N,113.12000000000002,4,2,1,1,4,70.97,-0.9060000000000001,1
N=CN1C(=O)OC1=O,114.05999999999997,4,1,1,1,5,70.46000000000001,0.16566999999999998,0
COc1ncc(=N)[nH]n1,126.119,4,2,1,1,5,74.65,-0.7072300000000002,0
N=C1COC(=N)C1=O,112.088,4,2,0,1,4,74.0,-0.41726000000000013,0
N=CN=C1NC(CO)O1,129.11899999999997,3,3,2,1,5,77.7,-1.11233,1
N=C1C(N)=NN1C=O,112.09199999999998,4,2,1,1,5,82.53999999999999,-1.29213,0
O=C1C=NC(CO)=C1O,127.09899999999998,4,2,1,1,4,69.89,-0.5982000000000001,0
NCc1cnnc(=O)[nH]1,126.11899999999999,4,2,1,1,5,84.66,-1.3764000000000005,0
N=C1N=CNC(O)=CN1,126.11899999999997,3,4,0,1,5,80.5,-0.5008300000000001,0
COC1=NC(=N)N=C1N,126.11900000000001,3,2,0,1,5,83.82,-0.66313,0
CC1(C(=N)N=O)CO1,114.104,3,1,1,1,4,65.81,0.51897,1
N#CCC1=NC(=N)N=N1,121.10300000000001,3,1,1,1,5,84.72,0.69915,0
N=C1OC(=O)C=C1N,112.088,4,2,0,1,4,76.17,-0.63693,0
O=Cc1conc1NO,128.087,5,2,2,1,5,75.36,0.28819999999999996,0
N=C1NCC(=O)C(=O)O1,128.087,4,2,0,1,5,79.25000000000001,-1.36333,0
N=CC(=N)OC1NC1=O,127.10299999999998,4,3,2,1,5,95.94,-0.9142600000000003,1
N=CN1COCN1C=O,129.119,3,1,2,1,5,56.63000000000001,-0.7859300000000002,0
N=C1N=COC(=N)C1=O,125.08699999999999,4,2,0,1,5,86.35999999999999,-0.4314600000000001,0
NCC1=NC(N)=NC1=O,126.119,4,2,1,1,5,93.82999999999998,-1.7589999999999995,0
N=COC1CC(=N)OCO1,144.13,5,2,2,1,5,75.39,0.30783999999999995,1
Cc1noc(=N)n1C=O,127.103,5,1,1,1,5,71.88,-0.69771,0
CC(=O)n1cnc(N)n1,126.11900000000001,5,1,0,1,5,73.8,-0.47959999999999997,0
N#CC1OC(=O)OCC1=N,140.09799999999998,5,1,0,1,5,83.16999999999999,0.06514999999999999,1
CC(=O)c1n[nH]c(O)n1,127.103,4,2,1,1,5,78.87,-0.2871,0
N=Cc1nccc(=N)o1,123.11499999999998,4,2,1,1,4,73.73,0.15173999999999999,0
N=C1OCC(=O)C(=O)O1,129.071,5,1,0,1,5,76.45,-0.9363300000000001,0
N=CNc1cc(N)[nH]n1,125.135,3,4,2,1,5,90.58,0.01086999999999988,0
Nc1cnn(N)c1C=O,126.119,5,2,1,1,5,86.93,-1.0084000000000004,0
Cn1nc(C=N)c(=N)o1,126.11899999999999,5,2,1,1,5,78.66000000000001,-0.5097600000000002,0
N=CN=C1N=CN=C1N,123.119,3,2,1,1,5,86.95,-0.60893,0
NC1=NNC=NN=C1C=O,139.118,6,2,1,1,6,92.19999999999999,-1.5549999999999997,0
NC1=CC(C(=O)O)=N1,112.088,3,2,1,1,4,75.68,-0.6743000000000001,0
N=C1COC(=N)C(=O)N1,127.103,4,3,0,1,5,86.03,-0.9126600000000002,0
CC(=O)C1=NOC1=N,112.088,4,1,1,1,4,62.51,-0.06112999999999996,0
CC1(CO)N=NC1=N,113.12,3,2,1,1,4,68.80000000000001,0.18047000000000002,1
N#CC(=N)N1N=CC1=N,121.103,4,2,0,1,5,87.09,-0.23408,0
Cn1ncnc1CO,113.11999999999999,4,1,1,1,4,50.94,-0.6926000000000001,0
N=C1OCC(=N)C(=O)O1,128.087,5,2,0,1,5,83.23,-0.48566000000000015,0
CCOC1=NC(=O)N=N1,127.10300000000001,3,0,1,1,5,63.379999999999995,0.9647000000000001,0
N=C(O)C1=CN=C1N,111.104,3,3,1,1,4,82.46,-0.22362999999999988,0
NC(=O)Cc1cocn1,126.11499999999998,3,1,2,1,4,69.12,-0.2976000000000001,0
N=C(N)C1=CN=NC1=O,124.103,3,2,1,1,5,91.66,-0.20132999999999995,0
N=CC1=NN=C1CN,110.12,4,2,2,1,4,74.59,-0.59473,0
CC1(C(N)=O)NCN1,115.136,3,3,1,1,4,67.15,-1.6618,0
NC1=NC(=O)C(=O)N1,113.07599999999998,3,2,0,1,5,84.55,-2.0425000000000004,0
N=C1COC(=N)N1C=O,127.103,4,2,1,1,5,77.24000000000001,-0.6129600000000002,0
N=C1COC(=N)NCO1,129.119,4,3,0,1,5,78.19,-0.5076600000000002,0
Nc1ncnc(C=O)n1,124.10299999999998,5,1,1,1,5,81.76,-0.7337,0
NC(=O)n1occ1N,115.092,4,2,0,1,5,87.18,-0.4099000000000001,0
CN=C(N)C1=NNC1=O,126.11899999999999,3,2,1,1,5,79.84,-1.5408,0
N#CN=CC1=NN=C1N,121.10300000000002,5,1,1,1,5,86.89,-0.73492,0
N=C1OC(=O)C(N)O1,116.076,5,2,0,1,5,85.4,-1.22063,1
N=C1COC(=N)OCO1,130.103,5,2,0,1,5,75.39,-0.08066000000000012,0
N#CC1=C(O)C(=O)N=N1,123.07099999999998,4,1,0,1,5,85.80999999999999,0.27197999999999994,0
N#CCc1c[nH]nnc1=O,136.114,4,1,1,1,5,82.43,-0.76902,0
CN=C1NN=C(N)C1=O,126.119,4,2,0,1,5,79.84,-1.5408,0
N=C1NCOC(=N)O1,115.092,4,3,0,1,5,78.19000000000001,-0.55016,0
N=c1ncc(CO)n[nH]1,126.119,4,3,1,1,5,85.65,-1.2235300000000002,0
N=C1N=C(CO)OC1=O,128.087,4,2,1,1,5,82.74000000000001,-1.0887300000000002,0
NC1=NC(C=O)=C1NC=O,139.11399999999998,4,2,3,1,5,84.54999999999998,-1.4863,0
N=C1NC=NC(=O)CO1,127.103,3,2,0,1,5,74.54,-0.9041300000000001,0
COC1=NC(=N)N=C1O,127.103,2,2,0,1,5,78.03,-0.06383000000000005,0
COC1C(=N)N=COC1=N,141.13,4,2,1,1,5,78.52000000000001,0.014439999999999897,1
N=CN1CN=CNC1=O,126.11899999999997,3,2,1,1,5,68.55000000000001,-0.3955299999999999,0
Nc1n[nH]c(C=O)n1,112.09199999999998,4,2,1,1,5,84.66,-0.8006000000000004,0
N=C1N=C(CO)OC1=O,128.087,4,2,1,1,5,82.74000000000001,-1.0887300000000002,0
N=C1OCOC(=O)CO1,131.087,5,1,0,1,5,68.61,-0.5313300000000001,0
CC(=O)C1=NC(=O)O1,113.07199999999999,3,0,1,1,4,55.730000000000004,0.12410000000000004,0
NC(=O)OC1NC1=O,116.076,3,2,1,1,5,91.33000000000001,-1.4624000000000004,1
CNC1=NC(=N)OC1=O,127.10299999999998,4,2,0,1,5,74.53999999999999,-0.9041300000000003,0
N=Cc1conc1N,111.10400000000001,4,2,1,1,4,75.9,0.25447000000000014,0
N=CC1=NN=C1C(=N)O,124.10299999999998,4,3,2,1,5,92.65,-0.018159999999999954,0
C#CCc1n[nH]nc1N,122.13100000000001,3,2,1,1,4,67.59,-0.4374000000000002,0
O=CC(O)C1=NNC1=O,128.08700000000002,4,2,2,1,5,78.75999999999999,-1.9680000000000004,1
Cn1nc(N)c(CO)n1,128.135,5,2,1,1,5,76.96000000000001,-1.1104,0
Nc1coc(=O)oc1=O,129.071,5,1,0,1,5,86.44,-0.8247999999999998,0
N=C1NCCNC1=O,113.12,2,3,0,1,4,64.98,-1.3169299999999997,0
CC(=O)C1=NC(=O)N1,112.088,2,1,1,1,4,58.53,-0.3028999999999999,0
N=C1N=COC(C=O)N1,127.10299999999998,3,2,1,1,5,74.53999999999999,-0.9057300000000001,1
COC1=NC(=O)N=C1N,127.10300000000001,3,1,0,1,5,77.03999999999999,-0.47789999999999994,0
N=CNC1=NC=NC1=N,123.119,3,3,1,1,5,84.45,-0.3992599999999999,0
N=Cn1c(N)c[nH]c1=O,126.11899999999999,4,3,1,1,5,87.66,-0.78623,0
N=C1C=C(N)C(N)=N1,110.12000000000002,3,3,0,1,4,88.25,-0.8229299999999997,0
N=C1NN=C(CO)C1=O,127.10299999999998,4,3,1,1,5,85.53999999999999,-1.5157300000000002,0
NC(=O)c1ncc(N)o1,127.103,4,2,1,1,5,95.14,-0.6443000000000003,0
N=C1CC(=O)N=CON1,127.10299999999998,3,2,0,1,5,74.54,-0.5565300000000002,0
N#CC1NC(=O)C(=N)O1,125.08699999999999,4,2,0,1,5,85.97000000000001,-1.0402500000000001,1
O=C1NCC(OO)C1=O,131.087,4,2,1,1,5,75.63,-1.4565000000000006,1
CC(=N)[N+]1([O-])N=CO1,115.09199999999998,4,1,0,1,5,68.5,0.18666999999999995,1
CC(O)C1=NOC1=N,114.104,4,2,1,1,4,65.67000000000002,-0.26933000000000007,1
NC(=O)C1=CC(=O)N=N1,125.08699999999999,3,1,1,1,5,84.88000000000001,-0.6520000000000001,0
N#CCC(=N)C1=NN=N1,121.10300000000001,5,1,2,1,5,84.72,0.6991500000000002,0
N=CC1=CN=NC1=N,108.104,3,2,1,1,4,72.42,0.9629399999999999,0
N=c1cc(N)on1C=O,127.103,5,2,1,1,5,85.00999999999999,-0.8189300000000002,0
CC(=N)C1=NC(O)=N1,111.104,3,2,1,1,4,68.8,0.35217,0
Cc1nnc(N)n1C=O,126.119,5,1,1,1,5,73.8,-0.7929800000000002,0
N=CN1CC(=O)OC1=O,128.087,4,1,1,1,5,70.46000000000001,-0.42772999999999994,0
N=C1NC(=N)OCCO1,129.119,4,3,0,1,5,78.19000000000001,-0.50766,0
N#CCC1=NC(OCN)=N1,138.13,5,1,2,1,5,83.75999999999999,-0.3990199999999999,0
N=CN1C(=N)NC1=O,112.09199999999998,3,3,1,1,5,80.04,-0.44656,0
N=C1N=C(CCO)C(=O)O1,142.11399999999998,4,2,2,1,5,82.74,-0.6986300000000001,0
COc1connc1=N,127.10300000000001,5,1,1,1,5,72.0,-0.44233000000000006,0
N=CN1CC(=O)OC=N1,127.10299999999998,4,1,1,1,5,65.75,-0.60443,0
O=C1CC(=NO)C(=O)O1,129.071,5,1,0,1,5,75.96,-0.7099,0
N=C1OC(=O)C=C1N,112.088,4,2,0,1,4,76.17,-0.63693,0
COC1=C(N)N=NC1=O,127.10300000000001,4,1,1,1,5,77.03999999999999,-0.247,0
NC=C1C=NN=C1N,110.12,4,2,0,1,4,76.75999999999999,-0.8144,0
N#Cc1coc(C=N)n1,121.09899999999999,4,1,1,1,4,73.67,0.5439499999999999,0
COc1cnoc(=N)c1N,141.12999999999997,5,2,1,1,5,85.13000000000001,-0.2551300000000002,0
N=C1N=C(CO)C(=N)O1,127.10299999999998,4,3,1,1,5,89.52,-0.6380600000000001,0
CC1=NC(=N)N1CO,113.11999999999999,2,2,1,1,4,59.68000000000001,-0.39503,0
N=COCc1nc(N)n[n-]1,140.126,5,2,3,1,6,98.97999999999999,-0.86033,0
CC1=CC(=N)OC1=NO,126.115,4,2,0,1,4,65.67,0.72787,0
COC1=NN=C1NC=N,126.11899999999999,4,2,1,1,5,69.83000000000001,-0.4449300000000002,0
CN=C1C=NC(N)=[N+]1[O-],126.119,4,1,0,1,5,76.80999999999999,-1.0758999999999999,0
NC(=O)c1ncc(O)[nH]1,127.10299999999998,3,3,1,1,5,92.0,-0.7858000000000005,0
CN=C1C=NN=C1N,110.12,4,1,0,1,4,63.099999999999994,-0.5862,0
NC1=NN=CC1=NCO,126.11899999999999,5,2,1,1,5,83.33,-1.2662000000000002,0
N=CNC1OCOC1=N,129.119,4,3,2,1,5,78.19,-0.5092600000000003,1
NC=C1N=C(N)OC1=O,127.103,5,2,0,1,5,90.69999999999999,-1.3420000000000003,0
Cc1nc(N)nn1C=O,126.119,5,1,1,1,5,73.8,-0.7929800000000002,0
COC1=NC(=N)N=C1N,126.11900000000001,3,2,0,1,5,83.82,-0.66313,0
N=CC1=NC(=O)N=C1CO,139.114,3,2,2,1,5,85.87,-0.35612999999999995,0
N=C1NC(CO)C(=O)O1,130.103,4,3,1,1,5,82.41000000000001,-1.5715299999999999,1
N=C1N=C(N)NC1=O,112.092,3,3,0,1,5,91.33000000000001,-1.5918300000000003,0
CC1=NC(CO)=NC1=N,125.13099999999999,3,2,1,1,4,68.80000000000001,-0.17103000000000002,0
N=C1COC(=N)NCO1,129.119,4,3,0,1,5,78.19,-0.5076600000000002,0
N=c1cc(N)n(C=O)[nH]1,126.119,4,3,1,1,5,87.66,-1.0838300000000003,0
CN=c1oc(=O)c1=NO,128.087,5,1,0,1,5,75.16,-1.6642000000000003,0
N#CCNC1=CNC1=O,123.11499999999998,3,2,2,1,4,64.92,-0.9292200000000002,0
N=Cc1cnoc1N,111.104,4,2,1,1,4,75.9,0.25447000000000003,0
N=Cc1nc(N)[n+]([O-])[nH]1,127.10700000000001,4,3,1,1,6,105.49000000000001,-1.3770300000000004,0
N=C(O)C1=NC(=O)O1,114.05999999999999,3,2,1,1,5,82.74,0.07036999999999999,0
CC1NC(=O)NC(=O)O1,130.10299999999998,3,2,0,1,5,67.43,-0.21819999999999984,1
N=C1N=CC(C(=O)O)=N1,125.08699999999999,2,2,1,1,5,85.87,-0.46883000000000014,0
N=C(N)N1CC(=O)O1,115.09199999999998,3,2,0,1,5,79.41000000000001,-1.34633,0
Nc1cc(C=O)c(N)o1,126.115,4,2,1,1,4,82.25,0.2565000000000001,0
N=CN1C(=N)N=C1C=O,124.10299999999998,3,2,2,1,5,80.37,-0.5587600000000001,0
N#CCc1n[nH]nc1N,123.11900000000001,4,2,1,1,5,91.38,-0.5470200000000003,0
N=C1OCNC(C=O)O1,130.10299999999998,5,2,1,1,5,71.41,-0.9599300000000004,1
NCc1nnoc1C=O,127.10299999999997,5,1,2,1,5,82.00999999999999,-0.6592,0
N=CN1C=NC(O)CN1,128.135,4,3,1,1,5,71.71000000000001,-1.2396300000000002,1
CN1C=NCC(=O)N1O,129.119,4,1,0,1,5,56.14,-0.9071000000000002,0
COC1=NC(=O)C(N)=N1,127.10300000000001,4,1,0,1,5,77.03999999999999,-1.1138000000000003,0
N=C1NCNC(=O)CO1,129.119,3,3,0,1,5,74.21000000000001,-1.3853300000000002,0
N=C1N=C(N)N=C1C=O,124.103,4,2,1,1,5,91.66,-1.06813,0
N=C1C=C(N)C(C=O)=N1,123.115,3,2,1,1,4,79.3,-0.5402300000000002,0
COC1=NN=C1NC#N,124.103,5,1,0,1,5,69.77000000000001,-0.5709200000000001,0
Nc1cnoc1CO,114.10399999999998,4,2,1,1,4,72.28,-0.2508999999999998,0
N=CN1CC1C(=O)O,114.10399999999997,2,2,2,1,4,64.16,-0.6377299999999999,1
N=C1NCC(=O)NCO1,129.119,3,3,0,1,5,74.21000000000001,-1.3853300000000002,0
N=COC1=NC(=O)O1,114.05999999999999,4,1,1,1,5,71.74,0.11626999999999998,0
N=C1COC(=N)C(=O)O1,128.087,5,2,0,1,5,83.23,-0.48566000000000015,0
N=C1C=NC(C(=N)N)=N1,123.11900000000001,3,3,1,1,5,98.44,-0.6174600000000001,0
N=CC1=NC(=N)C(N)=N1,123.11900000000001,4,3,1,1,5,98.44,-0.6174600000000001,0
CNC(=N)C1=NOC1=O,127.103,4,2,1,1,5,74.53999999999999,-0.9041300000000003,0
N=C1NC=CNC(=N)O1,126.119,3,4,0,1,5,80.99000000000001,-0.46346000000000037,0
N=C(N)c1nnco1,112.092,4,2,1,1,5,88.79,-0.6463300000000001,0
Nc1ncc(C=O)c(N)n1,138.13,5,2,1,1,5,94.89,-0.5465000000000002,0
Cc1nnc(OC=N)[nH]1,126.11899999999999,4,2,2,1,5,74.65,0.09899000000000002,0
N=C1OC(=O)OC1=O,115.04399999999998,5,1,0,1,5,76.44999999999999,-0.34293,0
Cn1nc(C=N)n1CN,127.15100000000001,5,2,2,1,5,72.62,-0.8645300000000005,0
N=C1NC=COC(=O)O1,128.087,4,2,0,1,5,71.41,0.14877000000000007,0
N=C1CNC(=N)OCCO1,143.146,4,3,0,1,5,78.19000000000001,-0.46516000000000046,0
N=C1N=C(N)C=NC1=O,124.103,3,2,0,1,5,91.66,-1.06813,0
N=c1[nH]c(=N)oc(=O)o1,129.075,5,3,0,1,6,106.83999999999999,-1.4801600000000006,0
CNC(=N)C1=NC(N)=N1,125.13500000000002,4,3,1,1,5,86.62,-1.0901299999999996,0
N=CN1CNC=NC1=O,126.11899999999997,3,2,1,1,5,68.55000000000001,-0.39552999999999994,0
CC1(C(=N)O)OC1=O,115.08799999999998,3,2,1,1,4,73.68,-0.16283000000000003,1
N=C1COC=NC(=N)O1,127.103,4,2,0,1,5,78.52,-0.026460000000000095,0
COC1=NN=C(N)C1=N,126.119,5,2,0,1,5,83.82,-0.66313,0
N=CC1=NC(N)=NC1=O,124.10300000000001,4,2,1,1,5,91.66,-1.0681300000000002,0
N#CCc1nc(O)no1,125.08699999999999,5,1,1,1,5,82.94,-0.15872000000000008,0
N#CCC1=C(O)N=C1O,124.09899999999998,3,2,1,1,4,76.61,0.6397799999999999,0
NC(=O)c1cnc(O)[nH]1,127.10299999999998,3,3,1,1,5,92.0,-0.7858000000000003,0
N=C1NCCOC(=O)O1,130.103,4,2,0,1,5,71.41,-0.32243,0
COc1connc1=N,127.10300000000001,5,1,1,1,5,72.0,-0.44233000000000006,0
N=C1OCC(=O)C1=O,113.07199999999999,4,1,0,1,4,67.22,-0.8679300000000001,0
Cc1nnc(CO)c(N)n1,140.146,5,2,1,1,5,84.92,-0.7454800000000001,0
C#Cc1nnoc1O,110.07199999999997,4,1,0,1,4,59.150000000000006,-0.2435000000000001,0
CNc1noc(=O)n1C=O,143.10199999999998,6,1,2,1,6,77.13,-1.0837,0
N=C1COC(=N)OCO1,130.103,5,2,0,1,5,75.39,-0.08066000000000012,0
N=c1[nH]c(=O)nco1,113.076,4,2,0,1,5,82.74,-1.15763,0
CC(=O)c1n[nH]c(N)n1,126.11900000000001,4,2,1,1,5,84.66,-0.41050000000000003,0
N=C1NCCOC(=O)N1,129.119,3,3,0,1,5,74.21,-0.74943,0
N=C1OCC(=O)NC1=O,128.087,4,2,0,1,5,79.25,-1.36333,0
N#CC(O)C1=NC(=N)O1,125.087,4,2,1,1,5,89.46,-0.7656500000000002,1
N=C1OC(=N)C(C=O)O1,128.087,5,2,1,1,5,83.23,-0.48726000000000025,1
CNC(=O)C1=NN=C1O,127.103,3,2,1,1,5,74.05,-0.9415000000000002,0
NC1=NC(=O)C(N)=N1,112.092,4,2,0,1,5,93.83,-1.8014999999999999,0
CCc1nnc(=O)[nH]n1,126.11899999999999,4,1,1,1,5,71.53,-0.8777000000000001,0
Cc1nnc(F)nc1N,128.11,4,1,0,1,5,64.69,-0.09867999999999999,0
NC(=O)Oc1ccno1,128.087,4,1,1,1,5,78.35000000000001,0.13210000000000022,0
CN=C1N=C(N)C=[N+]1[O-],126.119,3,1,0,1,5,76.80999999999999,-1.0758999999999999,0
Cc1nc(O)n[nH]c1=N,126.11899999999999,4,3,0,1,5,85.65,-0.7018100000000003,0
Cc1noc(=N)n1C=N,126.119,5,2,1,1,5,78.66,-0.2808399999999999,0
COC1=CN=NNN=C1,126.119,5,1,1,1,5,58.34,0.43040000000000006,0
COC1=NC(=N)C(N)=N1,126.11900000000001,4,2,0,1,5,83.82,-0.6631300000000002,0
COC1=NC(O)=C1N,114.104,4,2,0,1,4,67.84,-0.2693,0
N=C1COC(=N)OCN1,129.119,4,3,0,1,5,78.19,-0.5076600000000002,0
N=C1C=NC(CO)=N1,111.104,3,2,1,1,4,68.8,-0.5611300000000001,0
N=COc1ocnc1N,127.103,5,2,2,1,5,85.13,0.24267,0
N=C1NCC(=O)OCO1,130.103,4,2,0,1,5,71.41000000000001,-0.9583300000000001,0
N=C1OC=NC(=O)CO1,128.087,4,1,0,1,5,71.74,-0.47713000000000005,0
N=C1OCOC(=O)C1=N,128.087,5,2,0,1,5,83.23,-0.48566000000000015,0
CC(N)C1=NC(=O)O1,114.10399999999998,3,1,1,1,4,64.67999999999999,-0.1176999999999998,1
CN=c1[nH]cnc(=O)o1,127.10299999999998,4,1,0,1,5,71.25,-1.1066000000000003,0
N=C1COC(=N)OCN1,129.119,4,3,0,1,5,78.19,-0.5076600000000002,0
COC1=NC(=N)N=C1CO,141.13000000000002,3,2,1,1,5,78.03,-0.5870300000000002,0
N=C1COC(=N)OCO1,130.103,5,2,0,1,5,75.39,-0.08066000000000012,0
COC1=NN=C(N)C1=N,126.119,5,2,0,1,5,83.82,-0.66313,0
N=Cc1ncc(=N)[nH]n1,123.119,4,3,1,1,5,89.27,-0.7181600000000001,0
N=C1OCNC(=O)CO1,130.10299999999998,4,2,0,1,5,71.41,-0.9583300000000003,0
Cc1nc(=O)ncn1N,126.119,5,1,0,1,5,73.8,-1.3394799999999996,0
N=C1NN=C1C(O)C=O,127.10299999999997,4,3,2,1,5,85.53999999999999,-1.51733,1
N=C1COC(=N)OCO1,130.103,5,2,0,1,5,75.39,-0.08066000000000012,0
N=c1cn[nH]c(C=O)n1,124.10299999999998,4,2,1,1,5,82.49,-0.9033300000000004,0
N=C1OC(N)=NC1=O,113.07600000000001,4,2,0,1,5,88.53,-1.1648300000000003,0
N=C1NC(=N)OCO1,115.092,4,3,0,1,5,78.19000000000001,-0.55016,0
CCn1nc(N)c(=N)o1,128.135,5,2,1,1,5,80.83,-0.44233000000000006,0
CN=C(N)c1nc1=N,110.11999999999999,3,2,1,1,4,75.12,-1.2282300000000004,0
CC(=O)NC1=NN=C1,111.104,3,1,0,1,4,53.82,-0.4796,0
CNC1(OC#N)CC1=O,126.115,4,1,2,1,4,62.12,-0.6274200000000003,1
N=C1N=C(CO)NCO1,129.119,4,3,1,1,5,77.7,-1.1107300000000002,0
N=c1oc(=N)oc(=O)o1,130.059,6,2,0,1,6,104.19000000000001,-1.21526,0
N=C1CNC(=N)OCO1,129.119,4,3,0,1,5,78.19000000000001,-0.5076600000000004,0
C#CCN1C=NOC(N)=N1,138.13,5,1,1,1,5,63.209999999999994,-0.8752,0
N=C1CC(=O)C(=O)ON1,128.087,4,2,0,1,5,79.25,-1.0157300000000002,0
N=C1CNC(=O)N=CO1,127.10299999999998,3,2,0,1,5,74.54,-0.26823000000000013,0
CN(C#N)c1cnno1,124.103,5,0,1,1,5,65.95,-0.01312000000000002,0
CN=C1ON=C1N,99.093,4,1,0,1,4,59.97,-0.6828999999999998,0
N=C1OC1(N)C(=O)O,116.076,4,3,1,1,5,99.7,-1.26653,1
COc1nc(=O)[nH]n1C=O,143.102,5,1,2,1,6,76.97999999999999,-1.3817,0
N=c1nc[nH]c(=O)o1,113.07599999999998,4,2,0,1,5,82.74,-1.15763,0
CN=C1N=NC(=N)O1,112.09199999999998,3,1,0,1,5,70.16,0.38937000000000005,0
N=C1OCC(=N)C(=N)O1,127.103,5,3,0,1,5,90.01,-0.034989999999999966,0
CC1=NC(N)=NC1=N,110.12,3,2,0,1,4,74.59,-0.24712999999999996,0
CC(=N)n1ncc(O)n1,126.11899999999999,5,2,0,1,5,74.79,-0.17103000000000013,0
CN=C1N=C(N)C(O)=N1,126.119,2,2,0,1,5,83.33,-0.7004999999999999,0
N=C1OC(=O)C1NC=O,128.087,4,2,2,1,5,79.25,-1.3649300000000002,1
N=C1CNC(=O)C(=O)N1,127.10299999999998,3,3,0,1,5,82.05000000000001,-1.79033,0
N=CC1=NOC(=N)C1=O,125.08699999999999,5,2,1,1,5,86.35999999999999,-0.4314600000000001,0
NC1=C(N)C(=O)N=C1,111.10399999999998,3,2,0,1,4,81.47,-1.2736000000000003,0
NC1=NC(=O)N1NC=O,128.09099999999998,3,2,2,1,6,87.78999999999999,-1.6023000000000003,0
N=C(N)C1=CN=NC1=O,124.103,3,2,1,1,5,91.66,-0.20132999999999995,0
N=CC1=NC(=N)C(O)=N1,124.103,3,3,1,1,5,92.65,-0.018159999999999954,0
CN=C1C=NC(N)=N1,110.12,3,1,0,1,4,63.099999999999994,-0.5862,0
N=CC1N=CNC(=N)N1,125.13499999999999,3,4,1,1,5,84.12,-0.8820600000000003,1
N=Cn1ccn1C=NO,126.11899999999999,5,2,2,1,5,66.3,0.010370000000000046,0
N=CC1=NC(=N)N1N,111.10800000000002,3,3,1,1,5,89.32000000000001,-0.8414600000000001,0
N=c1[nH]ncc(=O)[nH]1,112.09199999999998,3,3,0,1,5,85.38999999999999,-1.4225299999999999,0
NC1=NC(=O)C(C=O)=N1,125.08699999999997,4,1,1,1,5,84.88,-1.5188,0
N=C1C(N)=NN=C1CN,125.135,5,3,1,1,5,100.61,-1.3083300000000002,0
COC1=NC(=N)NC1=O,127.103,3,2,0,1,5,74.53999999999999,-0.9041300000000003,0
N=C1N=NC=C1N,96.093,3,2,0,1,4,74.59,0.2295700000000001,0
CC1=NC(=O)N1CN,113.12,2,1,1,1,4,58.69,-0.24339999999999995,0
O=c1nc[nH]c(=O)o1,114.05999999999997,4,1,0,1,5,75.96000000000001,-1.2769,0
N=C1OC(C=O)OC1=N,128.087,5,2,1,1,5,83.22999999999999,-0.48725999999999997,0
O=CN1COC(=O)CN1,130.103,4,1,1,1,5,58.64,-1.5362999999999996,0
Cc1nnc(C=N)n1O,126.11899999999999,5,2,1,1,5,74.79,-0.17851000000000006,0
N=C1ON=COC1=CN,127.10299999999998,5,2,0,1,5,80.69,-0.24613000000000007,0
N#Cc1nc(N)n(N)n1,124.10700000000003,6,2,0,1,6,106.53999999999999,-1.55422,0
CC1(O)NC(=N)C(=O)O1,130.103,4,3,0,1,5,82.41000000000001,-1.2239300000000002,1
N=C1OC=NC(O)CO1,130.10299999999998,5,2,0,1,5,74.9,-0.68533,1
N=Cn1nc(N)cc1O,126.11899999999999,5,3,1,1,5,87.92,-0.37393000000000015,0
O=C1N=CN=C1C=NO,125.08699999999997,4,1,1,1,5,74.38,-0.5441,0
NC(=O)C1=NC(N)=N1,112.09200000000001,4,2,1,1,5,93.83,-1.8014999999999999,0
N=C1C(N)=NN=C1C=O,124.10299999999998,5,2,1,1,5,91.66,-1.0681300000000002,0
N#Cc1n[nH]c(C=O)n1,122.08699999999997,4,1,1,1,5,82.42999999999999,-0.51112,0
CC(=O)C1=NC(=O)O1,113.07199999999999,3,0,1,1,4,55.730000000000004,0.12410000000000004,0
N=C1NCNC(=O)CO1,129.119,3,3,0,1,5,74.21000000000001,-1.3853300000000002,0
N=C1NCOC(=O)CN1,129.119,3,3,0,1,5,74.21,-1.3853300000000002,0
N=C1N=CC(N)=C1N,110.12000000000002,3,3,0,1,4,88.25,-0.8229300000000002,0
N=C1NC(=O)OC1=O,114.05999999999999,4,2,0,1,5,79.25,-0.76993,0
N=C1N=CCOC(=O)O1,128.087,4,1,0,1,5,71.74,0.15876999999999997,0
N=C1C=NN=C1NC=O,124.10299999999998,4,2,1,1,5,77.67,-0.8499300000000003,0
CCc1nnc(N)n1N,127.15100000000001,5,2,1,1,5,82.75,-0.8634999999999999,0
COC1=NNC1=NC=O,127.10299999999998,3,1,1,1,5,63.05,-0.8956000000000002,0
N=C1COC(=O)N=CO1,128.087,4,1,0,1,5,71.74,0.15877000000000002,0
N=C1NC(=O)C(=N)CO1,127.103,4,3,0,1,5,86.03000000000002,-0.9126600000000002,0
N=C1OC(=O)CNC1=O,128.087,4,2,0,1,5,79.25,-1.36333,0
N=C1OC(C=O)=C1CO,127.09899999999998,4,2,2,1,4,70.38,-0.5608299999999999,0
Nc1nnc[nH]c1=O,112.09199999999998,4,2,0,1,5,84.66,-1.2529000000000006,0
N=C1NC=C(CO)C1=O,126.115,3,3,1,1,4,73.18,-0.9878300000000002,0
CNC(=O)C1=NC=C1O,126.11499999999998,3,2,1,1,4,61.69,-0.41360000000000025,0
Cc1noc(N)nc1=O,127.10300000000001,5,1,0,1,5,82.00999999999999,-0.6795800000000001,0
N=C1OCC(=O)NC1=O,128.087,4,2,0,1,5,79.25,-1.36333,0
N=CN1C(O)=CON=C1N,142.11799999999997,5,3,1,1,6,94.93,-0.48772999999999994,0
CCn1c(N)nnc1O,128.13500000000002,5,2,1,1,5,76.96000000000001,-0.4142000000000002,0
CC(=O)C1N=C(N)O1,114.104,4,1,1,1,4,64.68,-0.7536,1
N=CN1C(=N)OC1C=O,127.10299999999997,4,2,2,1,5,77.24000000000001,-0.6145600000000002,1
COc1ncoc(=N)n1,127.103,5,1,1,1,5,72.0,-0.44233000000000006,0
N=C1N=CN=C1NC=O,124.10299999999998,3,2,1,1,5,77.67,-0.8499300000000003,0
COC1=NN=C1NC=O,127.10299999999998,4,1,1,1,5,63.050000000000004,-0.8956000000000002,0
Cn1nncc1NC=N,125.13499999999998,4,2,2,1,5,66.59,-0.16593000000000008,0
N=CN1CC(=N)OC1=O,127.10299999999998,4,2,1,1,5,77.24000000000001,0.022940000000000016,0
Cc1nc(O)nn1C=O,127.10299999999998,5,1,1,1,5,68.01,-0.6695800000000001,0
CC1OCN(C#N)C(=N)O1,141.13,4,1,0,1,5,69.34,0.05455000000000004,1
N=C1NC(=O)OCCO1,130.103,4,2,0,1,5,71.41000000000001,-0.32243,0
N=C1CC(N)N1C=O,113.11999999999999,3,2,1,1,4,70.18,-0.8894299999999999,1
O=CC(O)c1conn1,128.087,5,1,2,1,5,76.22,-0.6980999999999999,1
COC1=C(N)C=NC1=N,125.131,3,2,1,1,4,71.46000000000001,-0.13522999999999985,0
N=c1cc(C=O)nc[nH]1,123.11499999999998,3,2,1,1,4,69.6,-0.29832999999999993,0
N=C1N=C(CO)OC1=N,127.10299999999998,4,3,1,1,5,89.52000000000001,-0.6380600000000003,0
N=C1OC=NCOC1=O,128.087,5,1,0,1,5,71.74000000000001,-0.47713000000000005,0
CNC(=O)C1=NC(N)=N1,126.11900000000001,4,2,1,1,5,79.84,-1.540799999999999,0
CN=CC1=NN=C1N,110.12000000000002,4,1,1,1,4,63.099999999999994,-0.5862,0
O=Cc1n[nH]c(C=O)n1,125.08699999999997,4,1,2,1,5,75.71000000000001,-0.5703,0
N=C1COC(=N)NCO1,129.119,4,3,0,1,5,78.19,-0.5076600000000002,0
NC1=CC(=O)C(N)=N1,111.10400000000001,4,2,0,1,4,81.47,-1.2735999999999998,0
CC(N)C1=NC(=O)N=N1,126.119,3,1,1,1,5,80.17,0.3179000000000002,1
O=C1NC=NC1CO,114.10399999999998,3,2,1,1,4,61.69,-1.4946000000000002,1
NN=C1CNC(=O)OC1,129.11899999999997,4,2,0,1,5,76.71,-0.9590999999999994,0
N[N+]([O-])C1=NC(=O)N=C1,127.083,4,1,0,1,6,96.77,-0.8991,0
N=C1OC(=O)OC1C=O,129.07099999999997,5,1,1,1,5,76.44999999999999,-0.30203,1
Nc1cnnc(CO)n1,126.119,5,2,1,1,5,84.92,-1.0539000000000003,0
COc1c[nH]nc1N=N,126.119,4,2,2,1,5,74.12,1.0807699999999998,0
N=C1COC(=N)C(=O)O1,128.087,5,2,0,1,5,83.23,-0.48566000000000015,0
N=C1NC=NC1C(=O)O,127.10299999999998,3,3,1,1,5,85.54,-0.9516300000000002,1
N=C1NC(=O)N1CO,115.092,3,3,1,1,5,76.42,-1.1038299999999999,0
N#CC1=NN=C1COC=N,136.11399999999998,5,1,3,1,5,81.59,-0.05574999999999991,0
N=C1N=C(N)C=C1N,110.12,3,3,0,1,4,88.25,-0.8229299999999997,0
CC(O)C1=NN=C1N,113.12000000000002,4,2,1,1,4,70.97,-0.9060000000000001,1
N=C1OCC(=O)C(=O)O1,129.071,5,1,0,1,5,76.45,-0.9363300000000001,0
CN=C1OC(=O)NCC1=N,141.13,4,2,0,1,5,74.53999999999999,-0.22573000000000015,0
N=C1N=COCC1=NO,127.103,4,2,0,1,5,78.03,-0.1476300000000001,0
COC1=C(C(=N)O)CN1,128.131,3,3,2,1,4,65.34,-0.01713000000000009,0
NN(C=O)C1=COC1=O,128.087,4,1,2,1,5,72.63,-1.2833,0
O=CC1=CC(O)NOC1,129.11499999999998,4,2,1,1,4,58.56,-1.0351000000000001,1
N=c1[nH]c(=O)nco1,113.076,4,2,0,1,5,82.74,-1.15763,0
O=Cc1nccc(=O)[nH]1,124.09899999999998,3,1,1,1,4,62.82,-0.41760000000000014,0
N=C1NC(=O)N1C=O,113.076,3,2,1,1,5,73.26,-0.89723,0
O=Cc1cn[nH]c1F,114.079,2,1,1,1,4,45.75,0.3613,0
N=C1COC(=N)C(O)O1,130.10299999999998,5,3,0,1,5,86.39,-0.6938600000000001,1
N=CN1OCNC1C=O,129.119,4,2,2,1,5,65.42000000000002,-1.0872300000000001,1
N=CC1=NN=C1C(N)=O,124.103,4,2,2,1,5,91.66,-1.0681300000000002,0
CNC(=O)C1=NN=C1O,127.103,3,2,1,1,5,74.05,-0.9415000000000002,0
N=C1OCNCC(=O)O1,130.10299999999998,5,2,0,1,5,71.41,-0.9583300000000003,0
N=c1ncoc(=O)o1,114.05999999999999,5,1,0,1,5,80.09,-0.89273,0
N#CC(=N)N1CCOC1=O,139.114,4,1,0,1,5,77.18,-0.06054999999999988,0
N=C1NCC(=O)OCO1,130.103,4,2,0,1,5,71.41000000000001,-0.9583300000000001,0
CN=C1N=C(N)C(=N)O1,126.119,4,2,0,1,5,83.82000000000001,-0.66313,0
N=COC1=C(N)C=NC1=O,139.114,4,2,2,1,5,88.53,-0.6086300000000002,0
NC(=O)c1conc1N,127.103,4,2,1,1,5,95.14,-0.6443000000000001,0
N=C1N=CN=C1N=O,110.076,4,1,0,1,5,78.0,0.17047,0
Cc1nc(CO)nn1N,128.135,5,2,1,1,5,76.96000000000001,-1.2073800000000001,0
N=C1NC(=O)NC1=CO,127.10299999999998,3,4,0,1,5,85.21000000000001,-0.3241300000000001,0
N=C(O)C=C1NCOC1=N,141.13,4,4,1,1,5,89.19,-0.03986000000000017,0
CNC1=NC(=O)N=C1N,126.119,3,2,0,1,5,79.84,-0.9049,0
Nc1cn[nH]c1CN=O,126.119,4,2,2,1,5,84.13,0.2583000000000001,0
CC1=NC(=N)N=C1N,110.12,2,2,0,1,4,74.59,-0.24712999999999996,0
CC(=O)C1=NC(=O)N1,112.088,2,1,1,1,4,58.53,-0.3028999999999999,0
N=COCc1conc1N,141.12999999999997,5,2,3,1,5,85.13,0.38047,0
N=C1NC(=O)OCO1,116.076,4,2,0,1,5,71.41000000000001,-0.36493,0
N=C1N=C(N)OC1=N,112.092,4,3,0,1,5,95.31,-0.7141600000000001,0
N=Cc1c[nH]c(=N)nn1,123.119,4,3,1,1,5,89.27,-0.7181600000000001,0
O=CCN1C=NC1=O,112.08799999999998,2,0,2,1,4,49.74,-0.3507999999999998,0
N=C1OCC(=O)C1=NO,128.087,5,2,0,1,5,82.74,-0.60683,0
Cc1n[nH]c(=O)n1C=O,127.10299999999998,4,1,1,1,5,67.75,-1.0818800000000002,0
CN=NC1C(=O)NC1=O,127.103,4,1,1,1,5,70.89,-0.9066000000000001,0
N=C1COC(=N)C(=O)O1,128.087,5,2,0,1,5,83.23,-0.48566000000000015,0
CCC1=NC(=N)N=N1,110.12,2,1,1,1,4,60.93,1.19547,0
N=C1NC(=O)C(C=O)N1,127.10299999999998,3,3,1,1,5,82.05000000000001,-1.7919299999999998,1
CNC(=O)C1=NN=C1O,127.103,3,2,1,1,5,74.05,-0.9415000000000002,0
N=C1C(N)=CN1NC=O,126.11899999999999,3,3,2,1,5,82.21000000000001,-1.2596300000000005,0
NC1=C(O)C(C=O)=N1,112.088,4,2,1,1,4,75.68,-0.6742999999999999,0
CN=C1N=CN=C1O,111.10399999999998,2,1,0,1,4,57.31,0.013100000000000056,0
N=C1OC(=N)C(C=O)O1,128.087,5,2,1,1,5,83.23,-0.48726000000000025,1
CC1=NC(=N)C(N)=N1,110.12,3,2,0,1,4,74.59,-0.24712999999999996,0
N=C1NCN=C(CO)CO1,143.146,4,3,1,1,5,77.7,-1.0682300000000002,0
CC1(CO)N=NC1=O,114.104,3,1,1,1,4,62.02,-0.27019999999999994,1
CC1=NC(=O)N=C1O,112.08799999999998,1,1,0,1,4,62.019999999999996,0.5374000000000001,0
NC1=C(CO)C=NC1=O,126.11499999999998,3,2,1,1,4,75.68,-1.1975000000000002,0
N=C1OCC(=O)C(=N)O1,128.087,5,2,0,1,5,83.23,-0.48566000000000015,0
N=C1OCC(=O)OC1=N,128.087,5,2,0,1,5,83.22999999999999,-0.48566000000000015,0
NC(=O)C1(C=O)NCN1,129.119,4,3,2,1,5,84.22,-2.4828,0
CC1(C(=O)O)NC1=O,115.088,2,2,1,1,4,76.31,-1.0405000000000002,1
CC1=NC(C(=N)O)O1,114.10399999999998,3,2,1,1,4,65.67,0.29637,1
C#Cc1noc(=O)n1O,126.07099999999998,5,1,0,1,5,68.26,-0.9451000000000003,0
N=C1N=C(N)N=C1C=O,124.103,4,2,1,1,5,91.66,-1.06813,0
N=C1C(C=O)=CN=C1N,123.11500000000001,4,2,1,1,4,79.3,-0.5402300000000002,0
N=C1NC(=O)C(=N)O1,113.076,4,3,0,1,5,86.03000000000002,-0.9551600000000002,0
CC1=NC(=O)C(CN)=N1,125.131,3,1,1,1,4,67.81,-0.6553,0
N=C1COC(=N)OCO1,130.103,5,2,0,1,5,75.39,-0.08066000000000012,0
N=C1CNC(=N)OCO1,129.119,4,3,0,1,5,78.19000000000001,-0.5076600000000004,0
N=C1N=CN=C1NC=O,124.10299999999998,3,2,1,1,5,77.67,-0.8499300000000003,0
CNC1=NN=C1C=O,111.10399999999998,4,1,1,1,4,53.82,-0.8272000000000002,0
CNC(=N)C1=NC(O)=N1,126.119,3,3,1,1,5,80.83,-0.4908300000000004,0
N=C1COCOC(=N)N1,129.119,4,3,0,1,5,78.19,-0.50766,0
N#CC1N=COC(=N)O1,125.08699999999997,5,1,0,1,5,78.46,-0.15405000000000008,1
NC(=O)N1OCC1=O,116.076,3,1,0,1,5,72.63,-1.1611,0
O=Cc1n[nH]c(O)n1,113.07599999999998,4,2,1,1,5,78.87,-0.6772000000000001,0
N=C1N=CC(N)=NC1=O,124.10300000000001,3,2,0,1,5,91.66,-1.0681300000000002,0
CC1=C(N)C(=N)N=C1N,124.147,3,3,0,1,4,88.25,-0.43283,0
CC(=O)OC1=NC(=O)N1,128.08700000000002,3,1,0,1,5,67.75999999999999,-0.3712999999999999,0
Cc1noc(=O)n1CO,130.103,5,1,1,1,5,68.26,-0.9054800000000001,0
N=C1COC(=N)NCO1,129.119,4,3,0,1,5,78.19,-0.5076600000000002,0
N=C(O)C1=NC(=O)O1,114.05999999999999,3,2,1,1,5,82.74,0.07036999999999999,0
O=C1OCC=NCO1,115.088,4,0,0,1,4,47.89,0.18150000000000005,0
N#CCC1=NNC1=N,108.104,3,2,1,1,4,72.03,-0.16344999999999998,0
N=C1ONC(=O)C1C=O,128.087,4,2,1,1,5,79.25,-1.1598300000000001,1
N=Cc1ncnc(=N)[nH]1,123.119,4,3,1,1,5,89.27000000000001,-0.7181600000000001,0
COc1nc(CO)c(N)o1,144.13,5,2,2,1,5,81.51,-0.24230000000000007,0
CC1=NC(CN)=NC1=O,125.131,3,1,1,1,4,67.81,-0.6553,0
NC(=O)n1cnc(=O)[nH]1,128.091,4,2,0,1,6,93.77000000000001,-1.5018,0
N=C1OCC(=O)C1N,114.104,4,2,0,1,4,76.17,-1.10973,1
CN=C1N=NC(F)=N1,114.083,2,0,0,1,5,49.44,0.7635000000000001,0
N=C1OC(=O)NCC1=O,128.087,4,2,0,1,5,79.25,-0.7274300000000002,0
CC1=NC(NC=O)=CC1=N,137.14199999999997,3,2,2,1,4,65.31,0.06807000000000007,0
N=C1N=C(CO)C(=N)O1,127.10299999999998,4,3,1,1,5,89.52,-0.6380600000000001,0
Nc1noc(N)c1C=O,127.103,5,2,1,1,5,95.13999999999999,-0.3485000000000002,0
Cc1n[nH]c(=O)n1CO,129.119,4,2,1,1,5,70.91,-1.1703800000000004,0
N#CC1COC(=N)N=N1,124.10300000000001,4,1,0,1,5,81.58999999999999,0.2957499999999999,1
O=C1N=CN=C1CO,112.08799999999998,3,1,1,1,4,62.019999999999996,-1.0118,0
N=C1NC(=O)COC1=N,127.103,4,3,0,1,5,86.03,-0.9126600000000002,0
N#CCNc1cnoc1,123.11499999999998,4,1,2,1,4,61.85,0.6100799999999998,0
CC(N)N1N=C1C#N,110.11999999999999,4,1,1,1,4,65.18,-0.5562199999999999,1
CNC(=O)c1ncon1,127.103,4,1,1,1,5,68.02000000000001,-0.5708000000000002,0
NCC1=NN=C(N)C1=O,126.11899999999999,5,2,1,1,5,93.82999999999998,-1.7590000000000003,0
O=CNCC1N=COC1=O,142.11399999999998,4,1,3,1,5,67.75999999999999,-1.3139000000000003,1
O=CC1C(=NO)C1=NO,128.087,5,2,1,1,5,82.25,-0.5245000000000002,0
CC1=NC(N)=NC1=O,111.104,3,1,0,1,4,67.81,-0.6978,0
Nc1cnoc1NC=O,127.10299999999998,4,2,2,1,5,81.15,-0.1749,0
NC1=NC(=O)OCOC1,130.10299999999998,4,1,0,1,5,73.91,-0.5321,0
N#CCNc1cnon1,124.103,5,1,2,1,5,74.74000000000001,0.005079999999999807,0
N=CN1CNCOC1=O,129.11899999999997,4,2,1,1,5,65.42000000000002,-0.44972999999999996,0
N=C1NC(C=O)C=NO1,127.103,4,2,1,1,5,74.54,-0.9057300000000001,1
N=C1CC(=N)OC(=O)N1,127.10299999999998,4,3,0,1,5,86.03,0.0708399999999999,0
N=CN1NCC(=O)CO1,129.119,4,2,1,1,5,65.42,-1.0856299999999999,0
N=C1OCNC(C=O)O1,130.10299999999998,5,2,1,1,5,71.41,-0.9599300000000004,1
N#CC(=N)NC1C=N1,108.10399999999998,3,2,1,1,4,72.03,-0.51265,1
Nc1nocc1C=O,112.08799999999998,4,1,1,1,4,69.12,0.06930000000000003,0
N=C1NCC(=O)C(=O)O1,128.087,4,2,0,1,5,79.25000000000001,-1.36333,0
CC1(O)N=NNC1=N,114.108,4,3,0,1,5,80.83000000000001,-0.3574300000000001,1
Cn1nc(C=O)nc1N,126.119,5,1,1,1,5,73.8,-0.7902,0
CC(O)C1=NN=C1N,113.12000000000002,4,2,1,1,4,70.97,-0.9060000000000001,1
N=C1NCC(=O)NCC1=O,141.13,3,3,0,1,5,82.05000000000001,-1.74783,0
N=C1NC(=O)CC(=O)O1,128.087,4,2,0,1,5,79.25000000000001,-1.0157300000000002,0
N=C1N=C(N)C(=O)O1,113.076,4,2,0,1,5,88.53000000000002,-1.16483,0
N=C1COC(=O)C(=O)N1,128.087,4,2,0,1,5,79.25,-1.36333,0
N=C1OC(=NO)CC1=O,128.087,5,2,0,1,5,82.74000000000001,-0.25923000000000007,0
N=c1cn[nH]c(C=O)n1,124.10299999999998,4,2,1,1,5,82.49,-0.9033300000000004,0
COc1ncc(=O)n(N)n1,142.118,6,1,1,1,6,83.03,-1.6392999999999995,0
O=C1COC(=O)C(=O)O1,130.05499999999998,5,0,0,1,5,69.67,-1.387,0
N=C1N=C(N)N=C1C=O,124.103,4,2,1,1,5,91.66,-1.06813,0
N=C1N=NC=C(N)C1=N,123.119,4,3,0,1,5,98.44,0.24934000000000006,0
N=CNc1nocc1N,126.119,4,3,2,1,5,87.93,0.27577,0
COC1=NN=C1CO,114.10399999999998,4,1,1,1,4,54.18000000000001,-0.6068,0
N=C1NC(=O)COC1=N,127.103,4,3,0,1,5,86.03,-0.9126600000000002,0
CC1NC(=O)OC(=O)N1,130.10299999999998,3,2,0,1,5,67.42999999999999,-0.21819999999999984,0
N=C1N=CC(N)=C1O,111.104,3,3,0,1,4,82.46000000000001,-0.22363000000000027,0
N=COCC1=NOC1=N,127.103,5,2,3,1,5,78.52000000000001,-0.026460000000000095,0
CC1=NN=C(N)C1=O,111.104,4,1,0,1,4,67.81,-0.6978,0
N#CC1CON(C=N)C=N1,138.13,4,1,1,1,5,72.47,-0.23885000000000017,1
N=C1NC(=O)COC1=N,127.103,4,3,0,1,5,86.03,-0.9126600000000002,0
Cc1n[nH]c(=N)c(O)n1,126.11899999999999,4,3,0,1,5,85.65,-0.7018100000000002,0
N=C1NC(=O)OC1=NO,129.07500000000002,5,3,0,1,6,94.77000000000001,-0.5088300000000001,0
N=C1COC(=N)OCN1,129.119,4,3,0,1,5,78.19,-0.5076600000000002,0
O=CC1=NC(CCO)=N1,126.115,4,1,3,1,4,62.019999999999996,-0.6217000000000001,0
Nc1ncnc(NC=O)n1,139.11799999999997,5,2,2,1,6,93.79,-0.9779000000000002,0
Nc1nocc1C=O,112.08799999999998,4,1,1,1,4,69.12,0.06930000000000003,0
N=CC1=NC(=O)C(N)=N1,124.10300000000001,4,2,1,1,5,91.66,-1.06813,0
NC1=NC(=O)C(=O)O1,114.05999999999997,4,1,0,1,5,81.75,-1.6155,0
O=CNC1=NC=NC1=O,125.08699999999999,3,1,1,1,5,70.89,-1.3006000000000002,0
Cc1noc(=O)c(=N)o1,128.087,5,1,0,1,5,80.09,-0.5843099999999999,0
NC1=NC(=O)COC=N1,127.10299999999998,4,1,0,1,5,77.03999999999999,-1.1138000000000003,0
N=C1N=C(CO)C=C1N,125.13099999999999,3,3,1,1,4,82.46,-0.7468300000000001,0
CC1=NC(=N)NC1=O,111.10399999999998,2,2,0,1,4,65.31,-0.4881300000000001,0
C#Cc1nn[nH]c(=O)n1,122.08699999999999,4,1,0,1,5,71.53,-1.4588,0
CN=C1C=NC(=O)O1,112.08799999999998,3,0,0,1,4,51.019999999999996,0.23569999999999997,0
N=C1NC(=N)OCCO1,129.119,4,3,0,1,5,78.19000000000001,-0.50766,0
N=C1N=C(O)N=C1N,112.092,3,3,0,1,5,94.82,-0.75153,0
N=CN1C=CNCOC1=O,141.13,4,2,1,1,5,65.42000000000002,0.06397000000000014,0
N=C1COC(C=O)=CN1,126.11499999999998,3,2,1,1,4,62.18,-0.37623,0
N=CC1=NC(=O)C(N)=N1,124.10300000000001,4,2,1,1,5,91.66,-1.06813,0
Nc1onc(C=O)c1N,127.103,5,2,1,1,5,95.14,-0.3485000000000002,0
N=C1N=NNC1=CN,111.10799999999999,4,3,0,1,5,86.62,-0.2658299999999999,0
N=Cc1n[nH]c(C=O)n1,124.10299999999998,4,2,2,1,5,82.49,-0.3851300000000002,0
CC(O)CC1=NN=NC1=O,141.13000000000002,4,1,2,1,5,74.38,0.10570000000000007,1
O=c1ncc(CO)n[nH]1,127.103,4,2,1,1,5,78.87,-1.3428000000000002,0
N=C1NC(=O)C(=N)O1,113.076,4,3,0,1,5,86.03000000000002,-0.9551600000000002,0
N=c1nc(C=O)[nH]n1O,128.09099999999998,5,3,1,1,6,94.76,-1.2595300000000005,0
NCCn1cnnc1N,127.151,5,2,2,1,5,82.75,-1.181,0
CCC1=NC(=N)OC1=O,126.11499999999998,3,1,1,1,4,62.51,0.32897000000000004,0
NC1=CC(C(=O)O)=N1,112.088,3,2,1,1,4,75.68,-0.6743000000000001,0
NC(=O)C1=NN=C1O,113.076,3,2,1,1,5,88.04,-1.2022,0
COC1=NC(=O)C(N)=N1,127.10300000000001,4,1,0,1,5,77.03999999999999,-1.1138000000000003,0
N=C1OCOC(=O)C1=N,128.087,5,2,0,1,5,83.23,-0.48566000000000015,0
N=C1CNC(=N)OCO1,129.119,4,3,0,1,5,78.19000000000001,-0.5076600000000004,0
N=C1OCN=C1NC=O,127.10299999999998,4,2,1,1,5,74.53999999999999,-0.9041300000000003,0
N=c1ocnc(O)c1O,128.087,5,3,0,1,5,90.34,-0.4347300000000001,0
N=C1COC(=N)NCO1,129.119,4,3,0,1,5,78.19,-0.5076600000000002,0
N=C1NN=C1C(O)C=O,127.10299999999997,4,3,2,1,5,85.53999999999999,-1.51733,1
O=C(O)C1=NC(CO)=N1,128.087,4,2,2,1,5,82.25,-1.1260999999999999,0
Cc1noc(=O)n1CC=N,141.13,5,1,2,1,5,71.88,-0.20570999999999978,0
N=C1N=CC(N)=C1N,110.12000000000002,3,3,0,1,4,88.25,-0.8229300000000002,0
Cc1cnc(O)n1C#N,123.115,4,1,0,1,4,61.84,0.22629999999999995,0
NC(=O)c1nc(O)n[nH]1,128.091,4,3,1,1,6,104.89000000000001,-1.3908000000000005,0
COC1OC(=N)C1=N,114.104,4,2,1,1,4,66.16,-0.013859999999999983,1
N=C1N=CNCOC1=N,126.11899999999999,4,3,0,1,5,81.32,-0.4534599999999999,0
CN=C1NC(N)=NC1=O,126.119,3,2,0,1,5,79.84,-1.5408,0
NC1=NC(NC=O)=N1,112.09199999999998,4,2,1,1,5,79.83999999999999,-1.5833000000000002,0
N=C1NCC(=O)OC1=N,127.103,4,3,0,1,5,86.03,-0.9126600000000002,0
N=C1N=C(O)C(=N)O1,113.07599999999998,3,3,0,1,5,89.52,-0.11485999999999996,0
NC(=O)C1=NC(CO)=N1,127.103,4,2,2,1,5,88.04,-1.7253999999999996,0
N=c1ocn[nH]c1=O,113.076,4,2,0,1,5,82.74000000000001,-1.1576300000000002,0
Cc1noc(N)nc1=O,127.10300000000001,5,1,0,1,5,82.00999999999999,-0.6795800000000001,0
NC(=O)c1cnc(N)o1,127.103,4,2,1,1,5,95.14,-0.6443000000000001,0
N#CCc1noc(CO)n1,139.11399999999998,5,1,2,1,5,82.94,-0.37201999999999996,0
CN=c1nc[nH]c(=O)o1,127.10299999999998,4,1,0,1,5,71.25,-1.1066000000000003,0
Cc1noc(N)nc1=O,127.10300000000001,5,1,0,1,5,82.00999999999999,-0.6795800000000001,0
CN1N=CC(=N)ON1C=N,141.13400000000001,5,2,1,1,6,75.77000000000001,-0.34946000000000027,0
CC1=NC(O)=NC1=N,111.10399999999998,2,2,0,1,4,68.80000000000001,0.35217,0
N=C1NC(=O)C(C=O)O1,128.087,4,2,1,1,5,79.25000000000001,-1.3649300000000002,1
N=C(N)N1COC1=N,114.10799999999999,3,3,0,1,5,86.19,-0.8956599999999999,0
N=C1CC(=O)OCCO1,129.11499999999998,4,1,0,1,4,59.38000000000001,-0.07282999999999995,0
Nc1nc(N)c(C=O)o1,127.10299999999998,5,2,1,1,5,95.14,-0.3485,0
Cc1n[nH]c(=O)n1CO,129.119,4,2,1,1,5,70.91,-1.1703800000000004,0
Cc1noc(=N)nc1N,126.11900000000001,5,2,0,1,5,88.79,-0.5603100000000001,0
N=Cc1n[nH]c(=N)o1,112.09199999999998,4,3,1,1,5,89.52,-0.5201600000000002,0
N=C1N=CC(C(N)=O)=N1,124.10300000000001,2,2,1,1,5,91.66000000000001,-1.06813,0
N=C1OCC(=O)C(=N)O1,128.087,5,2,0,1,5,83.23,-0.48566000000000015,0
NC1=CC(=O)N=C1N,111.10400000000001,3,2,0,1,4,81.47,-1.2736000000000003,0
N=C1COC(=CN)C(=O)O1,142.114,5,2,0,1,5,85.39999999999999,-0.6628300000000003,0
N=C1N=C(C=O)OCO1,128.087,4,1,1,1,5,71.74000000000001,-0.47713000000000005,0
CC(=O)C1=NNC1=N,111.104,3,2,1,1,4,65.31,-0.4881300000000001,0
N=C1COCOC(=N)O1,130.103,5,2,0,1,5,75.39,-0.0806599999999999,0
N=C1N=NC(CO)=N1,112.092,3,2,1,1,5,81.16,-0.22222999999999993,0
O=C1N=CC(O)=C1O,113.07199999999997,3,2,0,1,4,69.89,-0.07499999999999996,0
N=C1COC(=O)CON1,130.103,4,2,0,1,5,71.41,-0.9583300000000001,0
CC1=NC(O)=NC1=NC=O,139.11399999999998,2,1,1,1,5,74.38,-0.0702000000000001,0
COCN1C(=O)OC1=O,131.087,4,0,2,1,5,55.839999999999996,0.16250000000000003,0
COc1nc(NC=O)c[nH]1,141.13,3,2,3,1,5,67.00999999999999,-0.01340000000000019,0
NCC(=O)c1cnno1,127.103,5,1,2,1,5,82.01,-0.7890000000000004,0
CN=C1OC(=N)C(=O)O1,128.087,5,1,0,1,5,71.74,-0.47713,0
N=C1OCC(O)C(=N)O1,130.10299999999998,5,3,0,1,5,86.39,-0.6938600000000001,1
CC1=NN=C(N)C1=O,111.104,4,1,0,1,4,67.81,-0.6978,0
N=C1OCC(=O)C(=O)O1,129.071,5,1,0,1,5,76.45,-0.9363300000000001,0
CN=C1NC(=N)C(=N)O1,126.11899999999999,4,3,0,1,5,81.32000000000001,-0.45346000000000036,0
N=C(N)OC1COC1=O,130.10299999999998,4,2,1,1,5,85.4,-1.1781300000000001,1
N=C1NCOC(=O)CO1,130.103,4,2,0,1,5,71.41,-0.9583300000000001,0
N=C1NC(=O)C(=N)O1,113.076,4,3,0,1,5,86.03000000000002,-0.9551600000000002,0
COc1cn[nH]c(=N)n1,126.119,4,2,1,1,5,74.65,-0.70723,0
N=C1C=NCOC(=N)N1,126.119,4,3,0,1,5,81.32,-0.45346000000000014,0
N=C1NC(C(=O)O)N=CO1,143.102,4,3,1,1,6,94.77000000000001,-1.0200300000000002,1
N=C(N)C1=NN=C1C=O,124.103,4,2,2,1,5,91.66,-1.06813,0
N=C1N=CNC(=O)CN1,126.11899999999999,2,3,0,1,5,77.34,-1.3311300000000004,0
Cc1n[nH]c(=O)n1CO,129.119,4,2,1,1,5,70.91,-1.1703800000000004,0
CC1=NC(N)=NC1=N,110.12,3,2,0,1,4,74.59,-0.24712999999999996,0
Cc1noc(NC=O)n1,127.103,4,1,2,1,5,68.02000000000001,-0.053680000000000117,0
O=CC1OC(=O)C1=NO,129.071,5,1,1,1,5,75.96000000000001,-1.0591,1
N=C1CONC(=O)N1,115.09199999999998,3,3,0,1,5,74.21,-0.7919300000000002,0
NC(=O)c1cnoc1N,127.103,4,2,1,1,5,95.14,-0.6443000000000001,0
N=C1NC(=N)C(=O)CO1,127.103,4,3,0,1,5,86.03000000000002,-0.91266,0
CNC1=NC(=O)OC1=N,127.10299999999998,4,2,0,1,5,74.53999999999999,-0.2682300000000001,0
N=Cn1oc(=O)[nH]c1=O,129.075,5,2,1,1,6,91.85,-1.4152300000000002,0
CC(C)(O)c1nn[nH]n1,128.13500000000002,4,2,1,1,5,74.69,-0.5729000000000002,0
N=Cc1cnncc1N,122.131,4,2,1,1,4,75.65,0.05647000000000013,0
COC1=NN=C(N)C1=N,126.119,5,2,0,1,5,83.82,-0.66313,0
CNC(=O)C1=NN=C1N,126.11900000000001,4,2,1,1,5,79.84,-1.5408,0
N=C1OC=NC(=O)CO1,128.087,4,1,0,1,5,71.74,-0.47713000000000005,0
N=C1N=CC(CCN)=N1,124.14700000000002,2,2,2,1,4,74.59,-0.20462999999999998,0
N=C1OCC(O)=NC1=O,128.087,3,2,0,1,5,82.74000000000001,-0.5230300000000001,0
CC(=O)C1=NN=C1N,111.10400000000001,4,1,1,1,4,67.81,-0.6978,0
COC(=O)C1=NN=N1,113.07600000000002,5,0,1,1,5,63.379999999999995,-0.06130000000000013,0
NC1=NC(=O)N=C1CO,127.10299999999998,3,2,1,1,5,88.04,-1.0895000000000001,0
N=COC1=NC(=N)C=N1,124.103,4,2,1,1,5,81.64999999999999,0.027739999999999987,0
N=C1NC(=O)C(=O)O1,114.05999999999999,4,2,0,1,5,79.25000000000001,-1.4058300000000001,0
NC(=O)n1nccc1O,127.10299999999997,4,2,0,1,5,81.14,-0.48450000000000026,0
Nc1nc(CCO)c(N)o1,143.146,5,3,2,1,5,98.3,-0.6262000000000003,0
O=C1C=NC(=NO)OC1,128.087,4,1,0,1,5,71.25,-0.5983,0
COC1=NC(=O)C(N)=N1,127.10300000000001,4,1,0,1,5,77.03999999999999,-1.1138000000000003,0
CC1=NC(=NO)N=C1N,126.119,3,2,0,1,5,83.33,-0.4366999999999998,0
Nc1nc(C=O)oc1C=O,140.09799999999996,5,1,2,1,5,86.19,-0.1181999999999998,0
CCc1nn[nH]c(=O)n1,126.11899999999999,4,1,1,1,5,71.53,-0.8777000000000001,0
N=CN1OCCOC1=O,130.103,4,1,1,1,5,62.62000000000001,-0.022729999999999917,0
N=c1nc(CN)cno1,126.119,5,2,1,1,5,88.79,-0.99223,0
N=C1C=NC(N)=C1O,111.104,4,3,0,1,4,82.46000000000001,-0.22363000000000027,0
N=CNC1NCOC1=O,129.119,4,3,2,1,5,74.21000000000001,-1.3869300000000002,1
O=CC1CN(O)C1=NO,130.103,4,2,1,1,5,73.13000000000001,-0.706,1
N=C1C=NC(N)=C1O,111.104,4,3,0,1,4,82.46000000000001,-0.22363000000000027,0
CC1N=NC(=N)C(=O)O1,127.10299999999998,4,1,0,1,5,74.87,0.31867,1
CN=C1N=C(N)OC1=O,127.103,4,1,0,1,5,77.03999999999999,-1.1138,0
CC1(O)N=COCC1N,130.14699999999996,4,2,0,1,4,67.84,-0.9193,2
COC1=NC(=O)C(N)=N1,127.10300000000001,4,1,0,1,5,77.03999999999999,-1.1138000000000003,0
COC(=O)n1cc(N)o1,130.103,5,1,0,1,5,70.39,0.27780000000000005,0
N=CNC1C(=O)OC1=O,128.087,4,2,2,1,5,79.25,-1.3649300000000002,0
N=C1C(N)=CN=C1NC=O,138.13,4,3,1,1,5,91.33000000000001,-1.0356300000000003,0
N=CN1OCOCC1=N,129.119,4,2,1,1,5,69.4,-0.2079600000000001,0
CC(N)C1=CN=NC1=N,124.14699999999999,3,2,1,1,4,74.59,0.6605700000000001,1
NC(=O)NC1CNC=N1,128.135,3,3,1,1,5,79.51,-1.3876999999999997,1
N=CN1CC(=O)OC1=O,128.087,4,1,1,1,5,70.46000000000001,-0.42772999999999994,0
CC(=O)n1ncc(O)n1,127.10299999999998,5,1,0,1,5,68.01,-0.3562,0
N#Cc1n[nH]nc1C=O,122.08699999999997,4,1,1,1,5,82.43,-0.51112,0
O=CC1=CC(=NO)NC1,126.115,3,2,1,1,4,61.69,-0.4974000000000003,0
NC1=C(N)C(=O)N=C1,111.10399999999998,3,2,0,1,4,81.47,-1.2736000000000003,0
N=CC1=NC=NC1=N,108.104,3,2,1,1,4,72.42,0.09614,0
N=C1N=CC(=O)OCO1,128.087,4,1,0,1,5,71.74000000000001,-0.47713000000000005,0
N=C1COCOC(=N)O1,130.103,5,2,0,1,5,75.39,-0.0806599999999999,0
NC(=O)Oc1cnc[nH]1,127.103,3,2,1,1,5,81.0,-0.13279999999999997,0
O=C1N=C(O)C(=O)N1,114.05999999999997,2,2,0,1,5,78.75999999999999,-0.8072999999999999,0
CC(=O)C1=NC(=N)O1,112.088,3,1,1,1,4,62.510000000000005,-0.06112999999999996,0
N=C(N)c1nc[nH]n1,111.108,3,3,1,1,5,91.44000000000001,-0.9112300000000002,0
NC(=O)C1=NN=C1O,113.076,3,2,1,1,5,88.04,-1.2022,0
COc1nnoc1C=N,127.10299999999998,5,1,2,1,5,72.0,0.07586999999999994,0
O=C1COC=NC(O)O1,131.087,5,1,0,1,5,68.12,-1.1360000000000001,1
N=C1OCC(C=O)CO1,129.11499999999998,4,1,1,1,4,59.379999999999995,-0.21693000000000007,0
COC1=NC(=O)C(N)=N1,127.10300000000001,4,1,0,1,5,77.03999999999999,-1.1138000000000003,0
COC1=NC(=O)[N-]OC=C1,141.106,3,0,0,1,5,61.989999999999995,0.9839,0
COC1NC=NC(=O)O1,130.103,4,1,1,1,5,59.92,-0.31549999999999984,1
N=C1COC(=NN)OC1,129.119,5,2,0,1,5,80.69,-0.71733,0
N=C1C(N)=CN=C1N,110.12,4,3,0,1,4,88.25,-0.8229300000000002,0
CC1=NC(N)=NC1=O,111.104,3,1,0,1,4,67.81,-0.6978,0
N=C(NO)C1OCC1=O,130.103,4,3,1,1,5,82.41,-1.0896300000000003,1
N=C1OC=NCCOC1=N,141.13,5,2,0,1,5,78.52000000000001,0.01604000000000011,0
Cn1cnc(=O)nc1O,127.10299999999998,5,1,0,1,5,68.01,-1.1191,0
N#CC(O)C1=NC(=N)O1,125.087,4,2,1,1,5,89.46,-0.7656500000000002,1
CNC(=O)c1ncno1,127.103,4,1,1,1,5,68.02000000000001,-0.5708000000000002,0
CN=C1N=CN=C1N,110.12,3,1,0,1,4,63.099999999999994,-0.5861999999999998,0
COc1nn[nH]c1C=O,127.10299999999998,4,1,2,1,5,67.87,-0.37420000000000025,0
COC1=NC(=N)C(N)=N1,126.11900000000001,4,2,0,1,5,83.82,-0.6631300000000002,0
N=C1COC(=N)OCO1,130.103,5,2,0,1,5,75.39,-0.08066000000000012,0
N=C1N=NC(CO)=N1,112.092,3,2,1,1,5,81.16,-0.22222999999999993,0
CCC(=O)c1c[nH]nn1,125.131,3,1,2,1,4,58.64,0.39740000000000003,0
CCn1oc(=O)oc1=N,130.10299999999998,5,1,1,1,5,72.13,-0.46632999999999986,0
O=CC1N=NCC(=O)N1,127.103,4,1,1,1,5,70.89,-0.9066000000000001,1
N=C1N=C(O)N=C1CO,127.10299999999998,3,3,1,1,5,89.03,-0.67543,0
N=CC1=NC(N)=NC1=O,124.10300000000001,4,2,1,1,5,91.66,-1.0681300000000002,0
N=c1[n-]ncc(N)c1N,124.12700000000001,4,3,0,1,5,102.88,-1.3173300000000001,0
Cc1n[nH]c(=N)nc1O,126.11899999999999,4,3,0,1,5,85.65,-0.7018100000000002,0
N#CCC1=NC(C=N)=N1,120.115,4,1,2,1,4,72.36,0.36025000000000007,0
N=C1OCC(=N)C(=N)O1,127.103,5,3,0,1,5,90.01,-0.034989999999999966,0
N=C1C=NC(N)=NC1=N,123.11900000000001,4,3,0,1,5,98.44,-0.6174600000000001,0
N=C1N=CN=C1C(N)=O,124.103,3,2,1,1,5,91.66,-1.0681300000000002,0
N=CN1OC(=O)C1=O,114.05999999999999,4,1,1,1,5,70.46000000000001,-1.10613,0
CC(=O)C1=NC(=N)O1,112.088,3,1,1,1,4,62.510000000000005,-0.06112999999999996,0
NC=C1N=COC1=O,112.08799999999998,4,1,0,1,4,64.68,-0.6284000000000001,0
CC(=O)C1=NNC1=N,111.104,3,2,1,1,4,65.31,-0.4881300000000001,0
N#CC(O)C1=NC=[N+]1[O-],125.087,4,1,1,1,5,82.44999999999999,-1.17842,1
N=C1NCC(=O)C(=O)N1,127.103,3,3,0,1,5,82.05000000000001,-1.79033,0
COc1ncoc(=N)n1,127.103,5,1,1,1,5,72.0,-0.44233000000000006,0
N=C1C(O)=CN=C1N,111.10400000000001,4,3,0,1,4,82.46,-0.22362999999999988,0
CC1=NC(=O)C(=N)O1,112.08799999999998,3,1,0,1,4,62.510000000000005,-0.06112999999999996,0
CN=C1OC(=N)N=C1N,126.11900000000001,4,2,0,1,5,83.82,-0.66313,0
N=C1C=C(C(=N)O)O1,112.08799999999998,3,3,1,1,4,77.16000000000001,0.41303999999999996,0
NC(C=O)c1ncn[nH]1,126.119,4,2,2,1,5,84.66,-0.9966000000000002,1
N=C1NC(=O)CC(=O)O1,128.087,4,2,0,1,5,79.25000000000001,-1.0157300000000002,0
CN=c1[n-]ncnc1N,124.127,4,1,0,1,5,78.26,-1.4535000000000002,0
N=C1OCOC(=O)C1=N,128.087,5,2,0,1,5,83.23,-0.48566000000000015,0
NCn1c(N)coc1=O,129.119,5,2,1,1,5,87.18,-1.0603000000000005,0
COc1nc(C=N)n[nH]1,126.119,4,2,2,1,5,74.65,-0.18903000000000014,0
CC(N)C1=NC(N)=N1,112.13600000000001,4,2,1,1,4,76.75999999999999,-0.9395999999999991,1
N=C1COC(=N)C(=N)O1,127.103,5,3,0,1,5,90.01,-0.034989999999999966,0
N=C1OCC(=O)C(=N)O1,128.087,5,2,0,1,5,83.23,-0.48566000000000015,0
CC1=C(N)N=NC1=O,111.104,3,1,0,1,4,67.81,0.16900000000000015,0
CNc1cnc(N)c[n+]1[O-],140.14600000000002,4,2,1,1,5,77.88,-0.6611,0
CNC1OC(=O)C(=O)O1,131.087,5,1,1,1,5,64.63,-1.4106,0
CN=C1NC(=O)N=C1N,126.119,3,2,0,1,5,79.84,-0.9049,0
N#CCNc1cnon1,124.103,5,1,2,1,5,74.74000000000001,0.005079999999999807,0
N#CCC(N)C1=CN=N1,122.131,4,1,2,1,4,74.53,0.5345800000000002,1
N=CC1=NC(=O)N=C1N,124.10300000000001,3,2,1,1,5,91.66,-0.43223000000000006,0
COc1n[nH]c(=O)n1N,130.10699999999997,5,2,1,1,6,85.92999999999999,-1.7062,0
N=C1COC(=N)OCO1,130.103,5,2,0,1,5,75.39,-0.08066000000000012,0
N=C1NCC(=O)NCO1,129.119,3,3,0,1,5,74.21000000000001,-1.3853300000000002,0
N=C1N=COC(=O)CO1,128.087,4,1,0,1,5,71.74,-0.47713000000000005,0
CNC1=NC(O)=NC1=N,126.11899999999999,3,3,0,1,5,80.83000000000001,-0.49083000000000004,0
N=CN1CC(=O)OCN1,129.119,4,2,1,1,5,65.42,-1.0856300000000003,0
Nc1n[nH]c(C=O)c1N,126.11899999999999,4,3,1,1,5,97.78999999999999,-0.6134000000000004,0
N=C1C=C(N)NC1=O,111.104,3,3,0,1,4,78.97,-1.0639300000000003,0
Cc1nc(CO)nn1N,128.135,5,2,1,1,5,76.96000000000001,-1.2073800000000001,0
NC1=CC(=O)C(N)=N1,111.10400000000001,4,2,0,1,4,81.47,-1.2735999999999998,0
CC(O)C1=C(O)N=N1,114.104,4,2,1,1,4,65.18,0.5601,1
CC1OC(=N)N=COC1=N,141.13,4,2,0,1,5,78.52000000000001,0.36204000000000003,1
N#CC1N=C(N)C1=N,108.104,4,2,0,1,4,86.02000000000001,-0.73085,1
N=C1CNC(=O)NC1O,129.119,3,4,0,1,5,85.21000000000001,-1.3626300000000005,1
C#Cc1n[nH]ncc1=N,120.11499999999998,3,2,0,1,4,65.42,-0.7345299999999999,0
CC1=NC(N)=NC1=N,110.12,3,2,0,1,4,74.59,-0.24712999999999996,0
CC1C(=N)N=NC1=O,111.104,2,1,0,1,4,65.64,0.5921700000000001,1
N=C1OCCOC(=N)O1,130.103,5,2,0,1,5,75.39,-0.0806599999999999,0
NC(=O)c1ncc(O)[nH]1,127.10299999999998,3,3,1,1,5,92.0,-0.7858000000000005,0
N=C1NC(=O)C(=O)O1,114.05999999999999,4,2,0,1,5,79.25000000000001,-1.4058300000000001,0
N=C(O)c1coc(=O)o1,129.07099999999997,4,2,1,1,5,87.42999999999999,0.11617,0
CC(O)(O)C1=NN=C1,114.10400000000001,4,2,1,1,4,65.18,-0.8724000000000001,0
N=CNC1OCN=C1O,129.11900000000003,3,3,2,1,5,77.7,-0.54663,1
Nc1cnc(C=O)n1N,126.119,5,2,1,1,5,86.92999999999999,-1.0084,0
CN=C1C=C(C=O)N=N1,123.115,3,0,1,1,4,54.15,0.5633,0
N=C1NC(=N)C(C=O)O1,127.10299999999998,4,3,1,1,5,86.03000000000002,-0.9142600000000001,1
CC(=O)n1cnc(N)n1,126.11900000000001,5,1,0,1,5,73.8,-0.47959999999999997,0
CC(=O)C1=NN=C1N,111.10400000000001,4,1,1,1,4,67.81,-0.6978,0
N=C1OC=NC(O)C1=O,128.087,5,2,0,1,5,82.74000000000001,-1.0903300000000002,1
N=C1N=CC(N)=C1N,110.12000000000002,3,3,0,1,4,88.25,-0.8229300000000002,0
CN=C1ON=C1NC=N,126.11899999999999,4,2,1,1,5,69.83000000000001,-0.4449300000000002,0
N=C1OCOC(=N)C1=N,127.103,5,3,0,1,5,90.00999999999999,-0.034989999999999966,0
Nc1ncc(C=O)n1N,126.119,5,2,1,1,5,86.92999999999999,-1.0084000000000004,0
CC(=O)c1noc(N)n1,127.10300000000001,5,1,1,1,5,82.01,-0.14560000000000006,0
N=CN=C1C=NN=C1N,123.119,4,2,1,1,5,86.95,-0.60893,0
N=C1CON=COC1=N,127.10299999999998,5,2,0,1,5,78.52000000000001,-0.026460000000000095,0
COC(=O)C1=NC(=N)O1,128.08700000000002,4,1,1,1,5,71.74,-0.47713,0
CC(=O)Oc1ncno1,128.08700000000002,5,0,1,1,5,65.22,-0.0051000000000001044,0
CN1N=C(NC=O)C1=O,127.10299999999998,3,1,1,1,5,61.77,-1.4821000000000006,0
CC(N)C1=NC(C=O)=N1,125.13099999999999,4,1,2,1,4,67.81,-0.6569,1
N=CN1N=CNCC1O,128.135,4,3,1,1,5,71.71000000000001,-1.2396300000000002,1
Nc1nc[nH]c(=O)c1N,126.11899999999999,4,3,0,1,5,97.78999999999999,-1.0656999999999999,0
Cc1nnc(=O)c(=O)[nH]n1,140.10199999999998,5,1,0,1,6,88.60000000000001,-1.7714799999999997,0
CC(=O)c1n[nH]c(=O)o1,128.087,4,1,1,1,5,75.96000000000001,-0.43450000000000005,0
N=CC1OCOC1=O,115.088,4,1,1,1,4,59.38,-0.4645300000000001,1
N=C(O)C1=NC(=O)O1,114.05999999999999,3,2,1,1,5,82.74,0.07036999999999999,0
N=C1COC(=N)OCO1,130.103,5,2,0,1,5,75.39,-0.08066000000000012,0
Nc1cn(N)nc1C=O,126.119,5,2,1,1,5,86.93,-1.0084000000000004,0
N=Cc1nnc(=N)on1,125.091,6,2,1,1,6,99.51,-1.0582600000000002,0
Cc1nc(=O)nc(N)o1,127.103,5,1,0,1,5,82.01,-0.6795800000000001,0
N=Cn1c(N)nncc1=N,138.13400000000001,6,3,1,1,6,104.43,-1.20506,0
N#CCc1nc(N)no1,124.10300000000001,5,1,1,1,5,88.73,-0.28212000000000004,0
CC(N)(C#N)N1C=N1,110.12,4,1,1,1,4,65.18,-0.5562199999999999,1
CNC1=NC(=N)N1F,116.099,2,2,0,1,5,51.480000000000004,-0.30333000000000004,0
NC(=O)c1ccnn1N,126.119,4,2,1,1,5,86.93,-1.3042000000000002,0
Cn1ncnc1C=O,111.10399999999998,4,0,1,1,4,47.78,-0.37239999999999984,0
N=CN=C1N=CC(N)=N1,123.119,2,2,1,1,5,86.95,-0.6089300000000002,0
N=C1N=C(N)C(C=O)=N1,124.103,3,2,1,1,5,91.66000000000001,-1.06813,0
N=CN1CC(=N)OC(=O)C1,141.12999999999997,4,2,1,1,5,77.24000000000001,-0.5704600000000002,0
CNC1=NOC(=O)C1=N,127.10299999999998,5,2,0,1,5,74.54,-0.9041300000000001,0
CN=C1C=NNC1=O,111.10399999999998,3,1,0,1,4,53.82,-0.8272000000000002,0
N=C1ON=C(CO)C1=N,127.10299999999998,5,3,1,1,5,89.52000000000001,-0.6380600000000003,0
O=CN1CCC(=O)N1,114.104,2,1,1,1,4,49.410000000000004,-1.1203,0
N=CN=C1OC=NC1=N,124.10299999999998,3,2,1,1,5,81.65,0.027739999999999987,0
COc1n[nH]c(=O)n1C=N,142.118,5,2,2,1,6,83.75999999999999,-0.9648300000000001,0
CC(=O)C1=NN=C1N,111.10400000000001,4,1,1,1,4,67.81,-0.6978,0
N=COC1=NC(=N)C=C1N,138.12999999999997,4,3,1,1,5,95.30999999999999,-0.15796,0
N=c1cnoc(N)c1O,127.103,5,3,0,1,5,96.13000000000001,-0.5581300000000001,0
N=c1nc1C(O)C=O,112.08799999999997,4,2,2,1,4,74.03999999999999,-1.3310300000000002,1
N=CN1CC(=N)NC1=O,126.11899999999999,3,3,1,1,5,80.04,-0.40406000000000003,0
N=C(N)c1cc(=O)[nH]o1,127.10299999999998,3,3,1,1,5,95.86999999999999,-0.7480299999999998,0
Cc1n[nH]nc1COC#N,138.13,4,1,2,1,5,74.59,0.11079999999999995,0
CCn1cnc(N)n1,112.13600000000001,4,1,1,1,4,56.730000000000004,-0.11980000000000002,0
O=Cc1c(O)c1=NO,113.07199999999997,4,2,1,1,4,69.89,-0.6298000000000001,0
N#CCC1=NC(=N)N=N1,121.10300000000001,3,1,1,1,5,84.72,0.69915,0
N=C1OC(=O)N1CCO,130.103,4,2,2,1,5,73.62,-0.6343300000000001,0
CC1(OC=NO)NC1=N,129.119,4,3,2,1,5,87.61000000000001,-0.28283,1
CN=C1N=C(N)C=[N+]1[O-],126.119,3,1,0,1,5,76.80999999999999,-1.0758999999999999,0
N=CN1COC(C=O)N1,129.11899999999997,4,2,2,1,5,65.42,-1.0872300000000001,1
N=C(O)C1=NOC1=N,113.076,4,3,1,1,5,89.52000000000001,-0.11485999999999996,0
N=CN=C1N=C(CO)O1,127.10299999999998,3,2,2,1,5,78.03,-0.6295300000000001,0
N=C1COC(=N)C(=N)O1,127.103,5,3,0,1,5,90.01,-0.034989999999999966,0
Cn1cnc(=N)c(=N)o1,126.11899999999999,5,2,0,1,5,78.66000000000001,-1.02796,0
CC1=NC(NC#N)=N1,108.104,4,1,0,1,4,60.54,-0.15492,0
N=c1cnn(C(N)=O)[nH]1,127.107,4,3,0,1,6,100.54999999999998,-1.38253,0
N=CC1N=CN(C=N)O1,126.11899999999999,4,2,2,1,5,72.53,-0.1553599999999999,1
CN=C1N=C(N)C(=N)O1,126.119,4,2,0,1,5,83.82000000000001,-0.66313,0
N=CN1C(=N)C1C=NO,126.11899999999997,4,3,2,1,5,83.3,-0.28506000000000026,1
COC1=NC(N)=NC1=O,127.10300000000001,4,1,0,1,5,77.03999999999999,-1.1138000000000001,0
N=C1N=CN=C1NC=O,124.10299999999998,3,2,1,1,5,77.67,-0.8499300000000003,0
Nc1cc(N)c(N)nn1,125.13500000000003,5,3,0,1,5,103.84,-0.7768000000000004,0
NC(=O)NC1NCC1=O,129.119,3,3,1,1,5,84.22,-1.8469000000000002,1
N=CN1CC(=O)NCN1,128.135,3,3,1,1,5,68.22,-1.5126299999999993,0
N=C1OCN1C(N)=O,115.092,3,2,0,1,5,79.41,-0.7104299999999999,0
N#Cc1ncoc(=N)n1,122.08699999999999,5,1,0,1,5,86.56,-0.57925,0
N=C1NC(=O)OCN1C=O,143.102,4,2,1,1,6,82.49000000000001,-0.92313,0
CC(=N)C1=NC(=O)N1,111.104,2,2,1,1,4,65.31,0.14777000000000007,0
Cc1n[nH]c(=N)n1CO,128.135,4,3,1,1,5,77.69,-1.0511100000000002,0
CCC1=NC(O)=NC1=N,125.13099999999999,2,2,1,1,4,68.80000000000001,0.74227,0
N=C1C=NC(=N)C(O)=N1,124.103,2,3,0,1,5,92.65,-0.018159999999999954,0
N=C(C=O)C(=O)N1CO1,128.08700000000002,4,1,2,1,5,73.53,-1.06363,0
CNC(=O)C1=NN=C1O,127.103,3,2,1,1,5,74.05,-0.9415000000000002,0
N=Cc1n[nH]c(=O)n1O,128.09099999999998,5,3,1,1,6,94.76,-1.1936300000000004,0
O=C1NCOCN=CO1,130.103,4,1,0,1,5,59.92,-0.31390000000000007,0
N=CN1CC(=O)NCN1,128.135,3,3,1,1,5,68.22,-1.5126299999999993,0
COc1n[nH]nc1C#N,124.103,4,1,1,1,5,74.59,-0.31502000000000013,0
N=C1OC(=O)N1CN,115.09200000000001,4,2,1,1,5,79.41,-0.7104300000000001,0
CN=C1OC(C=O)=C1N,126.115,4,1,1,1,4,64.67999999999999,-0.5859000000000001,0
N=C1OC=NCOC(=N)O1,143.102,6,2,0,1,6,87.75000000000001,-0.09486000000000011,0
Nc1cnoc1C=O,112.08799999999998,4,1,1,1,4,69.12,0.06930000000000014,0
CN=C1N=NC(N)=N1,111.108,3,1,0,1,5,75.46,-0.24729999999999996,0
N=C1N=CN=C1CN,110.12,3,2,1,1,4,74.59,-0.59473,0
N=C1OCC(=N)C(=O)O1,128.087,5,2,0,1,5,83.23,-0.48566000000000015,0
COC1=NC(=N)C(=O)O1,128.087,4,1,0,1,5,71.74,-0.47713,0
N=C1COC(=O)OC1=O,129.071,5,1,0,1,5,76.44999999999999,-0.3004300000000002,0
N=CN1COCNC1=O,129.119,3,2,1,1,5,65.42000000000002,-0.4497299999999999,0
NC(=O)Oc1ccn[nH]1,127.103,3,2,1,1,5,81.0,-0.13279999999999997,0
N=C1ON=C(N)C1=O,113.076,5,2,0,1,5,88.53,-1.16483,0
Cc1[nH]nnc(=N)c1C=O,138.13,4,2,1,1,5,82.49000000000001,-0.59491,0
NC1=NC(C=O)C(O)=N1,127.10299999999998,4,2,1,1,5,88.03999999999999,-1.1612999999999998,1
N=COC1C(=N)NC1=O,127.103,4,3,2,1,5,86.03,-0.9142600000000003,1
N=C(N)n1cncn1,111.10799999999999,4,2,0,1,5,80.58,-0.9803300000000004,0
CC1=NC(=O)C(O)=N1,112.08799999999998,2,1,0,1,4,62.019999999999996,-0.09849999999999998,0
NC1=CN=C(N)C1=O,111.104,4,2,0,1,4,81.47,-1.2735999999999998,0
NC1=CC(=O)C(O)=N1,112.088,3,2,0,1,4,75.68,-0.6743000000000001,0
N=CNC1=NC=NC1=O,124.103,3,2,1,1,5,77.67,-0.8499300000000001,0
CNC1=NC(=O)N=C1O,127.10299999999998,2,2,0,1,5,74.05,-0.3055999999999999,0
Nc1cnnc(N)c1,110.12,4,2,0,1,4,77.82,-0.35900000000000015,0
CC1NC(=O)NC(=O)O1,130.10299999999998,3,2,0,1,5,67.43,-0.21819999999999984,1
N=CN1C=NCC(=O)O1,127.10299999999998,4,1,1,1,5,65.75,-0.6044300000000002,0
N=C1N=CC(N)=NC1=O,124.10300000000001,3,2,0,1,5,91.66,-1.0681300000000002,0
N=C1C=NC=NC1=O,109.088,3,1,0,1,4,65.64,-0.35453,0
N=C1CNC(=O)N=CN1,126.11899999999999,2,3,0,1,5,77.34,-0.6952300000000002,0
COc1nc(N)nn1C=O,142.11800000000002,6,1,2,1,6,83.03,-1.0928,0
CNC1=NN=C1C=O,111.10399999999998,4,1,1,1,4,53.82,-0.8272000000000002,0
Cc1nnc[nH]c1=NC=O,138.13,3,1,1,1,5,71.0,-0.8297800000000002,0
Nc1ncoc(=O)c1N,127.103,5,2,0,1,5,95.14,-0.8008,0
Nc1nc(C=O)ncc1O,139.11399999999998,5,2,1,1,5,89.10000000000001,-0.42310000000000014,0
N=C1NCC(=O)C(N)N1,128.13500000000002,3,4,0,1,5,91.0,-2.0321299999999995,1
N=C1CC(=NO)C(=O)N1,127.10299999999998,4,3,0,1,5,85.53999999999999,-0.6862300000000001,0
N=C1OC=NC1CO,114.10399999999998,4,2,1,1,4,65.67,-0.61693,1
CN1CC(=N)NC(=O)O1,129.119,4,2,0,1,5,65.42,-0.4497299999999999,0
N=CN1CC(=O)C(=N)O1,127.10299999999998,4,2,1,1,5,77.24000000000001,-0.61296,0
COC1=CN=C1N=N,111.104,4,1,1,1,4,57.800000000000004,0.91727,0
Cn1ncc(=N)n1CO,128.13500000000002,5,2,1,1,5,66.83,-1.3491300000000002,0
CNC1=NOC(=O)OC1,130.10299999999998,5,1,0,1,5,59.92,-0.31390000000000007,0
CNC1=NC(=O)NC1=N,126.11899999999999,3,3,0,1,5,77.34,-0.6952300000000002,0
N=Cc1ncn(O)c1N,126.119,5,3,1,1,5,87.92,-0.2997300000000002,0
CC1(C(N)=O)OCCO1,131.131,3,1,1,1,4,61.55000000000001,-0.7653000000000001,0
N=C1N=C(N)C(C=O)=N1,124.103,3,2,1,1,5,91.66000000000001,-1.06813,0
CC(O)c1n[nH]c(=O)o1,130.103,4,2,1,1,5,79.12,-0.5838000000000001,1
N=c1cn[nH]c(CO)n1,126.11899999999999,4,3,1,1,5,85.65,-1.2235300000000005,0
Cn1nc(C#N)nc1O,124.103,5,1,0,1,5,74.73,-0.60762,0
NC(=O)C1=NC(=O)O1,114.05999999999999,3,1,1,1,5,81.75000000000001,-0.9796,0
COC1=C(N)C(=O)N1O,130.103,4,2,1,1,5,75.79,-1.0080000000000002,0
N=C1OC(=O)N=C1O,114.05999999999999,3,2,0,1,5,82.74,0.07037000000000004,0
Nc1noc(CC=O)n1,127.103,5,1,2,1,5,82.01,-0.6068000000000002,0
N#CCc1ncnnc1N,135.13,5,1,1,1,5,88.48,-0.48012000000000005,0
COC1=NN=C(N)C1=O,127.103,5,1,0,1,5,77.03999999999999,-1.1138000000000001,0
N=CC1=CN=NC1=N,108.104,3,2,1,1,4,72.42,0.9629399999999999,0
N=C1OC(=N)C(=O)O1,114.05999999999999,5,2,0,1,5,83.23,-0.5281600000000002,0
COC(=O)c1cnn[nH]1,127.10300000000001,4,1,1,1,5,67.87,-0.40870000000000023,0
CC(=O)c1n[nH]nc1N,126.11900000000001,4,2,1,1,5,84.66,-0.41050000000000003,0
N=C1OC=NCOC1=N,127.103,5,2,0,1,5,78.52000000000001,-0.026460000000000095,0
N=C1OCOC(=N)C(=N)O1,143.102,6,3,0,1,6,99.24,-0.10338999999999998,0
N=C1C=COC(=O)NC1,126.115,3,2,0,1,4,62.18,0.25966999999999996,0
O=C1C=C(O)N1CO,115.088,3,2,1,1,4,60.769999999999996,-0.8222,0
N=C1C=NC(=O)N1CO,127.103,3,2,1,1,5,76.75,-0.58013,0
N=CN1COC(=O)CO1,130.10299999999998,4,1,1,1,5,62.620000000000005,-0.6586300000000003,0
CN=C1N=C(O)OC1=O,128.087,3,1,0,1,5,71.25,-0.5145,0
Nc1cnoc(=O)c1N,127.103,5,2,0,1,5,95.14,-0.8008,0
Cc1nnc(N)n1C=N,125.135,5,2,1,1,5,80.58,-0.3761100000000001,0
N#CC(O)C1=NC=N1,109.08800000000001,4,1,1,1,4,68.74,-0.68872,1
N=CN1CC(=N)NCO1,128.135,3,3,1,1,5,72.2,-0.6349600000000002,0
C#Cc1[nH]nnc1N=O,122.087,4,1,1,1,5,71.0,0.18389999999999995,0
N=C1N=C(N)C(CO)=N1,126.119,3,3,1,1,5,94.82000000000001,-1.2747300000000001,0
CC(=O)n1cnc(=N)o1,127.103,5,1,0,1,5,71.88,-0.38433,0
COC1=NC(=O)NC(C#N)O1,155.11299999999997,4,1,0,1,6,83.71,-0.4217200000000001,1
CN=C1N=C(O)C(=N)O1,127.10299999999998,3,2,0,1,5,78.03000000000002,-0.06382999999999994,0
N=CC1NC(=N)NC1O,128.135,3,5,1,1,5,91.99000000000001,-1.5494599999999996,2
N=C1N=CC(F)=NC1=O,127.078,2,1,0,1,5,65.64,-0.05732999999999994,0
CNC(=O)c1nc1=O,112.088,3,1,1,1,4,59.06,-1.323,0
CN=C1COCC(=N)O1,128.131,4,1,0,1,4,54.67,0.03877000000000025,0
CN=C1OCOC(=N)CO1,144.13,5,1,0,1,5,63.900000000000006,-0.02962999999999999,0
CC(=O)C1=NC(=N)O1,112.088,3,1,1,1,4,62.510000000000005,-0.06112999999999996,0
N=C1C(N)=NN=C1C=O,124.10299999999998,5,2,1,1,5,91.66,-1.0681300000000002,0
Cn1cc(O)nc1N,113.12,4,2,0,1,4,64.07,-0.2921000000000002,0
N=C1COC(=O)N=CO1,128.087,4,1,0,1,5,71.74,0.15877000000000002,0
NC1=NC(=O)C(C=O)=N1,125.08699999999997,4,1,1,1,5,84.88,-1.5188,0
N=C1OCC(=O)OC1=N,128.087,5,2,0,1,5,83.22999999999999,-0.48566000000000015,0
N=C(O)C1=NC(=O)C=N1,125.08699999999999,3,2,1,1,5,85.86999999999999,-0.4688300000000001,0
N=CN1CC(=O)N(CN)N1,143.15,4,3,2,1,6,85.45,-1.9265299999999987,0
N=C1N=C(N)NC1=O,112.092,3,3,0,1,5,91.33000000000001,-1.5918300000000003,0
N=C1CNC(=O)NC=N1,126.11899999999999,2,3,0,1,5,77.34,-0.6952300000000002,0
COn1c(=O)ncn1C,129.11899999999997,5,0,1,1,5,49.050000000000004,-1.3598000000000003,0
NCC1=[N+]([O-])C(=O)N=C1,127.10299999999998,3,1,1,1,5,81.52,-0.8991999999999996,0
NC(=O)OC1=NC=N1,113.07600000000001,4,1,0,1,5,77.04,-0.5204,0
NCc1nnc(F)n1C=O,144.10899999999998,5,1,2,1,6,73.8,-1.0858,0
O=Cc1nc(CO)n[nH]1,127.103,4,2,2,1,5,78.87,-0.8905000000000003,0
N=COC1CC(=N)OCN1,143.14600000000002,5,3,2,1,5,78.19,-0.11916000000000032,1
CNC1=NC(O)C(=O)O1,130.10299999999998,5,2,0,1,5,70.92,-1.5630000000000002,1
NC1=NN=C1C(O)C=O,127.10299999999997,5,2,2,1,5,88.03999999999999,-1.7269999999999999,1
COC1=NNC(=N)C1=N,126.11899999999999,4,3,0,1,5,81.32,-0.45346000000000036,0
N=C1COC(=N)OCCO1,144.13,5,2,0,1,5,75.39,-0.038160000000000194,0
CN1CC(=O)OC(=N)O1,130.10299999999998,5,1,0,1,5,62.620000000000005,-0.6586300000000003,0
COC1=NC(O)=NC1=N,127.103,3,2,0,1,5,78.03,-0.06383000000000016,0
NC(=O)OC1C=NC=N1,127.103,4,1,1,1,5,77.04,-0.47950000000000004,1
COc1n[nH]nc1C=O,127.10299999999998,4,1,2,1,5,67.87,-0.37420000000000025,0
N=C1NC(=N)C(=O)CO1,127.103,4,3,0,1,5,86.03000000000002,-0.91266,0
N=C1OCC(=O)C(=N)O1,128.087,5,2,0,1,5,83.23,-0.48566000000000015,0
NC(=O)N1C=NCOC1,129.119,3,1,0,1,5,67.92,-0.6594,0
COc1cnc(=N)[nH]n1,126.119,4,2,1,1,5,74.65,-0.7072300000000002,0
N=C1NC(=N)C(=N)OCO1,142.118,5,4,0,1,6,102.04000000000002,-0.5303900000000001,0
N=CN1NCOC(=O)C1O,145.118,5,3,1,1,6,85.65000000000002,-1.7672299999999999,1
N=C1NCC(=O)NC1O,129.119,3,4,0,1,5,85.21000000000001,-1.9985299999999995,1
CC1(O)N=CNC(=O)N1,129.119,3,3,0,1,5,73.72,-1.0065,1
N=CC1C(=N)NC1=O,111.104,3,3,1,1,4,76.80000000000001,-0.6407600000000002,1
COC1=NC(N)=NC1=O,127.10300000000001,4,1,0,1,5,77.03999999999999,-1.1138000000000001,0
CNC(=N)n1nccn1,125.13499999999999,4,2,0,1,5,66.59,-0.7196300000000007,0
N=C(CO)N1COC1=O,130.103,4,2,1,1,5,73.62,-0.6343300000000001,0
N#CC(=N)n1cco1,109.08799999999998,4,1,0,1,4,65.71000000000001,0.43005000000000004,0
C#Cc1nnoc1N,109.088,4,1,0,1,4,64.94,-0.36689999999999995,0
CC(=N)NC1=NN=C1,110.12,3,2,0,1,4,60.6,-0.02893000000000001,0
CN=C1NC(=O)COC1=N,141.13,4,2,0,1,5,74.53999999999999,-0.8616300000000001,0
CN=NC1=C(CN)OCO1,143.14600000000002,5,1,2,1,5,69.2,0.2005,0
N=C1OCC1OC(N)=O,130.103,4,2,1,1,5,85.4,-0.54223,1
N=CN1N=CCOC1=O,127.10299999999998,4,1,1,1,5,65.75,0.03146999999999994,0
N=C1COC(=NC=O)N1,127.103,3,2,1,1,5,74.53999999999999,-0.9041300000000001,0
COc1c[nH]c(=O)oc1=N,142.11399999999998,4,2,1,1,5,79.08000000000001,-0.5440300000000002,0
CNC(=O)C1=NC(O)=N1,127.103,3,2,1,1,5,74.05,-0.9415,0
CNC1=NC(=O)C(O)=N1,127.10299999999998,3,2,0,1,5,74.05,-0.9415,0
O=CN1C=CNC(=O)N1,127.103,2,2,1,1,5,61.440000000000005,-0.8562000000000001,0
N=C1COC(=N)CO1,114.104,4,2,0,1,4,66.16,-0.012260000000000104,0
CNC1=NN=CC1=N,110.11999999999999,4,2,0,1,4,60.6,-0.3765300000000002,0
N=C1NC(=O)C(=O)CO1,128.087,4,2,0,1,5,79.25000000000001,-1.36333,0
N=C1N=C(O)C(=O)N1,113.07599999999998,2,3,0,1,5,85.53999999999999,-0.9925300000000001,0
CC1=NC(=O)NC1=NCO,141.13,3,2,1,1,5,74.05,-0.48119999999999996,0
N=C1OCNC=NC1=O,127.10299999999998,4,2,0,1,5,74.53999999999999,-0.9041300000000003,0
CN=c1nc(N)c1=O,111.104,4,1,0,1,4,68.34,-1.5698999999999999,0
N=C1NC(=O)CN=CO1,127.103,4,2,0,1,5,74.54,-0.9041300000000001,0
N=C1N=NC(CO)=C1N,126.119,4,3,1,1,5,94.82,-0.40793000000000007,0
COc1c[nH]nnc1=O,127.103,4,1,1,1,5,67.87,-0.8265,0
N=C1OC(=O)N=C1CN,127.10300000000001,4,2,1,1,5,88.53,-0.48642999999999986,0
O=CC1=CN1CNCO,128.131,4,2,4,1,4,52.34,-1.1608,0
N=CN1C=NOCC1=O,127.10299999999998,4,1,1,1,5,65.75,-0.6044300000000002,0
N=CN1CC(=O)OC1=N,127.10299999999998,4,2,1,1,5,77.24000000000001,-0.61296,0
N=CN1C=NC1C(=O)O,127.10299999999997,3,2,2,1,5,76.75,-0.6519299999999999,1
CN=C(O)C1=NOC1=O,128.087,4,1,1,1,5,71.25,-0.5145,0
Cc1noc(=N)n1CO,129.11900000000003,5,2,1,1,5,75.04,-0.7862100000000003,0
N=CN1CC(=O)OCO1,130.10299999999998,4,1,1,1,5,62.620000000000005,-0.65863,0
CN=C1N=NC(=N)O1,112.09199999999998,3,1,0,1,5,70.16,0.38937000000000005,0
CC1=C(N)C(=O)N=N1,111.104,3,1,0,1,4,67.81,0.16900000000000015,0
N=C(O)c1c[nH]c(N)n1,126.119,3,4,1,1,5,98.78,-0.12473000000000012,0
N=C1NCC(N)C(=O)N1,128.13500000000002,3,4,0,1,5,91.0,-2.0321299999999995,1
CN1C(=N)C(=O)NC1=O,127.10299999999998,3,2,0,1,5,73.26,-0.85473,0
N=CN1C(=N)OCC1=O,127.10299999999998,4,2,1,1,5,77.24000000000001,-0.6129600000000002,0
CNc1nn[nH]c1C=O,126.11899999999999,4,2,2,1,5,70.67,-0.34110000000000035,0
N=C1NCNC(=O)CO1,129.119,3,3,0,1,5,74.21000000000001,-1.3853300000000002,0
COC1=NCOC(=N)CN1,143.14600000000002,5,2,0,1,5,66.7,-0.45663000000000004,0
CNC(=N)N1C=NC1=O,126.11899999999999,2,2,0,1,5,68.55000000000001,-0.39553000000000016,0
N=Cn1[nH]c(=N)oc1=O,128.09099999999998,5,3,1,1,6,98.63,-1.2959600000000002,0
CC1=NC(=N)N=C1N,110.12,2,2,0,1,4,74.59,-0.24712999999999996,0
NC1=C(N)C(=O)N=C1,111.10399999999998,3,2,0,1,4,81.47,-1.2736000000000003,0
Nc1oc(C=O)nc1CO,142.114,5,2,2,1,5,89.35000000000001,-0.43839999999999985,0
N=C1ON=C(CO)C1=N,127.10299999999998,5,3,1,1,5,89.52000000000001,-0.6380600000000003,0
C#CCn1onnc1=N,124.103,5,1,1,1,5,67.7,-1.01623,0
N=COc1coc(=N)o1,128.087,5,2,2,1,5,83.21,0.33794,0
COC1=CC(=N)C(O)=N1,126.115,3,2,1,1,4,65.67,0.46407,0
N=C1N=CN=C1CC=O,123.11499999999998,3,1,2,1,4,65.64,0.035569999999999935,0
N=Cc1nc(N)[n+]([O-])[nH]1,127.10700000000001,4,3,1,1,6,105.49000000000001,-1.3770300000000004,0
COC1=NC(=O)N=C1CO,142.114,3,1,1,1,5,71.25,-0.4018,0
Cn1c(N)coc1=O,114.10399999999997,4,1,0,1,4,61.160000000000004,-0.4395,0
N=C(O)C1N=CN=C1N,126.119,4,3,1,1,5,94.82,-0.7106300000000001,1
O=CC1=NC(=O)C=N1,110.07199999999999,3,0,1,1,4,58.86,-0.8052000000000001,0
N=C1COC(=N)N1C=O,127.103,4,2,1,1,5,77.24000000000001,-0.6129600000000002,0
N=CNc1cc(N)on1,126.119,4,3,2,1,5,87.93,0.27577,0
CN=C1N=CN=C1N,110.12,3,1,0,1,4,63.099999999999994,-0.5861999999999998,0
N=CC1(N)NCC(=O)O1,129.119,5,3,1,1,5,88.2,-1.6051299999999995,1
N=C1OC(=O)N=C1CO,128.087,4,2,1,1,5,82.74,-0.45282999999999995,0
COC1=NC(CO)=C1N,128.131,4,2,1,1,4,67.84,-0.7925000000000002,0
CN=C1N=CC(CN)=N1,124.147,2,1,1,1,4,63.099999999999994,-0.5437000000000001,0
NC1=NC(=O)N=C1N,112.092,3,2,0,1,5,93.83,-1.1656,0
N=C1N=NC(CO)=N1,112.092,3,2,1,1,5,81.16,-0.22222999999999993,0
COC1=NC(N)=NC1=O,127.10300000000001,4,1,0,1,5,77.03999999999999,-1.1138000000000001,0
N=CC1OC(=N)OC(=O)O1,144.08599999999998,6,2,1,1,6,92.46,0.0802400000000002,1
CCN=C1N=NC(N)=N1,125.13500000000002,3,1,1,1,5,75.46,0.14280000000000015,0
N=c1oc(=N)oc(=N)o1,129.075,6,3,0,1,6,110.97000000000001,-1.0959900000000002,0
COC1=NN=C(N)C1=O,127.103,5,1,0,1,5,77.03999999999999,-1.1138000000000001,0
N=C1C=C(N)OC1=N,111.104,4,3,0,1,4,82.95000000000002,-0.18625999999999998,0
N=Cc1cnc(=O)[nH]n1,124.103,4,2,1,1,5,82.49,-0.8374300000000001,0
O=CC(=O)OC1=NC=N1,126.071,5,0,1,1,5,68.09,-0.8736000000000002,0
NCc1cnc(N)nn1,125.135,5,2,1,1,5,90.71,-1.0875000000000001,0
N=C1C=C(N)OCN=CO1,141.13,5,2,0,1,5,80.69000000000001,-0.2036300000000002,0
NCC1=NC(=O)N=C1N,126.119,3,2,1,1,5,93.83,-1.1231,0
N=C1CNC(=O)C(=O)O1,128.087,4,2,0,1,5,79.25000000000001,-1.3633300000000004,0
N=C1OCC(=O)C(=N)O1,128.087,5,2,0,1,5,83.23,-0.48566000000000015,0
CC(=O)C1=NN=C1N,111.10400000000001,4,1,1,1,4,67.81,-0.6978,0
N=C1COC(O)=[N+]1[O-],116.076,3,2,0,1,5,79.38,-0.5818300000000001,0
N=CN1CC(=N)OCN1,128.135,4,3,1,1,5,72.2,-0.6349600000000002,0
N=C1CN=COC(=N)O1,127.10299999999998,5,2,0,1,5,78.52,-0.026460000000000095,0
CC(=O)C1=NC(O)=N1,112.088,3,1,1,1,4,62.019999999999996,-0.09849999999999998,0
Cc1nnc(CO)nn1,126.119,5,1,1,1,5,71.79,-0.9326800000000002,0
N=C1COC(=N)C(=N)O1,127.103,5,3,0,1,5,90.01,-0.034989999999999966,0
N=C1N=C(CN)C=C1O,125.13099999999999,3,3,1,1,4,82.46000000000001,-0.18112999999999985,0
N=C1COC(NC=O)CN1,143.146,3,3,2,1,5,74.21,-1.3444299999999998,1
N#Cc1cc(=N)cno1,121.09899999999999,4,1,0,1,4,73.67,0.025749999999999995,0
COC1=NNC(=O)C1=N,127.10299999999998,4,2,0,1,5,74.53999999999999,-0.9041300000000001,0
N=C1OCNC(=O)CO1,130.10299999999998,4,2,0,1,5,71.41,-0.9583300000000003,0
CC(=O)C1=NC(=O)N1,112.088,2,1,1,1,4,58.53,-0.3028999999999999,0
N=c1cnc(CO)c(N)o1,141.13,5,3,1,1,5,96.13,-0.7714300000000003,0
N=C=C1OC(=N)OC(=N)O1,141.08599999999998,6,3,0,1,6,99.24,0.009209999999999996,0
O=Cc1cn[nH]c1O,112.08799999999998,3,2,1,1,4,65.98,-0.07220000000000004,0
N#CCC1N=CNN=CO1,138.13,5,1,1,1,5,69.77,-0.18241999999999997,1
N=C1N=C(C=O)NC1=O,125.08699999999997,3,2,1,1,5,82.38,-1.3091300000000001,0
N=C1NC(=O)C(O)CO1,130.10299999999998,4,3,0,1,5,82.41000000000001,-1.5715300000000003,1
N=C1NC(=O)C(=O)CO1,128.087,4,2,0,1,5,79.25000000000001,-1.36333,0
N=C1OCNC(=O)CO1,130.10299999999998,4,2,0,1,5,71.41,-0.9583300000000003,0
COC1=C(N)N=NC1=O,127.10300000000001,4,1,1,1,5,77.03999999999999,-0.247,0
COC1=C(CN)N=NC1=O,141.13000000000002,4,1,2,1,5,77.03999999999999,-0.20450000000000002,0
Nc1noc(=O)c(N)n1,128.091,6,2,0,1,6,108.03,-1.4058000000000002,0
N=C1N=NCC(C=O)C1=O,139.11399999999998,4,1,1,1,5,82.71000000000001,-0.1863300000000001,1
N=CC1=NC(=O)C(=N)O1,125.08699999999999,4,2,1,1,5,86.36,-0.4314599999999999,0
N=C1OC(=N)C(=NO)O1,129.075,6,3,0,1,6,98.75,-0.26705999999999996,0
NC(=O)Oc1ccno1,128.087,4,1,1,1,5,78.35000000000001,0.13210000000000022,0
N=Cc1noc(C=O)n1,125.08699999999999,5,1,2,1,5,79.84,-0.12023,0
CN1COC(=N)C(=O)O1,130.10299999999998,5,1,0,1,5,62.620000000000005,-0.6586300000000003,0
N=CN1CC(=O)OCN1,129.119,4,2,1,1,5,65.42,-1.0856300000000003,0
Cc1onc(O)c1N,114.104,4,2,0,1,4,72.28,0.27082,0
N=C1NC(C=O)OC1=N,127.103,4,3,1,1,5,86.03,-0.9142600000000001,1
N=C1N=C(C=O)N1N,112.092,3,2,1,1,5,82.54,-1.29213,0
N=COC1=NCNC1=O,127.103,4,2,1,1,5,74.53999999999999,-0.9041300000000003,0
N=C1COCNC(=N)C1,127.147,3,3,0,1,4,68.96000000000001,-0.04916000000000048,0
N=CN1ON(C=O)C1C=O,143.10199999999998,4,1,3,1,6,73.70000000000002,-1.26093,1
Nc1nnoc1CCO,129.119,5,2,2,1,5,85.17,-0.8134000000000001,0
N=C1N=C(CO)NC1=N,126.11899999999999,3,4,1,1,5,92.32,-1.0650600000000003,0
NC(=O)c1coc(N)n1,127.103,4,2,1,1,5,95.14,-0.6443000000000001,0
N=Cc1ncc(N)c(=O)o1,139.114,5,2,1,1,5,92.97000000000001,-0.3853300000000001,0
NC1=NC(=O)N=C1C=O,125.08699999999997,3,1,1,1,5,84.88,-0.8829,0
N=Cn1oc(=N)oc1=O,129.075,6,2,1,1,6,95.98000000000002,-1.0310599999999999,0
COc1cnoc1O,115.08799999999998,4,1,1,1,4,55.49000000000001,0.38879999999999987,0
N=C1OCNC(=O)CO1,130.10299999999998,4,2,0,1,5,71.41,-0.9583300000000003,0
N=c1occ(N)oc1=O,128.08700000000002,5,2,0,1,5,93.22,-0.70553,0
N=C1CN=NC(=O)OC1,127.10299999999998,4,1,0,1,5,74.87,0.60857,0
CCc1nn[nH]c(=O)n1,126.11899999999999,4,1,1,1,5,71.53,-0.8777000000000001,0
NCc1noc(C=O)n1,127.10299999999998,5,1,2,1,5,82.01,-0.6592000000000002,0
N=CN1COCOC1=N,129.119,4,2,1,1,5,69.4,-0.2079600000000001,0
N=CN1CC(=O)NC1=O,127.10299999999998,3,2,1,1,5,73.26,-0.85473,0
N=CC1CONC(=O)C1,128.131,3,2,1,1,4,62.18,-0.2963300000000002,1
N=CON=c1nc1CO,127.103,5,2,3,1,5,78.56,-1.11113,0
N#CC(=O)NC1C=N1,109.08799999999998,3,1,1,1,4,65.25,-0.9633200000000002,1
N=C1C=NC(N)=NC1=O,124.10300000000001,4,2,0,1,5,91.66,-1.0681300000000002,0
CN=C1N=CNC1=N,110.11999999999999,2,2,0,1,4,60.6,-0.3765300000000002,0
Cn1cnc(=O)n1C=N,126.11899999999999,5,1,1,1,5,63.67,-0.96303,0
Nc1cc(=O)ncn1N,126.11900000000001,5,2,0,1,5,86.93,-1.4607000000000003,0
N=C1NC(=N)C(=O)CO1,127.103,4,3,0,1,5,86.03000000000002,-0.91266,0
N=CN1COC(=N)CO1,129.119,4,2,1,1,5,69.4,-0.2079600000000001,0
N=c1nc(N)n(C=O)o1,128.091,6,2,1,1,6,97.89999999999999,-1.4239299999999997,0
N=C1C=NC(=N)N1O,112.092,3,3,0,1,5,83.53,-0.32595999999999997,0
COC1=NC(=O)C(N)=N1,127.10300000000001,4,1,0,1,5,77.03999999999999,-1.1138000000000003,0
CNC1=NC(=O)C(N)=N1,126.119,4,2,0,1,5,79.84,-1.540799999999999,0
N=Cc1onc(N)c1N,126.11900000000001,5,3,1,1,5,101.92,-0.1633300000000001,0
N=C(N)C1=NC(O)=N1,112.092,3,3,1,1,5,94.82000000000001,-0.75153,0
C#CC1=NC(=N)N=N1,106.08800000000001,2,1,0,1,4,60.93,0.4186700000000001,0
NC1=C(C=O)C(CO)=N1,126.115,4,2,2,1,4,75.68,-1.1975000000000002,0
CC1=NC(N)=NC1=O,111.104,3,1,0,1,4,67.81,-0.6978,0
COc1ncoc(=O)c1N,142.11399999999998,5,1,1,1,5,78.35000000000001,-0.3744,0
N=CN1COCNC1=O,129.119,3,2,1,1,5,65.42000000000002,-0.4497299999999999,0
CC(=O)C1=NC(=O)N1,112.088,2,1,1,1,4,58.53,-0.3028999999999999,0
N=c1cc(C=O)cno1,124.09899999999998,4,1,1,1,4,66.95,-0.033430000000000015,0
Cn1cnc(=N)nc1N,125.135,5,2,0,1,5,80.58,-1.12323,0
N=C1NCNC(=O)CO1,129.119,3,3,0,1,5,74.21000000000001,-1.3853300000000002,0
COC1=CN=NC1=N,111.104,3,1,1,1,4,57.800000000000004,0.91727,0
NC1=NC(=O)N1C=O,113.07599999999998,3,1,1,1,5,75.75999999999999,-1.1069,0
N=Cn1cc(N)oc1=O,127.103,5,2,1,1,5,85.00999999999999,-0.5213300000000001,0
N=C1NCOC(C=O)N1,129.119,3,3,1,1,5,74.21,-1.3869300000000004,1
N#CN=CC1(N)COCO1,141.13000000000002,5,1,1,1,5,80.63000000000001,-0.8024200000000001,1
N=C1OCC(=O)C(=N)O1,128.087,5,2,0,1,5,83.23,-0.48566000000000015,0
N=C1OCC(=O)NC1=O,128.087,4,2,0,1,5,79.25,-1.36333,0
CN=C1C=NC(O)=[N+]1[O-],127.10299999999998,3,1,0,1,5,71.02,-0.47659999999999997,0
N=CC1=CN=NC1=N,108.104,3,2,1,1,4,72.42,0.9629399999999999,0
COC1=CN=C1NC#N,123.115,4,1,1,1,4,57.41,-0.04302,0
N=C(N)OC1OCC1=O,130.10299999999998,4,2,1,1,5,85.4,-1.1781300000000001,1
C#CC(O)C1=NN=C1N,123.11500000000002,4,2,1,1,4,70.97,-1.2927,1
N=C1N=CC(CN)=[N+]1[O-],126.11900000000001,3,2,1,1,5,88.30000000000001,-1.08443,0
CC1=NC(=N)N=C1N,110.12,2,2,0,1,4,74.59,-0.24712999999999996,0
N=C1NN=C(CN)C1=O,126.119,4,3,1,1,5,91.33000000000001,-1.5493300000000005,0
CC(O)C1=CN=NC1=O,126.115,3,1,1,1,4,62.02,0.2435,1
CN=C1N=C(N)C=[N+]1[O-],126.119,3,1,0,1,5,76.80999999999999,-1.0758999999999999,0
N=CN1COC(=N)C1=O,127.10299999999998,4,2,1,1,5,77.24000000000001,-0.6129600000000004,0
Nc1ncc(C=O)nn1,124.103,5,1,1,1,5,81.76,-0.7337000000000002,0
N=C1OC(=O)N=C1CO,128.087,4,2,1,1,5,82.74,-0.45282999999999995,0
Nc1conc1C=NCO,141.13000000000002,5,2,2,1,5,84.64,-0.3745,0
Nc1nocc1C=O,112.08799999999998,4,1,1,1,4,69.12,0.06930000000000003,0
Cc1onnc1NC=O,127.10299999999998,4,1,2,1,5,68.02000000000001,-0.053680000000000117,0
O=CN1CNC(=O)OC1,130.10299999999998,3,1,1,1,5,58.64,-0.9004000000000001,0
Nc1ncc(NC=O)o1,127.10299999999998,4,2,2,1,5,81.14999999999999,-0.17490000000000022,0
CNC1=NC(O)=NC1=O,127.10299999999998,3,2,0,1,5,74.05000000000001,-0.9415000000000002,0
N=C1OCC(N)OC1=O,130.103,5,2,0,1,5,85.4,-1.1781300000000001,1
CNc1nc(C=N)n[nH]1,125.13499999999999,4,3,2,1,5,77.45,-0.15593000000000024,0
N=C1C=NN=C1CO,111.10399999999998,4,2,1,1,4,68.8,-0.5611300000000001,0
CCC(O)C1=NC(N)=N1,127.14700000000002,4,2,2,1,4,70.97,-0.5159,1
O=CC1=NC([O-])=C1O,112.06399999999998,4,1,1,1,4,72.72,-1.2727000000000002,0
N=C1NC(C=O)NC1=O,127.103,3,3,1,1,5,82.05000000000001,-1.7919299999999998,1
N#CC(N)C1=NN=N1,109.09200000000001,5,1,1,1,5,86.89,-0.38342000000000004,1
CCn1[nH]c(=O)nc1N,128.135,4,2,1,1,5,76.7,-0.8265,0
O=CC1N=NCCOC1=O,142.114,5,0,1,1,5,68.09,-0.43710000000000004,1
N=C1C=C(C=O)C(=O)N1,124.09899999999998,3,2,1,1,4,70.02,-0.7812300000000001,0
CNC(=O)c1cnno1,127.103,4,1,1,1,5,68.02000000000001,-0.5708000000000002,0
N=c1oc(=O)c1=NO,114.05999999999999,5,2,0,1,5,86.65,-1.7152300000000005,0
N=C1OCOC(=O)CO1,131.087,5,1,0,1,5,68.61,-0.5313300000000001,0
COC(=O)C1=NC(=O)N=C1,140.098,3,0,1,1,5,68.09,-0.19520000000000004,0
N=C1NCC(=O)C(=O)O1,128.087,4,2,0,1,5,79.25000000000001,-1.36333,0
CC(=O)C1=NC(O)=N1,112.088,3,1,1,1,4,62.019999999999996,-0.09849999999999998,0
NC(=O)C1=NC(N)=N1,112.09200000000001,4,2,1,1,5,93.83,-1.8014999999999999,0
N=CN1OC=CNC1=N,126.11899999999999,3,3,1,1,5,72.20000000000002,-0.16376000000000002,0
Nc1cnc(C=O)cn1,123.11499999999998,4,1,1,1,4,68.87,-0.12869999999999998,0
Nc1conc1CO,114.104,4,2,1,1,4,72.28,-0.2508999999999998,0
N=C1COC(=N)OCO1,130.103,5,2,0,1,5,75.39,-0.08066000000000012,0
O=C1CON=C(CO)N1,130.103,4,2,1,1,5,70.92,-1.5614,0
COc1cnc(=O)[nH]n1,127.103,4,1,1,1,5,67.87,-0.8265000000000002,0
CC1(C(N)=O)NC(=O)O1,130.10299999999998,3,2,1,1,5,81.42,-1.0723000000000005,1
N=C1COC(=O)C(=O)O1,129.071,5,1,0,1,5,76.45,-0.9363300000000001,0
CN=C1C=NNC1=O,111.10399999999998,3,1,0,1,4,53.82,-0.8272000000000002,0
N=C1NCN(C=O)C1=N,126.11899999999999,3,3,1,1,5,80.04,-1.03996,0
COC1=NC(=O)C(O)=N1,128.087,3,1,0,1,5,71.25,-0.5145,0
NC(=O)C1=NN=C1O,113.076,3,2,1,1,5,88.04,-1.2022,0
N=c1ccoc(N)[n+]1[O-],127.10300000000001,4,2,0,1,5,89.95,-1.0253299999999999,0
COC1=NC(=N)N1C=N,126.119,3,2,1,1,5,72.53,-0.15376,0
O=CC(=O)N1C=C1O,113.07199999999997,3,1,1,1,4,57.379999999999995,-0.6156000000000001,0
N=CNc1oncc1N,126.119,4,3,2,1,5,87.93,0.27577,0
N=C(N)C1=NN=C1C=O,124.103,4,2,2,1,5,91.66,-1.06813,0
CC1=NC(=N)C(=O)O1,112.08799999999998,3,1,0,1,4,62.510000000000005,-0.06113000000000007,0
Cc1n[nH]nc1NC=O,126.11899999999999,3,2,2,1,5,70.67,-0.31858000000000025,0
N=C1NCOC(=N)N1,114.108,3,4,0,1,5,80.99000000000001,-0.97716,0
COC1=NC(=N)N=C1N,126.11900000000001,3,2,0,1,5,83.82,-0.66313,0
CC1=NC(=O)C(=N)N=N1,124.103,3,1,0,1,5,78.0,0.3744700000000001,0
N=C1ON=C1C=NCO,127.10299999999998,5,2,2,1,5,78.03,-0.6295300000000001,0
CC(=O)c1n[nH]nc1N,126.11900000000001,4,2,1,1,5,84.66,-0.41050000000000003,0
Nc1nocc1COC=O,142.11399999999998,5,1,3,1,5,78.35,-0.07020000000000004,0
CN=C1N=C(N)OC1=O,127.103,4,1,0,1,5,77.03999999999999,-1.1138,0
N=C1N=C(CO)C=C1O,126.11499999999997,3,3,1,1,4,76.67,-0.14753,0
O=CNC1=NN=CC1=O,125.08699999999999,4,1,1,1,5,70.89,-1.3006000000000002,0
CC(=O)c1cn[nH]n1,111.104,3,1,1,1,4,58.64,0.007299999999999918,0
N#CC(O)C1=NC(=O)O1,126.071,4,1,1,1,5,82.67999999999999,-0.58042,1
N=C1N=C(C(=N)O)O1,113.07599999999998,3,3,1,1,5,89.52000000000001,-0.11485999999999996,0
Cn1oc(O)nc1=O,116.076,5,1,0,1,5,68.25999999999999,-0.9211,0
N=c1[nH]c(=O)oc(=N)o1,129.075,5,3,0,1,6,106.83999999999999,-1.4801599999999997,0
N=C1NCNC(C=O)N1,128.135,3,4,1,1,5,77.01,-1.81393,1
Cc1nc(=O)oc(=O)[nH]1,128.087,4,1,0,1,5,75.96000000000001,-0.96848,0
N=C1N=CN=C1CN,110.12,3,2,1,1,4,74.59,-0.59473,0
COC1=NC(N)=NC1=N,126.11900000000001,4,2,0,1,5,83.82,-0.66313,0
N=COC1=NC=C(N)C1=O,139.114,5,2,1,1,5,88.53,-0.6086300000000002,0
N=C1COC(=N)C(=O)O1,128.087,5,2,0,1,5,83.23,-0.48566000000000015,0
CC1(O)OC(=O)C1=O,116.07199999999999,4,1,0,1,4,63.6,-1.1792000000000002,1
Cn1cnc(N)c1N,112.13600000000001,4,2,0,1,4,69.86,-0.41550000000000015,0
CCC1=NC(=N)N=C1N,124.147,2,2,1,1,4,74.59,0.1429700000000002,0
N=C1COCNC(=O)O1,130.103,4,2,0,1,5,71.41,-0.32243000000000016,0
N=C1CNC(=O)N=CO1,127.10299999999998,3,2,0,1,5,74.54,-0.26823000000000013,0
N=CN=CN1COC1=N,126.11899999999999,3,2,2,1,5,72.53,-0.15376000000000006,0
Nc1noc(C=O)[n+]1[O-],129.075,5,1,1,1,6,96.06,-1.2973000000000001,0
N=c1[nH]c(=O)oc(=N)o1,129.075,5,3,0,1,6,106.83999999999999,-1.4801599999999997,0
Cc1n[nH]c(=O)nc1O,127.10299999999998,4,2,0,1,5,78.87,-0.8210800000000003,0
CC(=O)C1=NC(=N)N1,111.104,2,2,1,1,4,65.31,-0.4881300000000001,0
COC1=NN=C1NC=O,127.10299999999998,4,1,1,1,5,63.050000000000004,-0.8956000000000002,0
N=C(N)C1=NC=NC1=O,124.103,3,2,1,1,5,91.66,-1.06813,0
CN=C1N=NNC1=N,111.10799999999999,3,2,0,1,5,72.96000000000001,-0.03762999999999994,0
N=C1N=C(CO)N=C1N,126.119,4,3,1,1,5,94.82,-1.2747300000000001,0
NC1=CC(CO)=NC1=O,126.115,3,2,1,1,4,75.68,-1.1975,0
CC(=O)n1[nH]nc1N,114.108,4,2,0,1,5,76.7,-0.5465000000000002,0
N=C1N=COCC(=O)N1,127.103,3,2,0,1,5,74.53999999999999,-0.9041300000000001,0
N=C1NCOC(=O)CO1,130.103,4,2,0,1,5,71.41,-0.9583300000000001,0
N=C(N)N1C=NCC1=O,126.11899999999999,3,2,0,1,5,82.53999999999999,-1.24963,0
N=c1[nH]c(=O)[nH]c(=O)o1,129.075,4,3,0,1,6,102.71,-1.8643299999999998,0
CN=C1OC(=N)N1CO,129.11900000000003,4,2,1,1,5,68.91,-0.8110299999999999,0
COC1=NC(N)=NC1=N,126.11900000000001,4,2,0,1,5,83.82,-0.66313,0
Cc1cnnc(C=N)n1,122.131,4,1,1,1,4,62.52,0.17768999999999996,0
CN=C1OC(N)=NC1=O,127.10300000000001,4,1,0,1,5,77.03999999999999,-1.1138000000000001,0
CN=C1CC(C(=O)O)O1,129.11499999999998,3,1,1,1,4,58.89,-0.11180000000000018,1
N#CCc1nncn1N,123.11900000000001,5,1,1,1,5,80.52,-0.9420200000000001,0
COC1=NN=C1COC#N,139.11399999999998,5,0,2,1,5,66.97,-0.10142000000000007,0
C=C(N)C1=NC(O)=N1,111.10399999999998,3,2,1,1,4,70.97,-0.2150999999999999,0
N=C1N=C(CO)C(=O)N1,127.10299999999998,3,3,1,1,5,85.53999999999999,-1.5157300000000002,0
Cc1nc(=N)n(CN)o1,128.13500000000002,5,2,1,1,5,80.83,-0.8198100000000006,0
N=C1COC(=N)N1C=O,127.103,4,2,1,1,5,77.24000000000001,-0.6129600000000002,0
NC(=O)c1coc(=O)o1,129.07099999999997,4,1,1,1,5,86.44000000000001,-0.6683000000000001,0
N=CNC1=NC(C=O)O1,127.10299999999998,4,2,2,1,5,74.54,-0.9057300000000001,1
N=c1[nH]cc(NC=O)o1,127.103,3,3,2,1,5,81.88000000000001,-0.34453000000000017,0
CC1=NC(=O)C=C1N,110.11599999999999,2,1,0,1,3,55.45,-0.16989999999999983,0
N=CN1COC(=O)CN1,129.119,4,2,1,1,5,65.42,-1.0856300000000003,0
NC1=CC(N)=NC1=O,111.10400000000001,3,2,0,1,4,81.47,-1.2736000000000003,0
N=CN1NC(=O)C1=O,113.07599999999998,3,2,1,1,5,73.26,-1.53313,0
COC1=NC(N)=NC1=O,127.10300000000001,4,1,0,1,5,77.03999999999999,-1.1138000000000001,0
N=C1NC=COC(=O)O1,128.087,4,2,0,1,5,71.41,0.14877000000000007,0
CC(=O)n1ncnc1O,127.10299999999998,5,1,0,1,5,68.01,-0.3562,0
CC1NC(=N)C(=O)O1,114.10399999999998,3,2,0,1,4,62.18000000000001,-0.54393,1
N#CC(O)c1nc1=N,109.08800000000001,4,2,1,1,4,80.75999999999999,-1.00635,1
N#CC(=N)C1OC1=N,109.08799999999998,4,2,1,1,4,84.02000000000001,-0.09417999999999993,1
N=CN1CC(=O)OC1=O,128.087,4,1,1,1,5,70.46000000000001,-0.42772999999999994,0
N=C1OCC(=O)C(=N)O1,128.087,5,2,0,1,5,83.23,-0.48566000000000015,0
N=C1COC(=O)OCN1,130.103,4,2,0,1,5,71.41,-0.32243000000000016,0
NC(=O)C1=NC(CO)=N1,127.103,4,2,2,1,5,88.04,-1.7253999999999996,0
N=CN1OCNC1C=O,129.119,4,2,2,1,5,65.42000000000002,-1.0872300000000001,1
NC(=O)C1=NN=C1N,112.09200000000001,4,2,1,1,5,93.83,-1.8014999999999999,0
N=C1N=C(N)N=C1C=O,124.103,4,2,1,1,5,91.66,-1.06813,0
CCC1=NC(=N)N=C1N,124.147,2,2,1,1,4,74.59,0.1429700000000002,0
CC(=O)n1cnc(N)n1,126.11900000000001,5,1,0,1,5,73.8,-0.47959999999999997,0
O=Cc1n[nH]c(CO)[n+]1[O-],143.10199999999998,4,2,2,1,6,92.92,-1.6521000000000001,0
N#Cc1cc(=O)ocn1,122.08299999999998,4,0,0,1,4,66.89,-0.09352000000000005,0
CN=C1NC(=O)C(=N)O1,127.10299999999998,4,2,0,1,5,74.54,-0.9041300000000001,0
N=C1CN=NC(=O)NC1,126.11899999999999,3,2,0,1,5,77.67,0.18157000000000006,0
Cc1nc(N)nn1C=N,125.135,5,2,1,1,5,80.58,-0.3761100000000001,0
N=C1NCC(=NO)CO1,129.119,4,3,0,1,5,77.7,-0.6288300000000002,0
CC1=NN=C1NC=O,111.10399999999998,3,1,1,1,4,53.82,-0.4796,0
N=C1C=NN=C1N,96.093,4,2,0,1,4,74.59,-0.63723,0
N=C1N=C(CO)C(=N)O1,127.10299999999998,4,3,1,1,5,89.52,-0.6380600000000001,0
N=C1OCOC1=NCO,130.103,5,2,1,1,5,74.9,-0.6837300000000002,0
NC(=O)NC1=NCCO1,129.119,3,2,0,1,5,76.71000000000001,-0.9590999999999998,0
NC(=O)COC1=CN=N1,127.103,4,1,3,1,5,77.04,-0.2470000000000001,0
N=C1N=C(CO)N=C1O,127.10299999999998,3,3,1,1,5,89.03,-0.67543,0
N#CCc1cnnnc1N,135.13,5,1,1,1,5,88.48,-0.48012000000000005,0
NC1=NC(=O)C(N)=N1,112.092,4,2,0,1,5,93.83,-1.8014999999999999,0
N#CC(N)C1=NN=C1N,123.11900000000001,5,2,1,1,5,100.55,-1.4359200000000003,1
O=c1nc[nH]c(CO)n1,127.10299999999998,4,2,1,1,5,78.87,-1.3428000000000002,0
COC1=CC(=O)C(O)=N1,127.09899999999999,3,1,1,1,4,58.89,0.013399999999999912,0
CC(=O)n1ncc(N)n1,126.119,5,1,0,1,5,73.8,-0.47959999999999997,0
COC1=NC(=N)C(=O)O1,128.087,4,1,0,1,5,71.74,-0.47713,0
CC(=N)c1nccn1N,124.147,4,2,1,1,4,67.69,-0.015329999999999955,0
CN=C1N=COC1=N,111.10399999999998,3,1,0,1,4,57.800000000000004,0.05047000000000007,0
Cc1ncnc(=N)n1N,125.135,5,2,0,1,5,80.58,-1.2202099999999994,0
N=CN1CCNC1=O,113.11999999999999,2,2,1,1,4,56.190000000000005,-0.3813299999999999,0
CC(=N)n1ncnc1N,125.135,5,2,0,1,5,80.58,-0.29443000000000014,0
O=CN1CC(=O)NCN1,129.119,3,2,1,1,5,61.440000000000005,-1.9632999999999994,0
COc1noc(F)nc1=O,146.077,5,0,1,1,6,65.22,-0.4225000000000001,0
N=C1CC(N)COC=N1,127.14699999999999,3,2,0,1,4,71.46000000000001,-0.26043000000000016,1
COc1c[nH]c(=O)n1N,129.119,4,2,1,1,5,73.04,-1.1012000000000002,0
N=c1[nH]c(=O)oc(=O)o1,130.059,5,2,0,1,6,100.05999999999999,-1.59943,0
CC(=O)c1noc(N)n1,127.10300000000001,5,1,1,1,5,82.01,-0.14560000000000006,0
N=C1COC(=O)N=CO1,128.087,4,1,0,1,5,71.74,0.15877000000000002,0
N=C1OCC(=O)NC1=O,128.087,4,2,0,1,5,79.25,-1.36333,0
N=c1[nH]ncnc1C=O,124.10299999999998,4,2,1,1,5,82.49000000000001,-0.9033300000000004,0
N=C1NC(=O)C(C=O)O1,128.087,4,2,1,1,5,79.25000000000001,-1.3649300000000002,1
Nc1cc(C=O)oc1N,126.115,4,2,1,1,4,82.25,0.2565000000000001,0
N=C1COC(=O)C(=O)N1,128.087,4,2,0,1,5,79.25,-1.36333,0
N=C1NCC(=O)OCCO1,144.13,4,2,0,1,5,71.41000000000001,-0.9158300000000001,0
N=CN1C=NC(C=O)O1,127.10299999999997,4,1,2,1,5,65.75,-0.6060300000000001,1
N=C1NCC(=O)OCO1,130.103,4,2,0,1,5,71.41000000000001,-0.9583300000000001,0
COC1=NC(=N)C(CO)=N1,141.13,4,2,1,1,5,78.03,-0.5870299999999999,0
O=Cc1n[nH]c(O)n1,113.07599999999998,4,2,1,1,5,78.87,-0.6772000000000001,0
CC(=O)C(N)C1=CN=N1,125.131,4,1,2,1,4,67.81,0.2099000000000001,1
COc1n[nH]c(C=O)n1,127.10299999999998,4,1,2,1,5,67.87,-0.37420000000000003,0
N=C1OC=NC(O)CO1,130.10299999999998,5,2,0,1,5,74.9,-0.68533,1
CC1=C(CN)N=NC1=O,125.131,3,1,1,1,4,67.81,0.21150000000000013,0
N=C1N=COC1=NCO,127.103,4,2,1,1,5,78.03,-0.6295300000000001,0
N=CN1C=CNC(=O)N1,126.11899999999999,2,3,1,1,5,68.22,-0.4055300000000001,0
CC(=O)C1=NC(=N)O1,112.088,3,1,1,1,4,62.510000000000005,-0.06112999999999996,0
N=C(N)OC1C=CN=N1,126.11899999999999,4,2,1,1,5,83.82000000000001,0.20207000000000008,1
N=C1N=CN=C1N,96.093,3,2,0,1,4,74.59,-0.63723,0
COC1C(=N)N1C=O,114.104,3,1,2,1,4,53.16,-0.5918300000000001,1
O=CC1=NCNC(=O)N1,127.103,3,2,1,1,5,70.56,-1.1459000000000001,0
O=Cc1[nH]nnc1O,113.076,4,2,1,1,5,78.87,-0.6772000000000001,0
O=CC1NC(=O)NCO1,130.103,3,2,1,1,5,67.43,-1.2017000000000002,1
CC1=NN=C(N)C1=N,110.12,4,2,0,1,4,74.59,-0.24712999999999996,0
CNC1=NN=C(O)C1=O,127.10299999999998,4,2,0,1,5,74.05000000000001,-0.9415,0
CN=C1ON=C1N,99.093,4,1,0,1,4,59.97,-0.6828999999999998,0
O=CC1=NN=C1O,98.06099999999998,3,1,1,1,4,62.019999999999996,-0.4886000000000001,0
Nc1ncnc(C=O)n1,124.10299999999998,5,1,1,1,5,81.76,-0.7337,0
N=C1NC(=O)OC1=N,113.076,4,3,0,1,5,86.03,-0.3192599999999998,0
N#Cc1n[nH]c(C=O)n1,122.08699999999997,4,1,1,1,5,82.42999999999999,-0.51112,0
Cc1nc(=O)on1O,116.07599999999998,5,1,0,1,5,68.26,-0.61798,0
N=Cn1c(N)ncnc1=N,138.13400000000001,6,3,1,1,6,104.43,-1.20506,0
N=c1oc(=N)oc(=N)o1,129.075,6,3,0,1,6,110.97000000000001,-1.0959900000000002,0
CCN=C1C=NC(N)=N1,124.147,3,1,1,1,4,63.099999999999994,-0.19609999999999983,0
COC1=NC(=O)C(N)=N1,127.10300000000001,4,1,0,1,5,77.03999999999999,-1.1138000000000003,0
N=c1nc(C=O)cn[nH]1,124.10299999999998,4,2,1,1,5,82.49000000000001,-0.9033300000000002,0
N=COC1=C(CO)N=N1,127.103,5,2,3,1,5,78.03,0.23727000000000004,0
CCc1onnc1C=N,125.13099999999999,4,1,2,1,4,62.77,0.62967,0
CC(=O)c1nc(O)n[nH]1,127.103,4,2,1,1,5,78.87,-0.2871000000000001,0
Nc1coc(N)c1OC=O,142.114,5,2,2,1,5,91.47999999999999,-0.02080000000000004,0
N#CC(=N)C1=NN=C1,106.088,4,1,1,1,4,72.36,-0.029849999999999988,0
N=C1OC(=N)C(C=O)O1,128.087,5,2,1,1,5,83.23,-0.48726000000000025,1
Cc1nnc(C=N)n1N,125.135,5,2,1,1,5,80.58,-0.70201,0
C#Cc1[nH]nnc1N=N,121.10300000000001,4,2,1,1,5,77.78,0.4484699999999999,0
N=C1OCNC(=O)CO1,130.10299999999998,4,2,0,1,5,71.41,-0.9583300000000003,0
Nc1nc(C=O)n[nH]1,112.09199999999998,4,2,1,1,5,84.66,-0.8006000000000002,0
CC(=O)c1nonc1N,127.10300000000001,5,1,1,1,5,82.01,-0.14559999999999995,0
COC1=NC(O)=C1N,114.104,4,2,0,1,4,67.84,-0.2693,0
N=C1COCNC(=N)O1,129.119,4,3,0,1,5,78.19000000000001,-0.5076600000000004,0
N=C(O)C1CN(C=O)O1,130.103,3,2,2,1,5,73.62,-0.7061300000000001,1
N=c1nc(CN)nn[nH]1,126.12300000000002,5,3,1,1,6,104.33000000000001,-1.8621299999999996,0
N=C1OC(=O)OC1=NN,129.075,6,2,0,1,6,97.75999999999999,-0.5973300000000001,0
N=CN1OCC(C=O)O1,130.10299999999998,4,1,2,1,5,62.620000000000005,-0.6602300000000001,1
N=c1oc(=O)oc(=O)o1,131.04299999999998,6,1,0,1,6,97.41000000000001,-1.33453,0
N=C1OCC(=O)OC1=O,129.071,5,1,0,1,5,76.44999999999999,-0.9363300000000001,0
N=C1NCOC(=O)N1,115.092,3,3,0,1,5,74.21,-0.79193,0
NC(=O)n1cnc(N)n1,127.10700000000001,5,2,0,1,6,99.82000000000001,-1.2129,0
N=C1OCCOC(=N)O1,130.103,5,2,0,1,5,75.39,-0.0806599999999999,0
N=C1NC(O)COC1=N,129.119,4,4,0,1,5,89.19,-1.1208600000000002,1
COc1coc(=N)nn1,127.10300000000001,5,1,1,1,5,72.0,-0.44233000000000006,0
CN=C1NC(=O)OC1=N,127.10299999999998,4,2,0,1,5,74.53999999999999,-0.2682300000000001,0
COC1=NC(N)=C1CO,128.131,4,2,1,1,4,67.84,-0.7925000000000002,0
N=C1OCC(=O)C(=O)O1,129.071,5,1,0,1,5,76.45,-0.9363300000000001,0
CN=C1N=CC(CN)=N1,124.147,2,1,1,1,4,63.099999999999994,-0.5437000000000001,0
Cc1cnc(CO)nn1,125.131,4,1,1,1,4,58.900000000000006,-0.32768000000000014,0
N=C1COC(=N)N=CO1,127.103,4,2,0,1,5,78.52,-0.026460000000000095,0
NC1=NC(CO)=NC1=O,127.10299999999998,4,2,1,1,5,88.03999999999999,-1.7254,0
N=C1OC1NC(=O)C=O,128.087,4,2,2,1,5,82.55000000000001,-1.3649300000000002,1
O=CN1N=CCOC1=O,128.087,4,0,1,1,5,58.970000000000006,-0.4192,0
N=c1nc(CO)c1=N,111.10399999999998,4,3,1,1,4,80.82,-1.5915599999999999,0
CNC(=O)C1=NC=[N+]1[O-],127.103,3,1,1,1,5,67.53,-1.3169,0
O=C1NC=COC(=O)CN1,142.114,3,2,0,1,5,67.42999999999999,-0.6864000000000001,0
N=Cc1n[nH]nc1C=O,124.10299999999998,4,2,2,1,5,82.49000000000001,-0.38513,0
CNc1nc(C=O)n[nH]1,126.11899999999999,4,2,2,1,5,70.67,-0.3411000000000001,0
Nc1cc(=O)on1CO,130.103,5,2,1,1,5,81.39,-1.0267000000000002,0
N=C1NC(=O)NC(=O)CO1,143.102,4,3,0,1,6,91.28000000000002,-1.22283,0
NC(=O)n1cnc(N)n1,127.10700000000001,5,2,0,1,6,99.82000000000001,-1.2129,0
CN=C1N=CN=C1N,110.12,3,1,0,1,4,63.099999999999994,-0.5861999999999998,0
N=C1OCNC(=O)CC1=O,142.11399999999998,4,2,0,1,5,79.25,-0.9732300000000003,0
N=C1CC(=O)OC(=O)N1,128.087,4,2,0,1,5,79.25,-0.37983000000000006,0
CCc1nonc1N=O,127.103,5,0,2,1,5,68.35,1.0299,0
N=C1N=CN=C1NC=O,124.10299999999998,3,2,1,1,5,77.67,-0.8499300000000003,0
NC(=O)c1cnc(N)o1,127.103,4,2,1,1,5,95.14,-0.6443000000000001,0
N=C1OC(=O)NCC1=O,128.087,4,2,0,1,5,79.25,-0.7274300000000002,0
N=c1onc(C=O)o1,114.05999999999997,5,1,1,1,5,80.09,-0.4404299999999999,0
CNC1OC(=N)C(=O)O1,130.103,5,2,1,1,5,71.41,-0.9599300000000002,1
CN=C1N=C(N)C(=O)O1,127.103,4,1,0,1,5,77.04,-1.1138,0
NC1=NN=C(CO)C1=O,127.10299999999998,5,2,1,1,5,88.03999999999999,-1.7254,0
COC1=NC(=N)C(N)=N1,126.11900000000001,4,2,0,1,5,83.82,-0.6631300000000002,0
N=CC1=NC(=N)C=C1N,122.131,3,3,1,1,4,86.08,-0.08955999999999997,0
O=CC(=O)c1nc[nH]n1,125.087,4,1,2,1,5,75.71000000000001,-0.8137000000000001,0
N=C1N=CC(=O)C(O)O1,128.087,4,2,0,1,5,82.74000000000001,-1.0903300000000002,1
COC1=NC(CO)=NC1=N,141.13,4,2,1,1,5,78.03,-0.5870300000000002,0
N=CN1CC(=O)OC1=N,127.10299999999998,4,2,1,1,5,77.24000000000001,-0.61296,0
CC(=O)n1ncc(=N)o1,127.10299999999998,5,1,0,1,5,71.88,-0.38433,0
N=C1OCN=CC(=O)C1=NO,155.11299999999997,6,2,0,1,6,95.10000000000001,-0.57853,0
N=C1COC(=N)OCO1,130.103,5,2,0,1,5,75.39,-0.08066000000000012,0
COC1=NC(=O)C(N)=N1,127.10300000000001,4,1,0,1,5,77.03999999999999,-1.1138000000000003,0
NCc1nc(C=O)c(N)o1,141.13,5,2,2,1,5,95.14,-0.47200000000000014,0
N=CN1CC(=O)NCO1,129.119,3,2,1,1,5,65.42,-1.0856299999999999,0
N=CC1=NC(N)=NC1=N,123.11900000000001,4,3,1,1,5,98.44,-0.6174600000000001,0
CN=C1NC(=O)N=C1N,126.119,3,2,0,1,5,79.84,-0.9049,0
COc1nc(C=N)no1,127.103,5,1,2,1,5,72.0,0.07586999999999994,0
N=CCc1nocc1N,125.131,4,2,2,1,4,75.9,0.44887000000000005,0
N=CCc1nnoc1N,126.11900000000001,5,2,2,1,5,88.79,-0.15613,0
C#CC(=O)c1ncon1,122.083,4,0,1,1,4,55.99,-0.11450000000000005,0
Nc1coc(=O)nc1N,127.10300000000001,5,2,0,1,5,95.14,-0.8008,0
N=C1COC(=N)C(=O)N1,127.103,4,3,0,1,5,86.03,-0.9126600000000002,0
COc1coc(=O)n1N,130.10299999999998,5,1,1,1,5,70.39,-0.8363,0
N=C1COC(=N)OCO1,130.103,5,2,0,1,5,75.39,-0.08066000000000012,0
CN=C1N=CN1C=N,110.11999999999999,2,1,1,1,4,51.81,-0.0768299999999999,0
N=C1OC(=N)C(=O)O1,114.05999999999999,5,2,0,1,5,83.23,-0.5281600000000002,0
N=C1NC(N)C(=O)CO1,129.119,4,3,0,1,5,88.2,-1.6051299999999995,1
CNc1nc(C=O)no1,127.10299999999998,5,1,2,1,5,68.02000000000001,-0.07619999999999999,0
CN=c1cn[nH]c[n+]1[O-],126.11899999999999,3,1,0,1,5,67.98,-1.4264,0
N=Cc1nc(N)nc(N)n1,138.13400000000001,6,3,1,1,6,114.56,-0.9663300000000004,0
C#Cc1n[nH]nnc1=N,121.103,4,2,0,1,5,78.31,-1.33953,0
COC(=N)OC1=CN=C1N,141.12999999999997,5,2,1,1,5,80.69,-0.20362999999999987,0
Nc1ncoc(=O)c1N,127.103,5,2,0,1,5,95.14,-0.8008,0
N=C1CC(=O)OC(=N)O1,128.087,5,2,0,1,5,83.23,-0.13806000000000002,0
N=COC1COC(=O)CO1,145.11399999999998,5,1,2,1,5,68.61,-0.49043000000000014,1
CN=C1C=NC(N)=N1,110.12,3,1,0,1,4,63.099999999999994,-0.5862,0
Cc1noc(=N)c(CO)n1,141.13,5,2,1,1,5,83.0,-0.6502100000000002,0
CNC(=O)C1=NC(=O)N1,127.103,2,2,1,1,5,70.56,-1.1459000000000001,0
O=CC(=O)c1ncn[nH]1,125.087,4,1,2,1,5,75.71000000000001,-0.8137000000000001,0
Cc1nonc1OC#N,125.08699999999999,5,0,1,1,5,71.94,0.23789999999999994,0
N=C1N=C(N)C(=O)O1,113.076,4,2,0,1,5,88.53000000000002,-1.16483,0
N=C1N=C(C=O)OCN1,127.10299999999998,3,2,1,1,5,74.54,-0.9041300000000001,0
CNc1nc[nH]c(=O)n1,126.11899999999999,4,2,1,1,5,70.67,-0.7934000000000001,0
N#CC1CCNC(=O)O1,126.115,3,1,0,1,4,62.120000000000005,0.008480000000000099,1
N=Cc1[nH]nnc1C=O,124.103,4,2,2,1,5,82.49000000000001,-0.38513,0
CCC1=NN=NC1=NC=N,137.146,3,1,2,1,5,73.28999999999999,1.22377,0
N=C1COC(=N)OCO1,130.103,5,2,0,1,5,75.39,-0.08066000000000012,0
N=C1NC(=O)OC=CO1,128.087,4,2,0,1,5,71.41000000000001,0.14877000000000018,0
COC1=NC(=N)N1C=O,127.103,3,1,1,1,5,65.75,-0.6044300000000002,0
NC1(C=O)CNN=CO1,129.119,5,2,1,1,5,76.71000000000001,-1.5966,1
O=CC1CN=NC(=O)O1,128.087,4,0,1,1,5,68.09,0.15629999999999994,1
CNC(=O)C1=NC(N)=N1,126.11900000000001,4,2,1,1,5,79.84,-1.540799999999999,0
N=C1NC(=O)CNCO1,129.119,4,3,0,1,5,74.21000000000001,-1.3853300000000002,0
N#CCc1nc(O)n[nH]1,124.103,4,2,1,1,5,85.59,-0.42362000000000005,0
Cc1nonc1CO,114.10399999999998,4,1,1,1,4,59.150000000000006,-0.12968000000000007,0
CC(N)(N)C1=CN=[N+]1[O-],128.135,4,2,1,1,5,90.47000000000001,-0.5625,0
N=C1C=C(N)N=C1C=O,123.115,4,2,1,1,4,79.30000000000001,-0.5402300000000002,0
N=C1COC(=N)OCN1,129.119,4,3,0,1,5,78.19,-0.5076600000000002,0
N=C1OC(C=O)NC1=O,128.087,4,2,1,1,5,79.25,-1.3649300000000002,1
O=CC1NCNC1=NO,129.11900000000003,4,3,1,1,5,73.72,-1.508099999999999,1
N=CCc1nocc1N,125.131,4,2,2,1,4,75.9,0.44887000000000005,0
NC(=O)n1ccoc1=O,128.087,4,1,0,1,5,78.23,-0.6318999999999999,0
N=CC1NC(=O)N1C=N,126.119,3,3,2,1,5,80.04,-0.40565999999999985,1
O=CC1=COC(=O)NO1,129.071,4,1,1,1,5,64.63000000000001,-0.3019,0
CCOc1ncn[nH]c1=O,141.13,4,1,2,1,5,67.87,-0.43640000000000007,0
CN=C(N)C1=NC(=N)O1,126.11899999999999,3,2,1,1,5,83.82000000000001,-0.66313,0
N#Cc1nc(C=O)no1,123.07099999999998,5,0,1,1,5,79.78,-0.2462200000000001,0
N=C1NC(C=O)OCO1,130.103,4,2,1,1,5,71.41000000000001,-0.9599300000000002,1
CN=C1N=C(O)N=C1N,126.119,3,2,0,1,5,83.33,-0.7004999999999999,0
N=CCn1cnnc1N,125.135,5,2,2,1,5,80.58,-0.4901300000000001,0
CC1=NC(CN)=NC1=N,124.147,3,2,1,1,4,74.59,-0.20462999999999998,0
N#CCC(=N)NC1=NO1,124.103,4,2,1,1,5,84.56,-0.23185,0
CC(=O)C1=NOC1=N,112.088,4,1,1,1,4,62.51,-0.06112999999999996,0
CC(C#N)c1cnon1,123.115,4,0,1,1,4,62.71,0.69668,1
N=C1ON=C(N)C1=O,113.076,5,2,0,1,5,88.53,-1.16483,0
CC(=O)n1cnc(=O)[nH]1,127.103,4,1,0,1,5,67.75,-0.7685000000000002,0
N=COC1NCNC1=O,129.119,4,3,2,1,5,74.21000000000001,-1.38693,1
Nc1n[nH]cc1C=O,111.10399999999997,3,2,1,1,4,71.77,-0.19560000000000038,0
N=C1OC(=N)C(=O)O1,114.05999999999999,5,2,0,1,5,83.23,-0.5281600000000002,0
Cc1cnnc(=N)n1N,125.13500000000002,5,2,0,1,5,80.58,-1.2202099999999994,0
O=CC1NC(=O)NC1=O,128.087,3,2,1,1,5,75.27000000000001,-1.6067,1
N=C1NC(=O)C(O)N=CO1,143.10199999999998,5,3,0,1,6,94.77000000000001,-1.5857300000000003,1
CNC(=N)N1CCOC=N1,142.162,3,2,0,1,5,60.71000000000001,-0.5839300000000003,0
O=Cc1[nH]cnc1N=O,125.08699999999999,4,1,2,1,5,75.18,0.6201,0
N=C1CNC(=O)OCO1,130.10299999999998,4,2,0,1,5,71.41000000000001,-0.3224300000000002,0
CC(=O)c1nc(O)n[nH]1,127.103,4,2,1,1,5,78.87,-0.2871000000000001,0
NC(=O)c1c[nH]c[n+]1[O-],127.10299999999998,2,2,1,1,5,85.82000000000001,-1.2530000000000001,0
C#CCc1n[nH]nc1N,122.13100000000001,3,2,1,1,4,67.59,-0.4374000000000002,0
COC1=NC(=N)N=C1C=O,139.114,3,1,1,1,5,74.87,-0.38043000000000005,0
N=Cn1[nH]nc1C=NO,127.10699999999999,5,3,2,1,6,90.05,-0.5255300000000003,0
N=C1COC(=N)N=CO1,127.103,4,2,0,1,5,78.52,-0.026460000000000095,0
N=C1OC(=O)CN1C=O,128.087,4,1,1,1,5,70.46000000000001,-1.06363,0
CN=C(N)C1=NC(=N)O1,126.11899999999999,3,2,1,1,5,83.82000000000001,-0.66313,0
CN=c1nc[nH]c(=O)o1,127.10299999999998,4,1,0,1,5,71.25,-1.1066000000000003,0
COC1=CC(O)=NC1=O,127.09899999999999,2,1,1,1,4,58.89,0.013400000000000023,0
COC1=NC(=N)N=C1O,127.103,2,2,0,1,5,78.03,-0.06383000000000005,0
Cn1cnc(=N)n1N,113.12400000000001,5,2,0,1,5,72.62,-1.5851299999999995,0
O=Cc1cn[nH]c1C=O,124.09899999999998,3,1,2,1,4,62.82,0.03470000000000001,0
N=CC1=NC=NC1=N,108.104,3,2,1,1,4,72.42,0.09614,0
O=C1C=C(O)N=C1O,113.07199999999999,3,2,0,1,4,69.89,-0.07500000000000007,0
COc1ncoc(=N)n1,127.103,5,1,1,1,5,72.0,-0.44233000000000006,0
NC1=C(N)C(=O)C=N1,111.10399999999998,4,2,0,1,4,81.47,-1.2736000000000003,0
N=C1COC(C=O)NC1=N,141.13,4,3,1,1,5,86.03,-0.8717600000000001,1
N#COCc1oncc1N,139.11399999999998,5,1,2,1,5,85.07,0.25448000000000004,0
CC(=O)Oc1con1O,131.08700000000002,5,1,1,1,5,64.6,0.24369999999999997,0
CC(O)C1=NN=C1N,113.12000000000002,4,2,1,1,4,70.97,-0.9060000000000001,1
CN1COC=CNC1=N,127.14699999999998,2,2,0,1,4,48.35,-0.0985299999999999,0
N=C1OC(=O)OC1N,116.076,5,2,0,1,5,85.39999999999999,-0.5847300000000002,1
N=CN1CCN(C=O)O1,129.119,3,1,2,1,5,56.63000000000001,-0.7859300000000002,0
N=CN1N=CC(C(=N)O)O1,142.11799999999997,4,3,2,1,6,92.76,-0.26965999999999984,1
N=CC1NC(=O)OC1=O,128.087,4,2,1,1,5,79.25,-0.7290300000000001,1
N=C1NCC(=O)NCO1,129.119,3,3,0,1,5,74.21000000000001,-1.3853300000000002,0
N=C(N)OC1OC1=N,115.09199999999998,4,3,1,1,5,95.48000000000002,-0.76996,1
Cc1[nH]c(C=O)nc1O,126.11499999999998,3,2,1,1,4,65.98,0.23621999999999993,0
CC(=O)C1=NC(N)=N1,111.10400000000001,4,1,1,1,4,67.81,-0.6978,0
NC1=CN=C(C=O)C1=O,124.09899999999998,4,1,1,1,4,72.52,-0.9909000000000001,0
N=c1[nH]c(=N)oc(=O)o1,129.075,5,3,0,1,6,106.83999999999999,-1.4801600000000006,0
Cc1nnc(C=O)n1N,126.119,5,1,1,1,5,73.8,-0.8871800000000001,0
CN=C1NC(=N)C(=N)O1,126.11899999999999,4,3,0,1,5,81.32000000000001,-0.45346000000000036,0
N=C1OC=NCNC1=O,127.103,4,2,0,1,5,74.53999999999999,-0.9041300000000003,0
N=C1NC(C=O)OCO1,130.103,4,2,1,1,5,71.41000000000001,-0.9599300000000002,1
Nc1cnoc(=O)c1O,128.087,5,2,0,1,5,89.35000000000001,-0.6774,0
NC1=NC(N)=C1C=O,111.10399999999998,4,2,1,1,4,81.47,-1.2735999999999998,0
CN=C1OC(=O)OC1=N,128.087,5,1,0,1,5,71.74000000000001,0.15877000000000002,0
Cc1ncoc(=N)c1N,125.131,4,2,0,1,4,75.9,0.04469000000000006,0
CN=C1N=C(N)OC1=O,127.103,4,1,0,1,5,77.03999999999999,-1.1138,0
CC1=C(NC=O)C(=N)N=N1,138.13,3,2,2,1,5,77.67,0.40697000000000005,0
CNC(=O)c1nc1=N,111.104,3,2,1,1,4,65.84,-1.20373,0
CNC(=O)C1=NC(=O)N1,127.103,2,2,1,1,5,70.56,-1.1459000000000001,0
N=Cn1ccoc1=NO,127.10299999999998,5,2,1,1,5,74.51,-0.17382999999999987,0
Cn1c(N)ncnc1=N,125.13499999999999,5,2,0,1,5,80.58000000000001,-1.12323,0
N=CNC1OC(=O)C1=O,128.087,4,2,2,1,5,79.25,-1.3649300000000002,1
CN=C1NC(=O)N1C=N,126.11899999999999,3,2,1,1,5,68.55000000000001,-0.3955299999999999,0
O=C1N=C(CO)N=C1O,128.087,3,2,1,1,5,82.25,-1.1261,0
Cn1nc(N)nc1CO,128.13500000000002,5,2,1,1,5,76.96000000000001,-1.1104,0
N=Cc1oncc1N,111.104,4,2,1,1,4,75.9,0.25447000000000003,0
N=CNc1cc(O)no1,127.10299999999998,4,3,2,1,5,82.14,0.39916999999999986,0
N=C1N=C(O)N=C1CO,127.10299999999998,3,3,1,1,5,89.03,-0.67543,0
COC1=NC(N)=NC1=O,127.10300000000001,4,1,0,1,5,77.03999999999999,-1.1138000000000001,0
N=C1OCNC(=O)CO1,130.10299999999998,4,2,0,1,5,71.41,-0.9583300000000003,0
N=C1N=CC(=O)OCN1,127.103,3,2,0,1,5,74.54,-0.9041300000000001,0
CC(=O)c1noc(N)n1,127.10300000000001,5,1,1,1,5,82.01,-0.14560000000000006,0
N=C(N)C1=CC(=O)O1,112.08799999999998,3,2,1,1,4,76.17,-0.63693,0
N=C1OCCOC(=N)O1,130.103,5,2,0,1,5,75.39,-0.0806599999999999,0
CNC1=NN=C1CC#N,122.131,4,1,1,1,4,60.54,-0.11242000000000002,0
COC1=C(N)C=NC1=O,126.115,3,1,1,1,4,64.68,-0.5859000000000001,0
CN=c1nc(N)c1=O,111.104,4,1,0,1,4,68.34,-1.5698999999999999,0
NC(=O)c1cnn(N)n1,127.10700000000001,5,2,1,1,6,99.82000000000001,-1.9092000000000002,0
CN=c1[nH]c(=O)c1=O,112.08799999999998,3,1,0,1,4,62.29,-1.8587999999999996,0
N=c1oc(=N)oc(=O)o1,130.059,6,2,0,1,6,104.19000000000001,-1.21526,0
CN=C1N=CN1C(=O)O,127.10299999999998,2,1,0,1,5,65.26,-0.005899999999999961,0
CNC1=CC(=O)OC1=N,126.115,4,2,1,1,4,62.18,-0.37623,0
CN=C1N=CC(F)=[N+]1[O-],129.094,2,0,0,1,5,50.78999999999999,-0.06509999999999994,0
N=CN1NC(=N)C1=O,112.09199999999998,3,3,1,1,5,80.04,-1.0824600000000002,0
N=c1ncoc(=N)o1,113.076,5,2,0,1,5,86.87,-0.77346,0
N=C1N=CC(=O)N1O,113.076,3,2,0,1,5,76.75,-0.7766300000000002,0
Nc1ocnc(=O)c1N,127.103,5,2,0,1,5,95.14,-0.8008,0
N=CN1NCOC1C=O,129.11899999999997,4,2,2,1,5,65.42000000000002,-1.0872300000000001,1
N=Cc1nc(CO)no1,127.103,5,2,2,1,5,83.0,-0.44043000000000004,0
C#CC1=NC(=N)N=C1O,121.09899999999999,1,2,0,1,4,68.8,-0.03452999999999995,0
CNC1(N)COCC1=N,129.163,4,3,1,1,4,71.13,-1.0892299999999997,1
CN=c1oc(N)nn1C=O,142.11800000000002,6,1,1,1,6,86.41,-1.3729,0
N=c1ocnnc1N,112.09200000000001,5,2,0,1,5,88.79,-0.8687300000000002,0
CN=C1ON=C(N)C1=O,127.103,5,1,0,1,5,77.03999999999999,-1.1138,0
N=C1N=C(CN)C(=O)O1,127.103,4,2,1,1,5,88.53000000000002,-1.1223299999999998,0
CN=C1NN=C(N)C1=O,126.119,4,2,0,1,5,79.84,-1.5408,0
NC1=NN=C1C(=O)CO,127.10299999999998,5,2,2,1,5,88.04,-1.7254,0
N=C1COC(=O)OCO1,131.087,5,1,0,1,5,68.61,0.10457,0
O=CC1NC(=O)NC1=O,128.087,3,2,1,1,5,75.27000000000001,-1.6067,1
N=C1OCC(=O)C(=N)O1,128.087,5,2,0,1,5,83.23,-0.48566000000000015,0
CC(=O)n1ncc(N)n1,126.119,5,1,0,1,5,73.8,-0.47959999999999997,0
N=CC(=O)N1COC=N1,127.103,4,1,1,1,5,65.75,-0.60443,0
CN=c1nc(O)c1=N,111.10399999999998,4,2,0,1,4,69.33000000000001,-1.3272300000000004,0
CC1=NN=C(NC=N)C1=O,138.13,4,2,1,1,5,77.67,-0.4598300000000001,0
N=Cc1cnc(=N)on1,124.103,5,2,1,1,5,86.62,-0.45325999999999994,0
N=C1NCOC(=O)CO1,130.103,4,2,0,1,5,71.41,-0.9583300000000001,0
O=C1OCCOC1=NO,131.08700000000002,5,1,0,1,5,68.12,-0.6525000000000003,0
OCCc1nn[nH]c1O,129.11900000000003,4,3,2,1,5,82.03,-0.9549000000000003,0
NC1=NC(C=O)=NC1=O,125.08699999999997,4,1,1,1,5,84.88,-1.5188,0
Nc1cc(C=O)c(O)o1,127.09899999999998,4,2,1,1,4,76.46000000000001,0.37990000000000007,0
N=C1C(=O)ON=C1CO,128.087,5,2,1,1,5,82.74000000000001,-1.08873,0
N=C1N=C(N)C(=O)O1,113.076,4,2,0,1,5,88.53000000000002,-1.16483,0
N=Cc1cc(N)[n+]([O-])[nH]1,126.11900000000001,3,3,1,1,5,92.6,-0.77203,0
COC1=NN=C1NC#N,124.103,5,1,0,1,5,69.77000000000001,-0.5709200000000001,0
NCc1nncc(=O)o1,127.10299999999997,5,1,1,1,5,82.01,-1.1115000000000004,0
N=C1NC=C1NCCO,127.147,3,4,3,1,4,68.14,-1.0098300000000002,0
O=CC1CONC(=O)C1,129.11499999999998,3,1,1,1,4,55.4,-0.7469999999999999,1
N=CN1C=NC(=O)OC1,127.10299999999998,3,1,1,1,5,65.75,0.031470000000000053,0
Cn1cnnc1CO,113.11999999999999,4,1,1,1,4,50.94,-0.6926000000000001,0
NC(=O)C1C=NNC1=O,127.103,3,2,1,1,5,84.55000000000001,-1.7965,1
NC(=O)C1=CC(N)=N1,111.104,3,2,1,1,4,81.47,-1.2735999999999998,0
Cc1nc(N)nn1C=N,125.135,5,2,1,1,5,80.58,-0.3761100000000001,0
Cc1nc(OC#N)n[nH]1,124.103,4,1,1,1,5,74.59,-0.02700000000000008,0
N=c1[nH]c(=O)oc(=O)[nH]1,129.075,4,3,0,1,6,102.70999999999998,-1.8643300000000003,0
CN=c1[nH]cnc(=O)o1,127.10299999999998,4,1,0,1,5,71.25,-1.1066000000000003,0
COC1=NC(N)=NC1=N,126.11900000000001,4,2,0,1,5,83.82,-0.66313,0
Cc1nc(NC=O)no1,127.10299999999998,4,1,2,1,5,68.02000000000001,-0.053680000000000117,0
Cc1nnc(=O)[nH]c1N,126.119,4,2,0,1,5,84.66,-0.9444800000000002,0
N=C1CN=NCOCO1,129.119,5,1,0,1,5,67.03,0.37767,0
CN=C1C=NC(=O)N1O,127.10299999999998,3,1,0,1,5,65.26,-0.08969999999999995,0
N=CN1C=NOCC1=O,127.10299999999998,4,1,1,1,5,65.75,-0.6044300000000002,0
N=C1OCC(=N)C(=O)O1,128.087,5,2,0,1,5,83.23,-0.48566000000000015,0
N=C1COCNC(=N)O1,129.119,4,3,0,1,5,78.19000000000001,-0.5076600000000004,0
N=Cc1cnc(N)nn1,123.11900000000001,5,2,1,1,5,88.54,-0.5485300000000002,0
CNc1noc(C=N)n1,126.11899999999999,5,2,2,1,5,74.80000000000001,0.1089699999999999,0
CC(=O)C1=NC(=N)N=N1,124.10300000000001,3,1,1,1,5,78.0,0.3744700000000001,0
O=C1CN=NC=NC1O,127.10299999999998,5,1,0,1,5,74.38,-0.6319999999999999,1
COc1[nH]nnc1C=O,127.103,4,1,2,1,5,67.87,-0.37420000000000025,0
COc1nc(N)nn1C=N,141.13400000000001,6,2,2,1,6,89.81,-0.6759300000000001,0
Nc1cnoc1CO,114.10399999999998,4,2,1,1,4,72.28,-0.2508999999999998,0
CN=NC1CC(=O)NCO1,143.14600000000002,4,1,1,1,5,63.05,-0.11149999999999988,1
COC1=NC(=N)C(=O)N1,127.103,3,2,0,1,5,74.53999999999999,-0.9041300000000001,0
COC1=NC(=O)C(N)=N1,127.10300000000001,4,1,0,1,5,77.03999999999999,-1.1138000000000003,0
Cn1c(C=N)noc1=N,126.11899999999999,5,2,1,1,5,78.66,-0.50976,0
NC1=C(N)C(=O)N=N1,112.092,4,2,0,1,5,93.83,-0.9347000000000003,0
N#CCC1=NC(=O)N=N1,122.087,3,0,1,1,5,77.94,0.88438,0
N=C1NC(=O)COC1=N,127.103,4,3,0,1,5,86.03,-0.9126600000000002,0
N=c1nc(CO)c1=N,111.10399999999998,4,3,1,1,4,80.82,-1.5915599999999999,0
N=CN1CC(=O)OCN1,129.119,4,2,1,1,5,65.42,-1.0856300000000003,0
N=C(O)C1=NNC1=N,112.092,3,4,1,1,5,92.32,-0.5418600000000002,0
CNC(=O)C1=NN=C1O,127.103,3,2,1,1,5,74.05,-0.9415000000000002,0
CN=c1nc(N)on1C,128.135,5,1,0,1,5,69.34,-0.8742000000000001,0
N=c1cc(O)[nH]c(=O)[nH]1,127.10299999999998,3,4,0,1,5,92.72999999999999,-1.1119300000000003,0
N=C1ON=C(CO)C1=N,127.10299999999998,5,3,1,1,5,89.52000000000001,-0.6380600000000003,0
CN1CNC(=O)C(=O)O1,130.10299999999998,4,1,0,1,5,58.64,-1.5362999999999996,0
N=c1cc(N)n(CO)o1,129.119,5,3,1,1,5,88.17,-0.9074300000000002,0
N=c1[nH]c(=O)[nH]c(=O)[nH]1,128.091,3,4,0,1,6,105.35999999999999,-2.12923,0
O=CC1OC(=O)C1O,116.07199999999997,4,1,1,1,4,63.60000000000001,-1.5284000000000002,2
N=C1CC(=N)OCCO1,128.131,4,2,0,1,4,66.16000000000001,0.37784,0
N=C1C=NC(O)=C1NC=O,139.11399999999998,4,3,2,1,5,85.53999999999999,-0.4363300000000001,0
N#CCc1nc(N)no1,124.10300000000001,5,1,1,1,5,88.73,-0.28212000000000004,0
Cc1nc(=O)[nH]nc1N,126.119,4,2,0,1,5,84.66,-0.9444800000000002,0
N=C1N=CC(O)=C1N,111.104,3,3,0,1,4,82.46,-0.22362999999999988,0
Nc1cnc(C=O)nc1O,139.114,5,2,1,1,5,89.10000000000001,-0.4230999999999999,0
N=c1ncoc(=O)[nH]1,113.076,4,2,0,1,5,82.74000000000001,-1.1576300000000002,0
N=CC1OC(=O)NC1=O,128.087,4,2,1,1,5,79.25,-0.7290300000000001,1
CC1=NC(CO)=NC1=O,126.11499999999998,3,1,1,1,4,62.02,-0.6217000000000001,0
NC(=O)C1=NC(O)=C1,112.08799999999998,3,2,1,1,4,75.68,-0.6742999999999999,0
COc1c(N)cnn1C=O,141.13,5,1,2,1,5,70.14,-0.48780000000000023,0
N=C1C=C(N)OC1=O,112.088,4,2,0,1,4,76.17000000000002,-0.6369300000000002,0
N#CCc1nc(C=O)n[nH]1,136.114,4,1,2,1,5,82.43,-0.31672000000000006,0
NC(=O)c1cnc(N)o1,127.103,4,2,1,1,5,95.14,-0.6443000000000001,0
N=C(C=O)C1N=CN=N1,124.10300000000001,5,1,2,1,5,78.0,0.02526999999999996,1
N=CN1CC(=N)N1C=O,126.11899999999999,3,2,2,1,5,71.25,-0.7402600000000001,0
N=COc1cc(N)on1,127.103,5,2,2,1,5,85.13,0.2426700000000001,0
COC1=NC(N)=NC1=N,126.11900000000001,4,2,0,1,5,83.82,-0.66313,0
N=Cc1oc(N)nc1N,126.11900000000003,5,3,1,1,5,101.92,-0.1633300000000001,0
N=C1OCC(=N)C(=O)O1,128.087,5,2,0,1,5,83.23,-0.48566000000000015,0
Nc1ncc(OC=O)[nH]1,127.10299999999998,4,2,2,1,5,81.0,-0.47290000000000026,0
CC(=O)N1N=C1N,99.093,3,1,0,1,4,58.459999999999994,-0.9218,0
N=c1[nH]nc(N)c(=N)o1,127.107,5,4,0,1,6,115.54,-1.4561600000000006,0
N=C1OCC(=O)C1=O,113.07199999999999,4,1,0,1,4,67.22,-0.8679300000000001,0
Nc1coc(=O)nc1O,128.087,5,2,0,1,5,89.35000000000001,-0.6774,0
Cc1nnc(CO)n1N,128.135,5,2,1,1,5,76.96000000000001,-1.2073800000000001,0
N=c1nc(CO)c1=N,111.10399999999998,4,3,1,1,4,80.82,-1.5915599999999999,0
O=c1cnc(CCO)n[nH]1,141.13,4,2,2,1,5,78.87,-1.3003000000000002,0
N=C1NC(=N)C(=O)O1,113.076,4,3,0,1,5,86.03000000000002,-0.95516,0
COC1=NN=C(N)C1=N,126.119,5,2,0,1,5,83.82,-0.66313,0
COC1=NC(=N)NC1=N,126.119,3,3,0,1,5,81.32,-0.45346000000000036,0
CNC1=NC(=N)OC1=N,126.11899999999999,4,3,0,1,5,81.32,-0.45346000000000036,0
N=C1OC=NC(=O)C1O,128.087,4,2,0,1,5,82.74,-1.0903300000000002,1
CN=C1C=NC(=O)O1,112.08799999999998,3,0,0,1,4,51.019999999999996,0.23569999999999997,0
CC(=O)n1ncc(N)n1,126.119,5,1,0,1,5,73.8,-0.47959999999999997,0
N=C1NCCOC(=O)N1,129.119,3,3,0,1,5,74.21,-0.74943,0
COC1=NC(N)=C1C=O,126.115,4,1,1,1,4,64.68,-0.5859000000000001,0
N=C1NC(=O)C(=N)CO1,127.103,4,3,0,1,5,86.03000000000002,-0.9126600000000002,0
N=C1N=C(N)N=CC1=O,124.103,4,2,0,1,5,91.66,-1.06813,0
N=CN1OCCNC1=O,129.119,3,2,1,1,5,65.42000000000002,-0.4497299999999999,0
COC1=NC(=N)NC1=O,127.103,3,2,0,1,5,74.53999999999999,-0.9041300000000003,0
N=c1oc(N)cc(=O)o1,128.087,5,2,0,1,5,93.22000000000001,-0.7055299999999998,0
N=C1N=C(C(N)=O)O1,113.076,3,2,1,1,5,88.53000000000002,-1.1648300000000003,0
Nc1nnc(C=O)n1N,127.107,6,2,1,1,6,99.82000000000001,-1.6134000000000004,0
NCC1=NC(=O)OC1=O,128.087,4,1,1,1,5,81.75,-0.9371,0
N=C1CN=C(N)C(=O)N1,126.119,4,3,0,1,5,91.33000000000001,-1.5493299999999994,0
N=C1OCC(=O)C1=NO,128.087,5,2,0,1,5,82.74,-0.60683,0
CN=c1ncoc(=N)[nH]1,126.11899999999999,4,2,0,1,5,78.03,-0.9873300000000005,0
N=C1CC(N)OC(=N)O1,129.119,5,3,0,1,5,92.18000000000002,-0.37986000000000003,1
N=C1NCC(=O)C(=O)N1,127.103,3,3,0,1,5,82.05000000000001,-1.79033,0
NC(=O)c1nc[nH][n+]1[O-],128.091,3,2,1,1,6,98.71000000000001,-1.8580000000000005,0
N=c1ocnc(N)[n+]1[O-],128.091,5,2,0,1,6,102.84,-1.6303299999999998,0
NC1N=NCC(C=O)O1,129.11899999999997,5,1,1,1,5,77.04,-0.7214000000000003,2
N=c1[nH]c(=N)oc(=N)o1,128.091,5,4,0,1,6,113.61999999999999,-1.3608900000000004,0
NC(=O)C1=NC(=O)O1,114.05999999999999,3,1,1,1,5,81.75000000000001,-0.9796,0
Cc1[nH]c(=O)nnc1O,127.103,4,2,0,1,5,78.87,-0.8210800000000003,0
N=CNc1nc(N)no1,127.10700000000001,5,3,2,1,6,100.82000000000001,-0.3292300000000003,0
N=CNc1cnc(N)o1,126.119,4,3,2,1,5,87.93,0.27577,0
CN=C1N=C(N)C(O)=N1,126.119,2,2,0,1,5,83.33,-0.7004999999999999,0
Nc1ccoc(=O)[n+]1[O-],128.08700000000002,4,1,0,1,5,83.17,-1.1446,0
NC1=CC(N)=NC1=O,111.10400000000001,3,2,0,1,4,81.47,-1.2736000000000003,0
COC1=NC(=N)OC1=N,127.103,4,2,0,1,5,78.52000000000001,-0.02646000000000004,0
CC(=O)C1=NNC1=N,111.104,3,2,1,1,4,65.31,-0.4881300000000001,0
CC1=NC(N)=NC1=O,111.104,3,1,0,1,4,67.81,-0.6978,0
N=CNC1C(=N)OC1C=O,141.13,4,3,3,1,5,86.03,-0.8733600000000004,2
COC1=NC(=N)N=C1N,126.11900000000001,3,2,0,1,5,83.82,-0.66313,0
N=CC1N=NC=C1O,111.10399999999998,4,2,1,1,4,68.8,0.8697699999999999,1
N=C1OC(=O)N=C1CN,127.10300000000001,4,2,1,1,5,88.53,-0.48642999999999986,0
N=C1N=CC(F)=[N+]1[O-],115.06700000000001,2,1,0,1,5,62.28,-0.11613000000000001,0
N=C1OC(=N)C(=O)O1,114.05999999999999,5,2,0,1,5,83.23,-0.5281600000000002,0
N=C1COC(=N)C(=O)N1,127.103,4,3,0,1,5,86.03,-0.9126600000000002,0
CC(=O)C1=NC(N)=N1,111.10400000000001,4,1,1,1,4,67.81,-0.6978,0
CNC1=NCOC(=N)O1,129.119,5,2,0,1,5,66.7,-0.49913000000000024,0
N=C1OCC(=O)OC1=N,128.087,5,2,0,1,5,83.22999999999999,-0.48566000000000015,0
NC(=O)N1CC=NCO1,129.119,3,1,0,1,5,67.92,-0.6594,0
N=C(N)C1=NC(O)=N1,112.092,3,3,1,1,5,94.82000000000001,-0.75153,0
CC(=O)n1ncc(O)n1,127.10299999999998,5,1,0,1,5,68.01,-0.3562,0
N=C1CN=C1NC=O,111.10399999999998,3,2,1,1,4,65.31,-0.8357300000000003,0
CC(=O)c1cc(O)no1,127.09899999999998,4,1,1,1,4,63.33,0.5828,0
COC#CC1=NC(=N)O1,124.09899999999999,3,1,0,1,4,54.67,-0.04282999999999998,0
N=C1ON=C1CC=NC=O,139.11399999999998,4,1,3,1,5,74.87,-0.03283000000000014,0
N=CN1C=NC(O)CO1,129.11899999999997,4,2,1,1,5,68.91000000000001,-0.8126300000000002,1
N=C1OCC(=O)C(=N)O1,128.087,5,2,0,1,5,83.23,-0.48566000000000015,0
O=C1NN=C(CO)C1=O,128.087,4,2,1,1,5,78.75999999999999,-1.9664000000000006,0
CN=C1N=C(CO)N1N,128.135,3,2,1,1,5,74.21000000000001,-1.4476999999999998,0
COC1=NC(=N)N=C1C=N,138.13,3,2,1,1,5,81.65,0.07023999999999997,0
NC1=C(NC=O)OCN1,129.119,4,3,2,1,5,76.38,-1.605,0
N=C1COC(=N)C(=O)N1,127.103,4,3,0,1,5,86.03,-0.9126600000000002,0
COC1=CC(=O)N=C1N,126.11500000000001,3,1,1,1,4,64.67999999999999,-0.5859000000000001,0
N=C1N=CN=C1NC=O,124.10299999999998,3,2,1,1,5,77.67,-0.8499300000000003,0
Nc1oc(O)nc1C=O,128.087,5,2,1,1,5,89.35,-0.2250999999999999,0
CN=c1nc(C=O)cn[nH]1,138.13,4,1,1,1,5,71.0,-0.8523000000000005,0
N=c1onccc1N,111.10399999999998,4,2,0,1,4,75.9,-0.2637299999999999,0
CC(=N)OC1=CC(=O)N1,126.11499999999998,3,2,1,1,4,62.18,-0.028630000000000044,0
CCC(O)C1=NC(=O)N1,128.131,2,2,2,1,4,61.690000000000005,-0.12099999999999989,1
N=C1OC(C=O)=C1N,112.088,4,2,1,1,4,76.17,-0.63693,0
Cc1nc(C=O)[nH]c(=N)n1,138.12999999999997,4,2,1,1,5,82.49,-0.59491,0
COC(=O)c1nccn1O,142.114,5,1,1,1,5,64.35,-0.09300000000000003,0
Nc1noc(C=O)n1,113.076,5,1,1,1,5,82.01,-0.5357000000000001,0
N=C1CC(=N)C(O)CO1,128.13099999999997,4,3,0,1,4,77.16000000000001,-0.23536000000000012,1
COC1=C(O)C=NC1=N,126.11499999999998,3,2,1,1,4,65.67,0.46407,0
Cc1ncnn(CO)c1=O,141.13,5,1,1,1,5,68.00999999999999,-1.10348,0
N#CCC1=NN=C1O,109.088,3,1,1,1,4,68.74,0.22618,0
Cn1oncc1=NC=O,127.10299999999998,4,0,1,1,5,60.39,-0.9298,0
N=C1OCC(=O)C(=N)O1,128.087,5,2,0,1,5,83.23,-0.48566000000000015,0
CC(=N)C(=O)N1CN1,113.12,3,2,1,1,4,65.87,-0.6696300000000002,0
Cn1cnc(NC=O)c1,125.13099999999997,3,1,2,1,4,46.92,-0.01160000000000011,0
N=C1OCNC(=O)CO1,130.10299999999998,4,2,0,1,5,71.41,-0.9583300000000003,0
N=CN1OCCNC1=O,129.119,3,2,1,1,5,65.42000000000002,-0.4497299999999999,0
N=C1N=C(N)N=C1C=O,124.103,4,2,1,1,5,91.66,-1.06813,0
COc1nnc(O)n1C=N,142.118,6,2,2,1,6,84.02000000000001,-0.5525300000000002,0
Nc1coc(OC=O)c1,127.09899999999998,4,1,2,1,4,65.46000000000001,0.397,0
N=C1N=C(CO)N=C1CN,140.146,4,3,2,1,5,94.82,-1.23223,0
C#Cc1cnn[nH]c1=O,121.09899999999999,3,1,0,1,4,58.64,-0.8538000000000001,0
Nc1ncc(C=O)n1O,127.10299999999998,5,2,1,1,5,81.14,-0.48490000000000005,0
N#Cc1oc(N)nc1N,124.10300000000002,5,2,0,1,5,101.86,-0.28931999999999997,0
N=C1NC(=O)C(C=O)O1,128.087,4,2,1,1,5,79.25000000000001,-1.3649300000000002,1
N=Cc1ncnnc1N,123.11900000000001,5,2,1,1,5,88.54,-0.5485300000000002,0
N=C1NC(=N)C(=O)O1,113.076,4,3,0,1,5,86.03000000000002,-0.95516,0
NC(=O)C1=NC=NC1=O,125.08699999999999,3,1,1,1,5,84.88,-1.5188,0
N=CN=CC1=NC=NC1=N,135.13,3,2,2,1,5,84.78,0.12444,0
CN=C1NC(=N)OCO1,129.119,4,2,0,1,5,66.7,-0.4991300000000003,0
N=C1OC(=O)CNC1C=O,142.11399999999998,5,2,1,1,5,79.25,-1.3224300000000002,1
Nn1c(C=O)cnc1O,127.10299999999998,5,2,1,1,5,81.14,-0.8850000000000002,0
N#CC(N)C1=NOC1=O,125.08699999999999,5,1,1,1,5,88.47,-1.2499200000000001,1
N=C1COC(=N)C(=N)O1,127.103,5,3,0,1,5,90.01,-0.034989999999999966,0
N=C1OCOC(=O)CO1,131.087,5,1,0,1,5,68.61,-0.5313300000000001,0
CC(N)(N)C1=CN=[N+]1[O-],128.135,4,2,1,1,5,90.47000000000001,-0.5625,0
N=C(N)N1COC(=O)C1,129.11899999999997,3,2,0,1,5,79.41,-1.30383,0
CCN=c1cnc(N)no1,140.14600000000002,5,1,1,1,5,77.3,-0.4275999999999999,0
N=Cn1c(O)cnc1N,126.11899999999999,5,3,1,1,5,87.92,-0.37393000000000004,0
N=C1COCNC(=O)CN1,143.14600000000002,3,3,0,1,5,74.21,-1.3428299999999997,0
Nc1cnn(C=O)c1N,126.119,5,2,1,1,5,86.92999999999999,-0.9142000000000001,0
N=C1N=C(N)NC1=N,111.108,3,4,0,1,5,98.11000000000001,-1.1411600000000002,0
COC1=NC(=O)C(N)=N1,127.10300000000001,4,1,0,1,5,77.03999999999999,-1.1138000000000003,0
N=C(O)C1=NC(N)=N1,112.09200000000001,4,3,1,1,5,94.82,-0.75153,0
CN=C1C=NN1C=O,111.10399999999998,3,0,1,1,4,45.03,-0.5275000000000001,0
NC(=O)C1=CC(N)=N1,111.104,3,2,1,1,4,81.47,-1.2735999999999998,0
NC1=COC(=NO)C1=O,128.087,5,2,0,1,5,84.91,-0.8265000000000002,0
N=C(O)c1n[nH]c(=O)o1,129.075,4,3,1,1,6,102.96999999999998,-0.75373,0
CC1=NC(O)=NC1=N,111.10399999999998,2,2,0,1,4,68.80000000000001,0.35217,0
CN=C1N=CC(N)=[N+]1[O-],126.119,3,1,0,1,5,76.80999999999999,-1.0758999999999999,0
N=CN1C=NC(C(=O)O)N1,142.11799999999997,4,3,2,1,6,88.78,-1.14733,1
CNC(=O)C1=NC(O)=N1,127.103,3,2,1,1,5,74.05,-0.9415,0
CNC(=N)C1=CC(O)=N1,125.13099999999999,2,3,1,1,4,68.47,0.037069999999999714,0
O=CC1NC(=O)NCO1,130.103,3,2,1,1,5,67.43,-1.2017000000000002,1
Cc1cnc(=O)oc1O,127.09899999999998,4,1,0,1,4,63.33,0.04881999999999981,0
NC1=NC(C=O)=NC1=O,125.08699999999997,4,1,1,1,5,84.88,-1.5188,0
O=CC1CONC1=O,115.088,3,1,1,1,4,55.4,-1.1371,1
N=Cc1cn(N)c(N)n1,125.13500000000002,5,3,1,1,5,93.71,-0.8232300000000001,0
N=C1N=COC(=N)CN1,126.119,3,3,0,1,5,81.32,-0.45346000000000014,0
N#CCNC1=NOC1=N,124.103,5,2,1,1,5,81.25999999999999,-0.57945,0
CNC1=NC(=O)C(N)=N1,126.119,4,2,0,1,5,79.84,-1.540799999999999,0
NC1=CN=C(N)C1=O,111.104,4,2,0,1,4,81.47,-1.2735999999999998,0
N=CN1C=NC1OC=O,127.10299999999997,4,1,3,1,5,65.75,-0.6060300000000001,1
Nc1nc(C=O)no1,113.07599999999998,5,1,1,1,5,82.01,-0.5357000000000001,0
Nc1c(C=O)c1=NO,112.088,4,2,1,1,4,75.68,-0.7532000000000003,0
N#CC(O)c1cn[nH]n1,124.10300000000001,4,2,1,1,5,85.58999999999999,-0.6383200000000002,1
CC(O)C1=NN=C1N,113.12000000000002,4,2,1,1,4,70.97,-0.9060000000000001,1
N=c1oc(=N)oc(=N)o1,129.075,6,3,0,1,6,110.97000000000001,-1.0959900000000002,0
N=C1C=C(N)C(C=O)=N1,123.115,3,2,1,1,4,79.3,-0.5402300000000002,0
N=CC1=NOC(=N)C1=O,125.08699999999999,5,2,1,1,5,86.35999999999999,-0.4314600000000001,0
CN=NC1NCOC1=O,129.119,5,1,1,1,5,63.050000000000004,-0.5016,1
CN=C1ON=C(N)C1=N,126.119,5,2,0,1,5,83.82,-0.66313,0
N=C1NC(=N)C(=O)O1,113.076,4,3,0,1,5,86.03000000000002,-0.95516,0
N=C1C(N)=CN=C1O,111.10399999999998,3,3,0,1,4,82.46000000000001,-0.22363000000000027,0
N=C1OCC(=O)C(=O)O1,129.071,5,1,0,1,5,76.45,-0.9363300000000001,0
CN=C1ON=C(N)C1=O,127.103,5,1,0,1,5,77.03999999999999,-1.1138,0
C#CCC1=NC(=N)N1N,122.13100000000001,2,2,1,1,4,65.47,-0.4677299999999999,0
N=c1ncc(C=O)n[nH]1,124.103,4,2,1,1,5,82.49000000000001,-0.9033300000000002,0
N=COC1NC(=O)C1=O,128.087,4,2,2,1,5,79.25,-1.3649300000000002,1
N=CC(=O)c1ncn[nH]1,124.10300000000001,4,2,2,1,5,82.49000000000001,-0.36303000000000013,0
N=C1COCOC(=N)C1=N,141.13,5,3,0,1,5,90.00999999999999,0.007510000000000017,0
N=C1COCNC(=N)O1,129.119,4,3,0,1,5,78.19000000000001,-0.5076600000000004,0
O=C1C=C(CCO)N=N1,126.11500000000001,3,1,2,1,4,62.019999999999996,0.24509999999999993,0
CN=c1oc(=O)c1=O,113.07199999999999,4,0,0,1,4,59.64,-1.5939,0
Cc1nc(=N)[nH]c(=O)[nH]1,126.11899999999999,3,3,0,1,5,85.38999999999999,-1.1141099999999997,0
COC1=NC(F)=NC1=N,129.09400000000002,3,1,0,1,5,57.800000000000004,0.34767,0
COC1=NC(=O)N=C1O,128.087,2,1,0,1,5,71.25,0.12140000000000001,0
N=C1NC=NC(C=O)O1,127.10299999999998,4,2,1,1,5,74.54,-0.9057300000000001,1
N#CC(O)c1cnoc1,124.09899999999999,4,1,1,1,4,70.05,0.23157999999999995,1
CN=C1N=CC(N)=N1,110.12,2,1,0,1,4,63.099999999999994,-0.5862,0
N=CN1COCC(=O)N1,129.119,3,2,1,1,5,65.42,-1.0856300000000003,0
Cn1ncc(N)c1N,112.13600000000002,4,2,0,1,4,69.86,-0.4154999999999999,0
COC1=NNC(=O)C1=O,128.087,4,1,0,1,5,67.75999999999999,-1.3548000000000002,0
N=C(N)C1=NC=NC1=O,124.103,3,2,1,1,5,91.66,-1.06813,0
N=C1NC(=O)OC1=N,113.076,4,3,0,1,5,86.03,-0.3192599999999998,0
O=c1occ(F)n[n+]1[O-],132.05,4,0,0,1,6,70.04,-1.1926999999999999,0
CCn1cnc(=N)n1O,128.135,5,2,1,1,5,66.83,-0.5787300000000002,0
COc1onnc1C=O,128.087,5,0,2,1,5,65.22,-0.10930000000000006,0
NC1=NCNCC(=O)O1,129.11899999999997,5,2,0,1,5,76.71,-1.5949999999999993,0
N=C1NC(=O)OC=CO1,128.087,4,2,0,1,5,71.41000000000001,0.14877000000000018,0
N=C(N)C1=NC=NC1=O,124.103,3,2,1,1,5,91.66,-1.06813,0
N=C1NC(=O)CC(=O)O1,128.087,4,2,0,1,5,79.25000000000001,-1.0157300000000002,0
N=C1OCC(=O)OC1=N,128.087,5,2,0,1,5,83.22999999999999,-0.48566000000000015,0
C#Cc1n[nH]c(N)[n+]1[O-],124.103,3,2,0,1,5,81.64,-1.3933999999999997,0
CN=C1OC(=O)NC1=N,127.103,4,2,0,1,5,74.53999999999999,-0.2682300000000001,0
N#CCc1nnoc1N,124.10300000000001,5,1,1,1,5,88.73,-0.28212000000000004,0
N=Cc1ncnc(N)n1,123.11900000000001,5,2,1,1,5,88.54,-0.5485300000000002,0
O=CC1NC(=O)NC1=O,128.087,3,2,1,1,5,75.27000000000001,-1.6067,1
CCn1nn[nH]c1=NC=O,141.134,4,1,2,1,6,75.93,-1.3167999999999997,0
CC1OC(=N)NC1=O,114.10399999999998,3,2,0,1,4,62.18,-0.5439300000000002,1
N=C1NC(=O)C(=N)O1,113.076,4,3,0,1,5,86.03000000000002,-0.9551600000000002,0
O=C1C=C(F)C(=O)O1,116.047,3,0,0,1,4,43.370000000000005,-0.07680000000000003,0
NC(=O)C1=NC(=O)C=N1,125.08699999999999,3,1,1,1,5,84.88000000000001,-1.5188,0
C#Cc1nc(N)nn1N,123.11900000000003,5,2,0,1,5,82.75,-1.4446000000000003,0
N=C1NCOC(=O)CO1,130.103,4,2,0,1,5,71.41,-0.9583300000000001,0
N=C1OCC(=O)C(=N)O1,128.087,5,2,0,1,5,83.23,-0.48566000000000015,0
N=CC1NC(=O)OCO1,130.103,4,2,1,1,5,71.41000000000001,-0.32403000000000004,1
N=C1N=CC(C(=N)N)O1,126.119,3,3,1,1,5,95.31,-0.67326,1
CC1(N=N)NC(C=O)O1,129.11899999999997,5,2,2,1,5,74.54,-0.16413000000000005,2
Cc1nnc(C=N)n1N,125.135,5,2,1,1,5,80.58,-0.70201,0
C#CCC1=NC(=N)N=N1,120.11500000000001,2,1,1,1,4,60.93,0.80877,0
NC1=NC(=O)C(CO)=N1,127.10299999999998,4,2,1,1,5,88.03999999999999,-1.7253999999999996,0
CN=C1C=C(N)N=[N+]1[O-],126.11900000000001,4,1,0,1,5,76.80999999999999,-0.20909999999999973,0
CN=c1[nH]nc(N)n1N,128.139,5,3,0,1,6,98.01,-1.9623,0
COc1cnn[nH]c1=O,127.103,4,1,1,1,5,67.87,-0.8265,0
N=C1NN=C1C(=O)C=O,125.08699999999997,4,2,2,1,5,82.38,-1.3091300000000001,0
N=Cc1ncnc(N)n1,123.11900000000001,5,2,1,1,5,88.54,-0.5485300000000002,0
COc1cnoc(=O)c1,127.09899999999998,4,0,1,1,4,52.330000000000005,0.04339999999999988,0
N=C1CC(=O)NC1=N,111.10399999999998,3,3,0,1,4,76.80000000000001,-0.49666000000000027,0
CN=C1NC=NC1=O,111.10399999999998,2,1,0,1,4,53.82,-0.8272000000000002,0
CNC(=O)C1=NC(=N)O1,127.103,3,2,1,1,5,74.54,-0.9041300000000001,0
CNC(=O)n1ccc(=N)o1,141.13,4,2,0,1,5,71.02000000000001,-0.25193000000000015,0
CCC1=NC(N)=NC1=O,125.131,3,1,1,1,4,67.81,-0.30770000000000003,0
N=C1NC(C=O)OC1=N,127.103,4,3,1,1,5,86.03,-0.9142600000000001,1
COC(=O)c1ccn[nH]1,126.115,3,1,1,1,4,54.98,0.19629999999999997,0
N=C1OC(=O)C(C=O)O1,129.07099999999997,5,1,1,1,5,76.45,-0.9379300000000002,1
O=Cc1nc(CO)n[nH]1,127.103,4,2,2,1,5,78.87,-0.8905000000000003,0
N=C1COC(=N)N=CO1,127.103,4,2,0,1,5,78.52,-0.026460000000000095,0
N=COC1=NCOC1=N,127.103,5,2,1,1,5,78.52000000000001,-0.026460000000000095,0
CN=C1N=CNC1=O,111.10399999999998,2,1,0,1,4,53.82,-0.8272000000000002,0
N=Cc1cncc(N)n1,122.131,4,2,1,1,4,75.65,0.05646999999999991,0
N=C1OC(C=O)C1=O,113.07199999999999,4,1,1,1,4,67.22,-0.8695300000000001,1
N=C1C=C(CO)C(=N)O1,126.11499999999998,4,3,1,1,4,77.16000000000001,-0.11015999999999998,0
N#Cn1c(CO)n[nH]c1=N,139.118,5,3,1,1,6,101.47999999999999,-1.4878500000000003,0
N=C1NCC(=O)N=CO1,127.103,3,2,0,1,5,74.54,-0.9041300000000001,0
N=C1C(=O)OC=C1N,112.088,4,2,0,1,4,76.17,-0.63693,0
N=C1N=C(CO)N=C1N,126.119,4,3,1,1,5,94.82,-1.2747300000000001,0
Cn1cn[nH]c1=NCO,128.135,4,2,1,1,5,66.2,-1.4013000000000004,0
N=COC1CNC1=NO,129.11900000000003,4,3,2,1,5,77.7,-0.63043,1
N=C1OC(=O)OCC1=O,129.071,5,1,0,1,5,76.44999999999999,-0.30043,0
CNC(=O)C1=NC(N)=N1,126.11900000000001,4,2,1,1,5,79.84,-1.540799999999999,0
N=C1CC(=N)C(=NO)N1,126.11899999999999,4,4,0,1,5,92.32000000000001,-0.2355600000000001,0
CC(=O)c1nnc(N)o1,127.10300000000001,5,1,1,1,5,82.01,-0.14559999999999984,0
N=C1COC(=O)N=CO1,128.087,4,1,0,1,5,71.74,0.15877000000000002,0
NCC1=NCC(=NO)C1=O,141.13,5,2,1,1,5,88.03999999999999,-1.201,0
CNC1=NN=CC1=O,111.10399999999998,4,1,0,1,4,53.82,-0.8272000000000002,0
N=CN1CC(=N)COC1=O,141.13,4,2,1,1,5,77.24000000000001,0.06544,0
N=CC1=C(O)N=C1C=O,124.09899999999998,4,2,2,1,4,73.50999999999999,0.059069999999999956,0
CN=C1N=NC(CO)=N1,126.11899999999999,3,1,1,1,5,69.67,-0.17119999999999996,0
CN=C1C=NNC1=O,111.10399999999998,3,1,0,1,4,53.82,-0.8272000000000002,0
COC1=C(N)N=C1N,113.12000000000002,4,2,1,1,4,73.63,-0.8686,0
N#CC1NCOC(=N)N1,126.119,4,3,0,1,5,80.93,-1.0622500000000004,1
N=C1NCOC(=O)CO1,130.103,4,2,0,1,5,71.41,-0.9583300000000001,0
ON=C1CCNC1=NO,129.11900000000003,4,3,0,1,5,77.21000000000001,-0.40240000000000004,0
COc1cnoc(=N)n1,127.103,5,1,1,1,5,72.0,-0.44233000000000006,0
N=C1OCNC(C=O)O1,130.10299999999998,5,2,1,1,5,71.41,-0.9599300000000004,1
CCC(O)C1=NN=C1N,127.14700000000002,4,2,2,1,4,70.97,-0.5159,1
NC(=O)n1[nH]cc1N,114.10799999999999,3,3,0,1,5,89.83,-0.6748000000000003,0
N=C1OCN=NC1C=O,127.10299999999998,5,1,1,1,5,74.87,-0.028930000000000122,1
CC1(C(=N)N)N=CCN1,126.16300000000001,3,3,1,1,4,74.26,-0.68743,1
CC(O)c1c[nH]c(N)n1,127.147,3,3,1,1,4,74.92999999999999,0.04519999999999985,1
N=C1COC(=N)OCO1,130.103,5,2,0,1,5,75.39,-0.08066000000000012,0
N=C1OCC(C=O)C(=N)O1,142.11399999999998,5,2,1,1,5,83.23,-0.23966000000000015,1
Cc1nnc(C=N)c(=O)o1,139.11399999999998,5,1,1,1,5,79.84,-0.26411,0
N=C1NCOC(=O)CN1,129.119,3,3,0,1,5,74.21,-1.3853300000000002,0
CC1=NN=C(N)C1=N,110.12,4,2,0,1,4,74.59,-0.24712999999999996,0
Nc1cnc(NC=O)o1,127.10299999999998,4,2,2,1,5,81.14999999999999,-0.17490000000000022,0
CN=C(N)C1=CN=[N+]1[O-],126.11899999999999,3,1,1,1,5,76.80999999999999,-0.20909999999999979,0
Nc1ncnc(CCO)n1,140.146,5,2,2,1,5,84.92,-1.0114000000000003,0
CC(=O)c1nnc(N)[nH]1,126.11900000000001,4,2,1,1,5,84.66,-0.41050000000000003,0
CC(N)c1nnc(N)o1,128.13500000000002,5,2,1,1,5,90.96,-0.32849999999999996,1
Cn1cnc(=N)oc1=N,126.11899999999999,5,2,0,1,5,78.66,-1.0279600000000002,0
N=C1N=C(O)NC1=O,113.07599999999998,2,3,0,1,5,85.53999999999999,-0.9925300000000001,0
CC1=NC(=N)C(CO)=N1,125.13099999999999,3,2,1,1,4,68.8,-0.17103000000000002,0
N=c1ncc(CN)n[nH]1,125.13500000000002,4,3,1,1,5,91.44,-1.2571300000000003,0
N=COC1C(=N)NC1=O,127.103,4,3,2,1,5,86.03,-0.9142600000000003,1
N=C1NCC(=O)OC1=N,127.103,4,3,0,1,5,86.03,-0.9126600000000002,0
CN=c1nc[nH]c(=O)[nH]1,126.11899999999999,3,2,0,1,5,73.9,-1.3714999999999997,0
N=C1COC(=O)NC1=O,128.087,4,2,0,1,5,79.25,-0.7274300000000002,0
N=C1NC(=N)C(C=O)O1,127.10299999999998,4,3,1,1,5,86.03000000000002,-0.9142600000000001,1
Cn1c(CO)noc1=N,129.119,5,2,1,1,5,75.03999999999999,-1.0151300000000003,0
NC(=O)C1N=NNC1=O,128.091,4,2,1,1,6,96.91,-1.6627000000000003,1
C=Cn1[nH]c(=O)c(=N)o1,127.10299999999998,4,2,1,1,5,74.78,-0.65063,0
CN=C1NN=C1C=O,111.10399999999998,3,1,1,1,4,53.82,-0.8272000000000002,0
CC(=O)C1=C(N)N=N1,111.10400000000001,4,1,1,1,4,67.81,0.16900000000000004,0
N=CC1=NC=NC1=N,108.104,3,2,1,1,4,72.42,0.09614,0
N=C1OCCOC1=O,115.088,4,1,0,1,4,59.38,-0.46293000000000006,0
N#CCOc1cn[nH]n1,124.103,4,1,2,1,5,74.59,-0.29292,0
CC(=O)C1=NN=C1N,111.10400000000001,4,1,1,1,4,67.81,-0.6978,0
CC(N)C1=NC(=O)N=N1,126.119,3,1,1,1,5,80.17,0.3179000000000002,1
N=c1nc(CO)nco1,127.10299999999998,5,2,1,1,5,83.0,-0.9586300000000001,0
N=C1COC(=O)OCO1,131.087,5,1,0,1,5,68.61,0.10457,0
N=C1OCC(=O)C(=O)O1,129.071,5,1,0,1,5,76.45,-0.9363300000000001,0
N=C1N=CC(N)=C1N,110.12000000000002,3,3,0,1,4,88.25,-0.8229300000000002,0
N=C1N=C(C(=N)O)O1,113.07599999999998,3,3,1,1,5,89.52000000000001,-0.11485999999999996,0
N=C1COCOC(=N)N1,129.119,4,3,0,1,5,78.19,-0.50766,0
N=CN1NC(=O)CCO1,129.119,3,2,1,1,5,65.42,-0.73803,0
CCn1oc(=N)nc1N,128.135,5,2,1,1,5,80.83,-0.44233000000000006,0
N=Cc1ncc(N)nc1N,137.146,5,3,1,1,5,101.67,-0.3613300000000001,0
N=Cc1noc(N)n1,112.09200000000001,5,2,1,1,5,88.79,-0.3505300000000002,0
N=c1nc[nH]n1C=O,112.09199999999998,4,2,1,1,5,74.53,-1.27103,0
N#CC(N)C1=CN=C1N,122.131,4,2,1,1,4,88.19,-0.90802,1
Nc1ccoc(=O)c1N,126.11500000000001,4,2,0,1,4,82.25,-0.19580000000000009,0
COc1n[nH]c(C#N)n1,124.103,4,1,1,1,5,74.59,-0.31502,0
Cc1nc(=N)oc(=O)[nH]1,127.10299999999998,4,2,0,1,5,82.74000000000001,-0.8492100000000002,0
NC1=NC(=O)C=C1O,112.08799999999997,3,2,0,1,4,75.67999999999999,-0.6742999999999999,0
N=c1ncnc([O-])n1O,127.08299999999998,6,2,0,1,6,97.85000000000001,-1.9315300000000004,0
COc1nc[nH]c(=N)n1,126.119,4,2,1,1,5,74.65,-0.70723,0
O=C1NC(=O)C(=O)N1,114.05999999999999,3,2,0,1,5,75.27,-1.6476000000000002,0
O=CC(=O)C1=C(O)O1,114.05599999999998,4,1,2,1,4,66.9,-0.4883000000000001,0
CNC1=NN=C1CO,113.11999999999999,4,2,1,1,4,56.980000000000004,-1.0338,0
N=C1OC(=O)COC1=O,129.071,5,1,0,1,5,76.44999999999999,-0.9363300000000001,0
CNC(=O)c1cnc(N)o1,141.13,4,2,1,1,5,81.15,-0.3836000000000001,0
N=C1N=NC=C(N)C1=O,124.103,4,2,0,1,5,91.66,-0.2013299999999999,0
N#Cn1cnc(C=N)n1,121.103,5,1,1,1,5,78.35000000000001,-0.39505000000000007,0
N=C1OC(=O)C=C1CO,127.09899999999998,4,2,1,1,4,70.38,-0.5608299999999999,0
CNC1NC(=N)C(=O)O1,129.119,4,3,1,1,5,74.21,-1.3869299999999998,1
N=c1nc(N)cc(CO)o1,141.13,5,3,1,1,5,96.13000000000001,-0.7714300000000001,0
Cn1cc(O)nc1N,113.12,4,2,0,1,4,64.07,-0.2921000000000002,0
NC(=O)C(=O)N1C=N1,113.076,3,1,0,1,5,75.53,-1.7428000000000001,0
CC(=O)c1n[nH]c(N)n1,126.11900000000001,4,2,1,1,5,84.66,-0.41050000000000003,0
CNc1noc(=O)n1CO,145.118,6,2,2,1,6,80.29,-1.1722000000000004,0
CN=C1N=C(O)N=C1N,126.119,3,2,0,1,5,83.33,-0.7004999999999999,0
N=C1COC(=N)C(=N)O1,127.103,5,3,0,1,5,90.01,-0.034989999999999966,0
CN=C1OCOC(=N)CO1,144.13,5,1,0,1,5,63.900000000000006,-0.02962999999999999,0
Cc1nc(N)noc1=O,127.103,5,1,0,1,5,82.00999999999999,-0.6795800000000001,0
CC1=NCN=C(CO)O1,128.13099999999997,4,1,1,1,4,54.18000000000001,-0.21669999999999995,0
N=CC1N=COC(=N)O1,127.10299999999998,5,2,1,1,5,78.52,-0.02805999999999992,1
N=C1NCC(=O)OC1=O,128.087,4,2,0,1,5,79.25,-1.36333,0
Nc1noc(C=O)c1N,127.103,5,2,1,1,5,95.14,-0.3485000000000002,0
CC(=O)C1=NN=C1N,111.10400000000001,4,1,1,1,4,67.81,-0.6978,0
C#Cc1noc(=O)[nH]1,110.07199999999999,3,1,0,1,4,58.89,-0.6558000000000002,0
CC(N)(N)C1=NC=N1,112.136,4,2,1,1,4,76.76,-0.9395999999999991,0
N=Cc1nn[nH]c1C=N,123.11899999999999,4,3,2,1,5,89.27000000000001,-0.19995999999999986,0
CNC(=O)c1cnco1,126.11499999999998,3,1,1,1,4,55.13,0.03419999999999995,0
O=C(CO)c1ncn[nH]1,127.10300000000001,4,2,2,1,5,78.87,-1.0203000000000002,0
N=C(N)OC1CC(=O)N1,129.119,3,3,1,1,5,88.20000000000002,-1.2575299999999998,1
NC=C1N=NC(CN)=N1,125.135,5,2,1,1,5,89.11999999999999,-0.433,0
NC=C(N)C1=NOC1=O,127.10299999999998,5,2,1,1,5,90.70000000000002,-1.3420000000000003,0
N=C(N)C1=NC(=O)NC1,126.119,2,3,1,1,5,91.33000000000001,-0.91343,0
N#CC(N)C1=NN=N1,109.09200000000001,5,1,1,1,5,86.89,-0.38342000000000004,1
CCc1n[nH]c(=N)n1CO,142.162,4,3,2,1,5,77.69,-0.7971300000000003,0
COc1nc(N)cc(O)n1,141.13,5,2,1,1,5,81.26,-0.22699999999999992,0
N=CC1=NC(=N)N=C1N,123.11900000000001,3,3,1,1,5,98.44,-0.6174600000000001,0
Cc1nc(CN)c(N)o1,127.147,4,2,1,1,4,78.07,0.023920000000000108,0
N=C1N=CCNC(=O)O1,127.103,3,2,0,1,5,74.54,-0.26823000000000013,0
N=C1N=C(CO)N=C1O,127.10299999999998,3,3,1,1,5,89.03,-0.67543,0
COc1cnc(=O)[nH]n1,127.103,4,1,1,1,5,67.87,-0.8265000000000002,0
N=C1COC(=N)OCN1,129.119,4,3,0,1,5,78.19,-0.5076600000000002,0
CC1=NC(=O)OC1=N,112.08799999999998,3,1,0,1,4,62.51,0.57477,0
N=C1OC(C=O)OC1=N,128.087,5,2,1,1,5,83.22999999999999,-0.48725999999999997,0
CNC(=O)c1ncon1,127.103,4,1,1,1,5,68.02000000000001,-0.5708000000000002,0
CCC1=NN=C(N)C1=O,125.13099999999999,4,1,1,1,4,67.81,-0.30770000000000003,0
NC1=C(N)C(=O)C=N1,111.10399999999998,4,2,0,1,4,81.47,-1.2736000000000003,0
N=C1COC(=N)N1C=O,127.103,4,2,1,1,5,77.24000000000001,-0.6129600000000002,0
N=C1OC(=O)C(=NO)O1,130.059,6,2,0,1,6,91.97,-0.71773,0
Nc1n[nH]cnc1=NC=O,139.118,4,2,1,1,6,97.02000000000001,-1.556,0
CNC(=O)C1=NC(=N)N=C1,138.13000000000002,2,2,1,1,5,77.67,-0.8074300000000001,0
COc1[nH]nnc1C=N,126.119,4,2,2,1,5,74.65,-0.1890300000000002,0
NC1=NC(NC=O)=C1C=O,139.11399999999998,4,2,3,1,5,84.54999999999998,-1.4863,0
N=Cc1ncc(O)n1C=O,139.11399999999998,5,2,2,1,5,78.97,-0.37533000000000005,0
N=C1C=NN=C1N,96.093,4,2,0,1,4,74.59,-0.63723,0
N=C1C(CO)=NN1C=O,127.103,4,2,2,1,5,76.75,-1.2160300000000002,0
N=CC1=NC(=N)C(=O)N1,124.103,3,3,1,1,5,89.16,-0.8584600000000002,0
CN(C#N)c1ncn[nH]1,123.119,4,1,1,1,5,68.6,-0.2780200000000001,0
CN=C1N=NC(C=N)=N1,123.11899999999999,3,1,1,1,5,73.28999999999999,0.48607000000000006,0
NC1=C(O)C=NC1=O,112.088,3,2,0,1,4,75.68,-0.6742999999999999,0
N=C1C=COC(=O)ON1,128.087,4,2,0,1,5,71.41,0.14876999999999996,0
CN=C1NC(=N)C(=N)O1,126.11899999999999,4,3,0,1,5,81.32000000000001,-0.45346000000000036,0
NC1=C(C=O)C(CO)=N1,126.115,4,2,2,1,4,75.68,-1.1975000000000002,0
N=C1OC(=O)OC1=O,115.04399999999998,5,1,0,1,5,76.44999999999999,-0.34293,0
N=C1NC(C(=N)O)CO1,129.119,3,4,1,1,5,89.19000000000001,-0.5551600000000001,1
CN=NC1C=NCOC1=O,141.13,5,0,1,1,5,63.38,0.02210000000000001,1
CNc1cn[nH]c(=O)n1,126.119,4,2,1,1,5,70.67,-0.7934000000000003,0
N=C1OC(=O)OC1=N,114.05999999999999,5,2,0,1,5,83.22999999999999,0.10774,0
N=Cc1nocc1N,111.104,4,2,1,1,4,75.9,0.25447000000000003,0
N=C1CNCC(=N)O1,113.11999999999999,4,3,0,1,4,68.96000000000001,-0.4392600000000004,0
N=C1OCC(=N)C(=O)O1,128.087,5,2,0,1,5,83.23,-0.48566000000000015,0
COC1=NC(=O)C(N)=N1,127.10300000000001,4,1,0,1,5,77.03999999999999,-1.1138000000000003,0
CNC1=NC(=N)NC1=O,126.11899999999999,3,3,0,1,5,77.34,-1.3311300000000001,0
CNC(=N)C1=NC=N1,110.12,3,2,1,1,4,60.6,-0.3765300000000002,0
CNC(=N)N1OC1=O,115.09199999999998,3,2,0,1,5,68.49000000000001,-0.4922300000000001,0
N#Cc1conc1N,109.08800000000001,4,1,0,1,4,75.84,0.12848000000000004,0
N=c1ncncnc1N,123.119,5,2,0,1,5,88.54,-1.0667300000000002,0
COC1=NC(N)=C1OC=O,142.114,5,1,2,1,5,73.91,-0.6543000000000001,0
Cc1c(O)nnn1C=N,126.11900000000001,5,2,1,1,5,74.79,-0.25271000000000016,0
N=CN1C(=N)OC1=O,113.07599999999998,4,2,1,1,5,77.24000000000001,-0.01955999999999991,0
COc1n[nH]c(N)nc1=N,141.13400000000001,5,3,1,1,6,100.66999999999999,-1.12503,0
CC(=O)C1C=NN=C1N,125.13100000000001,4,1,1,1,4,67.81,-0.4517999999999999,1
N#CC1=NN=C1CO,109.08799999999998,4,1,1,1,4,68.74,-0.68712,0
N=C1N=C(C(N)=O)N1,112.092,2,3,1,1,5,91.33000000000001,-1.5918300000000003,0
N=C1OC(=O)OC1=N,114.05999999999999,5,2,0,1,5,83.22999999999999,0.10774,0
N=C1N=CN=C1NC=O,124.10299999999998,3,2,1,1,5,77.67,-0.8499300000000003,0
CC1=NC(=O)N=C1N,111.104,2,1,0,1,4,67.81,-0.061899999999999844,0
N=C1OCC(=O)NC1=O,128.087,4,2,0,1,5,79.25,-1.36333,0
CNC(=O)N1NCC1=O,129.119,3,2,0,1,5,61.440000000000005,-1.3273999999999995,0
Cc1nc(CO)nn1N,128.135,5,2,1,1,5,76.96000000000001,-1.2073800000000001,0
N=C1N=C(CO)N=C1N,126.119,4,3,1,1,5,94.82,-1.2747300000000001,0
N=C1NC(=N)OC(=O)CO1,143.102,5,3,0,1,6,95.26,-0.98106,0
N=C1OC(=O)N=C1CO,128.087,4,2,1,1,5,82.74,-0.45282999999999995,0
CC1=NN=C(N)C1=O,111.104,4,1,0,1,4,67.81,-0.6978,0
Cc1nc(NC#N)n[nH]1,123.119,4,2,1,1,5,77.39,0.006099999999999883,0
O=CC(=O)n1cn[nH]1,113.076,4,1,1,1,5,67.75,-0.9497000000000002,0
NC1=CN=C(N)C1=O,111.104,4,2,0,1,4,81.47,-1.2735999999999998,0
Cc1noc(=N)nc1O,127.103,5,2,0,1,5,83.0,-0.43691,0
Cn1c(=N)cnoc1=N,126.11899999999999,5,2,0,1,5,78.66,-1.0279600000000002,0
NC(=O)Cc1cc1=O,111.09999999999998,2,1,2,1,3,60.160000000000004,-1.0497999999999998,0
CC1(CO)N=NC1=O,114.104,3,1,1,1,4,62.02,-0.27019999999999994,1
CC(=O)C1=NC(=O)O1,113.07199999999999,3,0,1,1,4,55.730000000000004,0.12410000000000004,0
Cc1n[nH]c(=N)n1CO,128.135,4,3,1,1,5,77.69,-1.0511100000000002,0
COc1cnoc(=N)n1,127.103,5,1,1,1,5,72.0,-0.44233000000000006,0
N=C1NC(=O)C(C=O)O1,128.087,4,2,1,1,5,79.25000000000001,-1.3649300000000002,1
N=C1OC=NC(C=O)O1,128.087,5,1,1,1,5,71.74,-0.4787300000000001,1
N=C1OC=NCOC1=N,127.103,5,2,0,1,5,78.52000000000001,-0.026460000000000095,0
COC1=NC(=O)N=C1N,127.10300000000001,3,1,0,1,5,77.03999999999999,-0.47789999999999994,0
CC(N)(O)C1=COC1=O,129.11499999999998,4,2,1,1,4,72.55000000000001,-0.9057000000000002,1
CC1=NN=C(CN)C1=N,124.147,4,2,1,1,4,74.59,-0.20462999999999998,0
Cc1n[nH]c(=O)nc1N,126.119,4,2,0,1,5,84.66,-0.9444800000000002,0
N#Cc1conc1N,109.08800000000001,4,1,0,1,4,75.84,0.12848000000000004,0
N#CC(=O)c1conn1,123.071,5,0,1,1,5,79.78,-0.22411999999999999,0
NC(=O)C1=NN=C1C=O,125.08699999999999,4,1,2,1,5,84.88,-1.5188,0
N=CN1C(=O)NC1C=O,127.10299999999997,3,2,2,1,5,73.26,-0.8563300000000003,1
N=CNC1=NN=CC1=N,123.119,4,3,1,1,5,84.45,-0.3992599999999999,0
N=C1N=CC(=O)N=C1O,125.08699999999999,2,2,0,1,5,85.87,-0.4688299999999999,0
N=C1ON=C(N)C1=N,112.092,5,3,0,1,5,95.31,-0.7141600000000001,0
CC(O)n1cn[nH]c1=O,129.119,4,2,1,1,5,70.91,-0.9178000000000002,1
NC(=O)C1=NOC1=O,114.05999999999999,4,1,1,1,5,81.75,-1.6155,0
N=C1N=C(N)C(CO)=N1,126.119,3,3,1,1,5,94.82000000000001,-1.2747300000000001,0
NC1=NC(C(N)C=O)=N1,126.11899999999999,5,2,2,1,5,93.83,-1.7606000000000004,1
COC(=O)c1ncn[nH]1,127.10300000000001,4,1,1,1,5,67.87,-0.4087,0
COC1=NN=C1CO,114.10399999999998,4,1,1,1,4,54.18000000000001,-0.6068,0
N=C(CN)C1=NN=C1N,125.135,5,3,2,1,5,100.61,-1.3083299999999998,0
O=Cc1n[nH]c(C=O)n1,125.08699999999997,4,1,2,1,5,75.71000000000001,-0.5703,0
Cc1nc(N)nn1C=N,125.135,5,2,1,1,5,80.58,-0.3761100000000001,0
N=C1CC1OC(=O)C=O,127.09899999999998,4,1,2,1,4,67.22,-0.47943000000000024,1
CNc1nc(=O)on1C,129.11899999999997,5,1,1,1,5,60.06,-0.5850000000000002,0
N=CC1N=NCC(=O)N1,126.119,4,2,1,1,5,77.67,-0.4559300000000001,1
N=CC1OCON1C=N,129.119,4,2,2,1,5,69.4,-0.2095599999999999,1
N=C1OCOC(=O)C1=N,128.087,5,2,0,1,5,83.23,-0.48566000000000015,0
N=CN1C=NCOC1=O,127.10299999999998,4,1,1,1,5,65.75,0.03146999999999994,0
Nc1n[nH]nc1C=O,112.09199999999998,4,2,1,1,5,84.66,-0.8006000000000004,0
CC(=O)N1N=CC1=O,112.08799999999998,3,0,0,1,4,49.74,-0.6391,0
NC1=NC(O)=CC1=O,112.08799999999997,4,2,0,1,4,75.68,-0.6743000000000001,0
N=C(N)C1OCOC1=N,129.119,4,3,1,1,5,92.18,-0.72746,1
N=c1ccnc(N)n1O,126.119,5,3,0,1,5,87.92,-0.81793,0
NC1=NC(=O)C(O)=N1,113.07599999999998,3,2,0,1,5,88.03999999999999,-1.2022000000000002,0
CC(=O)Oc1ncn[nH]1,127.10300000000001,4,1,1,1,5,67.87,-0.2700000000000002,0
Nc1[nH]nc(C=O)[n+]1[O-],128.09099999999998,4,2,1,1,6,98.71000000000001,-1.5622,0
CC1=NC(N)=NC1=O,111.104,3,1,0,1,4,67.81,-0.6978,0
N=CN1C(=N)COC1=N,126.11899999999999,4,3,1,1,5,84.02000000000001,-0.1622900000000002,0
CC(O)C1=NN=NC1=N,126.11900000000001,4,2,1,1,5,81.16,0.16626999999999992,1
N=C1COC(=N)N=CN1,126.119,3,3,0,1,5,81.32,-0.45346000000000014,0
CC(=O)C1=NN=C1N,111.10400000000001,4,1,1,1,4,67.81,-0.6978,0
CNc1nc(C=O)n[nH]1,126.11899999999999,4,2,2,1,5,70.67,-0.3411000000000001,0
COC1=NN=C1NC=O,127.10299999999998,4,1,1,1,5,63.050000000000004,-0.8956000000000002,0
N#CC1N=COC(=N)N1,124.10299999999998,4,2,0,1,5,81.25999999999999,-0.5810500000000003,1
CC(=O)C1=NC(=O)N1,112.088,2,1,1,1,4,58.53,-0.3028999999999999,0
N=C1COC(=O)N=CN1,127.103,3,2,0,1,5,74.53999999999999,-0.26823000000000013,0
N=C1COC(N)CNC1=O,143.14600000000002,4,3,0,1,5,88.19999999999999,-1.56263,1
N=C1OC(=O)C=C1NO,128.087,5,3,1,1,5,82.41,-0.61683,0
N=CN1NCOC1C=O,129.11899999999997,4,2,2,1,5,65.42000000000002,-1.0872300000000001,1
Nc1cn[nH]c(=O)c1N,126.119,4,3,0,1,5,97.78999999999999,-1.0656999999999999,0
N=CN1C(=O)NC1C=O,127.10299999999997,3,2,2,1,5,73.26,-0.8563300000000003,1
CN=C1N=C(N)C(=N)O1,126.119,4,2,0,1,5,83.82000000000001,-0.66313,0
COc1n[nH]nc1N=O,128.091,5,1,2,1,6,80.22999999999999,0.21119999999999978,0
N=c1cconc1N,111.10400000000001,4,2,0,1,4,75.9,-0.2637299999999999,0
N=C1C=NC(N)=C1N,110.12000000000002,4,3,0,1,4,88.25,-0.8229300000000002,0
CNC(=O)C1=CN=C1N,125.131,3,2,1,1,4,67.48,-1.0129,0
COc1n[nH]ncc1=N,126.11899999999999,4,2,1,1,5,74.65,-0.70723,0
N=C1OCC(=O)NC1C=O,142.11399999999998,4,2,1,1,5,79.25,-1.3224300000000002,1
NC1=NN=CC1=NC=O,124.10299999999998,4,1,1,1,5,80.16999999999999,-1.0596,0
COC1=NN=C(N)C1=O,127.103,5,1,0,1,5,77.03999999999999,-1.1138000000000001,0
N=c1[nH]c(=O)oc(=O)o1,130.059,5,2,0,1,6,100.05999999999999,-1.59943,0
Nc1oc[n+]([O-])c1C=O,128.087,4,1,1,1,5,83.16999999999999,-0.6922999999999999,0
Cn1nc(CO)nc1N,128.135,5,2,1,1,5,76.96,-1.1104,0
CC(O)C1=CN=NC1=N,125.131,3,2,1,1,4,68.80000000000001,0.6941700000000001,1
N=C1COC(=N)CON1,129.119,4,3,0,1,5,78.19,-0.5076600000000002,0
NC(=O)C1=NC(N)=N1,112.09200000000001,4,2,1,1,5,93.83,-1.8014999999999999,0
N#CC(N)N1N=C1N,111.108,5,2,1,1,5,91.2,-1.6599199999999996,1
O=[N+]([O-])c1c[nH]nn1,114.06400000000001,4,1,1,1,6,84.71,-0.2871000000000001,0
Nc1n[nH]nc1C=O,112.09199999999998,4,2,1,1,5,84.66,-0.8006000000000004,0
CC1=NC(=O)C(=N)O1,112.08799999999998,3,1,0,1,4,62.510000000000005,-0.06112999999999996,0
Nc1coc(=O)n1CO,130.103,5,2,1,1,5,81.39,-1.0267000000000002,0
CCc1nnc(N)n1C=O,140.146,5,1,2,1,5,73.8,-0.5390000000000001,0
COC1=NC(=O)C(N)=N1,127.10300000000001,4,1,0,1,5,77.03999999999999,-1.1138000000000003,0
CC1=NC(=O)N=C1N,111.104,2,1,0,1,4,67.81,-0.061899999999999844,0
Nc1nc(C=O)cn1N,126.11899999999999,5,2,1,1,5,86.92999999999999,-1.0084,0
Cc1noc(=N)nc1N,126.11900000000001,5,2,0,1,5,88.79,-0.5603100000000001,0
COC1=NC(=O)C(N)=N1,127.10300000000001,4,1,0,1,5,77.03999999999999,-1.1138000000000003,0
CNC1=C(O)C(=O)N=N1,127.103,4,2,1,1,5,74.05,-0.07470000000000021,0
N=c1ncoc(CO)n1,127.103,5,2,1,1,5,83.0,-0.9586300000000001,0
Cc1nc(N)nc(C=O)n1,138.13,5,1,1,1,5,81.76,-0.4252800000000001,0
N=C1CNC(=N)OCO1,129.119,4,3,0,1,5,78.19000000000001,-0.5076600000000004,0
N=C1NC(=O)N=C1CO,127.103,3,3,1,1,5,85.54,-0.8798300000000001,0
NC(=O)C1=CN=C1O,112.08799999999998,2,2,1,1,4,75.68,-0.6742999999999999,0
N#Cc1cnn(N)n1,109.09200000000001,5,1,0,1,5,80.52,-1.1364200000000002,0
NCOc1cnnc(N)c1,140.14600000000002,5,2,2,1,5,87.05,-0.6462000000000006,0
N=C1C=NOCOC=N1,127.103,4,1,0,1,5,67.03,-0.01793,0
CCN=C1N=NC(=O)N1,126.119,2,1,1,1,5,66.17999999999999,0.5377000000000001,0
O=CNC1=NC=NC1=O,125.08699999999999,3,1,1,1,5,70.89,-1.3006000000000002,0
CN1C(=O)N=NC1=O,113.076,2,0,0,1,5,62.1,0.6240000000000001,0
N=C1NC(=O)OC1=N,113.076,4,3,0,1,5,86.03,-0.3192599999999998,0
CNc1nc(C=O)n[nH]1,126.11899999999999,4,2,2,1,5,70.67,-0.3411000000000001,0
N=C1NN=C(CO)C1=O,127.10299999999998,4,3,1,1,5,85.53999999999999,-1.5157300000000002,0
N=C1COC(=N)C(=O)OC1,142.11399999999998,5,2,0,1,5,83.23,-0.4431600000000002,0
N=CC1NC(=O)N1C=N,126.119,3,3,2,1,5,80.04,-0.40565999999999985,1
Cc1nc(N)noc1=N,126.119,5,2,0,1,5,88.78999999999999,-0.5603100000000001,0
NCC1=NN=C1C=O,111.10399999999997,4,1,2,1,4,67.81,-1.0454,0
Nc1ncn(C=O)c1N,126.11899999999999,5,2,1,1,5,86.92999999999999,-0.9142000000000001,0
COC1=[N+]([O-])C(=N)N=C1,127.103,3,1,0,1,5,71.50999999999999,-0.43923000000000023,0
N=CC1=NN=C1C(=N)O,124.10299999999998,4,3,2,1,5,92.65,-0.018159999999999954,0
NC1=CC(C=O)=NC1=O,124.09899999999999,3,1,1,1,4,72.52000000000001,-0.9909000000000001,0
N=C(N)C1=NC=NC1=O,124.103,3,2,1,1,5,91.66,-1.06813,0
N=C1NCC(=O)N=CO1,127.103,3,2,0,1,5,74.54,-0.9041300000000001,0
O=Cc1ocnc1CO,127.09899999999999,4,1,2,1,4,63.33,-0.02059999999999998,0
N=CN1COC(=O)CO1,130.10299999999998,4,1,1,1,5,62.620000000000005,-0.6586300000000003,0
CN1N=COC1=COCN,143.146,5,1,2,1,5,60.08,-0.3766,0
CC1(C(=N)O)OCO1,117.10399999999998,3,2,1,1,4,62.540000000000006,0.24217,0
COc1nc(C=N)no1,127.103,5,1,2,1,5,72.0,0.07586999999999994,0
CNC1=NN=C1C=N,110.11999999999999,4,2,1,1,4,60.6,-0.3765300000000002,0
CN=C(N)C1=NC(N)=N1,125.135,4,2,1,1,5,89.11999999999999,-1.2997999999999994,0
Nn1cnnc1CC=O,126.11899999999999,5,1,2,1,5,73.80000000000001,-1.2667000000000006,0
N#CC(=N)NC1=COCO1,139.11399999999998,4,2,1,1,5,78.13000000000001,-0.11994999999999995,0
N=C1NC(=O)OC(=O)CO1,144.08599999999998,5,2,0,1,6,88.48,-0.79583,0
NC(=O)OC1=NC=C1N,127.10300000000001,4,2,0,1,5,90.7,-0.7061,0
NC(=O)C1=NC(N)=C1,111.104,3,2,1,1,4,81.47,-1.2736000000000003,0
N=C1NC=CNCOC1=O,141.13,4,3,0,1,5,74.21000000000001,-0.8716300000000001,0
N=c1nc(C=O)cn[nH]1,124.10299999999998,4,2,1,1,5,82.49000000000001,-0.9033300000000002,0
CC(=O)OC1=NN=N1,113.07600000000002,5,0,0,1,5,63.379999999999995,0.2863,0
Nc1noc(C=O)n1,113.076,5,1,1,1,5,82.01,-0.5357000000000001,0
CNc1nc(C=O)no1,127.10299999999998,5,1,2,1,5,68.02000000000001,-0.07619999999999999,0
CNC1=NC(=N)NC1=O,126.11899999999999,3,3,0,1,5,77.34,-1.3311300000000001,0
N=C=NC1COC(=O)N1,127.103,4,2,1,1,5,74.53999999999999,-0.19502999999999998,1
COc1n[nH]nc1C=N,126.11899999999999,4,2,2,1,5,74.65,-0.1890300000000002,0
Nc1nocnc1=NC=O,140.102,5,1,1,1,6,94.37,-1.2911000000000001,0
CN=C1N=C(N)N1C=O,126.119,3,1,1,1,5,71.05,-1.2411,0
O=CC1CNC(=O)OC1,129.11499999999998,3,1,1,1,4,55.400000000000006,-0.4586999999999999,1
Nc1cnc(NC=O)o1,127.10299999999998,4,2,2,1,5,81.14999999999999,-0.17490000000000022,0
CC(=N)n1[nH]c(=O)o1,115.09199999999998,4,2,0,1,5,74.78,-0.3853299999999999,0
N#CCNC1=NN=CC1=O,136.114,5,1,1,1,5,77.61,-0.9334200000000001,0
CC(O)C1=CN=NC1=N,125.131,3,2,1,1,4,68.80000000000001,0.6941700000000001,1
O=C1N=NC(CCO)=N1,127.103,3,1,2,1,5,74.38,0.3531,0
N=C(N)c1coc(=N)o1,127.10299999999998,4,3,1,1,5,100.00000000000001,-0.3638599999999998,0
Nc1ccnn1C=O,111.104,4,1,1,1,4,60.91,-0.4964000000000002,0
N=CN=C1OC=NC1=N,124.10299999999998,3,2,1,1,5,81.65,0.027739999999999987,0
COC1=NNC=C(N)N=N1,141.134,6,2,0,1,6,84.36,-0.2832,0
NC1=NC(NC=O)=C1O,127.10299999999997,4,3,2,1,5,87.71,-1.1697,0
N=CN1CN=CN1C=O,126.11899999999997,3,1,2,1,5,59.760000000000005,-0.7317300000000002,0
N#CCNn1cc(O)nn1,139.11799999999997,6,2,2,1,6,86.76,-0.9492200000000002,0
N=CN1NCOC1=O,115.09199999999998,4,2,1,1,5,65.42000000000002,-0.49222999999999995,0
N=c1[nH]cc(O)c(=N)[nH]1,126.119,3,5,0,1,5,99.50999999999999,-0.9926600000000001,0
CC(=O)C1=NN=C1N,111.10400000000001,4,1,1,1,4,67.81,-0.6978,0
CC(=O)n1ncc(=N)o1,127.10299999999998,5,1,0,1,5,71.88,-0.38433,0
C#Cc1n[nH]nc1N,108.104,3,2,0,1,4,67.59,-0.6318000000000001,0
N=C1NC(C=O)=C1N,111.104,3,3,1,1,4,78.97,-1.0639300000000003,0
N=C1NC(=N)C(=O)O1,113.076,4,3,0,1,5,86.03000000000002,-0.95516,0
N=C1NC(=O)COC1=N,127.103,4,3,0,1,5,86.03,-0.9126600000000002,0
N=C1N=C(CN)C(=O)O1,127.103,4,2,1,1,5,88.53000000000002,-1.1223299999999998,0
N=C1NC(C=O)C(=N)O1,127.103,4,3,1,1,5,86.03000000000002,-0.9142600000000001,1
N#CCc1n[nH]c(=N)o1,124.103,4,2,1,1,5,89.46,-0.45175000000000026,0
N=CN1COCC(=N)C1=O,141.13,4,2,1,1,5,77.24000000000001,-0.5704600000000002,0
CC1(OC=N)NC(=O)O1,130.10299999999998,4,2,2,1,5,71.41,0.02356999999999998,1
Nc1nc(C=O)c(O)[nH]1,127.10299999999997,4,3,1,1,5,92.0,-0.49000000000000016,0
N=C1NC(=O)CC(=O)O1,128.087,4,2,0,1,5,79.25000000000001,-1.0157300000000002,0
Cc1nc(N)n[nH]c1=O,126.119,4,2,0,1,5,84.66,-0.94448,0
O=Cc1cn[nH]c(=O)n1,125.08699999999999,4,1,1,1,5,75.71000000000001,-1.0226,0
N=CC1OC=NC(=N)O1,127.103,4,2,1,1,5,78.52,-0.02805999999999992,1
CC(C#N)C1=NN=C1N,122.13100000000001,4,1,1,1,4,74.53,-0.1271199999999998,1
N=C1ON=C(N)C1=N,112.092,5,3,0,1,5,95.31,-0.7141600000000001,0
N=Cc1ncc(N)nn1,123.11900000000001,5,2,1,1,5,88.54,-0.5485300000000002,0
N=CN1CC(=O)OCO1,130.10299999999998,4,1,1,1,5,62.620000000000005,-0.65863,0
N=C1N=CN=C1C=O,109.08799999999998,3,1,1,1,4,65.64,-0.35453,0
O=Cc1nn[nH]c1CO,127.10299999999998,4,2,2,1,5,78.87,-0.8905000000000001,0
N=C1NOC(=O)C1C=O,128.087,4,2,1,1,5,79.25,-1.1598300000000001,1
NC(=O)C1=NC(N)=N1,112.09200000000001,4,2,1,1,5,93.83,-1.8014999999999999,0
NC1=CN=C(N)C1=O,111.104,4,2,0,1,4,81.47,-1.2735999999999998,0
N#CC1COC(=N)O1,112.088,4,1,0,1,4,66.1,-0.13985000000000009,1
N=CC(=O)NC1=NN=C1,124.103,4,2,1,1,5,77.67,-0.8499300000000001,0
CN=C1N=C(O)C(O)=N1,127.10299999999998,1,2,0,1,5,77.54,-0.10120000000000007,0
N=C1N=C(O)C(C=O)=N1,125.08699999999997,2,2,1,1,5,85.86999999999999,-0.4688300000000001,0
N=CNC1=NC=NC1=N,123.119,3,3,1,1,5,84.45,-0.3992599999999999,0
N=C1N=CC(CN)=N1,110.12000000000002,2,2,1,1,4,74.59,-0.5947300000000002,0
N=C1OCC(=O)C(=N)O1,128.087,5,2,0,1,5,83.23,-0.48566000000000015,0
N=C1NC(=N)C(C=O)O1,127.10299999999998,4,3,1,1,5,86.03000000000002,-0.9142600000000001,1
NC1=NC(=O)C(O)=N1,113.07599999999998,3,2,0,1,5,88.03999999999999,-1.2022000000000002,0
C#CC1NC(=N)C(=N)O1,123.115,3,3,0,1,4,68.96000000000001,-0.4799600000000001,1
N#CC(O)c1c[nH]nn1,124.10300000000001,4,2,1,1,5,85.58999999999999,-0.6383200000000002,1
CC1COC(=O)C(=O)N1,129.11499999999998,3,1,0,1,4,55.400000000000006,-0.9521000000000002,1
N=C1CNC=NC1=NO,126.11899999999999,4,3,0,1,5,80.83,-0.5746300000000002,0
O=CC1=NC(=O)C(O)=N1,126.07099999999998,3,1,1,1,5,79.09,-0.9195000000000002,0
NC1CC(=O)ONC1=O,130.10299999999998,4,2,0,1,5,81.42000000000002,-1.7082,1
N=c1[nH]cnn1C=O,112.092,4,2,1,1,5,74.53,-1.27103,0
CN=C1N=NC(=O)O1,113.07599999999998,3,0,0,1,5,63.379999999999995,0.5746,0
COC1=NC(O)=C1N,114.104,4,2,0,1,4,67.84,-0.2693,0
Nc1cnc(N)n1C=O,126.119,5,2,1,1,5,86.92999999999998,-0.9142000000000001,0
N=CC1(N)N=CNC1=O,126.11899999999999,4,3,1,1,5,91.33000000000001,-1.5509300000000004,1
N=C1NC=CNC(=O)O1,127.103,3,3,0,1,5,74.21000000000001,-0.27823000000000014,0
Nc1ncnc(C=O)n1,124.10299999999998,5,1,1,1,5,81.76,-0.7337,0
N=C(N)C1=CN=NC1=O,124.103,3,2,1,1,5,91.66,-0.20132999999999995,0
N=COc1coc(O)n1,128.08699999999996,5,2,2,1,5,79.34,0.36606999999999995,0
COc1cn[nH]c(=O)n1,127.103,4,1,1,1,5,67.87,-0.8265,0
NC=C(O)C1=NC(=O)O1,128.087,4,2,1,1,5,84.91000000000001,-0.10679999999999984,0
Cn1nc(N)c(CO)n1,128.135,5,2,1,1,5,76.96000000000001,-1.1104,0
N=C(N)c1cnc(O)o1,127.10299999999998,4,3,1,1,5,96.13000000000001,-0.3357299999999997,0
COc1noc(=N)n1C=O,143.102,6,1,2,1,6,81.11000000000001,-0.99753,0
COC1=NC(=N)N=C1N,126.11900000000001,3,2,0,1,5,83.82,-0.66313,0
NC1=C(N)C(=O)N=C1,111.10399999999998,3,2,0,1,4,81.47,-1.2736000000000003,0
CN=C1N=C(N)C(=O)O1,127.103,4,1,0,1,5,77.04,-1.1138,0
N=c1ncoc(=O)o1,114.05999999999999,5,1,0,1,5,80.09,-0.89273,0
N=CN1COC(=O)C1=O,128.087,4,1,1,1,5,70.46000000000001,-1.0636300000000003,0
N=Cc1n[nH]c(C=O)n1,124.10299999999998,4,2,2,1,5,82.49,-0.3851300000000002,0
N=C1NCC(=O)N=CO1,127.103,3,2,0,1,5,74.54,-0.9041300000000001,0
COC(=O)C1=NN=C1N,127.10300000000002,5,1,1,1,5,77.03999999999999,-1.1138000000000001,0
O=Cc1nnc(CO)[nH]1,127.10299999999998,4,2,2,1,5,78.87,-0.8905000000000001,0
CC(=O)n1occ1O,115.08799999999998,4,1,0,1,4,55.370000000000005,0.4467999999999999,0
N=C(N)C1OCC(=O)O1,130.103,4,2,1,1,5,85.40000000000002,-1.1781300000000001,1
N=C1N=C(N)N=C1CO,126.119,4,3,1,1,5,94.82000000000001,-1.27473,0
CN=NC1C(=O)CN1N,128.13500000000002,5,1,1,1,5,71.05,-0.8470999999999997,1
CN=c1[nH]cnc(=O)[nH]1,126.11899999999999,3,2,0,1,5,73.9,-1.3714999999999997,0
Nc1coc(=O)n1CO,130.103,5,2,1,1,5,81.39,-1.0267000000000002,0
N=CC1N=C(N)N=CO1,126.119,5,2,1,1,5,83.82000000000001,-0.66473,1
N=CN1N=COC1C=O,127.10299999999997,4,1,2,1,5,65.75,-0.6060300000000001,1
N=CC1=NC(=O)C(N)=N1,124.10300000000001,4,2,1,1,5,91.66,-1.06813,0
N=C1OC(CO)=NC1=O,128.087,4,2,1,1,5,82.74000000000001,-1.0887300000000002,0
N=C1OCC(=N)C(=N)O1,127.103,5,3,0,1,5,90.01,-0.034989999999999966,0
CC1(O)N=NC=C1C=N,125.13099999999999,4,2,1,1,4,68.80000000000001,0.6941700000000001,1
N#CC1=COC(=N)OCN1,139.114,5,2,0,1,5,78.13,-0.11995000000000017,0
COc1ocnc1N=O,128.08700000000002,5,0,2,1,5,64.69,1.0810999999999997,0
Cc1nnc(NC=O)[nH]1,126.11899999999999,3,2,2,1,5,70.67,-0.31858000000000025,0
N=C1NC(C=O)=C1N,111.104,3,3,1,1,4,78.97,-1.0639300000000003,0
N#CCc1ncnc(=N)o1,136.114,5,1,1,1,5,86.56,-0.3848500000000001,0
CC1=NC(N)=NC1=O,111.104,3,1,0,1,4,67.81,-0.6978,0
O=CC(=O)c1ncon1,126.071,5,0,2,1,5,73.06,-0.5488,0
N=CN1CC(=O)OCN1,129.119,4,2,1,1,5,65.42,-1.0856300000000003,0
N=C1CC(=N)OC(=N)O1,127.10299999999998,5,3,0,1,5,90.01,0.31261,0
N#CCc1nnoc1N,124.10300000000001,5,1,1,1,5,88.73,-0.28212000000000004,0
N=CN1OCCNC1=O,129.119,3,2,1,1,5,65.42000000000002,-0.4497299999999999,0
N=C1CCNC(=O)NC1,127.14699999999998,2,3,0,1,4,64.98,-0.29093000000000013,0
N=C1C=C(C(N)=O)O1,112.088,3,2,1,1,4,76.17,-0.6369300000000002,0
CC1=NC(=N)NC1=O,111.10399999999998,2,2,0,1,4,65.31,-0.4881300000000001,0
N=C1CC(=O)NC(O)C1,128.13099999999997,3,3,0,1,4,73.18,-0.7654300000000005,1
NC1=NC(=O)C(CO)=N1,127.10299999999998,4,2,1,1,5,88.03999999999999,-1.7253999999999996,0
N=C1ON=C(N)C1=N,112.092,5,3,0,1,5,95.31,-0.7141600000000001,0
O=C1N=C(CO)C(=O)O1,129.07099999999997,4,1,1,1,5,75.96,-0.9035,0
CC(O)C1=NC(=N)N=N1,126.11900000000001,3,2,1,1,5,81.16000000000001,0.16626999999999992,1
COC1=NC(=N)N=C1N,126.11900000000001,3,2,0,1,5,83.82,-0.66313,0
CCC1=NC(=N)N=C1N,124.147,2,2,1,1,4,74.59,0.1429700000000002,0
CNC1NOC(=O)C(=O)N1,145.118,5,3,1,1,6,79.46000000000001,-2.333,1
N=C1NCCOC(=N)O1,129.119,4,3,0,1,5,78.19000000000001,-0.50766,0
COC1=NC(=O)C(N)=N1,127.10300000000001,4,1,0,1,5,77.03999999999999,-1.1138000000000003,0
O=CC1=NC(O)=NC1=O,126.07099999999998,3,1,1,1,5,79.09,-0.9195,0
C#Cc1nnoc1O,110.07199999999997,4,1,0,1,4,59.150000000000006,-0.2435000000000001,0
N=C1NC(C=NO)C1=N,126.119,4,4,1,1,5,92.32,-0.5847600000000002,1
CC(O)C1=C(C=N)N=N1,125.131,4,2,2,1,4,68.8,0.6941700000000001,1
N=C1OC=COC(=N)O1,128.087,5,2,0,1,5,75.39,0.39053999999999994,0
N=CC1NC=CC(=N)N1,124.14699999999999,3,4,1,1,4,71.76,-0.3541600000000002,1
O=c1cn[nH]nc1CO,127.103,4,2,1,1,5,78.87,-1.3428000000000002,0
N=C1ON=C1C=NCO,127.10299999999998,5,2,2,1,5,78.03,-0.6295300000000001,0
N=C1N=CC(O)=NC1=N,124.103,2,3,0,1,5,92.65,-0.018159999999999954,0
N=CN1CC(=O)C1=NO,127.10299999999998,4,2,1,1,5,76.75,-0.7341300000000002,0
Cn1nc(C=N)c(=O)[nH]1,126.11899999999999,4,2,1,1,5,74.53,-0.8939300000000001,0
Cc1nc(N)nn1C=O,126.119,5,1,1,1,5,73.8,-0.7929800000000002,0
N=CN1OCC(=O)CO1,130.103,4,1,1,1,5,62.620000000000005,-0.6586300000000003,0
N=c1[nH]c(=O)nco1,113.076,4,2,0,1,5,82.74,-1.15763,0
N#CCC1=NN=NC1=N,121.10300000000001,4,1,1,1,5,84.72,0.69915,0
CN=C1OC(=O)N=C1N,127.10300000000001,4,1,0,1,5,77.03999999999999,-0.47789999999999994,0
N=C1COC(=N)OCO1,130.103,5,2,0,1,5,75.39,-0.08066000000000012,0
Nc1cnoc1CO,114.10399999999998,4,2,1,1,4,72.28,-0.2508999999999998,0
N=CN1OCCNC1=O,129.119,3,2,1,1,5,65.42000000000002,-0.4497299999999999,0
Cn1nc(N)nc1C=N,125.135,5,2,1,1,5,80.58000000000001,-0.6050300000000002,0
Nc1cnc(N)n1C=O,126.119,5,2,1,1,5,86.92999999999998,-0.9142000000000001,0
COC1=NC(=N)OC1=N,127.103,4,2,0,1,5,78.52000000000001,-0.02646000000000004,0
N#CC1COCC(=O)N1,126.115,3,1,0,1,4,62.12,-0.97502,1
N#CCc1cnoc1N,123.115,4,1,1,1,4,75.84,0.32288000000000006,0
N#Cc1nn[nH]c1C=O,122.08699999999997,4,1,1,1,5,82.43,-0.51112,0
N=Nc1oncc1CO,127.10299999999998,5,2,2,1,5,82.47,0.8293699999999999,0
N=Cc1n[nH]c(CO)n1,126.11899999999999,4,3,2,1,5,85.65,-0.7053300000000002,0
CC(N)n1cnc(=O)o1,129.119,5,1,1,1,5,74.05000000000001,-0.6864999999999999,1
N=CN1NC=COC1=N,126.11899999999997,4,3,1,1,5,72.20000000000002,-0.16376000000000007,0
Nc1c[nH]c(=O)nc1N,126.11900000000001,4,3,0,1,5,97.79,-1.0656999999999999,0
N=C1N=COCOC1=N,127.103,4,2,0,1,5,78.52000000000001,-0.026460000000000095,0
N=CN1CC(=N)N1C=O,126.11899999999999,3,2,2,1,5,71.25,-0.7402600000000001,0
Cc1cnnc(=N)n1N,125.13500000000002,5,2,0,1,5,80.58,-1.2202099999999994,0
CNC1=NN=CC1=N,110.11999999999999,4,2,0,1,4,60.6,-0.3765300000000002,0
N=CC1NC(=O)NCO1,129.119,3,3,1,1,5,74.21000000000001,-0.7510300000000001,1
N=C1CNC(=N)OCO1,129.119,4,3,0,1,5,78.19000000000001,-0.5076600000000004,0
N=C1C=NC=C1C(N)=O,123.115,3,2,1,1,4,79.30000000000001,-0.5402300000000002,0
N=C1OC1OC(=O)C=O,129.071,5,1,2,1,5,79.75,-0.9379300000000002,1
N=C1COC(=N)C(=O)N1,127.103,4,3,0,1,5,86.03,-0.9126600000000002,0
CC(=O)OC1COC1=N,129.115,4,1,1,1,4,59.38,-0.07442999999999994,1
COc1cn[nH]c(=O)n1,127.103,4,1,1,1,5,67.87,-0.8265,0
CC(=O)N1N=C1CO,114.10399999999998,3,1,1,1,4,52.67,-0.8457000000000001,0
CN=C1C=NC(N)=[N+]1[O-],126.119,4,1,0,1,5,76.80999999999999,-1.0758999999999999,0
Nc1oncc1C=O,112.08799999999998,4,1,1,1,4,69.12,0.06930000000000003,0
NC(=O)C1=NC(N)=N1,112.09200000000001,4,2,1,1,5,93.83,-1.8014999999999999,0
N=C1NCC(C(=N)O)O1,129.119,3,4,1,1,5,89.19000000000001,-0.5551600000000001,1
CC(N)C1=NN=C1N,112.13600000000001,4,2,1,1,4,76.75999999999999,-0.9396,1
CC(=O)C1=NC(N)=N1,111.10400000000001,4,1,1,1,4,67.81,-0.6978,0
Nc1n[nH]c(C=O)n1,112.09199999999998,4,2,1,1,5,84.66,-0.8006000000000004,0
N=C1NCC(=NO)CO1,129.119,4,3,0,1,5,77.7,-0.6288300000000002,0
CN=c1oncn1CO,129.119,5,1,1,1,5,63.55,-1.0436,0
COc1n[nH]nc1N,114.108,4,2,1,1,5,76.82,-0.6045000000000003,0
NC1=NN=C1C(O)C=O,127.10299999999997,5,2,2,1,5,88.03999999999999,-1.7269999999999999,1
N=C1OC(C=O)C1=NO,128.087,5,2,1,1,5,82.74,-0.6084300000000002,1
NC1=C(O)C(C=O)=N1,112.088,4,2,1,1,4,75.68,-0.6742999999999999,0
COc1nncc(=N)o1,127.10299999999998,5,1,1,1,5,72.0,-0.44232999999999983,0
N#CC(N)Cn1cno1,126.119,5,1,2,1,5,80.77,-0.6730200000000004,1
N=C1OC(C=O)OC1=N,128.087,5,2,1,1,5,83.22999999999999,-0.48725999999999997,0
Cc1nc(NC=O)n[nH]1,126.11899999999999,3,2,2,1,5,70.67,-0.31858000000000025,0
CN1OCNC=NC1=O,129.119,3,1,0,1,5,53.93,-0.44120000000000004,0
Cc1nnc(=O)oc1N,127.103,5,1,0,1,5,82.01,-0.6795800000000001,0
CNC1=NN=C1C=O,111.10399999999998,4,1,1,1,4,53.82,-0.8272000000000002,0
O=CC1CNC(=O)NC1=O,142.11399999999998,3,2,1,1,5,75.27000000000001,-1.3591000000000002,1
Nc1nc(=O)c(N)co1,127.10299999999998,5,2,0,1,5,95.14,-0.8008,0
O=C(O)c1ncn[nH]1,113.07600000000001,3,2,1,1,5,78.87,-0.49710000000000004,0
NC(=O)c1conc1N,127.103,4,2,1,1,5,95.14,-0.6443000000000001,0
N=C1OCC(=N)C(=N)O1,127.103,5,3,0,1,5,90.01,-0.034989999999999966,0
COc1n[nH]c(C=N)n1,126.11899999999999,4,2,2,1,5,74.65,-0.1890300000000002,0
N=C1N=C(N)N=C1C=O,124.103,4,2,1,1,5,91.66,-1.06813,0
N#CC1=NC=NC1=N,106.088,3,1,0,1,4,72.36,-0.029849999999999988,0
N=CC1=C(N)C(=N)N=N1,123.11900000000001,4,3,1,1,5,98.44,0.24934000000000006,0
COc1nn[nH]c1C=O,127.10299999999998,4,1,2,1,5,67.87,-0.37420000000000025,0
N=NC1CC(=O)OCN1,129.119,5,2,1,1,5,74.54,-0.16253,1
CC(=O)C1=NC(O)=N1,112.088,3,1,1,1,4,62.019999999999996,-0.09849999999999998,0
CC(=O)OC1=NN=C1,112.08800000000001,4,0,0,1,4,51.019999999999996,-0.05259999999999998,0
N=C1NCOC(=O)C=CO1,142.11399999999998,4,2,0,1,5,71.41,-0.4446300000000001,0
N=CN1C=NC1COC=O,141.12999999999997,4,1,4,1,5,65.75,-0.5635300000000001,1
N=C1NC=COC(=O)O1,128.087,4,2,0,1,5,71.41,0.14877000000000007,0
N=C1OC=NCC1=NO,127.103,5,2,0,1,5,78.03,-0.1476300000000001,0
NC1=CN=C(CO)C1=O,126.11499999999998,4,2,1,1,4,75.68,-1.1975000000000002,0
N=C1COC(=O)C(=N)O1,128.087,5,2,0,1,5,83.23,-0.48566000000000015,0
N=C1N=C(N)C(=N)O1,112.092,4,3,0,1,5,95.31000000000002,-0.7141600000000001,0
COC1=NC(N)=C1C=O,126.115,4,1,1,1,4,64.68,-0.5859000000000001,0
COC1=NNC1=NC=O,127.10299999999998,3,1,1,1,5,63.05,-0.8956000000000002,0
N=CN=C1N=NC=C1N,123.119,3,2,1,1,5,86.95,0.2578700000000001,0
Nc1ncncc1C=O,123.11499999999997,4,1,1,1,4,68.87,-0.12869999999999998,0
NC1=CN=C(C=O)N(N)O1,142.118,6,2,1,1,6,93.94,-1.5377000000000003,0
Cc1nnc(N)n1C=O,126.119,5,1,1,1,5,73.8,-0.7929800000000002,0
NC(=O)C1=NC(O)=N1,113.076,3,2,1,1,5,88.04,-1.2022000000000002,0
N=CN1OC(=N)C1C=O,127.10299999999998,4,2,2,1,5,77.24000000000001,-0.6145600000000002,1
N=C1COC(=N)NCO1,129.119,4,3,0,1,5,78.19,-0.5076600000000002,0
N=C1N=C(N)N=C1C=O,124.103,4,2,1,1,5,91.66,-1.06813,0
CN=C1N=CN=C1N,110.12,3,1,0,1,4,63.099999999999994,-0.5861999999999998,0
N=C1N=C(N)N=C1C=O,124.103,4,2,1,1,5,91.66,-1.06813,0
N=C1NCOC(=O)CO1,130.103,4,2,0,1,5,71.41,-0.9583300000000001,0
N=CNC1=NC(=O)NC1,126.119,2,3,1,1,5,77.34,-0.69523,0
N=C1OC(=O)OC(CN)O1,146.10199999999998,6,2,1,1,6,94.63,-0.6106300000000002,1
CC(=N)N1C=NC=NO1,126.11899999999999,4,1,0,1,5,61.040000000000006,0.20237,0
NC(=O)C1NCC(=O)N1,129.119,3,3,1,1,5,84.22,-2.4828,1
N=c1onc(N)[nH]c1=O,128.091,5,3,0,1,6,108.75999999999999,-1.5754300000000003,0
N=C1OC(=O)C=C1N,112.088,4,2,0,1,4,76.17,-0.63693,0
CNC1=NN=C1NC=O,126.11899999999999,4,2,1,1,5,65.85,-1.3226000000000002,0
N=C1N=C(C=O)N1CO,127.10299999999998,3,2,2,1,5,76.75,-1.2160300000000002,0
N=C1N=NC=C1NC=O,124.10299999999998,3,2,2,1,5,77.67,0.01687000000000005,0
N=C1N=C(N)C=C1N,110.12,3,3,0,1,4,88.25,-0.8229299999999997,0
N=CN1OCCNC1=O,129.119,3,2,1,1,5,65.42000000000002,-0.4497299999999999,0
CC(=O)C1=NN=C1N,111.10400000000001,4,1,1,1,4,67.81,-0.6978,0
CC1=NC(N)=NC1=N,110.12,3,2,0,1,4,74.59,-0.24712999999999996,0
CC1=NC(=O)C(O)=N1,112.08799999999998,2,1,0,1,4,62.019999999999996,-0.09849999999999998,0
NC(=O)C1CNC(=O)O1,130.103,3,2,1,1,5,81.42,-1.4199000000000004,1
CC(=O)OC1CC(=N)O1,129.115,4,1,1,1,4,59.38000000000001,0.27316999999999997,1
Cc1nc(=O)[nH]c(=O)o1,128.087,4,1,0,1,5,75.96000000000001,-0.96848,0
N=C(C=O)N1OCC1=O,128.087,4,1,1,1,5,70.46000000000001,-1.06363,0
CNC(=O)c1ncno1,127.103,4,1,1,1,5,68.02000000000001,-0.5708000000000002,0
Cc1nc(=N)[nH]c[n+]1[O-],126.11899999999999,3,2,0,1,5,79.47,-1.16901,0
N=C1N=CN1C(N)=O,112.092,2,2,0,1,5,82.53999999999999,-0.6562299999999999,0
N=C1CC(=N)OC(=N)O1,127.10299999999998,5,3,0,1,5,90.01,0.31261,0
C#CC(O)C1=C(O)N=N1,124.099,4,2,1,1,4,65.18,0.17340000000000003,1
N=C1CN=NC(=O)OC1,127.10299999999998,4,1,0,1,5,74.87,0.60857,0
CC1=NC(=N)N=C1N,110.12,2,2,0,1,4,74.59,-0.24712999999999996,0
N=C1N=NC=C(N)C1=N,123.119,4,3,0,1,5,98.44,0.24934000000000006,0
O=Cc1nncc(CO)n1,139.11399999999998,5,1,2,1,5,75.97,-0.8236000000000001,0
Cc1noc(=O)n1C=N,127.103,5,1,1,1,5,71.88,-0.40011000000000013,0
CC(=O)C1=NC(=N)N1,111.104,2,2,1,1,4,65.31,-0.4881300000000001,0
CC(=O)C1=NC(N)=N1,111.10400000000001,4,1,1,1,4,67.81,-0.6978,0
COC1=NC(=N)OC1=O,128.087,4,1,0,1,5,71.74000000000001,-0.47713,0
CC(=O)C1=NNC1=O,112.088,3,1,1,1,4,58.53,-0.9388000000000001,0
N#Cn1ncc(N)n1,109.092,5,1,0,1,5,80.52,-0.8105200000000001,0
COC1=NC(=N)N=C1N,126.11900000000001,3,2,0,1,5,83.82,-0.66313,0
NC(=O)c1conc1N,127.103,4,2,1,1,5,95.14,-0.6443000000000001,0
N=C1OCC(=O)C(=N)O1,128.087,5,2,0,1,5,83.23,-0.48566000000000015,0
COc1nc(=O)[nH]n1C=N,142.118,5,2,2,1,6,83.75999999999999,-0.9648300000000001,0
CNC(=O)C1=NC(O)=N1,127.103,3,2,1,1,5,74.05,-0.9415,0
Cc1nc(=N)ncn1N,125.135,5,2,0,1,5,80.58,-1.2202100000000002,0
N=C1C=C(O)N=C1N,111.104,4,3,0,1,4,82.46,-0.22362999999999988,0
CNC1=NOC(=N)C1=O,127.10299999999998,5,2,0,1,5,74.54,-0.9041300000000003,0
N=C1N=CNC(C=O)O1,127.10299999999997,4,2,1,1,5,74.54,-0.9057300000000001,1
CN=c1nc(O)c1=O,112.08799999999998,4,1,0,1,4,62.550000000000004,-1.4465000000000001,0
N=c1oc(=N)oc(=N)o1,129.075,6,3,0,1,6,110.97000000000001,-1.0959900000000002,0
Cc1nnc(N)n1C=N,125.135,5,2,1,1,5,80.58,-0.3761100000000001,0
NC1=CC(=O)C(N)=N1,111.10400000000001,4,2,0,1,4,81.47,-1.2735999999999998,0
N=CC1NC(=O)OC1=N,127.103,4,3,1,1,5,86.03,-0.27836000000000005,1
NC(=O)C1C=NN=C1N,126.11900000000001,4,2,1,1,5,93.83,-1.5554999999999997,1
COC1=C(N)OC1=O,115.088,4,1,1,1,4,61.550000000000004,-0.6826000000000001,0
N=Cn1oc(CN)c1N,128.13500000000002,5,3,2,1,5,93.96,-0.42283,0
CNc1nncc(N)n1,125.135,5,2,1,1,5,76.72,-0.5045000000000002,0
CC1=NC(=N)NC1=O,111.10399999999998,2,2,0,1,4,65.31,-0.4881300000000001,0
COc1nc(C=O)c(N)[nH]1,141.13,4,2,2,1,5,81.0,-0.18700000000000017,0
COc1nc(C=O)n[nH]1,127.103,4,1,2,1,5,67.87,-0.37420000000000025,0
N=C1NCC(=O)OC1=N,127.103,4,3,0,1,5,86.03,-0.9126600000000002,0
Nc1nc(C=O)no1,113.07599999999998,5,1,1,1,5,82.01,-0.5357000000000001,0
N=CC1OC(=N)OC1=N,127.103,5,3,1,1,5,90.00999999999999,-0.03658999999999979,1
N=CN1C=NC(=O)NC1,126.11899999999999,2,2,1,1,5,68.55,-0.39553000000000016,0
N=C1NCOC(=O)CN1,129.119,3,3,0,1,5,74.21,-1.3853300000000002,0
N=CNC1C(=N)NC1=O,126.119,3,4,2,1,5,88.83000000000001,-1.3412600000000003,1
Cc1nc(N)nn1C=O,126.119,5,1,1,1,5,73.8,-0.7929800000000002,0
N=C(N)c1cnon1,112.092,4,2,1,1,5,88.79,-0.6463299999999998,0
CN=C1N=C(N)N=C1O,126.119,3,2,0,1,5,83.33,-0.7004999999999997,0
N#CCc1nncn1N,123.11900000000001,5,1,1,1,5,80.52,-0.9420200000000001,0
C=NC1NC(=O)OCO1,130.103,4,1,1,1,5,59.92,-0.3154999999999999,1
Cc1n[nH]nc1C=N,110.11999999999999,3,2,1,1,4,65.42,0.11078999999999994,0
N=C1COCNC(=O)O1,130.103,4,2,0,1,5,71.41,-0.32243000000000016,0
N=CN1CN=C(N)OC1,128.135,4,2,1,1,5,74.7,-0.8446300000000002,0
N=C1NCC(=O)OCO1,130.103,4,2,0,1,5,71.41000000000001,-0.9583300000000001,0
O=CC1OC(=O)NC1=O,129.071,4,1,1,1,5,72.47,-1.1797000000000002,1
N=c1nc(O)nco1,113.07599999999998,5,2,0,1,5,83.0,-0.74533,0
C#CCC1=NC(=N)N=N1,120.11500000000001,2,1,1,1,4,60.93,0.80877,0
COc1n[nH]c(=O)c(=N)o1,143.10199999999998,5,2,1,1,6,91.97,-1.1490300000000002,0
N=CCn1cnnc1N,125.135,5,2,2,1,5,80.58,-0.4901300000000001,0
Cn1c(N)nnc1C=N,125.13499999999999,5,2,1,1,5,80.58000000000001,-0.6050300000000002,0
N=C1N=C(O)N=C1N,112.092,3,3,0,1,5,94.82,-0.75153,0
Nc1cnc(OC=O)[nH]1,127.10299999999998,4,2,2,1,5,81.0,-0.47290000000000004,0
Nc1cc(NC=O)no1,127.103,4,2,2,1,5,81.14999999999999,-0.17490000000000022,0
CN=C1NC(=O)OC1=N,127.10299999999998,4,2,0,1,5,74.53999999999999,-0.2682300000000001,0
N=CN1C=NC1C(=O)O,127.10299999999997,3,2,2,1,5,76.75,-0.6519299999999999,1
CC(=O)C1=NC(N)=N1,111.10400000000001,4,1,1,1,4,67.81,-0.6978,0
N=C1OCOC1=NC=O,128.087,4,1,1,1,5,71.74000000000001,-0.47713000000000005,0
N=C1NC(C=O)C(=O)O1,128.087,4,2,1,1,5,79.25000000000001,-1.3649300000000002,1
N=C1NC(C=O)NC1=O,127.103,3,3,1,1,5,82.05000000000001,-1.7919299999999998,1
N=C1N=C(N)N=C1C=O,124.103,4,2,1,1,5,91.66,-1.06813,0
CC1(N)NC(=O)OC1=O,130.10299999999998,4,2,0,1,5,81.41999999999999,-1.0723,1
CN=C1CNC(=O)NC1=O,141.12999999999997,3,2,0,1,5,70.56,-1.1033999999999997,0
N=C1CN=NC(C=O)N1,126.11899999999997,4,2,1,1,5,77.67,-0.4559300000000001,1
CCn1ncc(=N)n1C=N,139.16199999999998,5,2,2,1,5,70.45,-0.36086000000000035,0
N=C1N=CN=C1C(N)=O,124.103,3,2,1,1,5,91.66,-1.0681300000000002,0
Cc1n[nH]c(=O)nc1N,126.119,4,2,0,1,5,84.66,-0.9444800000000002,0
N=C1OCC(=O)NC1=O,128.087,4,2,0,1,5,79.25,-1.36333,0
COc1cnnc(CO)n1,141.13,5,1,2,1,5,68.13000000000001,-0.6275000000000002,0
COC1=C(O)C=NC1=O,127.09899999999998,3,1,1,1,4,58.89,0.013400000000000023,0
CN=C1NC(=O)NCO1,129.119,3,2,0,1,5,62.72,-0.7409000000000001,0
CN=C1N=C(N)NC1=O,126.119,3,2,0,1,5,79.84,-1.5408,0
OCc1nocc1O,115.08799999999998,4,2,1,1,4,66.49000000000001,-0.12749999999999995,0
N=COC1C(=O)NC1=O,128.087,4,2,2,1,5,79.25,-1.3649300000000002,0
CC1(C(N)=O)OC1=N,114.10399999999998,3,2,1,1,4,79.47,-0.7621300000000002,1
N=C1OC=NC(C=O)CO1,142.11399999999998,5,1,1,1,5,71.74,-0.4362300000000001,1
N=Cc1n[nH]cnc1=N,123.11899999999999,4,3,1,1,5,89.27000000000001,-0.7181600000000001,0
N=C1NC=C[N+]1([O-])O,115.092,3,3,0,1,5,79.17,-0.3006300000000001,1
N=CN1C(=O)OC1=NO,129.075,5,2,1,1,6,85.98,-0.20912999999999998,0
Cc1n[nH]c(=O)nc1N,126.119,4,2,0,1,5,84.66,-0.9444800000000002,0
O=C1C=NN=C1CO,112.088,4,1,1,1,4,62.019999999999996,-1.0118000000000003,0
Cn1oc(CO)nc1=O,130.103,5,1,1,1,5,68.25999999999999,-1.1344,0
CC1(C(=N)N=N)CO1,113.12,3,2,1,1,4,72.59,0.78354,1
COC1=NN=C1NC=N,126.11899999999999,4,2,1,1,5,69.83000000000001,-0.4449300000000002,0
N=CNC1=C(C=O)N=C1N,138.12999999999997,4,3,3,1,5,91.33,-1.0356299999999998,0
N=C1CNC(=O)N=CO1,127.10299999999998,3,2,0,1,5,74.54,-0.26823000000000013,0
O=Cc1nc(O)[nH]c1O,128.087,4,3,1,1,5,86.21,-0.3666000000000001,0
CNC1=NC(=N)C(N)=N1,125.135,4,3,0,1,5,86.62,-1.0901299999999996,0
N=CN1CC(=O)OCN1,129.119,4,2,1,1,5,65.42,-1.0856300000000003,0
COC1=NC(=N)C(=O)O1,128.087,4,1,0,1,5,71.74,-0.47713,0
N=CN=C1N=C(N)O1,112.092,3,2,1,1,5,83.82000000000001,-0.70563,0
N=C1COC(=O)C(=N)O1,128.087,5,2,0,1,5,83.23,-0.48566000000000015,0
NC1=CN=C(N)C1=O,111.104,4,2,0,1,4,81.47,-1.2735999999999998,0
N#CCn1cnoc1=O,125.08699999999997,5,0,1,1,5,71.82,-0.64012,0
CC(=O)C1=CN=NC1=N,123.115,3,1,1,1,4,65.64,0.9023699999999999,0
Nc1coc(=O)nc1O,128.087,5,2,0,1,5,89.35000000000001,-0.6774,0
N=c1ncoc(=N)n1N,127.10700000000001,6,3,0,1,6,104.67999999999999,-1.8511600000000001,0
Cn1nc(N)nc1C=O,126.119,5,1,1,1,5,73.80000000000001,-0.7902,0
COc1ncc(=O)[nH]n1,127.103,4,1,1,1,5,67.87,-0.8265000000000002,0
N=C1OC(=N)C(CO)O1,130.10299999999998,5,3,1,1,5,86.39,-0.6938600000000001,1
NCc1nocnc1=O,127.10299999999998,5,1,1,1,5,82.00999999999999,-1.1115,0
N=C1COC(=N)C(=O)N1,127.103,4,3,0,1,5,86.03,-0.9126600000000002,0
N#Cc1nncc(C=N)n1,133.11399999999998,5,1,1,1,5,86.31,-0.25904999999999995,0
CNc1nc(C=O)n[nH]1,126.11899999999999,4,2,2,1,5,70.67,-0.3411000000000001,0
CC1(O)OCNC1=N,116.12,3,3,0,1,4,65.34,-0.7505300000000001,1
Nc1onc(C=O)c1O,128.087,5,2,1,1,5,89.35000000000001,-0.22510000000000002,0
NC(=O)N1N=CC1=O,113.07599999999998,3,1,0,1,5,75.76,-1.1069,0
N#CCC(O)C1=CC(N)=N1,137.142,4,2,2,1,4,82.39999999999999,-0.48432000000000003,1
N=C1C(N)=CN=C1N,110.12,4,3,0,1,4,88.25,-0.8229300000000002,0
N=C(N)c1c(=N)[n+]1[O-],112.092,3,3,1,1,5,100.66,-2.0408599999999995,0
Cn1cnc(=N)oc1=O,127.10299999999998,5,1,0,1,5,71.88,-1.1472300000000002,0
N=Cn1c(N)n[nH]c1=O,127.107,5,3,1,1,6,100.54999999999998,-1.3912300000000002,0
CCc1cnnc(=N)n1N,139.16199999999998,5,2,1,1,5,80.58,-0.9662299999999995,0
N=C(N)c1c(N)c1=O,111.104,3,3,1,1,4,92.96000000000001,-1.2113300000000002,0
CC(C#N)C1=NN=C1,107.116,3,0,1,1,3,48.51,0.5864800000000001,1
CN1C(=N)N=C1CC#N,122.131,2,1,1,1,4,63.24,0.17875000000000002,0
O=Cc1nncc(CO)n1,139.11399999999998,5,1,2,1,5,75.97,-0.8236000000000001,0
C#CC(N)n1ncn1N,125.135,5,2,1,1,5,74.79,-1.5111,1
Nc1cn(N)c(C=O)n1,126.119,5,2,1,1,5,86.92999999999999,-1.0084,0
COC1=NC(=N)N=C1O,127.103,2,2,0,1,5,78.03,-0.06383000000000005,0
CC(O)C1=NC(O)=N1,114.104,3,2,1,1,4,65.18,-0.30670000000000003,1
N=C1NC(=O)C(C=O)CO1,142.11399999999998,4,2,1,1,5,79.25000000000001,-1.11733,1
N=COC1=NC(=O)N=C1,125.08699999999999,3,1,1,1,5,74.87,0.21297000000000002,0
CC(=O)C1=NC(=N)O1,112.088,3,1,1,1,4,62.510000000000005,-0.06112999999999996,0
CC(=O)C1=NN=C1N,111.10400000000001,4,1,1,1,4,67.81,-0.6978,0
Cn1c(N)nnc1C=N,125.13499999999999,5,2,1,1,5,80.58000000000001,-0.6050300000000002,0
N=C1C(N)N1C(=O)O,115.09199999999998,3,3,0,1,5,90.18,-0.7579300000000002,1
N#CCC1=NN=CC1=O,121.09899999999999,4,0,1,1,4,65.58,-0.09042,0
O=CC(=O)c1ncn[nH]1,125.087,4,1,2,1,5,75.71000000000001,-0.8137000000000001,0
N=Cn1c(O)coc1=N,127.10299999999997,5,3,1,1,5,86.0,-0.27865999999999996,0
Nc1cc(OC=O)n[nH]1,127.103,4,2,2,1,5,81.0,-0.47290000000000026,0
COC1=NOC(=N)C1=O,128.087,5,1,0,1,5,71.74000000000001,-0.47713,0
N#CC1=NC(N)=C1C=N,120.115,4,2,1,1,4,86.02000000000001,-0.21554999999999985,0
CC(=O)C1=NNC1=O,112.088,3,1,1,1,4,58.53,-0.9388000000000001,0
NC1=NC(=O)C=C1O,112.08799999999997,3,2,0,1,4,75.67999999999999,-0.6742999999999999,0
Cc1noc(=N)c(O)n1,127.103,5,2,0,1,5,83.0,-0.43691,0
CC(=O)NC1=NN=C1,111.104,3,1,0,1,4,53.82,-0.4796,0
NC(C=O)c1cn[nH]n1,126.119,4,2,2,1,5,84.66000000000001,-0.9966000000000002,1
CNC(=O)N1CNC1=O,129.119,2,2,0,1,5,61.440000000000005,-0.6915,0
N#CCN=C1N=CN=C1O,136.114,3,1,1,1,5,81.1,-0.09312000000000004,0
N=C1C=C(N)N=C1N,110.12000000000002,4,3,0,1,4,88.25,-0.8229300000000002,0
N=C1CNC(=N)OCCO1,143.146,4,3,0,1,5,78.19000000000001,-0.46516000000000046,0
N=CC1=NC=NC1=N,108.104,3,2,1,1,4,72.42,0.09614,0
N#CCC1=NN=C1N,108.10400000000001,4,1,1,1,4,74.53,-0.37311999999999984,0
Nc1conc(N)c1=O,127.10300000000001,5,2,0,1,5,95.13999999999999,-0.8008,0
N=CN1C=NC(C=O)N1,126.11899999999997,4,2,2,1,5,68.55,-1.0330300000000001,1
COC1=NC(=N)C(=N)O1,127.103,4,2,0,1,5,78.52,-0.02646000000000004,0
N=C1COC(=N)C1=NO,127.103,5,3,0,1,5,89.52,-0.1561600000000002,0
O=c1nc[nH]nc1[O-],112.06799999999998,4,1,0,1,5,81.7,-1.7615,0
N=CC1=NC(N)=[N+]1[O-],112.09200000000001,4,2,1,1,5,88.30000000000001,-1.12693,0
N=C1N=C(N)N=C1CC=O,138.13,4,2,2,1,5,91.66,-0.6780300000000001,0
N=COC1NCNC1=O,129.119,4,3,2,1,5,74.21000000000001,-1.38693,1
N=C1NC(=N)OC(=O)CO1,143.102,5,3,0,1,6,95.26,-0.98106,0
Cn1nc(CO)c(=N)o1,129.119,5,2,1,1,5,75.03999999999999,-1.01513,0
N=Cn1o[nH]c(=O)c1=O,129.075,5,2,1,1,6,91.85,-1.4152300000000002,0
CNC(=N)OC1C=NO1,129.119,4,2,1,1,5,66.7,-0.5007300000000003,1
N=C1N=C(O)C(C=O)=N1,125.08699999999997,2,2,1,1,5,85.86999999999999,-0.4688300000000001,0
CC(=O)c1nnc(O)o1,128.087,5,1,1,1,5,76.22,-0.022200000000000053,0
CN=C1N=CNC1=O,111.10399999999998,2,1,0,1,4,53.82,-0.8272000000000002,0
CNC1=NN=C1CC=O,125.13099999999999,4,1,2,1,4,53.82,-0.43710000000000004,0
N#CCNc1nnc[nH]1,123.119,4,2,2,1,5,77.39,-0.2598200000000001,0
NC(=O)c1cnoc1N,127.103,4,2,1,1,5,95.14,-0.6443000000000001,0
CNC(=O)c1ncc(N)[nH]1,140.14600000000002,3,3,1,1,5,83.80000000000001,-0.6485000000000003,0
NC1=NC(C=O)=C1N,111.10399999999998,4,2,1,1,4,81.47,-1.2736000000000003,0
CN=Cn1cnnc1N,125.135,5,1,1,1,5,69.09,-0.6335000000000002,0
N=C1COC(=N)C(=O)N1,127.103,4,3,0,1,5,86.03,-0.9126600000000002,0
N=Cn1cnc(CO)n1,126.11899999999999,5,2,2,1,5,74.79,-0.77443,0
N=CC1=NC=NC1=N,108.104,3,2,1,1,4,72.42,0.09614,0
O=Cc1[nH]nc(F)c1O,130.078,3,2,1,1,5,65.98,0.06689999999999996,0
COC1=NC(C=O)=N1,112.088,4,0,1,1,4,51.019999999999996,-0.4002000000000001,0
Cc1nc(CO)nn1C=N,140.146,5,2,2,1,5,74.79,-0.4660100000000002,0
N=Cn1[nH]c(=O)oc1=O,129.075,5,2,1,1,6,91.85,-1.4152300000000002,0
CC1=NC(=N)N=C1O,111.10399999999998,1,2,0,1,4,68.8,0.3521700000000001,0
NC(=O)c1nc(N)c[nH]1,126.119,3,3,1,1,5,97.78999999999999,-0.9092000000000005,0
N=C1OCN=C1C(=O)O,128.087,4,2,1,1,5,82.74,-0.5230299999999999,0
COc1connc1=N,127.10300000000001,5,1,1,1,5,72.0,-0.44233000000000006,0
N=C1NCN=COCO1,129.119,4,2,0,1,5,66.7,-0.4991300000000001,0
CN=C1N=C(C#N)O1,109.088,3,0,0,1,4,57.739999999999995,-0.07551999999999998,0
N=C1CNC(=N)OCO1,129.119,4,3,0,1,5,78.19000000000001,-0.5076600000000004,0
N#CC(N)c1ncno1,124.103,5,1,1,1,5,88.73,-0.40701999999999994,1
N=C1NN=C(CO)C1=O,127.10299999999998,4,3,1,1,5,85.53999999999999,-1.5157300000000002,0
N=c1occ(N)n1CO,129.11900000000003,5,3,1,1,5,88.17,-0.9074300000000004,0
N=CN1CC(=N)OCN1,128.135,4,3,1,1,5,72.2,-0.6349600000000002,0
N#Cc1n[nH]c(C=O)n1,122.08699999999997,4,1,1,1,5,82.42999999999999,-0.51112,0
N=C1OCOC(=O)CO1,131.087,5,1,0,1,5,68.61,-0.5313300000000001,0
CC1=NC(CO)=NC1=O,126.11499999999998,3,1,1,1,4,62.02,-0.6217000000000001,0
N=C1N=COC(=N)CN1,126.119,3,3,0,1,5,81.32,-0.45346000000000014,0
Cc1n[nH]c(=O)n1N,114.108,4,2,0,1,5,76.7,-1.4063799999999995,0
N=c1[nH]c(=O)[nH]c(=N)o1,128.091,4,4,0,1,6,109.49,-1.7450599999999996,0
CN=C1N=C(O)C(O)=N1,127.10299999999998,1,2,0,1,5,77.54,-0.10120000000000007,0
CC1(C(=N)N)OC1=N,113.12,3,3,1,1,4,86.25,-0.31146,1
N=C1N=CN=C1NC=O,124.10299999999998,3,2,1,1,5,77.67,-0.8499300000000003,0
Cn1c(O)ncnc1=N,126.119,5,2,0,1,5,74.78999999999999,-0.9998300000000002,0
C#CC[N+](=O)n1cc[nH]1,124.12299999999998,2,1,2,1,4,40.8,-0.008600000000000108,0
N=C1NC(=O)COC1=N,127.103,4,3,0,1,5,86.03,-0.9126600000000002,0
N=c1ncnn[nH]c1=N,124.107,5,3,0,1,6,102.16,-1.8413599999999999,0
CC(O)C1=NN=C1CO,128.131,4,2,2,1,4,65.18,-0.8299000000000003,1
N=CN1COC(=N)CO1,129.119,4,2,1,1,5,69.4,-0.2079600000000001,0
N=C1C(=O)NN=C1CN,126.11900000000001,4,3,1,1,5,91.33,-1.5493299999999997,0
N=C1N=C(CO)N=C1O,127.10299999999998,3,3,1,1,5,89.03,-0.67543,0
N=C1OC(=O)OCC1=O,129.071,5,1,0,1,5,76.44999999999999,-0.30043,0
C#CC(O)C1=NN=N1,109.08800000000002,4,1,1,1,4,57.31,-0.2402,1
N=C1N=CN=C(N)C1=O,124.103,4,2,0,1,5,91.66,-1.06813,0
CN=C1N=C(O)NC1=O,127.10299999999998,2,2,0,1,5,74.05000000000001,-0.9415,0
Nc1cn(C=O)c(O)n1,127.10299999999998,5,2,1,1,5,81.14,-0.7908000000000002,0
N=C1NC(=O)CN=CO1,127.103,4,2,0,1,5,74.54,-0.9041300000000001,0
CN=C1NC(=O)OC1=O,128.087,4,1,0,1,5,67.75999999999999,-0.7189000000000001,0
N=C1N=C(CO)N=C1O,127.10299999999998,3,3,1,1,5,89.03,-0.67543,0
CN=C1NCOC(=N)O1,129.119,4,2,0,1,5,66.7,-0.49913000000000024,0
CN=C1ON=C1C=N,111.10399999999998,4,1,1,1,4,57.800000000000004,0.05047000000000007,0
N=C1OCNCC(=O)O1,130.10299999999998,5,2,0,1,5,71.41,-0.9583300000000003,0
O=C1NC(=O)C(=O)O1,115.04399999999998,4,1,0,1,5,72.47,-1.2206000000000001,0
N=C1NC(=N)C(=N)O1,112.092,4,4,0,1,5,92.81000000000002,-0.5044900000000001,0
N=Cc1cn(N)c(N)n1,125.13500000000002,5,3,1,1,5,93.71,-0.8232300000000001,0
N=Cn1cc(N)n1CO,128.13500000000002,5,3,2,1,5,79.96,-0.72323,0
N=CN1CC(=O)C(=O)O1,128.087,4,1,1,1,5,70.46000000000001,-1.06363,0
N=C1NCCOC(=O)O1,130.103,4,2,0,1,5,71.41,-0.32243,0
Nc1c(O)ocnc1=O,128.087,5,2,0,1,5,89.35,-0.6774,0
N=C1COC(=O)C1=NO,128.087,5,2,0,1,5,82.74,-0.60683,0
Nc1nc(C=O)no1,113.07599999999998,5,1,1,1,5,82.01,-0.5357000000000001,0
Nc1ccnnc1N,110.12000000000002,4,2,0,1,4,77.82,-0.35900000000000015,0
COc1nncc(N)n1,126.119,5,1,1,1,5,73.92,-0.5376000000000003,0
CN1N=NC(N)=C(CO)O1,144.134,6,2,1,1,6,83.44000000000001,-0.6493,0
N=C1CNC(=O)C(=N)O1,127.10299999999998,4,3,0,1,5,86.03000000000002,-0.9126600000000002,0
CN=C1C=NOC1=N,111.10399999999998,4,1,0,1,4,57.800000000000004,0.05046999999999996,0
CNC(O)C1=NC(=O)O1,130.103,4,2,2,1,5,70.92,-0.9271000000000003,1
Nc1ccnc(=O)n1O,127.103,5,2,0,1,5,81.14,-0.9372000000000003,0
N=C1N=C(CO)N=C1N,126.119,4,3,1,1,5,94.82,-1.2747300000000001,0
N=C1OC(C=O)C1O,115.08799999999998,4,2,1,1,4,70.38,-1.07773,2
Nc1c[n+]([O-])c(N)cn1,126.119,4,2,0,1,5,91.86999999999999,-1.1206,0
COC(=N)C1=NC(=N)N1,126.119,3,3,1,1,5,81.32,-0.45346000000000014,0
N=C1COC(=N)C(=O)O1,128.087,5,2,0,1,5,83.23,-0.48566000000000015,0
NCC1=NC(=O)OCN1,129.119,4,2,1,1,5,76.71,-0.9591000000000003,0
Nc1cnc(C=O)cn1,123.11499999999998,4,1,1,1,4,68.87,-0.12869999999999998,0
CNC(=O)C1=NN=C1N,126.11900000000001,4,2,1,1,5,79.84,-1.5408,0
N=CN1N=COCC1=O,127.10299999999998,4,1,1,1,5,65.75,-0.6044300000000002,0
N=CC1=NN=NC1=N,109.092,4,2,1,1,5,84.78,0.43504000000000004,0
N=C1NCC(=O)OCO1,130.103,4,2,0,1,5,71.41000000000001,-0.9583300000000001,0
CC1=NC(=N)N=C1O,111.10399999999998,1,2,0,1,4,68.8,0.3521700000000001,0
NC(=O)OC1=CN=C1O,128.087,3,2,1,1,5,84.91000000000001,-0.10679999999999984,0
N=C1OC=NCCOCO1,144.13,5,1,0,1,5,63.900000000000006,-0.029630000000000045,0
N=CC1=NC(=O)NCN1,126.119,3,3,1,1,5,77.34,-0.6952300000000002,0
N=CN1CC(=O)NCO1,129.119,3,2,1,1,5,65.42,-1.0856299999999999,0
N=C1COC(=O)N=CO1,128.087,4,1,0,1,5,71.74,0.15877000000000002,0
CNC1=CN=NC1=NC=O,138.13,3,1,2,1,5,66.18,0.0678999999999999,0
N=C1N=C(CO)N=C1CO,141.13,4,3,2,1,5,89.03,-1.19863,0
N=C1NC=NC1C=O,111.10399999999998,3,2,1,1,4,65.31,-0.8373300000000001,1
Cc1noc(=O)n1CN,129.119,5,1,1,1,5,74.05,-0.9390799999999999,0
CC(=O)n1cnc(N)n1,126.11900000000001,5,1,0,1,5,73.8,-0.47959999999999997,0
CN=C1N=C(O)C(=N)O1,127.10299999999998,3,2,0,1,5,78.03000000000002,-0.06382999999999994,0
Nc1nc(C=O)oc1N,127.10299999999998,5,2,1,1,5,95.14,-0.3485,0
Nc1coc(=O)n1CO,130.103,5,2,1,1,5,81.39,-1.0267000000000002,0
N=c1[nH]c(=N)oc(=O)o1,129.075,5,3,0,1,6,106.83999999999999,-1.4801600000000006,0
NC1=NC(=O)C(CO)=[NH+]1,128.111,3,3,1,1,5,89.64999999999999,-3.6447999999999996,0
N=CC1=NC=NC1=O,109.088,3,1,1,1,4,65.64,-0.35453,0
NC1=CC(=O)C(N)=N1,111.10400000000001,4,2,0,1,4,81.47,-1.2735999999999998,0
Cn1c(N)cnc1C=O,125.13099999999997,4,1,1,1,4,60.910000000000004,-0.18519999999999975,0
N=C1NC(=O)C(=O)O1,114.05999999999999,4,2,0,1,5,79.25000000000001,-1.4058300000000001,0
NC1=NCOC1=NC=O,127.10299999999998,4,1,1,1,5,77.03999999999999,-1.1138000000000001,0
N=CC1OCOC(=N)O1,130.103,5,2,1,1,5,75.39,-0.08225999999999994,1
COC1=NC(=O)C(N)=N1,127.10300000000001,4,1,0,1,5,77.03999999999999,-1.1138000000000003,0
N=CN1CC(=O)OCN1,129.119,4,2,1,1,5,65.42,-1.0856300000000003,0
CN=C1N=CN=C1O,111.10399999999998,2,1,0,1,4,57.31,0.013100000000000056,0
COC1=NC(=N)C(N)=N1,126.11900000000001,4,2,0,1,5,83.82,-0.6631300000000002,0
N=C1NC(CO)C(=O)O1,130.103,4,3,1,1,5,82.41000000000001,-1.5715299999999999,1
N=C1OC=NC(C=O)O1,128.087,5,1,1,1,5,71.74,-0.4787300000000001,1
N=CC1=NN=C(N)C1=O,124.103,5,2,1,1,5,91.66,-1.06813,0
COc1ncc(=N)[nH]n1,126.119,4,2,1,1,5,74.65,-0.7072300000000002,0
O=CC1NC=NC(=O)O1,128.087,4,1,1,1,5,67.76,-0.7205000000000001,1
CC(=N)C1N=NC(=N)O1,126.119,4,2,1,1,5,81.65,0.7693399999999999,1
CN=c1nc[nH]c(=O)o1,127.10299999999998,4,1,0,1,5,71.25,-1.1066000000000003,0
COC1=C(O)C(=O)C=N1,127.09899999999998,4,1,1,1,4,58.89,0.013400000000000023,0
CNC1=NC(=O)OC1=O,128.087,4,1,0,1,5,67.75999999999999,-0.7189000000000001,0
COC1=NN=C1NC=O,127.10299999999998,4,1,1,1,5,63.050000000000004,-0.8956000000000002,0
N=C1NC(=N)C(=O)CO1,127.103,4,3,0,1,5,86.03000000000002,-0.91266,0
N=C1OC(=O)C(=O)O1,115.04399999999998,5,1,0,1,5,76.45,-0.9788300000000001,0
N=COc1cn[nH]c(=N)n1,139.118,5,3,2,1,6,98.5,-0.7299600000000002,0
CN=C1OC(=N)OC1=N,127.103,5,2,0,1,5,78.52000000000001,-0.02646000000000004,0
CCC1=NC(N)=NC1=O,125.131,3,1,1,1,4,67.81,-0.30770000000000003,0
N=C1CNC(=N)OCCO1,143.146,4,3,0,1,5,78.19000000000001,-0.46516000000000046,0
N=C1N=C(O)C(=N)N1,112.09199999999998,2,4,0,1,5,92.32,-0.5418600000000002,0
Cc1nc(=N)on1C=N,126.11899999999999,5,2,1,1,5,78.66,-0.2808399999999999,0
N#CC(O)C1=NC(N)=N1,124.10300000000002,5,2,1,1,5,94.75999999999999,-1.40232,1
N=C1NC(=O)COC1=O,128.087,4,2,0,1,5,79.25,-1.36333,0
NCn1c(C=O)cnc1N,140.14599999999996,5,2,2,1,5,86.92999999999999,-0.8060000000000005,0
N=Cn1c(N)coc1=O,127.10299999999998,5,2,1,1,5,85.00999999999999,-0.5213300000000001,0
N=C1COC(=N)OCO1,130.103,5,2,0,1,5,75.39,-0.08066000000000012,0
N=C1N=CN=C1CO,111.10399999999998,3,2,1,1,4,68.8,-0.5611300000000001,0
N=c1oc(=O)o[nH]c1=O,130.059,5,2,0,1,6,100.06,-1.5994300000000004,0
CC1=NC(=N)NC1=O,111.10399999999998,2,2,0,1,4,65.31,-0.4881300000000001,0
N=CC(N)(O)N1COC1,131.135,5,3,2,1,5,82.57000000000001,-1.5120300000000007,1
N=Cc1noc(N)n1,112.09200000000001,5,2,1,1,5,88.79,-0.3505300000000002,0
N=C1CC(=O)NC(=N)O1,127.10299999999998,4,3,0,1,5,86.03000000000002,-0.5650600000000003,0
N=CN1C=NCC(=O)N1,126.11899999999999,3,2,1,1,5,68.55,-1.0314300000000003,0
N=CC1NC(=N)OCO1,129.119,4,3,1,1,5,78.19000000000001,-0.5092600000000003,1
NC1=NC(O)=NC1=O,113.07599999999998,3,2,0,1,5,88.03999999999999,-1.2022,0
N=CC(=N)OC1COC1=O,142.11399999999998,5,2,2,1,5,83.23000000000002,-0.44476000000000027,1
Cc1nnc([O-])c(O)n1,126.09499999999998,5,1,0,1,5,81.96000000000001,-1.0407800000000003,0
COC1=NC(=N)C(N)=N1,126.11900000000001,4,2,0,1,5,83.82,-0.6631300000000002,0
N=C1NC(=O)NC1O,115.09199999999998,3,4,0,1,5,85.21000000000001,-1.40513,1
N#COCC1=NOC1=N,125.087,5,1,2,1,5,78.46000000000001,-0.15245000000000003,0
CC(=O)C1=NC(=O)O1,113.07199999999999,3,0,1,1,4,55.730000000000004,0.12410000000000004,0
N=C1OCC(=O)C(=O)O1,129.071,5,1,0,1,5,76.45,-0.9363300000000001,0
N=C1COC(=N)C(=N)O1,127.103,5,3,0,1,5,90.01,-0.034989999999999966,0
N=C1COC(=O)OC1O,131.087,5,2,0,1,5,79.61,-0.5086300000000001,1
CC(O)C1=NN=C1O,114.104,3,2,1,1,4,65.18,-0.30670000000000003,1
N=C1NCC(=O)OCO1,130.103,4,2,0,1,5,71.41000000000001,-0.9583300000000001,0
N=C1NC=CNC(=O)O1,127.103,3,3,0,1,5,74.21000000000001,-0.27823000000000014,0
N=C1COCNC(=O)N1,129.119,3,3,0,1,5,74.21,-0.7494300000000003,0
COc1nc(=O)cn[nH]1,127.103,4,1,1,1,5,67.87,-0.8265,0
NC(=O)C1=NN=CC1=O,125.08699999999999,4,1,1,1,5,84.88,-1.5188,0
CC(=O)C1=NN=C1N,111.10400000000001,4,1,1,1,4,67.81,-0.6978,0
CC(=O)c1noc(N)n1,127.10300000000001,5,1,1,1,5,82.01,-0.14560000000000006,0
N=C1NC(O)(C=O)O1,116.07599999999998,4,3,1,1,5,82.41000000000001,-1.61403,1
N=C1NC(=O)OC1=NO,129.07500000000002,5,3,0,1,6,94.77000000000001,-0.5088300000000001,0
N=CN1C=NC(O)NC1,128.13499999999996,4,3,1,1,5,71.71000000000001,-1.2396300000000002,1
Cn1nc[nH]c1=NCO,128.135,4,2,1,1,5,66.2,-1.4013,0
N=C1N=C(N)N=C1C=O,124.103,4,2,1,1,5,91.66,-1.06813,0
N=CN1CC(=O)OCN1,129.119,4,2,1,1,5,65.42,-1.0856300000000003,0
O=Cc1nc[nH]c(=O)n1,125.08699999999999,4,1,1,1,5,75.71000000000001,-1.0226,0
NC1=NN=C(C=O)C1=O,125.08699999999997,5,1,1,1,5,84.88,-1.5188,0
CN=C1C=NNC1=O,111.10399999999998,3,1,0,1,4,53.82,-0.8272000000000002,0
COC1=NC(=N)C(N)=N1,126.11900000000001,4,2,0,1,5,83.82,-0.6631300000000002,0
N=C(O)C1=COC1=N,112.08799999999998,3,3,1,1,4,77.16,0.41304,0
Cn1nc(C=O)nc1N,126.119,5,1,1,1,5,73.8,-0.7902,0
N=C1COC(=N)OCO1,130.103,5,2,0,1,5,75.39,-0.08066000000000012,0
CNC(=O)C1=NC(=N)O1,127.103,3,2,1,1,5,74.54,-0.9041300000000001,0
N=C(O)C1=NC=NC1=N,124.103,3,3,1,1,5,92.65,-0.018159999999999954,0
CNC(=O)c1ncn[nH]1,126.119,3,2,1,1,5,70.67,-0.8357000000000003,0
N=CC1(N)C(=O)NC1=O,127.10299999999998,4,3,1,1,5,96.03999999999999,-2.01013,0
CC(=O)N1N=CC1=N,111.10399999999998,3,1,0,1,4,56.52,-0.18842999999999993,0
N#CC1=CN=C1NC=O,121.09899999999998,3,1,1,1,4,65.25,-0.4480200000000001,0
N#CC(=O)NC1N=CO1,125.08699999999997,4,1,1,1,5,74.48,-1.0317200000000002,1
N#COCc1conc1N,139.11399999999998,5,1,2,1,5,85.07,0.25448000000000004,0
N=CC1CNC(C(N)=O)O1,143.146,4,3,2,1,5,88.2,-1.5642299999999996,2
N=C1COC(=N)N=CO1,127.103,4,2,0,1,5,78.52,-0.026460000000000095,0
Nc1cc(=O)onc1N,127.10300000000001,5,2,0,1,5,95.14,-0.8008000000000002,0
N=C1OC(N)=C1C=O,112.088,4,2,1,1,4,76.16999999999999,-0.6369300000000002,0
N=c1nc(N)on1C=O,128.091,6,2,1,1,6,97.9,-1.4239300000000001,0
Nc1cnc(N)n1C=O,126.119,5,2,1,1,5,86.92999999999998,-0.9142000000000001,0
COC1COC(=O)C(=N)N1,144.13000000000002,4,2,1,1,5,71.41,-0.9174300000000004,1
CNC1=NC(=O)NC1=O,127.10299999999998,3,2,0,1,5,70.56,-1.1459000000000001,0
N=C1OCOC1NC=O,130.10299999999998,4,2,2,1,5,71.41,-0.9599300000000002,1
COC1=NC(N)=NC1=N,126.11900000000001,4,2,0,1,5,83.82,-0.66313,0
NC1=C(N)C(C=O)=N1,111.10399999999998,4,2,1,1,4,81.47,-1.2735999999999998,0
NC(=O)c1ncc(O)[nH]1,127.10299999999998,3,3,1,1,5,92.0,-0.7858000000000005,0
N=c1nc(C=O)cn[nH]1,124.10299999999998,4,2,1,1,5,82.49000000000001,-0.9033300000000002,0
NC(=O)C1OC=NC1=O,128.087,3,1,1,1,5,81.75,-1.5746000000000002,1
O=C1COC(=O)C1=NO,129.071,5,1,0,1,5,75.96000000000001,-1.0575,0
N=CNC1OCN=C1O,129.11900000000003,3,3,2,1,5,77.7,-0.54663,1
CC1=C(NC=N)OC1=O,126.11499999999998,3,2,2,1,4,62.18,-0.028630000000000044,0
CN=C1COC(=O)N1,114.10399999999998,3,1,0,1,4,50.69,-0.2455,0
Cc1cnc(NF)nn1,128.11,4,1,1,1,5,50.7,0.4764199999999998,0
COc1n[nH]c(=N)n1CO,144.13400000000001,5,3,2,1,6,86.92,-1.3509300000000004,0
N=c1ncc(CN)no1,126.11900000000001,5,2,1,1,5,88.79,-0.99223,0
N=C1OC(N)=CC1=O,112.088,4,2,0,1,4,76.16999999999999,-0.6369300000000002,0
N=C1N=CN=C1CO,111.10399999999998,3,2,1,1,4,68.8,-0.5611300000000001,0
N=C1COC(=N)C(O)N1,129.119,4,4,0,1,5,89.19,-1.1208600000000002,1
N=C1N=NC(CN)=N1,111.10800000000002,3,2,1,1,5,86.95,-0.2558299999999999,0
C#CC(N)c1nn[nH]n1,123.11900000000001,4,2,1,1,5,80.48,-1.1673,1
COc1coc(=O)n1O,131.08700000000002,5,1,1,1,5,64.6,-0.31280000000000013,0
N=C1N=C(N)N=C1C=O,124.103,4,2,1,1,5,91.66,-1.06813,0
Cc1noc(=N)c(=O)o1,128.087,5,1,0,1,5,80.09,-0.5843100000000001,0
CC(=O)C1=NC(O)=N1,112.088,3,1,1,1,4,62.019999999999996,-0.09849999999999998,0
N=C1N=C(N)C(=O)O1,113.076,4,2,0,1,5,88.53000000000002,-1.16483,0
Nc1cc(C=O)[nH][n+]1[O-],127.103,3,2,1,1,5,85.82000000000001,-0.9572,0
CC(O)C1=NC(=N)N=C1,125.131,2,2,1,1,4,68.80000000000001,-0.17263,1
N=C1OCOC(=O)C(=N)O1,144.08599999999998,6,2,0,1,6,92.46000000000001,-0.5540600000000002,0
COC1=NC(N)=NC1=O,127.10300000000001,4,1,0,1,5,77.03999999999999,-1.1138000000000001,0
Cc1nc(O)nn1C=N,126.11899999999999,5,2,1,1,5,74.79,-0.25271000000000016,0
CNC(=O)c1cn[nH]n1,126.119,3,2,1,1,5,70.67,-0.8357000000000003,0
CC1NC(=O)N=NC1=O,127.103,2,1,0,1,5,70.89,0.07690000000000002,1
O=C1N=CN=C1C=NO,125.08699999999997,4,1,1,1,5,74.38,-0.5441,0
N=CN1CC(=O)OC1=O,128.087,4,1,1,1,5,70.46000000000001,-0.42772999999999994,0
COC1=NC(N)=NC1=O,127.10300000000001,4,1,0,1,5,77.03999999999999,-1.1138000000000001,0
N=C1OC=NCC(=O)O1,128.087,5,1,0,1,5,71.74,-0.47713000000000005,0
N=C1OCC(N)(C=O)O1,130.103,5,2,1,1,5,85.39999999999999,-1.1781300000000001,1
N=C1ON=C(N)C1=O,113.076,5,2,0,1,5,88.53,-1.16483,0
CN=C1NN=NC1=N,111.108,3,2,0,1,5,72.96000000000001,-0.03763000000000005,0
NC(=O)c1ncoc1N,127.103,4,2,1,1,5,95.14,-0.6443000000000003,0
N=C(N)C1=CN=NC1=O,124.103,3,2,1,1,5,91.66,-0.20132999999999995,0
N=c1[nH]c(=N)oc(=O)[nH]1,128.091,4,4,0,1,6,109.48999999999998,-1.7450600000000005,0
N=C1OCC(=O)OC1=N,128.087,5,2,0,1,5,83.22999999999999,-0.48566000000000015,0
CCn1cnc(=N)n1O,128.135,5,2,1,1,5,66.83,-0.5787300000000002,0
NC1=C(N)C(C=O)=N1,111.10399999999998,4,2,1,1,4,81.47,-1.2735999999999998,0
N=C1N=C(C=O)N=C1O,125.08699999999997,3,2,1,1,5,85.87,-0.4688299999999999,0
NC(=O)C1=NC(O)=N1,113.076,3,2,1,1,5,88.04,-1.2022000000000002,0
N=C1NC=COC(=O)N1,127.103,3,3,0,1,5,74.21,-0.27823000000000014,0
N=c1nc1C(N)C=O,111.10399999999998,4,2,2,1,4,79.83000000000001,-1.36463,1
CC1=NC(=N)N=C1N,110.12,2,2,0,1,4,74.59,-0.24712999999999996,0
C#CC1(N)C=NN=N1,108.104,4,1,0,1,4,63.099999999999994,-0.2738,1
CC(N)C1=NC(=N)N=N1,125.135,3,2,1,1,5,86.95,0.13267000000000023,1
N=C1NN=C(CO)C1=O,127.10299999999998,4,3,1,1,5,85.53999999999999,-1.5157300000000002,0
COC1=NC(=N)N=C1N,126.11900000000001,3,2,0,1,5,83.82,-0.66313,0
N=c1nc[nH]c(=N)n1O,127.10699999999999,5,4,0,1,6,101.54,-1.5925599999999998,0
N#CC(N)c1cnon1,124.103,5,1,1,1,5,88.73,-0.40702000000000016,1
CC1(C#N)NC(=O)O1,112.08799999999998,3,1,0,1,4,62.120000000000005,-0.034019999999999884,1
N=C1NC(O)=C1C=O,112.08799999999998,3,3,1,1,4,73.18,-0.4646300000000001,0
N=C1N=CC(N)=C1N,110.12000000000002,3,3,0,1,4,88.25,-0.8229300000000002,0
N=CN=C1N=CN=C1N,123.119,3,2,1,1,5,86.95,-0.60893,0
CC1=NN=C1NC=N,110.11999999999999,3,2,1,1,4,60.6,-0.0289299999999999,0
N=C1ON=CCC(=O)O1,128.087,5,1,0,1,5,71.74,-0.1295300000000001,0
N=CN1CNC(=O)C1=N,126.11899999999997,3,3,1,1,5,80.04,-1.03996,0
NC1=NC(=O)C(F)=N1,115.067,3,1,0,1,5,67.81,-0.7907,0
CC1=NC(=N)C(=N)N=N1,123.119,3,2,0,1,5,84.78,0.82514,0
NC(=O)C1=NC(O)=N1,113.076,3,2,1,1,5,88.04,-1.2022000000000002,0
CC(=O)c1n[nH]c(=N)o1,127.103,4,2,1,1,5,82.74,-0.31523000000000007,0
CC1=C(N)C(=N)N=C1,109.13199999999999,2,2,0,1,3,62.230000000000004,0.28077000000000013,0
N=C1OC(=O)C=C1N,112.088,4,2,0,1,4,76.17,-0.63693,0
N=C1N=CN=C1NC=O,124.10299999999998,3,2,1,1,5,77.67,-0.8499300000000003,0
N=C1N=C(CO)C(=O)O1,128.087,4,2,1,1,5,82.74,-1.0887300000000002,0
COC1=NOC1=NCO,130.103,5,1,1,1,5,63.41,-0.6752,0
N=C1NC(=O)C(O)CO1,130.10299999999998,4,3,0,1,5,82.41000000000001,-1.5715300000000003,1
NC(C=O)c1cnn[nH]1,126.119,4,2,2,1,5,84.66,-0.9966000000000002,1
N=C(N)N(C=O)C1=NO1,128.09099999999998,4,2,1,1,6,95.07000000000001,-1.3605299999999996,0
CN=C1C=NNC1=O,111.10399999999998,3,1,0,1,4,53.82,-0.8272000000000002,0
CN=c1ncoc(N)n1,126.119,5,1,0,1,5,77.3,-0.8177000000000003,0
N=Cc1ncnc(N)n1,123.11900000000001,5,2,1,1,5,88.54,-0.5485300000000002,0
COC1=NC(N)=NC1=N,126.11900000000001,4,2,0,1,5,83.82,-0.66313,0
N=C1COC(=O)NC1=O,128.087,4,2,0,1,5,79.25,-0.7274300000000002,0
Nc1[nH]cnc1C=O,111.10399999999998,3,2,1,1,4,71.77000000000001,-0.19559999999999994,0
N=CC1=C(N)N=CC1=N,122.131,4,3,1,1,4,86.08000000000001,-0.08955999999999997,0
C#CC(=O)n1nc[nH]1,109.088,3,1,0,1,4,50.68,-0.5154000000000001,0
CC(=O)C1=C(N)N=N1,111.10400000000001,4,1,1,1,4,67.81,0.16900000000000004,0
N=C1COC(=O)OCN1,130.103,4,2,0,1,5,71.41,-0.32243000000000016,0
N=CCn1c(O)nnc1O,142.118,6,3,2,1,6,95.02000000000001,-0.6611300000000002,0
N=C1COCNC(=N)O1,129.119,4,3,0,1,5,78.19000000000001,-0.5076600000000004,0
N=C1C(N)=CN=C1N,110.12,4,3,0,1,4,88.25,-0.8229300000000002,0
CC(=O)c1cn[nH]n1,111.104,3,1,1,1,4,58.64,0.007299999999999918,0
N=C1OCC(=N)C(C=O)O1,142.11399999999998,5,2,1,1,5,83.23,-0.44476000000000027,1
CC(=O)C1=NC(O)=N1,112.088,3,1,1,1,4,62.019999999999996,-0.09849999999999998,0
CNC1=NN=C1C=N,110.11999999999999,4,2,1,1,4,60.6,-0.3765300000000002,0
CC1(C(O)=NO)CN1,116.12,3,3,1,1,4,74.76,-0.3060000000000002,1
O=CC(=O)c1nc[nH]n1,125.087,4,1,2,1,5,75.71000000000001,-0.8137000000000001,0
N=C1COC(=N)OCN1,129.119,4,3,0,1,5,78.19,-0.5076600000000002,0
Cc1nc(N)noc1=O,127.103,5,1,0,1,5,82.00999999999999,-0.6795800000000001,0
N=C1OC(=O)C(C=O)O1,129.07099999999997,5,1,1,1,5,76.45,-0.9379300000000002,1
CNC1=NN=C1OC=N,126.11899999999999,5,2,1,1,5,69.83000000000001,-0.4449300000000002,0
N=C1N=CC(N)=C1N,110.12000000000002,3,3,0,1,4,88.25,-0.8229300000000002,0
CNC1=NC(=O)N1C=N,126.11899999999999,3,2,1,1,5,68.55000000000001,-0.3955299999999999,0
NC1=NN=COC=C1N=O,140.10199999999998,6,1,1,1,6,89.4,-0.07509999999999989,0
NC1=NC(=O)C(N)=N1,112.092,4,2,0,1,5,93.83,-1.8014999999999999,0
COC1=CC(=O)N=N1,112.08800000000001,3,0,1,1,4,51.019999999999996,0.4666,0
COc1cc(=N)nn[nH]1,126.11900000000001,4,2,1,1,5,74.65,-0.7072300000000002,0
CN=c1oc(=O)c1=NO,128.087,5,1,0,1,5,75.16,-1.6642000000000003,0
N#CC(N)c1nc1=O,109.088,4,1,1,1,4,79.77000000000001,-1.15922,1
N=COC1=NC(=O)NC1,127.103,3,2,1,1,5,74.53999999999999,-0.2682300000000002,0
N=C1OCOC(=N)C1=O,128.087,5,2,0,1,5,83.22999999999999,-0.48566000000000015,0
NC(=O)C1OC1C=O,115.08799999999998,3,1,2,1,4,72.69,-1.5620000000000005,2
N=CC1=NN=C1C(N)=O,124.103,4,2,2,1,5,91.66,-1.0681300000000002,0
N=C1N=NC=C1C=O,109.08799999999998,3,1,1,1,4,65.64,0.51227,0
CCOC1=NC(=N)N=N1,126.11900000000001,3,1,1,1,5,70.16,0.7794700000000001,0
Cc1nnc(O)n1C=O,127.10299999999998,5,1,1,1,5,68.01,-0.6695800000000001,0
N=c1nc(N)c(N)co1,126.119,5,3,0,1,5,101.92,-0.68153,0
Nc1nc(O)cn1O,115.09199999999997,5,3,0,1,5,84.3,-0.5918000000000003,0
N#CNc1nn[nH]c1C=O,137.102,5,2,2,1,6,94.46000000000001,-0.48982000000000037,0
N=c1[nH]c(=O)oc(=O)o1,130.059,5,2,0,1,6,100.05999999999999,-1.59943,0
N=C1N=C(CO)N1CO,129.119,3,3,2,1,5,79.91,-1.4226300000000003,0
N=C1NC(=O)COCO1,130.103,4,2,0,1,5,71.41000000000001,-0.9583300000000001,0
COC1=NC(=O)C=C1N,126.115,3,1,0,1,4,64.67999999999999,-0.5859000000000001,0
N=C1C=NC(N)=NC1=O,124.10300000000001,4,2,0,1,5,91.66,-1.0681300000000002,0
N=C1NC(=O)COC1=N,127.103,4,3,0,1,5,86.03,-0.9126600000000002,0
COC1=NC(=N)N=C1O,127.103,2,2,0,1,5,78.03,-0.06383000000000005,0
N=C1NC(=O)C(=O)O1,114.05999999999999,4,2,0,1,5,79.25000000000001,-1.4058300000000001,0
N=C1NCOC(=O)CO1,130.103,4,2,0,1,5,71.41,-0.9583300000000001,0
NC(=O)OC1C=NC=NN1,142.118,5,2,1,1,6,89.07000000000001,-0.9749000000000001,1
N=C1C=NC(=N)C(O)=N1,124.103,2,3,0,1,5,92.65,-0.018159999999999954,0
O=Cc1ncc(O)n1O,128.087,5,2,1,1,5,75.35,-0.3615000000000001,0
N=C1NC=NOC1C=O,127.10299999999998,4,2,1,1,5,74.53999999999999,-0.9057300000000001,1
CN=C1OC(N)=NC1=O,127.10300000000001,4,1,0,1,5,77.03999999999999,-1.1138000000000001,0
N=C1C(N)=NN=C1O,112.09199999999998,4,3,0,1,5,94.82000000000001,-0.7515300000000003,0
N=CNC1=NC=NC1=O,124.103,3,2,1,1,5,77.67,-0.8499300000000001,0
N=C1OC=NC=C(O)O1,128.087,5,2,0,1,5,74.9,0.35316999999999993,0
N=CN1C(=N)OC1C=O,127.10299999999997,4,2,2,1,5,77.24000000000001,-0.6145600000000002,1
O=Cc1nn[nH]c1C=O,125.08699999999997,4,1,2,1,5,75.71000000000001,-0.5703000000000003,0
N=C1N=CC(N)=C1CO,125.131,3,3,1,1,4,82.46000000000001,-0.7468300000000003,0
N=c1[nH]c(=NO)cco1,127.10299999999998,4,3,0,1,5,85.37,-0.6229300000000004,0
N=C1OCC(=O)COC1=N,142.114,5,2,0,1,5,83.22999999999999,-0.44316000000000016,0
CNC1=NN=C1CO,113.11999999999999,4,2,1,1,4,56.980000000000004,-1.0338,0
CC(=O)OC1=NNC1=O,128.08700000000002,4,1,0,1,5,67.75999999999999,-1.0072,0
N=Cc1nc(=N)nn[nH]1,124.10700000000001,5,3,1,1,6,102.16,-1.3231600000000003,0
Nc1cnn(C=O)n1,112.092,5,1,1,1,5,73.8,-1.1014000000000002,0
COc1cnoc1N=N,127.103,5,1,2,1,5,71.47,1.34567,0
N=C1CC(=O)OC(=N)N1,127.10299999999998,4,3,0,1,5,86.03,-0.5650600000000001,0
Nc1cn(N)c(C=O)n1,126.119,5,2,1,1,5,86.92999999999999,-1.0084,0
N=c1onc(O)cc1N,127.10299999999998,5,3,0,1,5,96.13,-0.55813,0
N=CN1CC(=N)COC=N1,140.146,4,2,1,1,5,72.53,-0.11126000000000008,0
CC(=O)C1N(O)N1C=N,129.119,4,2,2,1,5,67.17,-0.5696299999999999,2
CNC(=O)C1=NC(O)=N1,127.103,3,2,1,1,5,74.05,-0.9415,0
N=C1NC(=O)OC1=N,113.076,4,3,0,1,5,86.03,-0.3192599999999998,0
N=C1COCNC(=O)O1,130.103,4,2,0,1,5,71.41,-0.32243000000000016,0
COc1cnoc(=N)n1,127.103,5,1,1,1,5,72.0,-0.44233000000000006,0
CC(=O)c1nocc1O,127.09899999999998,4,1,1,1,4,63.33,0.5828,0
COC(=O)c1cnn[nH]1,127.10300000000001,4,1,1,1,5,67.87,-0.40870000000000023,0
N=CN1C=NC(N)=CO1,126.11899999999999,4,2,1,1,5,74.7,-0.3734300000000001,0
N=C1N=NC(CO)=C1N,126.119,4,3,1,1,5,94.82,-0.40793000000000007,0
CN=C1N=NC(CN)=N1,125.135,3,1,1,1,5,75.46,-0.20479999999999998,0
N=Cc1ncnc(N)n1,123.11900000000001,5,2,1,1,5,88.54,-0.5485300000000002,0
N=Cc1cnc(N)n1O,126.119,5,3,1,1,5,87.92,-0.2997300000000002,0
N=C1N=C(N)C(CO)=N1,126.119,3,3,1,1,5,94.82000000000001,-1.2747300000000001,0
N=C1OC(C=O)NC1C=O,142.11399999999998,5,2,2,1,5,79.25,-1.32403,2
CNC(=O)c1n[nH]c(=O)o1,143.102,4,2,1,1,6,87.99,-1.2775000000000005,0
N=C1C=NC(O)=C1O,112.08799999999998,4,3,0,1,4,76.67,0.37567,0
Nc1nocnc1=O,113.076,5,1,0,1,5,82.00999999999999,-0.988,0
N=C1NC(=O)NC1=O,113.076,3,3,0,1,5,82.05000000000001,-1.19693,0
O=Cc1n[nH]nc1C=O,125.08699999999997,4,1,2,1,5,75.71000000000001,-0.5703000000000003,0
O=CNC1=NC(O)C1=O,128.087,4,2,1,1,5,78.75999999999999,-1.9680000000000006,1
CC1(C(=N)O)NC1=N,113.11999999999999,2,4,1,1,4,89.87,-0.13916000000000006,1
N=[N+](N)C1=CC(O)=C1,112.11199999999997,2,3,1,1,4,73.11,0.24297000000000013,0
N=CN1C=NC(O)NC1,128.13499999999996,4,3,1,1,5,71.71000000000001,-1.2396300000000002,1
NC(=O)C1=CN=NC1=O,125.08699999999999,3,1,1,1,5,84.88,-0.6520000000000001,0
CN=C1OC(O)=NC1=N,127.103,3,2,0,1,5,78.03,-0.06383000000000016,0
CCNC1=NC(=O)C(=O)O1,142.11399999999998,4,1,1,1,5,67.76,-0.9647000000000001,0
Nc1ncc(C=O)nn1,124.103,5,1,1,1,5,81.76,-0.7337000000000002,0
CC(=O)C1=NC(CO)=N1,126.115,4,1,2,1,4,62.019999999999996,-0.6217000000000001,0
N=C1COC(=O)NCN1,129.119,3,3,0,1,5,74.21,-0.7494300000000003,0
N=CN1C=NCC1=NCO,140.14600000000002,4,2,2,1,5,72.04,-0.7143300000000004,0
CC(=O)c1noc(=N)o1,128.087,5,1,1,1,5,80.09,-0.05033000000000004,0
N=C1N=NC(CO)=C1N,126.119,4,3,1,1,5,94.82,-0.40793000000000007,0
CC1(O)OCOC(=N)O1,133.103,5,2,0,1,5,71.77,-0.39193000000000006,1
N=C1OC=CNC(=O)O1,128.087,4,2,0,1,5,71.41,0.14876999999999996,0
Cc1nc(C=N)noc1=O,139.11399999999998,5,1,1,1,5,79.84,-0.2641100000000001,0
N=CN1CC(O)=NC1=O,127.10299999999998,2,2,1,1,5,76.75,-0.014429999999999998,0
COc1coc(=O)n1N,130.10299999999998,5,1,1,1,5,70.39,-0.8363,0
C#Cc1cnoc(=N)n1,121.09899999999999,4,1,0,1,4,62.77,-0.46962999999999994,0
Cc1nc(N)noc1=N,126.119,5,2,0,1,5,88.78999999999999,-0.5603100000000001,0
N=C1OCC(N)OC1=N,129.119,5,3,0,1,5,92.18,-0.72746,1
N=CC1=C(O)C(=N)O1,112.08799999999998,4,3,1,1,4,77.16000000000001,0.41303999999999996,0
N=C1C=C(O)C(=O)O1,113.07199999999997,4,2,0,1,4,70.38,-0.03763000000000005,0
N=C1C=NC(=O)CO1,112.088,3,1,0,1,4,62.510000000000005,-0.40873000000000004,0
N=C1N=CC(NC=O)=N1,124.103,2,2,1,1,5,77.67,-0.8499300000000001,0
N=CN1CN=C(CO)O1,129.11899999999997,4,2,2,1,5,68.91000000000001,-0.8110299999999999,0
O=CN1C(=O)N=C1O,114.05999999999999,2,1,1,1,5,69.97,-0.5076,0
NC(=O)N1COCOC1,132.119,3,1,0,1,5,64.79,-0.7136,0
CN=c1ncoc(N)n1,126.119,5,1,0,1,5,77.3,-0.8177000000000003,0
CC(=N)NOC1C(=N)C1=O,141.13,4,3,2,1,5,86.03,-0.5241600000000004,1
CN=C1OC(=O)N=C1N,127.10300000000001,4,1,0,1,5,77.03999999999999,-0.47789999999999994,0
CCC1=NC(=N)NC1=O,125.13099999999999,2,2,1,1,4,65.31,-0.09802999999999995,0
CN=C1NC(=N)COC1=N,140.146,4,3,0,1,5,81.32,-0.4109600000000004,0
CN=NC1C(=N)NC1=O,126.119,4,2,1,1,5,77.67,-0.4559300000000001,1
CCC1=NC(=N)N=C1N,124.147,2,2,1,1,4,74.59,0.1429700000000002,0
N=C1N=C(C=O)N=C1N,124.103,4,2,1,1,5,91.66,-1.06813,0
COc1[nH]nnc(=O)c1N,142.118,5,2,1,1,6,93.89,-1.2443000000000002,0
CCC1=NC(=N)C(N)=N1,124.147,3,2,1,1,4,74.59,0.1429700000000002,0
N=CNC1NCOC1=O,129.119,4,3,2,1,5,74.21000000000001,-1.3869300000000002,1
N=C1COCOC(=N)O1,130.103,5,2,0,1,5,75.39,-0.0806599999999999,0
CN1N=C(NCO)C1=O,129.119,4,2,1,1,5,64.93,-1.6887,0
N=CN1COCNC1=O,129.119,3,2,1,1,5,65.42000000000002,-0.4497299999999999,0
CC1=NC(=NO)N1C=O,127.10299999999998,3,1,1,1,5,65.26,-0.3780000000000001,0
CN=C1N=C(CO)C(=N)O1,141.13,4,2,1,1,5,78.03000000000002,-0.5870300000000002,0
N=C1ON=C(CO)C1=N,127.10299999999998,5,3,1,1,5,89.52000000000001,-0.6380600000000003,0
N#CCOC1=CN=NC1=O,137.09799999999998,4,0,2,1,5,74.81,0.36038,0
NC1(C=O)NCC(=O)N1,129.119,4,3,1,1,5,84.22,-2.4828,1
N=C1COC(=N)C(=O)N1,127.103,4,3,0,1,5,86.03,-0.9126600000000002,0
NC1=CN=C(O)C1=O,112.08799999999998,3,2,0,1,4,75.68,-0.6743000000000001,0
Cc1nc(NC#N)no1,124.103,5,1,1,1,5,74.74000000000001,0.2709999999999999,0
N=C1NC(=O)OCCO1,130.103,4,2,0,1,5,71.41000000000001,-0.32243,0
NCC1=NC(N)=NC1=O,126.119,4,2,1,1,5,93.82999999999998,-1.7589999999999995,0
N=CN1CNC(=O)C1O,129.11899999999997,3,3,1,1,5,76.42,-1.6988300000000003,1
N=C1NC(=O)N=C1C=O,125.08699999999999,3,2,1,1,5,82.38,-0.67323,0
N=Cn1[nH]n(C=O)c1=O,128.09099999999998,5,2,2,1,6,83.63999999999999,-1.5286300000000002,0
CC1=NC(CN)=NC1=O,125.131,3,1,1,1,4,67.81,-0.6553,0
CC1=NC(C=O)=NNOC1,141.12999999999997,5,1,1,1,5,63.05,-0.5055000000000001,0
N#CCOC1=NOC1=N,125.08699999999999,5,1,1,1,5,78.46000000000001,-0.15245000000000003,0
N=C1N=C(N)C(C=O)=N1,124.103,3,2,1,1,5,91.66000000000001,-1.06813,0
CC(C=O)C1=NC(=N)O1,126.115,3,1,2,1,4,62.510000000000005,0.18487000000000003,1
Nc1nc(C=O)c(O)o1,128.08699999999996,5,2,1,1,5,89.35,-0.2250999999999999,0
N=C1NC(N)C(=N)O1,114.108,4,4,0,1,5,94.98,-1.1969599999999996,1
Nc1noc(C=O)n1,113.076,5,1,1,1,5,82.01,-0.5357000000000001,0
O=CC(=O)c1cnn[nH]1,125.087,4,1,2,1,5,75.71000000000001,-0.8137000000000003,0
Cc1nc(N)noc1=O,127.103,5,1,0,1,5,82.00999999999999,-0.6795800000000001,0
N=C1OC=NC1CO,114.10399999999998,4,2,1,1,4,65.67,-0.61693,1
Cc1nc(N)nc(=O)o1,127.103,5,1,0,1,5,82.01,-0.6795800000000001,0
N=C1OC=NCOC1=N,127.103,5,2,0,1,5,78.52000000000001,-0.026460000000000095,0
Nc1[nH]nnc1C=O,112.09199999999998,4,2,1,1,5,84.66,-0.8006000000000004,0
N=C1COC(=N)C(=N)OC1,141.13,5,3,0,1,5,90.01,0.007510000000000017,0
N#Cc1nn[nH]c1C=N,121.10299999999998,4,2,1,1,5,89.21000000000001,-0.32595000000000013,0
COc1nc(=N)on1C=O,143.102,6,1,2,1,6,81.10999999999999,-0.99753,0
N=C1OCC(=O)N1C=O,128.087,4,1,1,1,5,70.46000000000001,-1.06363,0
N=C1NC(=O)C(=N)O1,113.076,4,3,0,1,5,86.03000000000002,-0.9551600000000002,0
N=C1NC(=N)C(=O)CO1,127.103,4,3,0,1,5,86.03000000000002,-0.91266,0
NC(=O)c1nc(N)co1,127.103,4,2,1,1,5,95.14,-0.6443000000000003,0
N=C1NC(=O)C(=N)O1,113.076,4,3,0,1,5,86.03000000000002,-0.9551600000000002,0
O=Cc1[nH]nnc1CO,127.103,4,2,2,1,5,78.87,-0.8905000000000001,0
CNC(=O)C1=NN=C1N,126.11900000000001,4,2,1,1,5,79.84,-1.5408,0
CCC(=O)C1=NN=C1N,125.13100000000001,4,1,2,1,4,67.81,-0.3076999999999998,0
N=CC1=C(N)C=NC1=O,123.115,3,2,1,1,4,79.30000000000001,-0.5402300000000002,0
CC1=NC(O)=C1OC#N,124.09899999999998,4,1,1,1,4,65.61000000000001,0.6856800000000001,0
N=C1NCC(=N)C(=O)N1,126.119,3,4,0,1,5,88.83000000000001,-1.3396599999999999,0
O=CCc1nncn1O,127.103,5,1,2,1,5,68.01,-0.7431999999999999,0
N=C1C=C(O)N=C1N,111.104,4,3,0,1,4,82.46,-0.22362999999999988,0
N=COC1N=COC1=O,128.087,5,1,2,1,5,71.74000000000001,-0.4787300000000001,1
N=C1C=NC(C(N)=O)=N1,124.10300000000001,3,2,1,1,5,91.66000000000001,-1.06813,0
N=C1NC(=O)C(=O)CO1,128.087,4,2,0,1,5,79.25000000000001,-1.36333,0
CC(O)C1=NN=C1N,113.12000000000002,4,2,1,1,4,70.97,-0.9060000000000001,1
NC=Cc1ncoc1N,125.131,4,2,1,1,4,78.07,0.18620000000000025,0
Cn1nc[nH]c1=NCO,128.135,4,2,1,1,5,66.2,-1.4013,0
N=C1OCC(=O)C(=N)O1,128.087,5,2,0,1,5,83.23,-0.48566000000000015,0
N=C1COCCN=[N+]1[O-],129.11900000000003,4,1,0,1,5,71.50999999999999,-0.04363000000000006,0
CN=C1N=C(N)C(CO)=N1,140.146,3,2,1,1,5,83.33,-1.2237,0
N=CNC1NCOC1=O,129.119,4,3,2,1,5,74.21000000000001,-1.3869300000000002,1
N=C1N=NC=C1CO,111.10399999999998,3,2,1,1,4,68.8,0.30566999999999994,0
N=CNC1=NC(C=N)=N1,123.119,4,3,2,1,5,84.45,-0.3992600000000001,0
NC1=NC(N)=C1C=O,111.10399999999998,4,2,1,1,4,81.47,-1.2735999999999998,0
N=C1NC(=O)C(=N)O1,113.076,4,3,0,1,5,86.03000000000002,-0.9551600000000002,0
N=Cc1nocnc1=N,124.103,5,2,1,1,5,86.62,-0.45326000000000016,0
COC1=NC(N)=C1C=O,126.115,4,1,1,1,4,64.68,-0.5859000000000001,0
COC1=NNC(=N)C1=O,127.10299999999998,4,2,0,1,5,74.53999999999999,-0.9041300000000003,0
COC1=NC(=O)C([NH3+])=N1,128.111,3,1,0,1,5,78.66,-1.8305999999999996,0
N=C1N=C(C=O)N=C1N,124.103,4,2,1,1,5,91.66,-1.06813,0
COc1[nH]nnc1CO,129.11900000000003,4,2,2,1,5,71.03,-0.6944000000000001,0
NC(=O)OC1=CN=C1N,127.10300000000001,4,2,1,1,5,90.7,-0.7061,0
N=CC1OC=NC(=N)O1,127.103,4,2,1,1,5,78.52,-0.02805999999999992,1
N=C1N=C(N)C(C=O)=N1,124.103,3,2,1,1,5,91.66000000000001,-1.06813,0
Nc1oncc1COC=O,142.11399999999998,5,1,3,1,5,78.35,-0.07020000000000004,0
N=CN1CC(=O)NCO1,129.119,3,2,1,1,5,65.42,-1.0856299999999999,0
CNc1onnc1C=O,127.103,5,1,2,1,5,68.02000000000001,-0.0762000000000001,0
NC(=O)C1=CC(O)=N1,112.08799999999998,2,2,1,1,4,75.68,-0.6743000000000001,0
CNn1c(C)noc1=O,129.119,5,1,1,1,5,60.06,-0.68198,0
N=Cc1oncc1N,111.104,4,2,1,1,4,75.9,0.25447000000000003,0
CC(=O)C1=NC(=N)O1,112.088,3,1,1,1,4,62.510000000000005,-0.06112999999999996,0
Cc1nc(CO)nnc1N,140.146,5,2,1,1,5,84.92,-0.7454800000000001,0
Cc1nc(CO)nn1O,129.119,5,2,1,1,5,71.17,-0.68388,0
C[N+](C)([O-])C1C=NN1,115.136,3,1,1,1,4,47.45,-0.5243000000000002,1
N=C1N=C(N)N=C1C=O,124.103,4,2,1,1,5,91.66,-1.06813,0
COc1nc(=O)[nH]n1N,130.107,5,2,1,1,6,85.92999999999999,-1.7062,0
N=C1N=C(O)C(=N)O1,113.07599999999998,3,3,0,1,5,89.52,-0.11485999999999996,0
NCc1nc(N)noc1=O,142.118,6,2,1,1,6,108.03,-1.5293000000000003,0
C#Cc1nn[nH]c(=N)n1,121.103,4,2,0,1,5,78.31,-1.33953,0
Nc1nc[nH]c(=O)[n+]1[O-],128.09099999999998,4,2,0,1,6,98.71,-2.0145,0
COC1=NC(=N)N=C1N,126.11900000000001,3,2,0,1,5,83.82,-0.66313,0
N=C1N=CC(CO)=C1N,125.131,3,3,1,1,4,82.46,-0.7468300000000001,0
CN=c1cn[nH]c[n+]1[O-],126.11899999999999,3,1,0,1,5,67.98,-1.4264,0
O=CC1(CO)C=N1,99.08899999999998,3,1,2,1,3,49.66,-0.9992000000000001,1
N=C1N=CCNC(=O)O1,127.103,3,2,0,1,5,74.54,-0.26823000000000013,0
N=Cn1oc(=O)oc1=N,129.075,6,2,1,1,6,95.97999999999999,-1.0310599999999999,0
COC1=NN=C(N)C1=N,126.119,5,2,0,1,5,83.82,-0.66313,0
NC1=NC(=O)C(C=O)=N1,125.08699999999997,4,1,1,1,5,84.88,-1.5188,0
Cn1nc(N)cnc1=O,126.119,5,1,0,1,5,73.80000000000001,-1.2425000000000004,0
CN=C1N=C(N)C(=O)O1,127.103,4,1,0,1,5,77.04,-1.1138,0
CC(O)c1cnnn1N,128.13500000000002,5,2,1,1,5,76.96000000000001,-0.9548000000000001,1
C=C(O)n1cnc(N)n1,126.11900000000001,5,2,1,1,5,76.96,-0.15349999999999986,0
CN=C1N=NC(=O)C(F)=N1,142.093,2,0,0,1,6,66.50999999999999,0.3326000000000001,0
N=C1NC(=O)C(=N)O1,113.076,4,3,0,1,5,86.03000000000002,-0.9551600000000002,0
Cc1n[nH]nc1NC#N,123.119,4,2,1,1,5,77.39,0.006099999999999883,0
CN=C1N=C(N)C(=O)N1,126.119,3,2,0,1,5,79.84,-1.540799999999999,0
N=C1COC(=N)OCO1,130.103,5,2,0,1,5,75.39,-0.08066000000000012,0
C#CC(=N)N1COCO1,126.115,3,1,0,1,4,45.55000000000001,-0.22433000000000014,0
COc1cn[nH]c(=O)n1,127.103,4,1,1,1,5,67.87,-0.8265,0
N=C(O)C1=NOC1=N,113.076,4,3,1,1,5,89.52000000000001,-0.11485999999999996,0
N=c1[nH]cc(CO)c(=N)o1,141.13,4,4,1,1,5,96.86,-0.9410600000000002,0
N=COc1c[nH]c(CO)n1,141.12999999999997,4,3,3,1,5,81.99,-0.11213000000000017,0
NC1=CN=C(N)C1=O,111.104,4,2,0,1,4,81.47,-1.2735999999999998,0
CN=C1N=C(N)C(=O)O1,127.103,4,1,0,1,5,77.04,-1.1138,0
Nc1cnc(=O)[nH]c1N,126.119,4,3,0,1,5,97.78999999999999,-1.0656999999999999,0
COC1=NC(N)=NC1=O,127.10300000000001,4,1,0,1,5,77.03999999999999,-1.1138000000000001,0
N=CN1NC(=O)C1=O,113.07599999999998,3,2,1,1,5,73.26,-1.53313,0
CC(=O)C1=NC(=N)O1,112.088,3,1,1,1,4,62.510000000000005,-0.06112999999999996,0
N=C1OC=NCNC1=O,127.103,4,2,0,1,5,74.53999999999999,-0.9041300000000003,0
N=C1CNC(=N)OCO1,129.119,4,3,0,1,5,78.19000000000001,-0.5076600000000004,0
Cc1nc(C=O)nn1O,127.10299999999998,5,1,1,1,5,68.01,-0.36367999999999995,0
N=C1N=C(CO)C(=N)N1,126.11899999999999,3,4,1,1,5,92.32,-1.0650600000000003,0
CN=C(O)c1nc1=O,112.088,3,1,1,1,4,62.550000000000004,-0.7481999999999998,0
N=C1C=C(O)OC1=N,112.08799999999998,4,3,0,1,4,77.16,0.41304,0
CNC(=O)n1cncn1,126.119,4,1,0,1,5,59.81,-0.5344000000000002,0
N=C1C=C(CO)N=[N+]1[O-],127.103,4,2,1,1,5,82.50999999999999,-0.18403000000000003,0
N=C1CC(CO)C(=N)N1,127.14699999999999,3,4,1,1,4,79.96000000000001,-0.45726000000000017,1
N=c1nc(CN)nco1,126.119,5,2,1,1,5,88.79,-0.99223,0
N=C1N=COC(C=O)O1,128.087,4,1,1,1,5,71.74,-0.4787300000000001,1
N=C(N)C1=NC(CO)=N1,126.119,4,3,2,1,5,94.82000000000001,-1.2747300000000001,0
N=C1ON=C(CCO)C1=N,141.13,5,3,2,1,5,89.52000000000001,-0.24796000000000007,0
N=CN1OCCOC1=O,130.103,4,1,1,1,5,62.62000000000001,-0.022729999999999917,0
CC1=NC(=O)N1CCN,127.147,2,1,2,1,4,58.69,-0.20089999999999997,0
COC1=NN=C(N)C1=O,127.103,5,1,0,1,5,77.03999999999999,-1.1138000000000001,0
CC(N)C1=NN=NC1=N,125.135,4,2,1,1,5,86.94999999999999,0.13267000000000023,1
NC(=O)OC1OCC1=O,131.087,4,1,1,1,5,78.62,-0.9929000000000001,1
N#CC(N)N1C=NC1=O,124.10299999999998,3,1,1,1,5,82.47999999999999,-0.74132,1
COc1cn[nH]c(=O)n1,127.103,4,1,1,1,5,67.87,-0.8265,0
CNC1=NN=C1C=O,111.10399999999998,4,1,1,1,4,53.82,-0.8272000000000002,0
CNC(=O)c1cocn1,126.11499999999998,3,1,1,1,4,55.13,0.034200000000000064,0
N=C1NC(=O)OCCO1,130.103,4,2,0,1,5,71.41000000000001,-0.32243,0
C#Cc1nc(N)nn1N,123.11900000000003,5,2,0,1,5,82.75,-1.4446000000000003,0
CCC1=NC(=N)OC1=O,126.11499999999998,3,1,1,1,4,62.51,0.32897000000000004,0
COC1=NNC(=N)C1=O,127.10299999999998,4,2,0,1,5,74.53999999999999,-0.9041300000000003,0
N=c1[nH]nc(CN)n1C=O,141.13400000000001,5,3,2,1,6,100.54999999999998,-1.8123299999999996,0
N=CN1OCC(=N)C1CO,143.14600000000002,4,3,2,1,5,80.4,-0.7786600000000004,1
N=C1CNC(=O)C(=N)O1,127.10299999999998,4,3,0,1,5,86.03000000000002,-0.9126600000000002,0
NC1=NC=C(O)C1=O,112.08799999999998,4,2,0,1,4,75.68,-0.6743000000000001,0
N=CN1C(=O)NC1C=O,127.10299999999997,3,2,2,1,5,73.26,-0.8563300000000003,1
Cc1nnc(N)n1C=O,126.119,5,1,1,1,5,73.8,-0.7929800000000002,0
N=C1CNC(=O)OCO1,130.10299999999998,4,2,0,1,5,71.41000000000001,-0.3224300000000002,0
N=CN1OCNC1C=O,129.119,4,2,2,1,5,65.42000000000002,-1.0872300000000001,1
COC(=O)c1ncn[nH]1,127.10300000000001,4,1,1,1,5,67.87,-0.4087,0
N=CN1CC(=O)NC1=O,127.10299999999998,3,2,1,1,5,73.26,-0.85473,0
CN=c1nc[nH]c(=O)[nH]1,126.11899999999999,3,2,0,1,5,73.9,-1.3714999999999997,0
CN=C1N=NC(CO)=N1,126.11899999999999,3,1,1,1,5,69.67,-0.17119999999999996,0
O=Cc1[nH]nnc1O,113.076,4,2,1,1,5,78.87,-0.6772000000000001,0
CN=C1C=NC(CO)=N1,125.13099999999999,3,1,1,1,4,57.31,-0.5101000000000002,0
Cn1nc(C=N)nc1O,126.11899999999999,5,2,1,1,5,74.79,-0.4816300000000001,0
N=Cc1ncc(=N)on1,124.103,5,2,1,1,5,86.62,-0.45325999999999994,0
CC(=O)OC1=NC(N)=N1,127.10300000000002,5,1,0,1,5,77.03999999999999,-0.7662,0
CN=c1cn[nH]c(N)n1,125.135,4,2,0,1,5,79.95,-1.0826,0
N=CNc1conc1N,126.119,4,3,2,1,5,87.93,0.27577,0
NCn1cc(N)c[n+]1[O-],128.13500000000002,4,2,1,1,5,83.91,-1.3801,0
N=CN1C=NCC(=O)N1,126.11899999999999,3,2,1,1,5,68.55,-1.0314300000000003,0
N=C1CNC(=O)OC1=O,128.087,4,2,0,1,5,79.25,-0.7274300000000002,0
CC1=C(O)C(=O)N=N1,112.08800000000001,3,1,0,1,4,62.019999999999996,0.7683,0
COC(=O)c1cnn[nH]1,127.10300000000001,4,1,1,1,5,67.87,-0.40870000000000023,0
CN=C1N=NC=C1N,110.11999999999999,3,1,0,1,4,63.099999999999994,0.28060000000000007,0
N=CC1=NN=C(N)C1=O,124.103,5,2,1,1,5,91.66,-1.06813,0
N=CN1COC(=N)OC1,129.11899999999997,4,2,1,1,5,69.4,-0.2079600000000001,0
N=CN1OCNCC1=O,129.119,4,2,1,1,5,65.42000000000002,-1.0856299999999999,0
CC1=C(N)N=NC1=O,111.104,3,1,0,1,4,67.81,0.16900000000000015,0
COc1ncc(N)n1N,128.13500000000002,5,2,1,1,5,79.09,-0.8123000000000002,0
O=Cc1cc(O)ncn1,124.09899999999999,4,1,1,1,4,63.08,-0.005300000000000055,0
N=C1N=CNC(=O)CO1,127.10299999999998,3,2,0,1,5,74.54,-0.9041300000000001,0
COc1nc(=N)[nH]n1C=O,142.118,5,2,2,1,6,83.75999999999999,-1.26243,0
N=C1CNC(=O)N=CN1,126.11899999999999,2,3,0,1,5,77.34,-0.6952300000000002,0
O=Cc1nc(CO)no1,128.087,5,1,2,1,5,76.22,-0.6256000000000002,0
COC(=N)c1nc[nH]n1,126.119,4,2,1,1,5,74.65,-0.22353000000000017,0
N=C1OCC(=O)OC(=N)O1,144.08599999999998,6,2,0,1,6,92.46,-0.5540600000000002,0
N=c1occ(N)n1C=O,127.10300000000001,5,2,1,1,5,85.00999999999999,-0.8189300000000002,0
N=C1C(=O)NN=C1N,112.09200000000001,4,3,0,1,5,91.33,-1.5918299999999999,0
CC(C)(O)C1=NC(=O)O1,129.115,3,1,1,1,4,58.89,0.3060000000000001,0
N=CN1C=NC(O)CO1,129.11899999999997,4,2,1,1,5,68.91000000000001,-0.8126300000000002,1
O=Cc1nc(CO)n[nH]1,127.103,4,2,2,1,5,78.87,-0.8905000000000003,0
N=C1NC(C=O)C(=N)O1,127.103,4,3,1,1,5,86.03000000000002,-0.9142600000000001,1
N=C1C=NC(=O)N1F,115.06700000000001,2,1,0,1,5,56.52,0.35457000000000005,0
N=C1OC(=N)C(=O)O1,114.05999999999999,5,2,0,1,5,83.23,-0.5281600000000002,0
CN=C1C=NNC1=O,111.10399999999998,3,1,0,1,4,53.82,-0.8272000000000002,0
N=CNC1=NC(=O)OC1,127.103,3,2,1,1,5,74.54,-0.26822999999999997,0
Cc1nc(=N)on1C=O,127.10299999999998,5,1,1,1,5,71.88,-0.69771,0
CC(=N)N1COC(=N)O1,129.119,4,2,0,1,5,69.4,0.13964,0
Cc1cnnc(=N)n1F,128.11,4,1,0,1,5,54.56,-0.20140999999999992,0
N=C1N=C(CO)N=C1N,126.119,4,3,1,1,5,94.82,-1.2747300000000001,0
N=C1ON=C(N)C1=O,113.076,5,2,0,1,5,88.53,-1.16483,0
CC1=C(N)C(=O)N=N1,111.104,3,1,0,1,4,67.81,0.16900000000000015,0
N=c1nc(O)cc(C=O)o1,140.09799999999996,5,2,1,1,5,87.17999999999999,-0.32782999999999995,0
CC1(OC=N)C(=N)OC1=O,142.11399999999998,5,2,2,1,5,83.22999999999999,-0.09716000000000002,1
N=Cc1cnc(=N)[n-]n1,122.111,4,2,1,1,5,87.58,-1.0890600000000001,0
N=C1C=NC(O)=C1N,111.104,4,3,0,1,4,82.46,-0.22362999999999988,0
N#CC1COC(=O)C1=N,124.09899999999999,4,1,0,1,4,73.94,-0.29725000000000007,1
O=CCNC1=NOC1=O,128.087,5,1,2,1,5,67.75999999999999,-1.3548,0
Nc1cnc(F)c(=O)o1,130.078,4,1,0,1,5,69.12,-0.24389999999999973,0
O=CN=C1C=C(O)N=N1,125.08699999999999,3,1,1,1,5,74.38,0.4065000000000001,0
CC(=O)n1cnc(N)n1,126.11900000000001,5,1,0,1,5,73.8,-0.47959999999999997,0
COC1=NC(CO)=NC1=O,142.114,4,1,1,1,5,71.25,-1.0377000000000003,0
CC1=NC(N)=NC1=O,111.104,3,1,0,1,4,67.81,-0.6978,0
COc1nncc(N)n1,126.119,5,1,1,1,5,73.92,-0.5376000000000003,0
N=C1N=C(C=O)NCN1,126.11899999999999,3,3,1,1,5,77.34,-1.3311300000000004,0
CNC1=NC(N)=NC1=O,126.119,4,2,0,1,5,79.84,-1.5408,0
CC(=O)n1ncc(N)n1,126.119,5,1,0,1,5,73.8,-0.47959999999999997,0
N#CC1N=CN(C=N)O1,124.10299999999998,4,1,1,1,5,72.47,-0.28135000000000004,1
N=C1NC(=O)OC1=N,113.076,4,3,0,1,5,86.03,-0.3192599999999998,0
Cc1n[nH]c(=O)c(N)n1,126.119,4,2,0,1,5,84.66,-0.9444800000000002,0
CN=C1NC(=O)OC1=N,127.10299999999998,4,2,0,1,5,74.53999999999999,-0.2682300000000001,0
NC1=C(N)C(=O)C=N1,111.10399999999998,4,2,0,1,4,81.47,-1.2736000000000003,0
O=C=NC1N=CC(=O)N1,125.08699999999997,4,1,1,1,5,70.89,-1.1936,1
N=C1OC(=N)C(=O)O1,114.05999999999999,5,2,0,1,5,83.23,-0.5281600000000002,0
COC1=NC(N)=NC1=O,127.10300000000001,4,1,0,1,5,77.03999999999999,-1.1138000000000001,0
N=CN1C(=N)C=C1O,111.10399999999997,3,3,1,1,4,71.17,0.28574000000000005,0
O=Cc1n[nH]cnc1=O,125.08699999999997,4,1,1,1,5,75.71000000000001,-1.0226,0
CNC(=O)C1=NC(=O)O1,128.087,3,1,1,1,5,67.76,-0.7189000000000001,0
NC1=NC=NC1=NC=O,124.10299999999998,3,1,1,1,5,80.16999999999999,-1.0596,0
CNC(=O)N1C=NC1=O,127.103,2,1,0,1,5,61.77,-0.21029999999999988,0
CC1=NC(=N)N=C1N,110.12,2,2,0,1,4,74.59,-0.24712999999999996,0
N#CC(N)(N)OC=O,115.09199999999998,5,2,2,0,5,102.13,-1.74582,0
COC1=NN=C1C=N,111.10399999999998,4,1,1,1,4,57.800000000000004,0.05046999999999996,0
NC1=NC(=O)C(N)=N1,112.092,4,2,0,1,5,93.83,-1.8014999999999999,0
N=C1OC(CO)=NC1=O,128.087,4,2,1,1,5,82.74000000000001,-1.0887300000000002,0
N=Cc1nc(N)no1,112.09200000000001,5,2,1,1,5,88.79,-0.3505300000000002,0
N=c1[nH]c(=O)n(C=O)o1,129.075,5,2,1,1,6,91.85000000000001,-1.7128299999999996,0
N=C1CNC(=O)C(O)N1,129.11899999999997,3,4,0,1,5,85.21000000000001,-1.9985300000000001,1
N=C1OC=C(CO)C1=N,126.115,4,3,1,1,4,77.16,-0.11015999999999998,0
N=C1COC(=N)OCO1,130.103,5,2,0,1,5,75.39,-0.08066000000000012,0
Nc1cnc(NC=O)cn1,138.12999999999997,4,2,2,1,5,80.89999999999999,-0.37290000000000045,0
CN=c1[nH]cnc(=O)o1,127.10299999999998,4,1,0,1,5,71.25,-1.1066000000000003,0
COc1c(O)cnn1N,129.119,5,2,1,1,5,73.3,-0.6889000000000003,0
N=C1CNC(=O)C(=O)O1,128.087,4,2,0,1,5,79.25000000000001,-1.3633300000000004,0
O=Cc1nc(CO)n[nH]1,127.103,4,2,2,1,5,78.87,-0.8905000000000003,0
N=C1OCC(=N)C(=N)O1,127.103,5,3,0,1,5,90.01,-0.034989999999999966,0
N=C(N)C1=NN=C1C=O,124.103,4,2,2,1,5,91.66,-1.06813,0
N=C1C=NC(N)=[N+]1[O-],112.09200000000001,4,2,0,1,5,88.30000000000001,-1.12693,0
N=C1N=C(N)OC1=N,112.092,4,3,0,1,5,95.31,-0.7141600000000001,0
CN=c1oc(=O)c1=N,112.088,4,1,0,1,4,66.42,-1.47463,0
CN=C1C=NN=C1N,110.12,4,1,0,1,4,63.099999999999994,-0.5862,0
CC(C#N)C1=NN=N1,108.10400000000001,4,0,1,1,4,60.87,0.9253800000000001,1
N=Cn1c(N)coc1=O,127.10299999999998,5,2,1,1,5,85.00999999999999,-0.5213300000000001,0
N=C1OC(N)=CC1=O,112.088,4,2,0,1,4,76.16999999999999,-0.6369300000000002,0
COC1=NC(=N)N=C1,111.104,2,1,0,1,4,57.8,0.05046999999999996,0
N=C1N=CC(=N)C(=O)N1,124.103,3,3,0,1,5,89.16,-0.8584600000000002,0
N=C1NC(=O)OC1=O,114.05999999999999,4,2,0,1,5,79.25,-0.76993,0
Nc1onnc1CC=O,127.10299999999998,5,1,2,1,5,82.00999999999999,-0.6068000000000002,0
N=C1NC(C=O)C(=O)O1,128.087,4,2,1,1,5,79.25000000000001,-1.3649300000000002,1
N=C1CC(=N)OC(=O)N1,127.10299999999998,4,3,0,1,5,86.03,0.0708399999999999,0
N=C(O)C1=NC(N)=N1,112.09200000000001,4,3,1,1,5,94.82,-0.75153,0
N=CN1C=C(O)NCO1,129.119,4,3,1,1,5,68.58000000000001,-0.25533000000000006,0
CN=C1N=C(N)OC1=O,127.103,4,1,0,1,5,77.03999999999999,-1.1138,0
Nc1nc(O)cnc1O,127.10299999999997,5,3,0,1,5,92.26,-0.53,0
N=C1ONC(=O)C1C=O,128.087,4,2,1,1,5,79.25,-1.1598300000000001,1
O=C1NCCOC(=O)N1,130.103,3,2,0,1,5,67.42999999999999,-0.5642,0
CC(O)c1nocc1N,128.131,4,2,1,1,4,72.28,0.3101000000000001,1
N=C1NC(=O)CC(=O)O1,128.087,4,2,0,1,5,79.25000000000001,-1.0157300000000002,0
N=C1OC(=O)COC1=O,129.071,5,1,0,1,5,76.44999999999999,-0.9363300000000001,0
N=C(O)C1CN=NC1=O,127.10300000000001,3,2,1,1,5,85.87,0.13026999999999983,1
O=CN1OCC(=O)C1O,131.087,4,1,1,1,5,66.84,-1.7225000000000001,1
CN=C1OC(O)=NC1=O,128.087,3,1,0,1,5,71.25,-0.5145000000000002,0
CC(=O)C1=NC(O)=N1,112.088,3,1,1,1,4,62.019999999999996,-0.09849999999999998,0
COC1=NC(CO)=NC1=O,142.114,4,1,1,1,5,71.25,-1.0377000000000003,0
N=C1COC(=N)C(=O)O1,128.087,5,2,0,1,5,83.23,-0.48566000000000015,0
CN=c1cnonc1N,126.119,5,1,0,1,5,77.3,-0.8177000000000001,0
CN=C1OCNC(=O)C1=N,141.13,4,2,0,1,5,74.53999999999999,-0.8616300000000001,0
N=CNC1C(=N)NC1=O,126.119,3,4,2,1,5,88.83000000000001,-1.3412600000000003,1
N=C1OCC(=O)OC1=O,129.071,5,1,0,1,5,76.44999999999999,-0.9363300000000001,0
N=C1NCC(=O)N=CO1,127.103,3,2,0,1,5,74.54,-0.9041300000000001,0
N#CNC1=NN=CCC1,122.131,4,1,0,1,4,60.54,0.23518,0
NC(=O)NC1NC1=O,115.09199999999998,2,3,1,1,5,94.13,-1.8894000000000002,1
COC1=C(N)C(=N)N=N1,126.11900000000001,4,2,1,1,5,83.82000000000001,0.20367000000000018,0
CN=C1N=CN=C1N,110.12,3,1,0,1,4,63.099999999999994,-0.5861999999999998,0
N=C1NCC(=O)NC1=O,127.103,3,3,0,1,5,82.05000000000001,-1.79033,0
N=Cc1nc(=O)nn[nH]1,125.09100000000001,5,2,1,1,6,95.38,-1.4424300000000003,0
NC(=O)OC1CNC=N1,129.119,4,2,1,1,5,76.71000000000001,-0.9607000000000001,1
N=C1N=CN=C1NC=O,124.10299999999998,3,2,1,1,5,77.67,-0.8499300000000003,0
N=C1NC=NC(N)C1=O,126.119,4,3,0,1,5,91.33000000000001,-1.5509300000000004,1
N=C1NCC(=O)C(=N)O1,127.103,4,3,0,1,5,86.03000000000002,-0.9126600000000002,0
N=C1OCC(=O)C(=N)O1,128.087,5,2,0,1,5,83.23,-0.48566000000000015,0
COC1=NC(=O)N=C1N,127.10300000000001,3,1,0,1,5,77.03999999999999,-0.47789999999999994,0
COC1=NC(CO)=NC1=N,141.13,4,2,1,1,5,78.03,-0.5870300000000002,0
CC(=N)NC1=NOC1=O,127.103,4,2,0,1,5,74.53999999999999,-0.5565300000000002,0
Nc1nc(C=O)c(O)[nH]1,127.10299999999997,4,3,1,1,5,92.0,-0.49000000000000016,0
N=C1COC(=N)N1C=O,127.103,4,2,1,1,5,77.24000000000001,-0.6129600000000002,0
N=C1N=C(CO)C(=O)O1,128.087,4,2,1,1,5,82.74,-1.0887300000000002,0
N#Cc1nnc(C=O)[nH]1,122.08699999999997,4,1,1,1,5,82.43,-0.51112,0
N=CC1NC(=O)N1C=N,126.119,3,3,2,1,5,80.04,-0.40565999999999985,1
CNC(=N)N1CC(=O)O1,129.119,3,2,0,1,5,65.42,-1.08563,0
NC(=O)C1C=NC=NO1,127.103,4,1,1,1,5,77.04,-1.1154000000000002,1
COc1nn[nH]c1C#N,124.103,4,1,1,1,5,74.59,-0.31502000000000013,0
N=C1C(=O)NOC1C=O,128.087,4,2,1,1,5,79.25,-1.3649300000000002,1
CC(N)(O)C1N=NN1,116.12400000000001,5,3,1,1,5,83.0,-1.0499000000000003,2
N#CCN1C(=N)NC1=O,124.10299999999998,3,2,1,1,5,79.98,-0.5300500000000001,0
CNC(=O)C1=NC(CO)=N1,141.13,4,2,2,1,5,74.05,-1.4647,0
N=C1N=C(N)N=C1C=O,124.103,4,2,1,1,5,91.66,-1.06813,0
CC1=NC(=N)OC1=O,112.08799999999998,3,1,0,1,4,62.51,-0.06112999999999996,0
COC1=NC(=O)C(O)=N1,128.087,3,1,0,1,5,71.25,-0.5145,0
N=C1NC(=O)OCC1=O,128.087,4,2,0,1,5,79.25,-0.72743,0
C#Cc1noc(N)[n+]1[O-],125.087,4,1,0,1,5,78.99,-1.1285,0
N=C1NC(=O)COC1=N,127.103,4,3,0,1,5,86.03,-0.9126600000000002,0
N#CC(=O)OC1COC1,127.09899999999999,4,0,1,1,4,59.32000000000001,-0.54802,0
N=C1CNC(=O)C(=N)O1,127.10299999999998,4,3,0,1,5,86.03000000000002,-0.9126600000000002,0
N=C1COC(C(=N)O)C1,128.13099999999997,3,3,1,1,4,77.16,0.33033999999999986,1
CN=C1OC(=N)N=C1N,126.11900000000001,4,2,0,1,5,83.82,-0.66313,0
Cn1c(N)nnc1C=O,126.11899999999999,5,1,1,1,5,73.80000000000001,-0.7902,0
CC(=N)NC1=NC=[N+]1[O-],126.119,3,2,0,1,5,74.31,-0.5186299999999999,0
NC1=NC(=O)NC1=O,113.07599999999998,3,2,0,1,5,84.54999999999998,-1.4066,0
N=C1C(=O)ON=C1N,113.07600000000001,5,2,0,1,5,88.53,-1.16483,0
NC1=NC(C=O)=C1N,111.10399999999998,4,2,1,1,4,81.47,-1.2736000000000003,0
N=C1NC(=O)NCC1=O,127.103,3,3,0,1,5,82.05000000000001,-1.15443,0
N=Cc1coc(O)n1,112.088,4,2,1,1,4,70.11,0.37787,0
Cc1nnc(C=N)n1N,125.135,5,2,1,1,5,80.58,-0.70201,0
NC1=[N+]([O-])C(C=O)=N1,113.076,4,1,1,1,5,81.52,-1.5775999999999997,0
N=C1N=NC(C=O)=N1,110.076,3,1,1,1,5,78.0,-0.015629999999999977,0
N=c1oc(=N)oc(=O)o1,130.059,6,2,0,1,6,104.19000000000001,-1.21526,0
NC1=NC(=O)C(=O)N1,113.07599999999998,3,2,0,1,5,84.55,-2.0425000000000004,0
Cc1nc(=O)oc(=N)o1,128.087,5,1,0,1,5,80.09,-0.5843099999999999,0
Nc1cnc(N)n1C=O,126.119,5,2,1,1,5,86.92999999999998,-0.9142000000000001,0
COc1nc(CO)cn1N,143.146,5,2,2,1,5,73.3,-0.9022000000000001,0
O=CC1N=COC(=O)O1,129.07099999999997,5,0,1,1,5,64.96,-0.29349999999999987,1
N=C1C=C(N)OC1=O,112.088,4,2,0,1,4,76.17000000000002,-0.6369300000000002,0
N=C1N=C(N)C(=O)O1,113.076,4,2,0,1,5,88.53000000000002,-1.16483,0
NC1=NC(=O)N=C1O,113.07599999999998,2,2,0,1,5,88.04,-0.5663,0
COC1=NC(=N)N=C1N,126.11900000000001,3,2,0,1,5,83.82,-0.66313,0
N=CN1C=NC(=N)NC1,125.13499999999999,2,3,1,1,5,75.33,-0.5807600000000002,0
N=CN1C=NC(C=O)O1,127.10299999999997,4,1,2,1,5,65.75,-0.6060300000000001,1
CN=C1N=C(N)OC1=O,127.103,4,1,0,1,5,77.03999999999999,-1.1138,0
N=C1OC(=O)OC1=N,114.05999999999999,5,2,0,1,5,83.22999999999999,0.10774,0
NC1=C(N)C(=O)C=N1,111.10399999999998,4,2,0,1,4,81.47,-1.2736000000000003,0
N=CC1=NC(=O)C(=O)N1,125.08699999999999,3,2,1,1,5,82.38,-1.3091300000000001,0
CNC(=O)C1=NOC1=N,127.103,4,2,1,1,5,74.53999999999999,-0.9041300000000001,0
N=Cc1ncc(N)nn1,123.11900000000001,5,2,1,1,5,88.54,-0.5485300000000002,0
N=CNC1=CN1OC=N,126.11899999999999,4,3,4,1,5,71.97,-0.16376000000000007,0
N=C(N)N1CC(=O)O1,115.09199999999998,3,2,0,1,5,79.41000000000001,-1.34633,0
COC1=CN=C(N)C1=N,125.131,4,2,1,1,4,71.46000000000001,-0.13522999999999985,0
N=C1OCC(=O)C(=N)O1,128.087,5,2,0,1,5,83.23,-0.48566000000000015,0
N=C1C=C(N)OC1=O,112.088,4,2,0,1,4,76.17000000000002,-0.6369300000000002,0
N=C(C=O)NC1(O)CO1,130.10299999999998,4,3,2,1,5,85.71000000000001,-1.5715300000000003,1
CNc1cnoc(=O)n1,127.103,5,1,1,1,5,68.02000000000001,-0.5285000000000002,0
N=Cn1cc(O)[nH]c1=O,127.10299999999998,4,3,1,1,5,81.87,-0.66283,0
N=C1NC(=N)OC(=O)CO1,143.102,5,3,0,1,6,95.26,-0.98106,0
NC(=O)n1cncc1O,127.10299999999998,4,2,0,1,5,81.14,-0.48450000000000004,0
N=C1OCC(=O)OC1=O,129.071,5,1,0,1,5,76.44999999999999,-0.9363300000000001,0
CN=C1N=C(F)N=C1N,128.11,3,1,0,1,5,63.099999999999994,-0.28899999999999987,0
N=C1COCC(=NO)O1,130.103,5,2,0,1,5,74.9,-0.20183000000000012,0
C#CC(N)n1cnn1C=N,137.146,5,2,2,1,5,72.62,-0.7697300000000005,1
COC1=NNC(=N)C1=O,127.10299999999998,4,2,0,1,5,74.53999999999999,-0.9041300000000003,0
N=C1OCC(=O)OC1=N,128.087,5,2,0,1,5,83.22999999999999,-0.48566000000000015,0
N=C1NCN=COC1=N,126.11899999999999,4,3,0,1,5,81.32,-0.4534599999999999,0
Cn1nc(N)nc1N,113.12400000000002,5,2,0,1,5,82.75,-1.0204999999999995,0
Nc1ocnc1C=NCO,141.13,5,2,2,1,5,84.64,-0.3745,0
COC1=NC(=O)N=C1N,127.10300000000001,3,1,0,1,5,77.03999999999999,-0.47789999999999994,0
N=C1C=C(N)C(=O)O1,112.088,4,2,0,1,4,76.17,-0.6369300000000002,0
CC(O)C1=NC(=O)O1,115.088,3,1,1,1,4,58.89,-0.08410000000000006,1
N=C(N)N1OCCC1=N,128.135,3,3,0,1,5,86.19,-0.50556,0
N=c1cnn(C=O)o1,113.07599999999998,5,1,1,1,5,71.88,-1.0061300000000002,0
N=C1N=NC=C1CO,111.10399999999998,3,2,1,1,4,68.8,0.30566999999999994,0
N=C1OCC(=O)NC1=O,128.087,4,2,0,1,5,79.25,-1.36333,0
NC(=O)C1=NC=C1N,111.104,3,2,1,1,4,81.47,-1.2736000000000003,0
N=c1ncoc(=N)o1,113.076,5,2,0,1,5,86.87,-0.77346,0
CC(=O)n1cnc(N)n1,126.11900000000001,5,1,0,1,5,73.8,-0.47959999999999997,0
CC(=O)c1nnc(N)o1,127.10300000000001,5,1,1,1,5,82.01,-0.14559999999999984,0
CNC1=NC(=O)C(=O)N1,127.10299999999998,3,2,0,1,5,70.56,-1.7817999999999996,0
CNc1nnc(C=N)o1,126.11899999999999,5,2,2,1,5,74.80000000000001,0.10897000000000001,0
COC1=NN=C(N)C1=N,126.119,5,2,0,1,5,83.82,-0.66313,0
NC(=O)C1=NC(N)=N1,112.09200000000001,4,2,1,1,5,93.83,-1.8014999999999999,0
C#CC(N)C(=O)N1CO1,126.115,3,1,1,1,4,58.63,-1.3218000000000003,1
N=C1C=C(O)N1CN,113.12,3,3,1,1,4,73.34,-0.40512999999999993,0
N=C1OC(C=O)CC1=O,127.09899999999999,4,1,1,1,4,67.22,-0.47943000000000024,1
N=Cc1nc(C=O)n[nH]1,124.103,4,2,2,1,5,82.49000000000001,-0.38513000000000014,0
N=Cc1n[nH]nc1C=O,124.10299999999998,4,2,2,1,5,82.49000000000001,-0.38513,0
COC(=O)C1=NC=C1N,126.11500000000001,4,1,1,1,4,64.67999999999999,-0.5859000000000001,0
N#CC1=NC(CN)=N1,108.10400000000001,4,1,1,1,4,74.53,-0.72072,0
N=CNc1cnncn1,123.119,4,2,2,1,5,74.55000000000001,-0.10943000000000008,0
N=CN1C=NC(=O)CO1,127.10299999999998,3,1,1,1,5,65.75,-0.60443,0
N=C1OC(=N)C(C=O)O1,128.087,5,2,1,1,5,83.23,-0.48726000000000025,1
Cn1cnc(=N)n1O,114.10799999999999,5,2,0,1,5,66.83,-1.06163,0
CNC1=NN=C1CO,113.11999999999999,4,2,1,1,4,56.980000000000004,-1.0338,0
N=C1NC(C=O)C(=O)O1,128.087,4,2,1,1,5,79.25000000000001,-1.3649300000000002,1
NC(=O)OC1=NCOC1,130.103,4,1,0,1,5,73.91000000000001,-0.5321,0
N=CC1=NN=C1C(=N)N,123.119,4,3,2,1,5,98.44,-0.6174600000000001,0
CC1(C(=N)O)OC1=O,115.08799999999998,3,2,1,1,4,73.68,-0.16283000000000003,1
Cc1nnc(N)n1CO,128.13500000000002,5,2,1,1,5,76.96,-0.8814800000000005,0
N=CN1OCCNC1=O,129.119,3,2,1,1,5,65.42000000000002,-0.4497299999999999,0
Cc1ncn(C=O)c1N,125.13099999999999,4,1,1,1,4,60.91,-0.18798000000000015,0
N=C1CC(=O)COC(=N)O1,142.11399999999998,5,2,0,1,5,83.23,-0.09555999999999981,0
O=CC1N=COC(=O)O1,129.07099999999997,5,0,1,1,5,64.96,-0.29349999999999987,1
CNC(=O)C1=NN=C1O,127.103,3,2,1,1,5,74.05,-0.9415000000000002,0
Nc1cnc(C=O)n1N,126.119,5,2,1,1,5,86.92999999999999,-1.0084,0
CN=C1N=CC(=N)N1O,126.11899999999999,3,2,0,1,5,72.04,-0.2749299999999998,0
N=C1N=CN=C1NC=O,124.10299999999998,3,2,1,1,5,77.67,-0.8499300000000003,0
N=c1oc(=N)oc(=O)o1,130.059,6,2,0,1,6,104.19000000000001,-1.21526,0
CN=C1N=NC(=O)N1,112.09199999999998,2,1,0,1,5,66.17999999999999,0.14760000000000006,0
CN1C=NC(=N)NC=N1,125.13499999999999,3,2,0,1,5,63.84,-0.57223,0
NN=C1OC=C1C=O,112.08799999999998,4,1,1,1,4,64.68,-0.6284000000000001,0
CC1=NC(N)=NC1=O,111.104,3,1,0,1,4,67.81,-0.6978,0
NC1=NC(C=O)=C1O,112.08799999999997,4,2,1,1,4,75.67999999999999,-0.6742999999999999,0
N=C1NC(=O)CN=CO1,127.103,4,2,0,1,5,74.54,-0.9041300000000001,0
COc1[nH]nnc(=N)c1O,142.11800000000002,5,3,1,1,6,94.88000000000001,-1.0016300000000002,0
NC1=CC(N)=NON1C=O,142.11800000000002,5,2,1,1,6,93.94,-1.5377000000000003,0
N=C1COC(=N)OCN1,129.119,4,3,0,1,5,78.19,-0.5076600000000002,0
COC1=NC(=N)C(N)=N1,126.11900000000001,4,2,0,1,5,83.82,-0.6631300000000002,0
N=c1nc[nH]nc1C=O,124.10299999999998,4,2,1,1,5,82.49000000000001,-0.90333,0
NC1=CN=C(N)C1=O,111.104,4,2,0,1,4,81.47,-1.2735999999999998,0
Cc1nnc(N)c(=O)o1,127.103,5,1,0,1,5,82.01,-0.6795800000000001,0
N=c1[nH]c(=O)oc(=N)o1,129.075,5,3,0,1,6,106.83999999999999,-1.4801599999999997,0
Cc1cnnc(N)n1,110.12000000000002,4,1,0,1,4,64.69,-0.23778,0
N=C1OCC(=O)CNC1=O,142.114,4,2,0,1,5,79.25,-1.3208300000000004,0
CN=c1[nH]ncc(=N)n1O,141.13400000000001,5,3,0,1,6,90.05,-1.54153,0
N=C1OC=NCC(=O)O1,128.087,5,1,0,1,5,71.74,-0.47713000000000005,0
COc1c[nH]nnc1=O,127.103,4,1,1,1,5,67.87,-0.8265,0
COc1cnoc1CO,129.115,4,1,2,1,4,55.49000000000001,0.17549999999999993,0
N=C1N=CC(=O)OCO1,128.087,4,1,0,1,5,71.74000000000001,-0.47713000000000005,0
CN=C1OC(=N)N=C1N,126.11900000000001,4,2,0,1,5,83.82,-0.66313,0
NC1=CN=C(C=O)NN=N1,139.118,6,2,1,1,6,92.19999999999999,-0.6882000000000001,0
NC(=O)NC1=NC=C1N,126.119,3,3,0,1,5,93.5,-1.1331,0
Cc1nnc(N)nc1N,125.13500000000002,5,2,0,1,5,90.71,-0.6555800000000003,0
CC(O)c1cnoc1N,128.131,4,2,1,1,4,72.28,0.3101,1
N=CN1CC(=O)NC1=O,127.10299999999998,3,2,1,1,5,73.26,-0.85473,0
N=C1N=C(CN)NC1=N,125.135,3,4,1,1,5,98.11000000000001,-1.09866,0
Cn1nc(O)c(CO)n1,129.11899999999997,5,2,1,1,5,71.17,-0.9870000000000001,0
NC1=NC(=O)C(CO)=N1,127.10299999999998,4,2,1,1,5,88.03999999999999,-1.7253999999999996,0
N#Cc1nnc(N)n1CO,139.11800000000002,6,2,1,1,6,100.75000000000001,-1.3182200000000002,0
CN=C1N=C(N)N1C=O,126.119,3,1,1,1,5,71.05,-1.2411,0
NC1=CN=C(N)C1=O,111.104,4,2,0,1,4,81.47,-1.2735999999999998,0
CN=C1N=C(CN)C=[N+]1[O-],140.14600000000002,3,1,1,1,5,76.80999999999999,-1.0333999999999997,0
NC1=NC(N)=C1CC=O,125.13099999999999,4,2,2,1,4,81.47,-0.8835,0
COc1ncc(=N)on1,127.103,5,1,1,1,5,72.0,-0.44233000000000006,0
N=C1N=C(N)C(O)=N1,112.092,2,3,0,1,5,94.82000000000001,-0.75153,0
CNC1=NC(=O)NC1=O,127.10299999999998,3,2,0,1,5,70.56,-1.1459000000000001,0
COC1=NNC1=NC=N,126.11899999999999,3,2,1,1,5,69.83,-0.4449300000000002,0
N=C1CNOC(=O)CO1,130.10299999999998,5,2,0,1,5,71.41,-0.9583300000000003,0
CC1=NC(=O)N=C1N,111.104,2,1,0,1,4,67.81,-0.061899999999999844,0
NC(=O)c1cnn[nH]1,112.092,3,2,1,1,5,84.66,-1.0964000000000003,0
N=C1CNC(=O)C(O)O1,130.10299999999998,4,3,0,1,5,82.41000000000001,-1.5715300000000003,1
N=CC1=NC(=N)C=N1,108.104,3,2,1,1,4,72.42,0.09614,0
Cn1nc([O-])nc1C=N,125.11099999999999,5,1,1,1,5,77.62,-1.1136300000000001,0
N=C1COC(=NCO)O1,130.103,5,2,1,1,5,74.9,-0.6837300000000002,0
NC1=NC(=O)N=C1N,112.092,3,2,0,1,5,93.83,-1.1656,0
NC1=CN=NC1=O,97.077,3,1,0,1,4,67.81,-0.22110000000000002,0
Nc1ocnc1C=O,112.08799999999998,4,1,1,1,4,69.12,0.06930000000000014,0
Nc1coc(=O)n1CO,130.103,5,2,1,1,5,81.39,-1.0267000000000002,0
N=C1COC(=O)OC1=N,128.087,5,2,0,1,5,83.22999999999999,0.15023999999999993,0
NC1=CC(=O)NC1=O,112.088,3,2,0,1,4,72.19,-1.5146000000000004,0
CNC1=NC(=N)OCN1,128.135,4,3,0,1,5,69.5,-0.9261300000000006,0
N=C1CC(=NO)OC1=O,128.087,5,2,0,1,5,82.74000000000001,-0.25923,0
CN=C1N=NC(CO)=N1,126.11899999999999,3,1,1,1,5,69.67,-0.17119999999999996,0
N=CN1CN=C(C=O)CN1,140.146,4,2,2,1,5,68.55,-0.9889300000000003,0
COc1cnc(=N)on1,127.103,5,1,1,1,5,72.0,-0.44233000000000006,0
N=C1CNC(=N)C(=O)N1,126.11899999999999,3,4,0,1,5,88.83000000000001,-1.3396600000000005,0
N=C1N=C(N)N=C1C=O,124.103,4,2,1,1,5,91.66,-1.06813,0
CN=C1NC(=O)OCO1,130.10299999999998,4,1,0,1,5,59.92,-0.31390000000000007,0
CC(=O)C1=NN=C1N,111.10400000000001,4,1,1,1,4,67.81,-0.6978,0
N=c1nc[nH]nc1C=O,124.10299999999998,4,2,1,1,5,82.49000000000001,-0.90333,0
N=C1N=NN=C1C=O,110.07599999999998,4,1,1,1,5,78.0,-0.01562999999999992,0
COc1noc(NC#N)n1,140.102,6,1,2,1,6,83.97000000000001,-0.028820000000000234,0
CN=C1C=NC(O)=N1,111.10399999999998,2,1,0,1,4,57.31,0.013099999999999945,0
CNC1=NC(=O)N1C=O,127.10299999999998,3,1,1,1,5,61.77,-0.8462000000000001,0
Nc1cnc(=O)n(N)c1,126.119,5,2,0,1,5,86.92999999999999,-1.4606999999999994,0
N=c1nc(CN)nco1,126.119,5,2,1,1,5,88.79,-0.99223,0
N=C1COCOC(=N)O1,130.103,5,2,0,1,5,75.39,-0.0806599999999999,0
CNC1=NC(=O)C(=O)N1,127.10299999999998,3,2,0,1,5,70.56,-1.7817999999999996,0
N=C1N=NC=C1C(N)=O,124.103,3,2,1,1,5,91.66,-0.2013299999999999,0
NC(=O)N=C1N=CC=N1,124.103,1,1,0,1,5,80.17,-0.42369999999999997,0
N#CC1=NN=C(N)C1=O,122.08699999999999,5,1,0,1,5,91.6,-1.19412,0
Cc1nc(N)nn1C=N,125.135,5,2,1,1,5,80.58,-0.3761100000000001,0
N=C1N=CC(CN)=[N+]1[O-],126.11900000000001,3,2,1,1,5,88.30000000000001,-1.08443,0
COc1noc(C=N)n1,127.103,5,1,2,1,5,72.0,0.07586999999999994,0
C#CC(N)N1N=C1N,110.12,4,2,1,1,4,67.41,-1.5503,1
Nc1ncc(CO)c(N)n1,140.146,5,3,1,1,5,98.05,-0.8667000000000002,0
NC1=NN=CC1=NCO,126.11899999999999,5,2,1,1,5,83.33,-1.2662000000000002,0
N=CN1C(=O)NC1C=O,127.10299999999997,3,2,2,1,5,73.26,-0.8563300000000003,1
N=C1NC(=O)C(=N)O1,113.076,4,3,0,1,5,86.03000000000002,-0.9551600000000002,0
CC1=NN=C(N)C1=NC=N,137.14600000000002,4,2,1,1,5,86.94999999999999,-0.21883000000000002,0
CC(O)c1nn[nH]n1,114.10800000000002,4,2,1,1,5,74.69,-0.7470000000000003,1
Cc1n[nH]nc1NC=O,126.11899999999999,3,2,2,1,5,70.67,-0.31858000000000025,0
N=C1COCOC(=N)O1,130.103,5,2,0,1,5,75.39,-0.0806599999999999,0
N=CC1=C(N)C(N)=N1,110.12000000000002,4,3,1,1,4,88.25,-0.8229299999999997,0
CN=C1NN=NC1=O,112.092,3,1,0,1,5,66.18,-0.4883000000000001,0
N=Cc1ncnoc1=N,124.103,5,2,1,1,5,86.62,-0.45326000000000016,0
NC1=NC(C=O)=C1N,111.10399999999998,4,2,1,1,4,81.47,-1.2736000000000003,0
COC1=C(N)C(=N)N=N1,126.11900000000001,4,2,1,1,5,83.82000000000001,0.20367000000000018,0
Cc1nnc(=N)[nH]c1C=O,138.13,4,2,1,1,5,82.49000000000001,-0.59491,0
N=C1ON=C(N)C1=O,113.076,5,2,0,1,5,88.53,-1.16483,0
Nc1cn(C=O)c(N)n1,126.119,5,2,1,1,5,86.92999999999999,-0.9142000000000001,0
CNC1=C(N)N=NC1=O,126.11900000000001,4,2,1,1,5,79.84,-0.6740000000000002,0
N=C1COC(=N)C(=O)N1,127.103,4,3,0,1,5,86.03,-0.9126600000000002,0
N=CNC1=NCC(=O)O1,127.103,4,2,1,1,5,74.54,-0.9041300000000001,0
COC1=NN=C(N)C1=N,126.119,5,2,0,1,5,83.82,-0.66313,0
CN=c1nnc(=N)nc[nH]1,138.134,5,2,0,1,6,90.66999999999999,-1.790329999999999,0
C#CC1=NC(=N)N=N1,106.08800000000001,2,1,0,1,4,60.93,0.4186700000000001,0
N=C1NC(C=O)NCO1,129.119,4,3,1,1,5,74.21000000000001,-1.38693,1
CC1=NC(=N)N=C1O,111.10399999999998,1,2,0,1,4,68.8,0.3521700000000001,0
N=C1NC(=O)C(=O)CO1,128.087,4,2,0,1,5,79.25000000000001,-1.36333,0
Cn1oc(=O)nc1CN,129.119,5,1,1,1,5,74.05,-1.1680000000000001,0
COC(=O)C1=NOC1=O,129.071,5,0,1,1,5,64.96000000000001,-0.9278000000000002,0
CC1=NC(=O)N=C1NC=O,139.11399999999998,2,1,1,1,5,70.89,-0.2745999999999999,0
N=CC(O)C1=NN=C1N,126.11900000000003,5,3,2,1,5,94.82,-1.2763300000000002,1
C#CC(O)C1=NN=N1,109.08800000000002,4,1,1,1,4,57.31,-0.2402,1
N#Cc1nc(C=O)no1,123.07099999999998,5,0,1,1,5,79.78,-0.2462200000000001,0
NCC1=NC(=O)C=C1N,125.13099999999999,3,2,1,1,4,81.47,-1.2311000000000003,0
CN=C1N=CN=C1N,110.12,3,1,0,1,4,63.099999999999994,-0.5861999999999998,0
CNC(=O)N1C=NC1=N,126.119,2,2,0,1,5,68.55000000000001,-0.3955299999999999,0
N=C1CC(=O)NCOC1=N,141.13,4,3,0,1,5,86.03,-0.5225600000000004,0
Cc1nc(=O)nc(O)[nH]1,127.10299999999998,4,2,0,1,5,78.87,-0.8210800000000003,0
N=C1N=CN=C1NCO,126.11899999999999,4,3,1,1,5,80.83,-1.0565300000000002,0
Nc1nnoc1C=O,113.07599999999998,5,1,1,1,5,82.00999999999999,-0.5357000000000003,0
N=CN1C=CNC(=O)O1,127.10299999999998,3,2,1,1,5,65.42,0.021469999999999934,0
N=C1NCC(CO)N=CO1,143.146,4,3,1,1,5,77.7,-1.06983,1
CN=C1NN=NC1=NO,127.107,4,2,0,1,6,81.7,-0.22719999999999996,0
CC(O)C1=NOC1=N,114.104,4,2,1,1,4,65.67000000000002,-0.26933000000000007,1
N=CN1CC(=O)OCO1,130.10299999999998,4,1,1,1,5,62.620000000000005,-0.65863,0
N=C1NC=CNC(=N)O1,126.119,3,4,0,1,5,80.99000000000001,-0.46346000000000037,0
N=CN1CC(=O)OCN1,129.119,4,2,1,1,5,65.42,-1.0856300000000003,0
O=C1C=NC(=NCO)N1,127.103,3,2,1,1,5,74.05,-1.5072000000000003,0
CN=C1C=NC(N)=[N+]1[O-],126.119,4,1,0,1,5,76.80999999999999,-1.0758999999999999,0
N=C1OCC(C(=N)O)O1,130.10299999999998,4,3,1,1,5,86.39,-0.12816000000000005,1
CC1=NC(CO)=NC1=N,125.13099999999999,3,2,1,1,4,68.80000000000001,-0.17103000000000002,0
NC(=O)C1=CN=NC1=O,125.08699999999999,3,1,1,1,5,84.88,-0.6520000000000001,0
C#Cc1nc(O)nn1N,124.10300000000001,5,2,0,1,5,76.96000000000001,-1.3212000000000002,0
CN=C1NCOC1=N,113.11999999999999,3,2,0,1,4,57.470000000000006,-0.4307300000000002,0
N#CCn1nncc1O,124.10299999999998,5,1,1,1,5,74.73,-0.4927200000000001,0
N=CN1CC(=O)NC1=N,126.11899999999999,3,3,1,1,5,80.04,-1.03996,0
N=CN1C=NC(C=O)O1,127.10299999999997,4,1,2,1,5,65.75,-0.6060300000000001,1
N=C1NC(=O)CC(=O)O1,128.087,4,2,0,1,5,79.25000000000001,-1.0157300000000002,0
Nc1nc(CO)n(C=O)n1,142.118,6,2,2,1,6,94.02999999999999,-1.6091000000000004,0
N#CCNC(=O)C1NCO1,141.13,4,2,2,1,5,74.15,-1.4704200000000005,1
CN1C(N)=NC1=NC=O,126.11899999999999,2,1,1,1,5,71.05,-1.2411,0
COC1=NC(=O)N=C1O,128.087,2,1,0,1,5,71.25,0.12140000000000001,0
N=C1N=C(N)C(C=O)=N1,124.103,3,2,1,1,5,91.66000000000001,-1.06813,0
N=Cc1nc(=N)nco1,124.103,5,2,1,1,5,86.62,-0.4532600000000002,0
CC(=O)c1n[nH]c(=N)o1,127.103,4,2,1,1,5,82.74,-0.31523000000000007,0
N=C1C=NN=C1NC=O,124.10299999999998,4,2,1,1,5,77.67,-0.8499300000000003,0
CC(=O)c1nc(N)no1,127.10300000000001,5,1,1,1,5,82.01,-0.14560000000000006,0
N=C1NC=NC(C=O)O1,127.10299999999998,4,2,1,1,5,74.54,-0.9057300000000001,1
Nc1coc(=O)n1CO,130.103,5,2,1,1,5,81.39,-1.0267000000000002,0
CNC(=O)C1=NN=C1O,127.103,3,2,1,1,5,74.05,-0.9415000000000002,0
N=Cn1[nH]c(=O)oc1=N,128.09099999999998,5,3,1,1,6,98.63,-1.2959600000000002,0
N#CC(=O)c1nc[nH]n1,122.087,4,1,1,1,5,82.42999999999999,-0.48901999999999995,0
NC1=C(N)C(=O)C=N1,111.10399999999998,4,2,0,1,4,81.47,-1.2736000000000003,0
CNc1nonc1C=O,127.10299999999998,5,1,2,1,5,68.02000000000001,-0.0762000000000001,0
CN=c1nc(N)c1=N,110.12,4,2,0,1,4,75.12,-1.4506299999999994,0
N=CN1COC(=O)N1,115.09199999999998,3,2,1,1,5,65.42,-0.4922300000000001,0
N=C1N=C(O)C(C=O)=N1,125.08699999999997,2,2,1,1,5,85.86999999999999,-0.4688300000000001,0
N=CC(=O)OC1COC1=O,143.09799999999998,5,1,2,1,5,76.45000000000002,-0.8954300000000002,1
N=C1C=NC(N)=C1C=O,123.115,4,2,1,1,4,79.30000000000001,-0.5402300000000002,0
CC(C#N)c1nn[nH]n1,123.11900000000001,4,1,1,1,5,78.25,-0.1732200000000001,1
O=C1COC(=O)OCN1,131.087,4,1,0,1,5,64.63000000000001,-0.7730999999999999,0
N=C1NCC(=O)C(O)O1,130.10299999999998,4,3,0,1,5,82.41000000000001,-1.5715300000000003,1
Cc1nnc(N)c(=O)o1,127.103,5,1,0,1,5,82.01,-0.6795800000000001,0
C#Cc1nnc(N)n1N,123.11900000000001,5,2,0,1,5,82.75,-1.4446000000000003,0
CN=C1N=C(N)N1C=N,125.135,3,2,1,1,5,77.83,-0.7904299999999997,0
N=C1N=COCC(=O)N1,127.103,3,2,0,1,5,74.53999999999999,-0.9041300000000001,0
N=CN1C(=O)C(O)=C1N,127.10299999999998,4,3,1,1,5,90.41,-0.87853,0
N=C1NN=C1C(N)=O,112.092,3,3,1,1,5,91.33000000000001,-1.5918300000000003,0
O=Cc1n[nH]nc1CO,127.10299999999998,4,2,2,1,5,78.87,-0.8905000000000001,0
N=CN1CC(=O)C(N)=N1,126.119,4,2,1,1,5,82.54,-1.2496299999999996,0
CC1COC(=N)C(=O)O1,129.11499999999998,4,1,0,1,4,59.379999999999995,-0.07442999999999994,1
N=C1OCC(=O)OC1=N,128.087,5,2,0,1,5,83.22999999999999,-0.48566000000000015,0
N=C1N=CC(N)=C1CO,125.131,3,3,1,1,4,82.46000000000001,-0.7468300000000003,0
Nc1ocnc1C=O,112.08799999999998,4,1,1,1,4,69.12,0.06930000000000014,0
N#CCNC1OCC(=N)O1,141.13,5,2,2,1,5,78.13000000000001,-0.5927500000000003,1
CC1=NC(=O)NCN1,113.11999999999999,2,2,0,1,4,53.49,-0.32490000000000013,0
N=C1NC(=N)C(=O)CO1,127.103,4,3,0,1,5,86.03000000000002,-0.91266,0
N=c1oc(N)n[nH]c1=O,128.091,5,3,0,1,6,108.75999999999999,-1.5754300000000003,0
Nc1cn(C=O)c(N)n1,126.119,5,2,1,1,5,86.92999999999999,-0.9142000000000001,0
CNC1=NC(=O)C=N1,111.10399999999998,3,1,0,1,4,53.82,-0.8272000000000002,0
CC1=C(CN)N=NC1=O,125.131,3,1,1,1,4,67.81,0.21150000000000013,0
N=CC1=NC(=N)C(N)=N1,123.11900000000001,4,3,1,1,5,98.44,-0.6174600000000001,0
Cc1nc(=O)oc(=N)o1,128.087,5,1,0,1,5,80.09,-0.5843099999999999,0
N=CN1COC(=O)C1=O,128.087,4,1,1,1,5,70.46000000000001,-1.0636300000000003,0
COc1n[nH]c(=O)n1C=O,143.10199999999998,5,1,2,1,6,76.97999999999999,-1.3817,0
CNC(=O)C1NC1=O,114.10399999999998,2,2,1,1,4,68.11000000000001,-1.7691999999999999,1
N=C1N=C(N)C=NC1=O,124.103,3,2,0,1,5,91.66,-1.06813,0
N=C1N=NC(CN)=N1,111.10800000000002,3,2,1,1,5,86.95,-0.2558299999999999,0
O=Cc1coc(CO)n1,127.09899999999999,4,1,2,1,4,63.33,-0.02059999999999995,0
N#CC(=N)n1cncn1,121.103,5,1,0,1,5,78.35000000000001,-0.3729499999999999,0
N=C1C=NC(C(N)=O)=N1,124.10300000000001,3,2,1,1,5,91.66000000000001,-1.06813,0
COc1n[nH]c(=O)nc1N,142.11799999999997,5,2,1,1,6,93.89,-1.2443000000000002,0
N=CN1C=C(O)OCO1,130.10299999999998,4,2,1,1,5,65.78000000000002,0.17166999999999993,0
N=C1COC(=N)OCO1,130.103,5,2,0,1,5,75.39,-0.08066000000000012,0
CNC(=O)C1=NN=C1N,126.11900000000001,4,2,1,1,5,79.84,-1.5408,0
Nc1cc(OC=O)no1,128.087,5,1,2,1,5,78.35000000000001,-0.20800000000000013,0
O=CC1ONC(=O)C1=O,129.071,4,1,1,1,5,72.47,-1.8155999999999999,1
O=CC(=O)c1cocn1,125.08299999999998,4,0,2,1,4,60.17,0.05619999999999992,0
N=CN1C=C1NCO,113.11999999999999,3,3,3,1,4,59.120000000000005,-0.7526299999999999,0
N#CCc1n[nH]c(O)n1,124.103,4,2,1,1,5,85.59,-0.4236200000000002,0
CNC1=C(O)C(=N)N=N1,126.119,4,3,1,1,5,80.83,0.37596999999999997,0
COC1=CC(=O)N=N1,112.08800000000001,3,0,1,1,4,51.019999999999996,0.4666,0
COC1=NNC(=N)C1=O,127.10299999999998,4,2,0,1,5,74.53999999999999,-0.9041300000000003,0
N=C1N=CNCN=CO1,126.11899999999999,4,2,0,1,5,69.83,-0.44493000000000005,0
COC1=NC(N)=NC1=O,127.10300000000001,4,1,0,1,5,77.03999999999999,-1.1138000000000001,0
COC1=NN=C1NC=N,126.11899999999999,4,2,1,1,5,69.83000000000001,-0.4449300000000002,0
N=C1NC(=O)NCCO1,129.119,3,3,0,1,5,74.21000000000001,-0.74943,0
CC1(OC=O)OC1=N,115.088,4,1,2,1,4,62.68,-0.11693000000000003,1
NCC1=NC(=O)C(O)=N1,127.10299999999998,3,2,1,1,5,88.03999999999999,-1.1596999999999995,0
O=CC1NCNC(=O)O1,130.103,4,2,1,1,5,67.43,-1.2017000000000002,1
CNC1=CC(=N)C(O)=N1,125.131,3,3,1,1,4,68.47,0.03707000000000016,0
Nc1nncnc1C=O,124.10299999999998,5,1,1,1,5,81.75999999999999,-0.7337000000000002,0
Cc1nc(N)c[nH]c1=O,125.13099999999999,3,2,0,1,4,71.77,-0.33947999999999995,0
N=C1N=C(CO)N=C1N,126.119,4,3,1,1,5,94.82,-1.2747300000000001,0
N=C1COC(=N)OCO1,130.103,5,2,0,1,5,75.39,-0.08066000000000012,0
N=c1ncc(CCO)no1,141.13,5,2,2,1,5,83.0,-0.9161299999999999,0
N=C1OCCC(=O)OC1=N,142.114,5,2,0,1,5,83.22999999999999,-0.09556000000000026,0
CN=C1C=C(N)N=N1,110.12000000000002,3,1,0,1,4,63.099999999999994,0.28060000000000007,0
NC1=NN=C(C=O)C1=O,125.08699999999997,5,1,1,1,5,84.88,-1.5188,0
N=CN1N=CCC1=NO,126.11899999999999,4,2,1,1,5,72.04,0.07267000000000007,0
O=CC(O)c1cnoc1,127.09899999999999,4,1,2,1,4,63.33,-0.09310000000000002,1
N=C1NC(=O)COC1=N,127.103,4,3,0,1,5,86.03,-0.9126600000000002,0
N=COC(=O)N1CC1=O,128.087,4,1,1,1,5,70.22999999999999,-0.42772999999999994,0
Cc1ncc(N)n1C=O,125.131,4,1,1,1,4,60.91,-0.18797999999999998,0
N=CN1C(=N)OC1=O,113.07599999999998,4,2,1,1,5,77.24000000000001,-0.01955999999999991,0
COC1=NC(O)=C1NC=N,141.13,4,3,2,1,5,77.7,-0.03132999999999997,0
N=C1CC(N=O)OC1=O,128.087,5,1,1,1,5,79.58000000000001,0.045569999999999944,1
CCc1nn[nH]c(=O)n1,126.11899999999999,4,1,1,1,5,71.53,-0.8777000000000001,0
CN=C1C=NC(N)=[N+]1[O-],126.119,4,1,0,1,5,76.80999999999999,-1.0758999999999999,0
N=CC1=NN=NC1=N,109.092,4,2,1,1,5,84.78,0.43504000000000004,0
CCc1nn[nH]c(=N)n1,125.13499999999999,4,2,1,1,5,78.31,-0.7584300000000004,0
NC(C=O)C1=CN=[N+]1[O-],127.103,4,1,2,1,5,81.52,-0.6698999999999999,1
N=C1OCC(=O)C(=O)O1,129.071,5,1,0,1,5,76.45,-0.9363300000000001,0
CC(=O)n1onc1N,115.09200000000001,5,1,0,1,5,74.05,-0.28159999999999996,0
CC(=O)C1=NNC1=O,112.088,3,1,1,1,4,58.53,-0.9388000000000001,0
N=C1COC(=N)N=CO1,127.103,4,2,0,1,5,78.52,-0.026460000000000095,0
N=C1OCC(=O)OC1=N,128.087,5,2,0,1,5,83.22999999999999,-0.48566000000000015,0
N=C1ON=C(CO)C1=O,128.087,5,2,1,1,5,82.74000000000001,-1.0887300000000002,0
Cn1cnc(=O)c(=N)o1,127.10299999999998,5,1,0,1,5,71.88,-1.1472300000000002,0
N=C1CNC(=N)C(=O)O1,127.10299999999998,4,3,0,1,5,86.03000000000002,-0.9126600000000005,0
N=C=Nn1cncc1N,123.119,5,2,1,1,5,80.05,-0.018930000000000002,0
O=Cc1cn[nH]c(=O)n1,125.08699999999999,4,1,1,1,5,75.71000000000001,-1.0226,0
CN=C1N=NNC1=O,112.09199999999998,3,1,0,1,5,66.18,-0.4882999999999999,0
Cc1n[nH]c(NC=O)n1,126.11899999999999,3,2,2,1,5,70.67,-0.31858000000000025,0
N=C1CNC(=N)OCCO1,143.146,4,3,0,1,5,78.19000000000001,-0.46516000000000046,0
CC(=O)n1ncnc1N,126.119,5,1,0,1,5,73.8,-0.47959999999999997,0
Cn1c(N)cnnc1=O,126.11899999999999,5,1,0,1,5,73.80000000000001,-1.2425000000000004,0
N=C(N)OC1CC(=O)C1,128.13099999999997,3,2,1,1,4,76.17000000000002,-0.37202999999999986,0
N=CN1OC(=N)C1=O,113.076,4,2,1,1,5,77.24000000000001,-0.6554600000000002,0
N=C1N=CC(N)=[N+]1[O-],112.09200000000001,3,2,0,1,5,88.30000000000001,-1.12693,0
N=C1OCOC1=NC=O,128.087,4,1,1,1,5,71.74000000000001,-0.47713000000000005,0
N#COCC1=NC=NC1=N,136.114,4,1,2,1,5,81.59,-0.05575000000000002,0
N=C1COC(=N)OCO1,130.103,5,2,0,1,5,75.39,-0.08066000000000012,0
NC1=C(F)C(=O)C=N1,114.079,3,1,0,1,4,55.45,-0.26279999999999987,0
N=C1COC(=O)OC1=N,128.087,5,2,0,1,5,83.22999999999999,0.15023999999999993,0
Cc1nc(N)nn1C=N,125.135,5,2,1,1,5,80.58,-0.3761100000000001,0
O=CC1OCC(=O)NC1=O,143.09799999999998,4,1,1,1,5,72.47,-1.7730999999999997,1
N=c1nc(C=O)cn[nH]1,124.10299999999998,4,2,1,1,5,82.49000000000001,-0.9033300000000002,0
N=C1NC=CNC(=O)O1,127.103,3,3,0,1,5,74.21000000000001,-0.27823000000000014,0
Nc1n[nH]c(C=O)n1,112.09199999999998,4,2,1,1,5,84.66,-0.8006000000000004,0
N=Cn1oc(=N)oc1=O,129.075,6,2,1,1,6,95.98000000000002,-1.0310599999999999,0
N=C1OCOC1=NCO,130.103,5,2,1,1,5,74.9,-0.6837300000000002,0
COc1cn[nH]c(=N)c1,125.13099999999999,3,2,1,1,4,61.76,-0.10222999999999993,0
N=C1COC(=N)CO1,114.104,4,2,0,1,4,66.16,-0.012260000000000104,0
N=c1oc(N)coc1=O,128.087,5,2,0,1,5,93.22,-0.70553,0
N=C1C=NC(=N)N=N1,109.09200000000001,2,2,0,1,5,84.78,0.43504,0
N#CC1N=COC(=N)O1,125.08699999999997,5,1,0,1,5,78.46,-0.15405000000000008,1
CCOc1nonc1N,129.119,5,1,2,1,5,74.17,0.05049999999999999,0
O=C1CC(=O)C(=O)ON1,129.071,4,1,0,1,5,72.47,-1.4664000000000001,0
N=C1NCOC(=O)CN1,129.119,3,3,0,1,5,74.21,-1.3853300000000002,0
N=C(N)C1=CN=NC1=N,123.119,3,3,1,1,5,98.44,0.24934000000000028,0
N=C1C=NC(C(N)=O)=N1,124.10300000000001,3,2,1,1,5,91.66000000000001,-1.06813,0
CNC1=CN=C(O)C1=N,125.13099999999999,3,3,1,1,4,68.47,0.037069999999999936,0
N=CNC1COC(=N)O1,129.119,4,3,2,1,5,78.19000000000001,-0.5092600000000003,1
N=C1N=C(C(N)=O)O1,113.076,3,2,1,1,5,88.53000000000002,-1.1648300000000003,0
N=C1OCC(=O)NC1=O,128.087,4,2,0,1,5,79.25,-1.36333,0
N=C1C=C(N)N=C1N,110.12000000000002,4,3,0,1,4,88.25,-0.8229300000000002,0
C#Cc1nnc(N)n1O,124.103,5,2,0,1,5,76.96,-0.9211000000000003,0
Cn1cnc(CO)nc1=N,140.146,5,2,1,1,5,74.78999999999999,-1.21313,0
O=CC(=O)c1ncno1,126.071,5,0,2,1,5,73.06,-0.5488,0
CN=C1OC(=N)C(=O)O1,128.087,5,1,0,1,5,71.74,-0.47713,0
CN=C1N=C(C=O)N1N,126.119,3,1,1,1,5,71.05,-1.2411,0
Cn1c(C=O)noc1=N,127.103,5,1,1,1,5,71.88,-0.6949300000000003,0
N=C1C=C(O)N=C1N,111.104,4,3,0,1,4,82.46,-0.22362999999999988,0
Nc1cc(NC=O)no1,127.103,4,2,2,1,5,81.14999999999999,-0.17490000000000022,0
COC1=NOC(=N)C1=O,128.087,5,1,0,1,5,71.74000000000001,-0.47713,0
N=C1ON=C1C(=O)CN,127.103,5,2,2,1,5,88.53,-1.1223300000000003,0
NC1=CN=C(C=O)NN=N1,139.118,6,2,1,1,6,92.19999999999999,-0.6882000000000001,0
CN=C1N=CC(N)=N1,110.12,2,1,0,1,4,63.099999999999994,-0.5862,0
N=Cc1c(N)ncoc1=N,138.13,5,3,1,1,5,99.75,-0.2660599999999999,0
N=C1OC(=O)OC1=O,115.04399999999998,5,1,0,1,5,76.44999999999999,-0.34293,0
N=c1nc(C=O)oo1,114.05999999999997,5,1,1,1,5,80.09,-0.4404300000000001,0
CN1NCC(=O)OC1=N,129.119,4,2,0,1,5,65.42000000000002,-1.08563,0
N=Cn1c(CO)noc1=N,142.118,6,3,2,1,6,98.89000000000001,-1.09696,0
N=c1cnc(CO)n[nH]1,126.119,4,3,1,1,5,85.65,-1.2235300000000005,0
N=Cn1[nH]c(=N)oc1=O,128.09099999999998,5,3,1,1,6,98.63,-1.2959600000000002,0
NC1=NCC(=O)OCO1,130.10299999999998,5,1,0,1,5,73.91,-1.1680000000000001,0
CC1=NC(=N)C(O)=N1,111.10399999999998,2,2,0,1,4,68.8,0.35217,0
Cc1nc([O-])nnc1N,125.111,5,1,0,1,5,87.75,-1.1641800000000002,0
N#CCc1ncoc1N,123.115,4,1,1,1,4,75.84,0.32288000000000006,0
CCc1nc(=N)nn[nH]1,125.135,4,2,1,1,5,78.31,-0.7584300000000004,0
COc1cn[nH]c(=N)n1,126.119,4,2,1,1,5,74.65,-0.70723,0
N=C1N=C(C=O)N=C1O,125.08699999999997,3,2,1,1,5,85.87,-0.4688299999999999,0
N=C1ONC(=O)C1C=O,128.087,4,2,1,1,5,79.25,-1.1598300000000001,1
N=C1OCC(=N)C(=O)O1,128.087,5,2,0,1,5,83.23,-0.48566000000000015,0
O=Cc1cnoc1CO,127.09899999999998,4,1,2,1,4,63.33,-0.020600000000000007,0
Cn1nc(C=N)n1CO,128.135,5,2,2,1,5,66.83,-0.8309300000000004,0
COc1conc1N=N,127.10300000000001,5,1,2,1,5,71.47,1.34567,0
COC1NC(=O)C(=N)O1,130.103,4,2,1,1,5,71.41,-0.95993,1
N=C1OC=NC(=O)CO1,128.087,4,1,0,1,5,71.74,-0.47713000000000005,0
CCc1noc(=O)n1N,129.119,5,1,1,1,5,74.05,-0.8875000000000002,0
O=Cc1nc(CO)n[nH]1,127.103,4,2,2,1,5,78.87,-0.8905000000000003,0
N=CN1OC(=N)C1CO,129.119,4,3,2,1,5,80.4,-0.8211600000000003,1
CN=C1N=C(N)C(=O)N1,126.119,3,2,0,1,5,79.84,-1.540799999999999,0
N#CC(O)c1cnon1,125.087,5,1,1,1,5,82.94,-0.37342000000000003,1
CN=C1N=C(N)N1C=O,126.119,3,1,1,1,5,71.05,-1.2411,0
N#CCC1=NC(CO)=N1,123.115,4,1,2,1,4,68.74,-0.29702,0
N#CCC1=NC(OC=N)=N1,136.11399999999998,5,1,2,1,5,81.58999999999999,0.29185,0
N=C1OCOC(=O)C1=N,128.087,5,2,0,1,5,83.23,-0.48566000000000015,0
N=c1[nH]c(=N)oc(=O)[nH]1,128.091,4,4,0,1,6,109.48999999999998,-1.7450600000000005,0
N=C1N=COC(N)=CN1,126.119,3,3,0,1,5,83.49,-0.6731300000000002,0
N=CN=C1C=C(O)N=N1,124.10299999999998,3,2,1,1,5,81.16,0.85717,0
N=C1CC(=O)NC(=O)O1,128.087,4,2,0,1,5,79.25000000000001,-0.37983000000000006,0
N=C1N=C(O)C(CO)=N1,127.10299999999998,2,3,1,1,5,89.03,-0.6754300000000002,0
CC1N=NC(=O)NC1=O,127.10299999999998,3,1,0,1,5,70.89,0.07690000000000002,1
CNC1=NC(=O)N=C1CO,141.13,3,2,1,1,5,74.05,-0.8288,0
N=C1NC(=O)NCCO1,129.119,3,3,0,1,5,74.21000000000001,-0.74943,0
CN=C1OC(=N)N=C1O,127.103,3,2,0,1,5,78.03,-0.06383000000000005,0
N=C1NCOC(C=O)N1,129.119,3,3,1,1,5,74.21,-1.3869300000000004,1
Cc1cnoc1NC=O,126.11499999999998,3,1,2,1,4,55.13,0.5513199999999998,0
CC(O)c1n[nH]c(O)n1,129.119,4,3,1,1,5,82.03,-0.4364000000000002,1
N=C1N=CC(=O)NCO1,127.103,3,2,0,1,5,74.54,-0.9041300000000001,0
CN=CN1C(=O)OC1C=O,142.11399999999998,4,0,2,1,5,58.970000000000006,-0.3783000000000001,1
CC(O)Oc1nc1=O,115.088,4,1,2,1,4,59.42,-0.9655,1
N=C(N)c1ccnn1C=O,138.13,4,2,2,1,5,84.75999999999999,-0.79453,0
N=C1OC(=O)NC1=NCO,143.102,5,3,1,1,6,94.77,-0.9482300000000001,0
CNc1cnoc(=O)n1,127.103,5,1,1,1,5,68.02000000000001,-0.5285000000000002,0
N=C1NCOC(C=O)O1,130.10299999999998,4,2,1,1,5,71.41,-0.9599300000000002,1
N=CC(N)c1ncno1,126.119,5,2,2,1,5,88.79,-0.28103000000000006,1
N=C1COC(=O)C(=O)O1,129.071,5,1,0,1,5,76.45,-0.9363300000000001,0
N=C1CC(=O)NC(=O)N1,127.10299999999998,3,3,0,1,5,82.05000000000001,-0.8068300000000002,0
NC1=CC([N+](=O)[O-])=C1,112.088,3,1,1,1,4,69.16,0.0032000000000000917,0
CN=C1NC(=O)C(=O)N1,127.10299999999998,3,2,0,1,5,70.56,-1.7817999999999996,0
NC(=O)Oc1ncno1,129.07500000000002,5,1,1,1,6,91.24000000000001,-0.4728999999999999,0
N=C1OC=NCC(O)O1,130.10299999999998,5,2,0,1,5,74.9,-0.68533,1
Cc1n[nH]nc1CN=O,126.119,4,1,2,1,5,71.0,0.3795199999999999,0
N=C1COC(=N)OCN1,129.119,4,3,0,1,5,78.19,-0.5076600000000002,0
NC1=NC(=O)C(=O)O1,114.05999999999997,4,1,0,1,5,81.75,-1.6155,0
N=COC1C(=N)NC1=O,127.103,4,3,2,1,5,86.03,-0.9142600000000003,1
N=CN1CCN(C=O)O1,129.119,3,1,2,1,5,56.63000000000001,-0.7859300000000002,0
N=C1NCOC(C=O)N1,129.119,3,3,1,1,5,74.21,-1.3869300000000004,1
Nc1nnc[nH]c1=NC=O,139.118,4,2,1,1,6,97.02000000000001,-1.556,0
N#CCC1=NN=C1N,108.10400000000001,4,1,1,1,4,74.53,-0.37311999999999984,0
CC(=O)c1nn[nH]c1N,126.11900000000001,4,2,1,1,5,84.66,-0.41050000000000003,0
Nc1nonc1C=NC=O,140.10199999999998,5,1,2,1,6,94.37,-0.7729000000000004,0
CC(=O)c1nncn1N,126.11900000000001,5,1,1,1,5,73.8,-0.8055000000000001,0
N=C1OCC(N)C1=NO,129.11900000000003,5,3,0,1,5,91.69,-0.8486300000000002,1
O=CC1NC(=O)NC1=O,128.087,3,2,1,1,5,75.27000000000001,-1.6067,1
N=C1CNC(=NO)CO1,129.119,4,3,0,1,5,77.7,-0.6288300000000002,0
CNC1OC(=N)C(C=N)O1,143.146,5,3,2,1,5,78.19000000000001,-0.46836000000000005,2
N=CC1C(=O)ON1C=N,127.103,4,2,2,1,5,77.24000000000001,-0.6145600000000002,1
N=C1COC(=N)C1=NO,127.103,5,3,0,1,5,89.52,-0.1561600000000002,0
NC(=O)C1=NC(=O)O1,114.05999999999999,3,1,1,1,5,81.75000000000001,-0.9796,0
CN=C1C=NC(CN)=N1,124.147,3,1,1,1,4,63.099999999999994,-0.5437000000000001,0
NC(=O)C1=NC=NC1=O,125.08699999999999,3,1,1,1,5,84.88,-1.5188,0
N=CN1C=NCOC1=O,127.10299999999998,4,1,1,1,5,65.75,0.03146999999999994,0
NC1=NN=C1C(=O)O,113.07599999999998,4,2,1,1,5,88.04,-1.2022,0
N=CN1CC(=O)NC1=O,127.10299999999998,3,2,1,1,5,73.26,-0.85473,0
N=C1NC=NCOC1=O,127.103,4,2,0,1,5,74.53999999999999,-0.9041300000000001,0
N=C1NCNC(=O)CN1,128.135,2,4,0,1,5,77.01,-1.8123299999999993,0
N=CC1=NC=NC1=N,108.104,3,2,1,1,4,72.42,0.09614,0
COC1=NN=C(F)C1=N,129.094,4,1,0,1,5,57.800000000000004,0.34767,0
COC(=O)c1nc1=O,113.072,4,0,1,1,4,56.26,-0.8959999999999999,0
N=c1[nH]c(=O)nco1,113.076,4,2,0,1,5,82.74,-1.15763,0
COC1C(=N)N1C(=O)O,130.103,3,2,1,1,5,73.39,-0.07023000000000001,1
Cn1cnc(N)c1N,112.13600000000001,4,2,0,1,4,69.86,-0.41550000000000015,0
CNC(=O)n1cnc(N)n1,141.13400000000001,5,2,0,1,6,85.83,-0.9521999999999999,0
CC(=O)c1n[nH]c(=N)o1,127.103,4,2,1,1,5,82.74,-0.31523000000000007,0
N=C1OCC(C=O)C1=O,127.09899999999998,4,1,1,1,4,67.22,-0.6219300000000001,1
N=CNC1=NC=NC1=N,123.119,3,3,1,1,5,84.45,-0.3992599999999999,0
N=c1[nH]c(=N)oc(=O)[nH]1,128.091,4,4,0,1,6,109.48999999999998,-1.7450600000000005,0
N=C1COC(=NO)O1,116.076,5,2,0,1,5,74.9,-0.2443300000000001,0
NC(=O)C1=NC(N)=N1,112.09200000000001,4,2,1,1,5,93.83,-1.8014999999999999,0
COC(=O)n1cncc1N,141.12999999999997,5,1,0,1,5,70.14,0.07979999999999998,0
N=C1NC(=O)CN=CO1,127.103,4,2,0,1,5,74.54,-0.9041300000000001,0
CCNC1OC(=N)C1=O,128.131,4,2,2,1,4,62.18,-0.5014300000000003,1
CC(O)n1cn[nH]c1=O,129.119,4,2,1,1,5,70.91,-0.9178000000000002,1
N=C1COC(=N)NCO1,129.119,4,3,0,1,5,78.19,-0.5076600000000002,0
NC(=O)C1=NC(N)=N1,112.09200000000001,4,2,1,1,5,93.83,-1.8014999999999999,0
N=C1CN=C(C(N)=O)O1,127.103,4,2,1,1,5,88.53000000000002,-1.1223300000000003,0
CC(O)C1=NN=C1N,113.12000000000002,4,2,1,1,4,70.97,-0.9060000000000001,1
CC1(C#N)C=NC(N)=N1,122.13100000000001,4,1,0,1,4,74.53,-0.3322199999999999,1
CC1CC(=O)C(=O)ON1,129.11499999999998,4,1,0,1,4,55.400000000000006,-0.6045,1
N=C1CNC(=N)OCO1,129.119,4,3,0,1,5,78.19000000000001,-0.5076600000000004,0
COc1ncnc(N)n1,126.11900000000001,5,1,1,1,5,73.92,-0.5376000000000003,0
O=CC1=CNOC1CO,129.11499999999998,4,2,2,1,4,58.56,-1.0351000000000001,1
O=CC(=NO)C1COC1=O,143.09799999999998,5,1,2,1,5,75.96000000000001,-0.8115000000000001,1
N=CN1C=NC(C=O)O1,127.10299999999997,4,1,2,1,5,65.75,-0.6060300000000001,1
N=C1OCC(O)C(=N)O1,130.10299999999998,5,3,0,1,5,86.39,-0.6938600000000001,1
C#CCc1onnc1N,123.11500000000001,4,1,1,1,4,64.94,-0.1725,0
N=c1nnn(C=O)o1,114.06399999999998,6,1,1,1,6,84.77,-1.6111300000000002,0
CCN1COC(N)=[N+]1[O-],131.13500000000002,4,1,1,1,5,64.56,-0.9639999999999997,0
N=C1C=C(CO)N=[N+]1[O-],127.103,4,2,1,1,5,82.50999999999999,-0.18403000000000003,0
N=NC1C(=O)OC1=NO,129.07500000000002,6,2,1,1,6,95.10000000000001,-0.26953,1
N=CN1C(=N)NC1N,113.124,3,4,1,1,5,88.99000000000001,-1.32426,1
CCN=C1N=NC(N)=N1,125.13500000000002,3,1,1,1,5,75.46,0.14280000000000015,0
COc1cnc(=O)[nH]n1,127.103,4,1,1,1,5,67.87,-0.8265000000000002,0
CC(=O)c1n[nH]c(=N)o1,127.103,4,2,1,1,5,82.74,-0.31523000000000007,0
NC(=O)C1=NC(O)=N1,113.076,3,2,1,1,5,88.04,-1.2022000000000002,0
N=CN1NCOC1=O,115.09199999999998,4,2,1,1,5,65.42000000000002,-0.49222999999999995,0
CC(=O)C1=NC(N)=N1,111.10400000000001,4,1,1,1,4,67.81,-0.6978,0
CN=Nc1cc(N)no1,126.119,5,1,1,1,5,76.77,0.9702999999999999,0
CC(O)C1=NN=C1N,113.12000000000002,4,2,1,1,4,70.97,-0.9060000000000001,1
N=C1NC(=O)C(=O)CO1,128.087,4,2,0,1,5,79.25000000000001,-1.36333,0
CN=C1N=CC(O)=N1,111.10399999999998,1,1,0,1,4,57.31,0.013100000000000056,0
CNC(=O)C1=NOC1=N,127.103,4,2,1,1,5,74.53999999999999,-0.9041300000000001,0
NC(=O)c1cnc(N)o1,127.103,4,2,1,1,5,95.14,-0.6443000000000001,0
NC1=C(O)N=C1C=O,112.088,4,2,1,1,4,75.68,-0.6743000000000001,0
N=CN1N=CNC1C=O,126.11899999999997,4,2,2,1,5,68.55000000000001,-1.0330300000000001,1
NC(=O)c1coc(O)n1,128.08699999999996,4,2,1,1,5,89.35000000000001,-0.5209,0
N=C1OCCN1C(N)=O,129.11900000000003,3,2,0,1,5,79.41,-0.6679299999999999,0
N=C1N=C(O)C=C1N,111.10399999999998,2,3,0,1,4,82.46,-0.22362999999999988,0
N=C(N)c1cn(C=O)o1,127.10299999999998,4,2,2,1,5,85.01,-0.5965299999999998,0
N=CN1C(=N)NC1C=O,126.11899999999997,3,3,2,1,5,80.04,-1.0415600000000003,1
CC1=C(N)N=NC1=N,110.12,3,2,0,1,4,74.59,0.6196700000000002,0
N=CN1CC(=O)C(=O)O1,128.087,4,1,1,1,5,70.46000000000001,-1.06363,0
N=CN1OCC1C(=N)O,129.119,3,3,2,1,5,80.4,-0.25545999999999985,1
CN=c1oc(=O)c1=NO,128.087,5,1,0,1,5,75.16,-1.6642000000000003,0
N=C1OCC(=O)C(=N)O1,128.087,5,2,0,1,5,83.23,-0.48566000000000015,0
C#CC1=NC(N)=NC1=N,120.11500000000001,3,2,0,1,4,74.59,-0.6338299999999999,0
Nc1cn(C=O)nc1N,126.119,5,2,1,1,5,86.92999999999999,-0.9142000000000001,0
N=COC1CNC(=O)CO1,144.13,4,2,2,1,5,71.41,-0.91743,1
N=C1OCCOC(=N)O1,130.103,5,2,0,1,5,75.39,-0.0806599999999999,0
N=C1NCOC(=N)O1,115.092,4,3,0,1,5,78.19000000000001,-0.55016,0
N=C(N)OC1CNC1=O,129.119,3,3,1,1,5,88.20000000000002,-1.6051300000000004,1
N=C1COC(=N)OCO1,130.103,5,2,0,1,5,75.39,-0.08066000000000012,0
N=c1ccoc(=N)n1N,126.11900000000001,5,3,0,1,5,91.79,-1.24616,0
C#CCc1onnc1N,123.11500000000001,4,1,1,1,4,64.94,-0.1725,0
N=C1N=COCOC=CN1,141.13,3,2,0,1,5,66.7,0.014569999999999805,0
NC1=NC(O)=NC1=O,113.07599999999998,3,2,0,1,5,88.03999999999999,-1.2022,0
CN=C1OC(=N)C(=O)O1,128.087,5,1,0,1,5,71.74,-0.47713,0
N#CCc1noc(=N)o1,125.08699999999999,5,1,1,1,5,86.81,-0.18685000000000002,0
Cc1nnc([O-])nc1N,125.111,5,1,0,1,5,87.75,-1.1641800000000002,0
COC1=C(CO)NC1=N,128.131,3,3,2,1,4,65.34,-0.5828300000000002,0
NC(=O)C1=NC(N)=N1,112.09200000000001,4,2,1,1,5,93.83,-1.8014999999999999,0
N=Cc1n[nH]c(C=O)n1,124.10299999999998,4,2,2,1,5,82.49,-0.3851300000000002,0
N=C1NCOC(=O)CO1,130.103,4,2,0,1,5,71.41,-0.9583300000000001,0
Cc1nc(OC#N)n[nH]1,124.103,4,1,1,1,5,74.59,-0.02700000000000008,0
N=C1NC(=N)C(=O)O1,113.076,4,3,0,1,5,86.03000000000002,-0.95516,0
CC1=NN=C(NC=O)C1=N,138.13,4,2,1,1,5,77.67,-0.4598300000000001,0
CC(N)C1=NC(N)=N1,112.13600000000001,4,2,1,1,4,76.75999999999999,-0.9395999999999991,1
Nc1nn(N)nc1C=O,127.10699999999999,6,2,1,1,6,99.82,-1.6134000000000006,0
Nc1c(COC=O)c1=O,127.09899999999998,4,1,3,1,4,69.39,-0.8224,0
COC1=NCN=C(O)CO1,144.13,4,1,0,1,5,63.41000000000001,-0.067,0
N=C1CC(=O)OC(=O)N1,128.087,4,2,0,1,5,79.25,-0.37983000000000006,0
NC1=C(NC=O)OC1=O,128.087,4,2,2,1,5,81.41999999999999,-1.583,0
N#CCC(=O)C1=NN=N1,122.087,5,0,2,1,5,77.94,0.24847999999999998,0
CC1(C(N)=O)OC1=N,114.10399999999998,3,2,1,1,4,79.47,-0.7621300000000002,1
CC(=O)C1=NNC1=O,112.088,3,1,1,1,4,58.53,-0.9388000000000001,0
CN=C1NC(=N)N=C1N,125.135,3,3,0,1,5,86.62,-1.0901299999999996,0
NC1=C(N)C(=O)C=N1,111.10399999999998,4,2,0,1,4,81.47,-1.2736000000000003,0
N=C1NC=CNC1C=O,125.13099999999999,3,3,1,1,4,64.98,-0.8048300000000004,1
N=c1onncc1N,112.092,5,2,0,1,5,88.79,-0.8687300000000002,0
CC(=N)OC1=NC(=O)O1,128.087,4,1,0,1,5,71.74,0.50637,0
N=C1CN(C=O)OCO1,130.10299999999998,4,1,1,1,5,62.620000000000005,-0.65863,0
CC1=NN=C(CO)C1=O,126.11499999999998,4,1,1,1,4,62.02,-0.6216999999999999,0
N=C1N=CC(C(N)=O)=N1,124.10300000000001,2,2,1,1,5,91.66000000000001,-1.06813,0
CC(=O)Nc1nc1=O,112.088,3,1,1,1,4,59.06,-0.7242000000000002,0
CC(N)N1N=NC1=O,114.10799999999999,3,1,1,1,5,71.05,0.0939000000000002,1
N#CC(=N)NC1OC1=N,124.10299999999998,4,3,1,1,5,96.05000000000001,-0.58958,1
N=C1COC(=N)NCO1,129.119,4,3,0,1,5,78.19,-0.5076600000000002,0
N=C1NCC(=O)OCO1,130.103,4,2,0,1,5,71.41000000000001,-0.9583300000000001,0
N=C1NC(=N)C(=N)OCO1,142.118,5,4,0,1,6,102.04000000000002,-0.5303900000000001,0
CN=C(N)C1=NC(=O)N1,126.11899999999999,2,2,1,1,5,79.84,-0.9049,0
N=C1COC(=O)CO1,115.088,4,1,0,1,4,59.379999999999995,-0.46293000000000006,0
CC(=O)n1cnc(N)n1,126.11900000000001,5,1,0,1,5,73.8,-0.47959999999999997,0
COC1=NC(=N)OC1=O,128.087,4,1,0,1,5,71.74000000000001,-0.47713,0
O=C1N=CC(CCO)=N1,126.115,2,1,2,1,4,62.019999999999996,0.014200000000000046,0
N=C1NC(=O)C(=O)O1,114.05999999999999,4,2,0,1,5,79.25000000000001,-1.4058300000000001,0
N=CC1=C(C=O)N=C1N,123.115,4,2,2,1,4,79.3,-0.5402300000000002,0
NC(=O)C1=NC(N)=N1,112.09200000000001,4,2,1,1,5,93.83,-1.8014999999999999,0
N=C1OCC(=O)C(=O)O1,129.071,5,1,0,1,5,76.45,-0.9363300000000001,0
CNC(=N)N1N=CC1=O,126.11899999999999,3,2,0,1,5,68.55000000000001,-1.0314300000000003,0
COC1=NC(=O)C(N)=N1,127.10300000000001,4,1,0,1,5,77.03999999999999,-1.1138000000000003,0
CC1=NC(=O)C(N)=N1,111.104,3,1,0,1,4,67.81,-0.6978,0
NC1=CN=NC1=NC=O,124.103,3,1,1,1,5,80.16999999999999,-0.19280000000000003,0
N=C1COC(=NO)CO1,130.103,5,2,0,1,5,74.9,-0.20183000000000012,0
N=C1OC=NC(C=O)C1=N,139.11399999999998,5,2,1,1,5,86.36,-0.39055999999999996,1
O=C1CC(=O)OC(=O)N1,129.071,4,1,0,1,5,72.47,-0.8305,0
N=C1OC=C(N)C1=O,112.08800000000001,4,2,0,1,4,76.16999999999999,-0.6369300000000002,0
Cc1n[nH]c(O)nc1=O,127.10299999999998,4,2,0,1,5,78.87,-0.8210800000000003,0
CC(=O)c1cno[n+]1[O-],128.087,4,0,1,1,5,70.04,-0.48939999999999995,0
Nc1cnc(N)c(=O)o1,127.103,5,2,0,1,5,95.14,-0.8008,0
N=CNC1=NC=NC1=O,124.103,3,2,1,1,5,77.67,-0.8499300000000001,0
COc1nc(C=O)cn1N,141.12999999999997,5,1,2,1,5,70.14,-0.5820000000000001,0
N=C1OCC1C(N)=O,114.104,3,2,1,1,4,76.16999999999999,-0.9046300000000003,1
N=CN1CCOC1=NCO,143.14600000000002,4,2,2,1,5,68.91000000000001,-0.7685300000000004,0
N=C1COC(=N)OCO1,130.103,5,2,0,1,5,75.39,-0.08066000000000012,0
N=CN1CC(=O)OCN1,129.119,4,2,1,1,5,65.42,-1.0856300000000003,0
NC=C1N=C(O)N=C1N,126.119,4,3,0,1,5,96.99,-0.9287000000000003,0
COC1=NC(=N)C(F)=N1,129.094,3,1,0,1,5,57.8,0.34767000000000003,0
N=CNC1=NC=NC1=O,124.103,3,2,1,1,5,77.67,-0.8499300000000001,0
N=C(N)C1N=CN=C1O,126.11899999999999,3,3,1,1,5,94.82000000000001,-0.7106300000000001,1
CN=COC1=NOC1=N,127.103,5,1,1,1,5,67.03,-0.017930000000000057,0
NC1=CN=C(N)C1=O,111.104,4,2,0,1,4,81.47,-1.2735999999999998,0
N=C1CNC(=O)NCO1,129.119,3,3,0,1,5,74.21000000000001,-0.7494300000000003,0
CN=C1N=C(F)N=C1O,129.09400000000002,2,1,0,1,5,57.31,0.3103000000000001,0
NC(=O)n1cnnc1,112.092,4,1,0,1,5,73.80000000000001,-0.7951000000000001,0
N=c1ncnc(CO)[nH]1,126.11899999999999,4,3,1,1,5,85.65,-1.22353,0
Cc1c(N)[nH]nnc1=O,126.119,4,2,0,1,5,84.66,-0.94448,0
N=COCC1=NC(=N)N=C1,138.13000000000002,3,2,3,1,5,81.64999999999999,0.07023999999999991,0
N#CC(=N)OC1OC1=O,126.07099999999997,5,1,1,1,5,86.47,-0.6132500000000001,1
N=C1NCCC(=O)O1,114.104,3,2,0,1,4,62.18000000000001,-0.5423300000000002,0
Cn1cnc(=N)nc1CO,140.14600000000002,5,2,1,1,5,74.79,-1.21313,0
CC1=NC(=N)N=C1O,111.10399999999998,1,2,0,1,4,68.8,0.3521700000000001,0
CN=C(O)C1=NC(O)=N1,127.103,3,2,1,1,5,77.54,-0.10120000000000007,0
O=C(O)c1c[nH]nc1O,128.087,3,3,1,1,5,86.21,-0.18650000000000005,0
N=C1NC(=N)C(=O)CO1,127.103,4,3,0,1,5,86.03000000000002,-0.91266,0
Nc1cnc(N)n1C=O,126.119,5,2,1,1,5,86.92999999999998,-0.9142000000000001,0
N=C1N=COC(=O)CO1,128.087,4,1,0,1,5,71.74,-0.47713000000000005,0
N=Cc1oncc1N,111.104,4,2,1,1,4,75.9,0.25447000000000003,0
N=c1nc[nH]nc1C=O,124.10299999999998,4,2,1,1,5,82.49000000000001,-0.90333,0
N=CC1(CO)OC1=O,115.08799999999998,4,2,2,1,4,73.68,-1.0761300000000003,1
Nc1onc(NC=O)c1O,143.102,5,3,2,1,6,101.38000000000001,-0.46930000000000016,0
N=c1nc[nH]c(=N)[nH]1,111.10799999999999,3,4,0,1,5,92.16999999999999,-1.30326,0
N=C1COC(=O)OCN1,130.103,4,2,0,1,5,71.41,-0.32243000000000016,0
C#CCc1n[nH]oc1=O,124.09899999999999,3,1,1,1,4,58.89,-0.4614,0
N=C1NCC(=O)OC1=O,128.087,4,2,0,1,5,79.25,-1.36333,0
COc1n[nH]c(C=N)n1,126.11899999999999,4,2,2,1,5,74.65,-0.1890300000000002,0
N=Cc1cnnc(N)n1,123.11900000000001,5,2,1,1,5,88.54,-0.5485300000000002,0
CC1=NC(=N)N=C1N,110.12,2,2,0,1,4,74.59,-0.24712999999999996,0
NC1=NC(O)=CC1=O,112.08799999999997,4,2,0,1,4,75.68,-0.6743000000000001,0
N=Cn1c(C=O)cnc1N,138.12999999999997,5,2,2,1,5,84.76,-0.26703,0
Nc1cnc(CO)n1O,129.119,5,3,1,1,5,84.3,-0.8051000000000001,0
CN=C1N=C(N)C(=O)O1,127.103,4,1,0,1,5,77.04,-1.1138,0
CC(=O)c1ncnn1N,126.11900000000001,5,1,1,1,5,73.8,-0.8055000000000001,0
COc1nc[nH]c(=O)c1O,142.114,4,2,1,1,5,75.21,-0.5158999999999999,0
N=C(N)n1nccn1,111.10799999999999,4,2,0,1,5,80.58,-0.9803300000000004,0
CN=c1cc(O)[nH]nn1,126.119,4,2,0,1,5,74.16,-0.9592000000000003,0
N=C1OCNC(=O)C1=N,127.10299999999998,4,3,0,1,5,86.03,-0.9126600000000002,0
NC1=NC(C(N)C=O)=N1,126.11899999999999,5,2,2,1,5,93.83,-1.7606000000000004,1
N=C1C=C(N)C(O)=N1,111.104,2,3,0,1,4,82.46000000000001,-0.22363000000000005,0
N=C1N=C(N)N=C1C=O,124.103,4,2,1,1,5,91.66,-1.06813,0
N=C1OC(=O)N=C1CO,128.087,4,2,1,1,5,82.74,-0.45282999999999995,0
N=C1NCOC(C=O)O1,130.10299999999998,4,2,1,1,5,71.41,-0.9599300000000002,1
NCC1=NC(=O)N=C1N,126.119,3,2,1,1,5,93.83,-1.1231,0
CC(=O)c1cn[nH]n1,111.104,3,1,1,1,4,58.64,0.007299999999999918,0
COC1=NC(=O)C(N)=N1,127.10300000000001,4,1,0,1,5,77.03999999999999,-1.1138000000000003,0
Cc1nc(N)nn1CC=N,139.162,5,2,2,1,5,80.58,-0.1817100000000002,0
N=C1NC(=O)C(=N)O1,113.076,4,3,0,1,5,86.03000000000002,-0.9551600000000002,0
N=C1COC(=N)C(=N)O1,127.103,5,3,0,1,5,90.01,-0.034989999999999966,0
CC1(O)C=NC(=O)O1,115.088,3,1,0,1,4,58.89,-0.08410000000000006,1
C#Cc1nc(O)nn1N,124.10300000000001,5,2,0,1,5,76.96000000000001,-1.3212000000000002,0
N#CCc1n[nH]c(C=O)n1,136.11399999999998,4,1,2,1,5,82.42999999999999,-0.31672000000000006,0
CN=C1N=NC(=O)O1,113.07599999999998,3,0,0,1,5,63.379999999999995,0.5746,0
N=C1C(CO)=CN=C1N,125.131,4,3,1,1,4,82.46,-0.7468300000000001,0
N=C1NC(=O)C(=O)O1,114.05999999999999,4,2,0,1,5,79.25000000000001,-1.4058300000000001,0
N=C1NC(=O)OC1=O,114.05999999999999,4,2,0,1,5,79.25,-0.76993,0
N=C1NCC(=NO)O1,115.092,4,3,0,1,5,77.7,-0.6713300000000002,0
N=C1NCOC(=O)CN1,129.119,3,3,0,1,5,74.21,-1.3853300000000002,0
Nc1noc(O)c1N,115.092,5,3,0,1,5,98.3,-0.4554000000000002,0
COC1=NN=C1CC#N,123.115,4,0,1,1,4,57.74,0.3145799999999999,0
CN1C=NC(NC=O)=CO1,141.12999999999997,4,1,2,1,5,53.93000000000001,-0.5634000000000001,0
NC(=O)c1cnc(O)o1,128.087,4,2,1,1,5,89.35000000000001,-0.5209,0
CC1(CO)N=NC(N)=N1,128.13500000000002,5,2,1,1,5,83.33,-0.5246,1
Cc1n[nH]c(=O)c(N)n1,126.119,4,2,0,1,5,84.66,-0.9444800000000002,0
N#CCOc1nc[nH]n1,124.103,4,1,2,1,5,74.59,-0.29292,0
Nc1ncc(C=O)n1O,127.10299999999998,5,2,1,1,5,81.14,-0.48490000000000005,0
N=c1[nH]c(=O)oc(=O)o1,130.059,5,2,0,1,6,100.05999999999999,-1.59943,0
N#CC(=N)OC1=NCO1,125.08699999999999,5,1,0,1,5,78.46000000000001,-0.15245000000000003,0
NC1=NC(=O)N=C1N,112.092,3,2,0,1,5,93.83,-1.1656,0
CC1=NN=C(CO)C1=N,125.13099999999999,4,2,1,1,4,68.80000000000001,-0.1710299999999999,0
Cc1cc(=O)[nH]nc1N,125.13100000000001,3,2,0,1,4,71.77,-0.33948000000000017,0
N=CNC1C(=N)OC1=O,127.103,4,3,2,1,5,86.03,-0.9142600000000003,1
N=CC1=NC(C(=N)O)=N1,124.103,4,3,2,1,5,92.65,-0.018159999999999954,0
N#CC(N)C1=NC(=O)N1,124.103,3,2,1,1,5,91.27000000000001,-1.04102,1
N=C1OCOC(=O)C1=N,128.087,5,2,0,1,5,83.23,-0.48566000000000015,0
N=CNC1=NCN1C=O,126.119,3,2,2,1,5,68.55000000000001,-1.03143,0
N=C1NCNC(=O)CO1,129.119,3,3,0,1,5,74.21000000000001,-1.3853300000000002,0
CN=C1OC(=N)N1O,115.092,4,2,0,1,5,68.91,-0.37163000000000007,0
N=C1NC(=N)C(=O)O1,113.076,4,3,0,1,5,86.03000000000002,-0.95516,0
NC(=O)Cn1ccn1N,128.135,4,2,2,1,5,78.97,-1.5112999999999996,0
CC(=O)n1onc1N,115.09200000000001,5,1,0,1,5,74.05,-0.28159999999999996,0
CC1=NC(=N)NC1=O,111.10399999999998,2,2,0,1,4,65.31,-0.4881300000000001,0
CNC1OC(=O)OC1=N,130.103,5,2,1,1,5,71.41,-0.32403,1
N#CC1N=NCC(=N)N1,123.119,4,2,0,1,5,84.39,-0.13124999999999998,1
Cn1cn[nH]c(=N)c1=O,126.11899999999999,4,2,0,1,5,74.53,-1.4121299999999999,0
N=C1N=C(CO)C(=O)O1,128.087,4,2,1,1,5,82.74,-1.0887300000000002,0
CC(=O)c1nc(O)n[nH]1,127.103,4,2,1,1,5,78.87,-0.2871000000000001,0
N=CN1CC(=N)OCN1,128.135,4,3,1,1,5,72.2,-0.6349600000000002,0
CC(=O)C1=NC(O)=N1,112.088,3,1,1,1,4,62.019999999999996,-0.09849999999999998,0
Nc1cnc(C=O)nn1,124.103,5,1,1,1,5,81.76,-0.7337,0
NC1=NC(=O)C(C=O)=N1,125.08699999999997,4,1,1,1,5,84.88,-1.5188,0
N=C1CC(N)NC(=O)O1,129.119,4,3,0,1,5,88.2,-0.6216300000000001,1
CC(=O)C1=NOC1=N,112.088,4,1,1,1,4,62.51,-0.06112999999999996,0
Nc1oncc1CO,114.10399999999998,4,2,1,1,4,72.28,-0.2509,0
CC(=O)C1=NNC1=O,112.088,3,1,1,1,4,58.53,-0.9388000000000001,0
N=C1OCC(C=O)C(=N)O1,142.11399999999998,5,2,1,1,5,83.23,-0.23966000000000015,1
CC(=O)C1=NC(O)=C1,111.09999999999998,3,1,1,1,3,49.66,0.42940000000000006,0
COC1=NN=C1C=N,111.10399999999998,4,1,1,1,4,57.800000000000004,0.05046999999999996,0
N=C1N=C(C(N)=O)O1,113.076,3,2,1,1,5,88.53000000000002,-1.1648300000000003,0
CC(=O)n1cnc(N)n1,126.11900000000001,5,1,0,1,5,73.8,-0.47959999999999997,0
COc1c[nH]nnc1=O,127.103,4,1,1,1,5,67.87,-0.8265,0
O=CNC1=NN=C1CO,127.103,4,2,2,1,5,74.05,-1.5072000000000003,0
CN=C1N=CC(N)=[N+]1[O-],126.119,3,1,0,1,5,76.80999999999999,-1.0758999999999999,0
N=C1COCNC(=N)O1,129.119,4,3,0,1,5,78.19000000000001,-0.5076600000000004,0
CC(=NO)C1=NN=C1,111.104,4,1,1,1,4,57.31,0.2769,0
N#Cc1c(N)cnn1N,123.11900000000001,5,2,0,1,5,93.64999999999999,-0.9492200000000002,0
N=C1C(=O)OC1C=O,113.07199999999997,4,1,1,1,4,67.22,-0.8695300000000001,1
CCn1cnnc1N,112.13600000000001,4,1,1,1,4,56.730000000000004,-0.11980000000000002,0
CNc1noc(=O)n1C=N,142.118,6,2,2,1,6,83.91,-0.66683,0
N=C(N)C1=CN=NC1=O,124.103,3,2,1,1,5,91.66,-0.20132999999999995,0
N=CC1=C(N)N=CC1=O,123.115,4,2,1,1,4,79.30000000000001,-0.5402300000000002,0
N=c1ncoc(=N)n1CO,142.11800000000002,6,3,1,1,6,98.89,-1.6151600000000002,0
NC(=O)c1cnc(O)[nH]1,127.10299999999998,3,3,1,1,5,92.0,-0.7858000000000003,0
N=CN1CC(=NO)CO1,129.119,4,2,1,1,5,68.91000000000001,-0.32913000000000014,0
O=Cc1nc(CO)n[nH]1,127.103,4,2,2,1,5,78.87,-0.8905000000000003,0
N=C1OC=NCNCC1=O,141.13,5,2,0,1,5,74.53999999999999,-0.8616300000000003,0
CC1=NN=C(N)C1=N,110.12,4,2,0,1,4,74.59,-0.24712999999999996,0
COc1n[nH]nc1C=O,127.10299999999998,4,1,2,1,5,67.87,-0.37420000000000025,0
N=C1N=C(N)N=C1CO,126.119,4,3,1,1,5,94.82000000000001,-1.27473,0
CC1=NC(=N)C(O)=N1,111.10399999999998,2,2,0,1,4,68.8,0.35217,0
N=C1NC(CO)C(=N)O1,129.119,4,4,1,1,5,89.19000000000001,-1.1208600000000002,1
NC1=NC(=O)NCOC1,129.11899999999997,3,2,0,1,5,76.71,-0.9590999999999998,0
N=C1N=NC(CN)=C1C=O,138.13,4,2,2,1,5,91.66,-0.15883000000000014,0
N=C1N=NC(CO)=C1N,126.119,4,3,1,1,5,94.82,-0.40793000000000007,0
Cc1cc(=O)[nH]n1O,114.104,3,2,0,1,4,58.019999999999996,-0.27788,0
CN=C1N=C(C=O)C(=O)O1,140.09799999999998,4,0,1,1,5,68.09,-0.8311,0
N#CC(C#N)n1cn[nH]1,121.10300000000001,4,1,1,1,5,81.19,-0.2005400000000001,0
N=c1nc1C(=O)CO,112.08799999999998,4,2,2,1,4,74.04,-1.3883300000000003,0
N=C1C=CC(N)=NC1=N,122.13100000000001,3,3,0,1,4,86.08000000000001,-0.08955999999999997,0
NC=C(O)c1cn[nH]n1,126.119,4,3,1,1,5,87.82000000000001,-0.38020000000000004,0
CN=C1N=CN=C1N,110.12,3,1,0,1,4,63.099999999999994,-0.5861999999999998,0
N=CN1CC(=N)OCO1,129.119,4,2,1,1,5,69.4,-0.2079600000000001,0
CC(=O)C1=NN=C1N,111.10400000000001,4,1,1,1,4,67.81,-0.6978,0
O=CC(=O)N1OC1=O,115.04399999999998,4,0,1,1,5,66.75,-0.9209,0
N=C1COC(=NO)CO1,130.103,5,2,0,1,5,74.9,-0.20183000000000012,0
NC(=O)c1cnoc1N,127.103,4,2,1,1,5,95.14,-0.6443000000000001,0
N=C1NC(=O)C(=N)O1,113.076,4,3,0,1,5,86.03000000000002,-0.9551600000000002,0
N=CC1NC(=O)N1C=O,127.103,3,2,2,1,5,73.26,-0.85633,1
N=C1OCNC(=O)CO1,130.10299999999998,4,2,0,1,5,71.41,-0.9583300000000003,0
N=C1NC(=O)NCC1=O,127.103,3,3,0,1,5,82.05000000000001,-1.15443,0
O=C1C=C(O)C(O)=N1,113.07199999999999,2,2,0,1,4,69.89,-0.07500000000000007,0
Cn1[nH]c(=N)oc1=O,115.09199999999998,4,2,0,1,5,74.78,-1.2141300000000006,0
CN1CC(=N)OC(=O)N1,129.119,4,2,0,1,5,65.42,-0.44973000000000013,0
C#Cc1noc(=N)n1O,125.08699999999999,5,2,0,1,5,75.04,-0.8258300000000001,0
N=C1OCC(=O)OC1=N,128.087,5,2,0,1,5,83.22999999999999,-0.48566000000000015,0
NC(=O)OC1=CN=C1,112.088,3,1,1,1,4,64.68,0.007500000000000173,0
CC1=NC(=N)NC1=N,110.11999999999999,2,3,0,1,4,72.09,-0.03745999999999988,0
NC1=NC(C=O)=CC1=O,124.09899999999996,4,1,1,1,4,72.52,-0.9909000000000001,0
CC(O)C1=C(N)N=N1,113.12000000000002,4,2,1,1,4,70.97,-0.03919999999999996,1
COC1=NC(=N)C(N)=N1,126.11900000000001,4,2,0,1,5,83.82,-0.6631300000000002,0
Nc1ocnc1NC=O,127.10299999999998,4,2,2,1,5,81.15,-0.1749,0
N=C1OCN(C=O)CO1,130.10299999999998,4,1,1,1,5,62.620000000000005,-0.6586300000000003,0
COC(=O)C1=NNC1=O,128.08700000000002,4,1,1,1,5,67.75999999999999,-1.3548000000000002,0
COc1cnoc(=N)n1,127.103,5,1,1,1,5,72.0,-0.44233000000000006,0
N=C1COCOC(=N)O1,130.103,5,2,0,1,5,75.39,-0.0806599999999999,0
CN=C1N=C(O)N=C1N,126.119,3,2,0,1,5,83.33,-0.7004999999999999,0
CNC1=C(N)C(=O)N=C1,125.131,3,2,1,1,4,67.47999999999999,-1.0129,0
Nc1cnnc(C=O)n1,124.103,5,1,1,1,5,81.76,-0.7337,0
N=CN1OC(=O)C1C=O,128.087,4,1,2,1,5,70.46000000000001,-1.0652300000000001,1
N=c1ncnc(C=O)o1,125.08699999999997,5,1,1,1,5,79.84,-0.6384299999999998,0
N=C1CCC(=O)OC=N1,126.11499999999998,3,1,0,1,4,62.510000000000005,0.32897000000000004,0
N=C1N=C(O)N=C1C=O,125.08699999999997,3,2,1,1,5,85.87,-0.4688300000000001,0
N=C1COC(=N)C(=O)N1,127.103,4,3,0,1,5,86.03,-0.9126600000000002,0
COc1cc(=O)[nH]cn1,126.115,3,1,1,1,4,54.980000000000004,-0.22149999999999997,0
CC(O)C1=NN=C1CO,128.131,4,2,2,1,4,65.18,-0.8299000000000003,1
N=c1ncoc(=N)o1,113.076,5,2,0,1,5,86.87,-0.77346,0
O=CC(O)c1nc[nH]n1,127.10300000000001,4,2,2,1,5,78.86999999999999,-0.9630000000000001,1
Cc1nc(CO)nn1O,129.119,5,2,1,1,5,71.17,-0.68388,0
N=C1CCOC(=N)C(=N)O1,141.13,5,3,0,1,5,90.01,0.3551099999999999,0
N=C1N=C(N)C(O)=N1,112.092,2,3,0,1,5,94.82000000000001,-0.75153,0
N=CC1=C(N)C(N)=N1,110.12000000000002,4,3,1,1,4,88.25,-0.8229299999999997,0
N=C1N=C(N)N=C1C=O,124.103,4,2,1,1,5,91.66,-1.06813,0
N=C1COC(=N)OCO1,130.103,5,2,0,1,5,75.39,-0.08066000000000012,0
C#Cc1ncnc(N)n1,120.11500000000001,4,1,0,1,4,64.69,-0.5649000000000002,0
NC(=O)OC1=NC=N1,113.07600000000001,4,1,0,1,5,77.04,-0.5204,0
CC(=O)n1cnc(=O)[nH]1,127.103,4,1,0,1,5,67.75,-0.7685000000000002,0
CC(=O)n1ncnc1N,126.119,5,1,0,1,5,73.8,-0.47959999999999997,0
N=C=C1N=C(N)N=C1N,123.11900000000001,5,3,0,1,5,100.61,-1.1957300000000002,0
N=Cn1c(N)coc1=O,127.10299999999998,5,2,1,1,5,85.00999999999999,-0.5213300000000001,0
N=C1CC(=O)C(=O)ON1,128.087,4,2,0,1,5,79.25,-1.0157300000000002,0
N=C1OCC(=O)C(=O)O1,129.071,5,1,0,1,5,76.45,-0.9363300000000001,0
O=CC1N=COC1=O,113.07199999999997,4,0,1,1,4,55.73,-0.861,1
CN=C1C(N)=NN=C1O,126.119,4,2,0,1,5,83.33,-0.7005000000000001,0
O=c1ncoc(=O)[nH]1,114.05999999999999,4,1,0,1,5,75.96000000000001,-1.2769,0
CC1=NC(=N)N=C1N,110.12,2,2,0,1,4,74.59,-0.24712999999999996,0
N=C1C=C(O)C(O)=N1,112.08799999999998,2,3,0,1,4,76.67,0.3756699999999999,0
N=CN=C1NCC(=O)N1,126.11899999999999,2,3,1,1,5,77.34,-1.3311300000000004,0
N=C(N)N1COC(=O)C1,129.11899999999997,3,2,0,1,5,79.41,-1.30383,0
NC1=NCOCOC1=O,130.10299999999998,5,1,0,1,5,73.91,-1.1680000000000001,0
N=C1OC(=N)C1COC=O,142.11399999999998,5,2,3,1,5,83.22999999999999,-0.2396600000000002,0
CNC(=N)OC1=NCO1,129.119,4,2,0,1,5,66.7,-0.4991300000000003,0
NC1=C(C=O)C(=O)N=N1,125.087,4,1,1,1,5,84.88000000000001,-0.6520000000000001,0
N=CC1=NC(=O)C=C1N,123.115,3,2,1,1,4,79.3,-0.54023,0
N=C1COCOC(=O)N1,130.103,4,2,0,1,5,71.41,-0.32242999999999994,0
N=C1N=COC(=O)CO1,128.087,4,1,0,1,5,71.74,-0.47713000000000005,0
CC1=NC(=O)C(O)=N1,112.08799999999998,2,1,0,1,4,62.019999999999996,-0.09849999999999998,0
N#CC(N)c1conn1,124.103,5,1,1,1,5,88.73,-0.40702000000000016,1
N=c1cnc(N)ncn1,123.11900000000001,5,2,0,1,5,88.54,-1.0667300000000004,0
N=CC1=NN=C1C(=N)N,123.119,4,3,2,1,5,98.44,-0.6174600000000001,0
N=c1[nH]c(=O)oc(=N)o1,129.075,5,3,0,1,6,106.83999999999999,-1.4801599999999997,0
O=Cc1ncn[nH]c1=O,125.08699999999999,4,1,1,1,5,75.71000000000001,-1.0226,0
CN=C1N=C(N)C(O)=N1,126.119,2,2,0,1,5,83.33,-0.7004999999999999,0
COc1ncc(=N)[nH]n1,126.119,4,2,1,1,5,74.65,-0.7072300000000002,0
N=C1COC(=O)CCO1,129.115,4,1,0,1,4,59.379999999999995,-0.07282999999999995,0
N=C1N=CNC(=O)CO1,127.10299999999998,3,2,0,1,5,74.54,-0.9041300000000001,0
CCC1=NN=NC1=N,110.11999999999999,3,1,1,1,4,60.93,1.19547,0
N=C1OC=NC1=CNO,127.10299999999998,5,3,1,1,5,77.7,-0.15763000000000005,0
CC(=O)C1=NC(=O)N1,112.088,2,1,1,1,4,58.53,-0.3028999999999999,0
N=C1NCC(=O)OCO1,130.103,4,2,0,1,5,71.41000000000001,-0.9583300000000001,0
CN=C1C=C(N)N=[N+]1[O-],126.11900000000001,4,1,0,1,5,76.80999999999999,-0.20909999999999973,0
CC(=O)C1=NC(=O)N1,112.088,2,1,1,1,4,58.53,-0.3028999999999999,0
CNC(=O)C1=NOCC1,128.131,3,1,1,1,4,50.69,-0.49130000000000007,0
CC(=O)Nc1ncon1,127.103,4,1,1,1,5,68.02000000000001,0.02799999999999986,0
NC1=CC(=O)C(C=O)=N1,124.09899999999999,4,1,1,1,4,72.52000000000001,-0.9909000000000001,0
N=CN1COCOC1=O,130.10299999999998,4,1,1,1,5,62.62000000000001,-0.022729999999999917,0
N=C1N=C(O)N=C1N,112.092,3,3,0,1,5,94.82,-0.75153,0
Cn1cnc(=O)c(=N)[nH]1,126.11899999999999,4,2,0,1,5,74.53,-1.4121299999999999,0
CC(O)C1=NNC1=O,114.104,3,2,1,1,4,61.690000000000005,-1.1470000000000002,1
N=c1oncc(O)c1N,127.10299999999998,5,3,0,1,5,96.13,-0.55813,0
CN=C1N=NC(CO)=N1,126.11899999999999,3,1,1,1,5,69.67,-0.17119999999999996,0
CN=C1N=CN=C1N,110.12,3,1,0,1,4,63.099999999999994,-0.5861999999999998,0
N=CN1C(=O)NC1C=O,127.10299999999997,3,2,2,1,5,73.26,-0.8563300000000003,1
N=C1COC(=N)C(=N)O1,127.103,5,3,0,1,5,90.01,-0.034989999999999966,0
Cn1ncc(=N)nn1,111.10800000000002,5,1,0,1,5,67.45,-1.3104300000000002,0
N=C1N=CC(CCO)=N1,125.131,2,2,2,1,4,68.8,-0.17102999999999996,0
COc1conc1N,114.10400000000001,4,1,1,1,4,61.28,0.26539999999999997,0
O=CN1CC(=O)C(=O)CN1,142.114,4,1,1,1,5,66.48,-1.8987999999999996,0
N=C1N=C(O)C(O)=N1,113.07599999999998,1,3,0,1,5,89.03,-0.1522300000000002,0
N=CC1=NC(=N)OCO1,127.103,4,2,1,1,5,78.52000000000001,-0.026460000000000095,0
Nn1nc(O)cc1C=O,127.10299999999997,5,2,1,1,5,81.14000000000001,-0.8850000000000002,0
N=Cc1ncnnc1N,123.11900000000001,5,2,1,1,5,88.54,-0.5485300000000002,0
N=CN1C(=N)OCC1C=O,141.12999999999997,4,2,2,1,5,77.24000000000001,-0.5720600000000002,1
Cc1nc(NC=O)n[nH]1,126.11899999999999,3,2,2,1,5,70.67,-0.31858000000000025,0
N=C1N=CNC(=O)CO1,127.10299999999998,3,2,0,1,5,74.54,-0.9041300000000001,0
CC(=O)n1ncc(=O)o1,128.087,5,0,0,1,5,65.1,-0.5036,0
N=CN1NCC1C(=O)O,129.119,3,3,2,1,5,76.42,-1.1331300000000002,1
COC(=O)C1=CC(=N)O1,127.09899999999999,4,1,1,1,4,59.38000000000001,0.050769999999999926,0
COC1=NN=C(N)C1=O,127.103,5,1,0,1,5,77.03999999999999,-1.1138000000000001,0
CNC(=O)c1cn[nH]n1,126.119,3,2,1,1,5,70.67,-0.8357000000000003,0
CN=C1N=C(N)OC1=O,127.103,4,1,0,1,5,77.03999999999999,-1.1138,0
CC1=NC(N)=NC1=N,110.12,3,2,0,1,4,74.59,-0.24712999999999996,0
N=CC1OC(=N)C(=N)O1,127.103,5,3,1,1,5,90.01,-0.03659000000000001,0
N#CCc1nncn1N,123.11900000000001,5,1,1,1,5,80.52,-0.9420200000000001,0
N=C1NC(=O)OC=CO1,128.087,4,2,0,1,5,71.41000000000001,0.14877000000000018,0
NC1=CC(N)=NC1=O,111.10400000000001,3,2,0,1,4,81.47,-1.2736000000000003,0
Nc1cc(C=O)no1,112.088,4,1,1,1,4,69.12,0.06930000000000003,0
Nc1cnc(C=O)cn1,123.11499999999998,4,1,1,1,4,68.87,-0.12869999999999998,0
N#COCc1cc(N)[nH]n1,138.13,4,2,2,1,5,87.71999999999998,-0.010420000000000151,0
NC=C1N=CN=C1N,110.12,4,2,0,1,4,76.75999999999999,-0.8144,0
N=C1N=C(CN)C(=O)O1,127.103,4,2,1,1,5,88.53000000000002,-1.1223299999999998,0
N=C1OCOC(=O)C1=O,129.071,5,1,0,1,5,76.45,-0.9363300000000001,0
N=C1N=CN=C1C(N)=O,124.103,3,2,1,1,5,91.66,-1.0681300000000002,0
N=Cc1ncn(C=N)n1,123.119,5,2,2,1,5,78.41000000000001,-0.26906,0
CNC#CC1=NC(O)=N1,123.115,3,2,0,1,4,56.980000000000004,-0.5072000000000001,0
N=C1COC(=O)C(=N)CO1,142.114,5,2,0,1,5,83.23,-0.4431600000000002,0
COC1=NC(N)=NC1=O,127.10300000000001,4,1,0,1,5,77.03999999999999,-1.1138000000000001,0
N=C1COC(=N)OCN1,129.119,4,3,0,1,5,78.19,-0.5076600000000002,0
N=C1NC(=O)CC(=O)O1,128.087,4,2,0,1,5,79.25000000000001,-1.0157300000000002,0
Nc1noc(C=O)c1N,127.103,5,2,1,1,5,95.14,-0.3485000000000002,0
N=C1OC(C=O)OC1=N,128.087,5,2,1,1,5,83.22999999999999,-0.48725999999999997,0
CN=C1ON=NC1=N,112.092,4,1,0,1,5,70.16,0.38937000000000005,0
Nc1c[nH]c(=O)oc1=O,128.087,4,2,0,1,5,89.09,-1.0896999999999997,0
O=C1CCOCC(=O)N1,129.115,3,1,0,1,4,55.400000000000006,-0.9505000000000001,0
C#Cc1nonc1N=N,122.087,5,1,1,1,5,75.13,0.7133699999999998,0
N#Cc1ocnc1N,109.08800000000001,4,1,0,1,4,75.84,0.12848000000000004,0
N=C1NC(=O)NCCO1,129.119,3,3,0,1,5,74.21000000000001,-0.74943,0
NC1=CC(=O)N=C1N,111.10400000000001,3,2,0,1,4,81.47,-1.2736000000000003,0
N=CN1CN=COC1=N,126.11899999999997,4,2,1,1,5,72.53,-0.15376000000000006,0
N=C1N=C(CO)C(=N)O1,127.10299999999998,4,3,1,1,5,89.52,-0.6380600000000001,0
NC1COC(=O)OC=N1,130.10299999999998,5,1,0,1,5,73.91,-0.5337000000000001,1
N=Cc1cnc(N)c(N)n1,137.14600000000002,5,3,1,1,5,101.67,-0.3613300000000001,0
Nc1coc(=O)nc1O,128.087,5,2,0,1,5,89.35000000000001,-0.6774,0
N=C1COC(=O)OCN1,130.103,4,2,0,1,5,71.41,-0.32243000000000016,0
Cc1nc(C=O)n[nH]c1=N,138.13,4,2,1,1,5,82.49000000000001,-0.59491,0
COC(=O)C1C=CN=N1,126.115,4,0,1,1,4,51.019999999999996,0.5074999999999998,1
N=C1OC(=N)C(C=O)O1,128.087,5,2,1,1,5,83.23,-0.48726000000000025,1
COC1=NC(=N)N=C1N,126.11900000000001,3,2,0,1,5,83.82,-0.66313,0
N=C1N=CCOC(=O)N1,127.103,3,2,0,1,5,74.53999999999999,-0.26823000000000013,0
NC1=C(C=O)C(=O)N=N1,125.087,4,1,1,1,5,84.88000000000001,-0.6520000000000001,0
N=CN=C1NC(=O)O1,113.07599999999998,3,2,1,1,5,74.54,-0.3107299999999999,0
N=C1C=C(N)OC1=O,112.088,4,2,0,1,4,76.17000000000002,-0.6369300000000002,0
NC1=CC(N)=NC1=O,111.10400000000001,3,2,0,1,4,81.47,-1.2736000000000003,0
N=C1OCC(=O)OC1=N,128.087,5,2,0,1,5,83.22999999999999,-0.48566000000000015,0
Nc1cnc(C=O)nn1,124.103,5,1,1,1,5,81.76,-0.7337,0
CC1=NC(=O)C(N)=N1,111.104,3,1,0,1,4,67.81,-0.6978,0
N#CC1OC(=N)NC1N,126.119,4,3,0,1,5,94.91999999999999,-1.2820500000000001,2
N=CN1C=COC(=O)N1,127.10299999999998,3,2,1,1,5,65.42,0.021469999999999934,0
N#CNCC1=NNC1=O,124.103,4,2,2,1,5,77.28,-1.4571200000000002,0
N=C1N=CC(O)OCO1,130.10299999999998,4,2,0,1,5,74.9,-0.6853300000000002,1
CN=c1ncoc(N)n1,126.119,5,1,0,1,5,77.3,-0.8177000000000003,0
CN=C1C=NOC1=O,112.08799999999998,4,0,0,1,4,51.02,-0.4002000000000001,0
N=C1OC(N)C(=O)C1=O,128.087,5,2,0,1,5,93.23999999999998,-1.5831300000000006,1
N#CC(N)C1=NC(=O)O1,125.08699999999999,4,1,1,1,5,88.47000000000001,-0.61402,1
CC1(OC=N)NC(=O)O1,130.10299999999998,4,2,2,1,5,71.41,0.02356999999999998,1
N=c1cnoc(=NCO)o1,143.102,6,2,1,1,6,95.61,-1.4024300000000003,0
Nc1ncc(C=O)n1C=O,139.11399999999998,5,1,2,1,5,77.97999999999999,-0.6839000000000002,0
N=Cc1nc(C=O)co1,124.09899999999998,4,1,2,1,4,66.95,0.4847700000000001,0
N=C1N=COC(=O)CO1,128.087,4,1,0,1,5,71.74,-0.47713000000000005,0
N=c1ocnc(=O)o1,114.05999999999999,5,1,0,1,5,80.09,-0.89273,0
Cc1nn[nH]c1CO,113.11999999999998,3,2,1,1,4,61.8,-0.39458000000000004,0
N=C1OC(=N)C(=NO)O1,129.075,6,3,0,1,6,98.75,-0.26705999999999996,0
Cc1n[nH]c(=O)n1NC=O,142.118,4,2,2,1,6,79.78,-1.4202800000000004,0
N=C1OC(CN)NC1=O,129.11900000000003,4,3,1,1,5,88.19999999999999,-1.60513,1
CCOC1=NC(=N)N=N1,126.11900000000001,3,1,1,1,5,70.16,0.7794700000000001,0
N#CC1OC(=N)OC1=N,125.08699999999999,5,2,0,1,5,89.94999999999999,-0.16258000000000006,1
Cc1[nH]nnc1NC=O,126.11899999999999,3,2,2,1,5,70.67,-0.31858000000000025,0
CC(=O)n1cnc(N)n1,126.11900000000001,5,1,0,1,5,73.8,-0.47959999999999997,0
CNC(=O)C1=NN=C1O,127.103,3,2,1,1,5,74.05,-0.9415000000000002,0
COc1ncc(=N)on1,127.103,5,1,1,1,5,72.0,-0.44233000000000006,0
C#CC(N)C1=NN=[N+]1[O-],124.10300000000001,4,1,1,1,5,76.80999999999999,-0.7635000000000001,1
N=C1N=C(NC(=O)O)O1,129.075,3,3,0,1,6,94.77000000000001,-0.4250300000000001,0
CN=C1N=C(N)C=[N+]1[O-],126.119,3,1,0,1,5,76.80999999999999,-1.0758999999999999,0
C#CC(N)C1=NOC1=N,123.115,4,2,1,1,4,71.46000000000001,-0.6896300000000002,1
N#CC(O)C1=NN=N1,110.07600000000002,5,1,1,1,5,81.1,-0.34982,1
N=C1NC(C=O)NCO1,129.119,4,3,1,1,5,74.21000000000001,-1.38693,1
N#CC1OC(=N)C(=O)O1,126.07099999999998,5,1,0,1,5,83.17,-0.6132500000000001,1
CC1=NN=C(NC=N)C1=N,137.146,4,3,1,1,5,84.45,-0.009159999999999946,0
O=CC(O)c1nc[nH]n1,127.10300000000001,4,2,2,1,5,78.86999999999999,-0.9630000000000001,1
Nc1cc(N)c(=O)on1,127.10300000000001,5,2,0,1,5,95.14,-0.8008,0
N=C1CNC(=O)C(=N)O1,127.10299999999998,4,3,0,1,5,86.03000000000002,-0.9126600000000002,0
CC(=O)n1nc(C=N)[nH]1,126.11899999999999,4,2,1,1,5,74.53,-0.1310300000000001,0
COC1=NC(=O)C(N)=N1,127.10300000000001,4,1,0,1,5,77.03999999999999,-1.1138000000000003,0
O=Cc1nn[nH]c1CO,127.10299999999998,4,2,2,1,5,78.87,-0.8905000000000001,0
NC1=CC(=O)OC1=O,113.07199999999999,4,1,0,1,4,69.39000000000001,-1.0876000000000001,0
CN=C1N=CN=C1CO,125.13099999999999,3,1,1,1,4,57.31,-0.5101,0
NC1=NC(=O)N=C1N,112.092,3,2,0,1,5,93.83,-1.1656,0
N=C1ONC(=O)C1C=O,128.087,4,2,1,1,5,79.25,-1.1598300000000001,1
N=C1CN=CNC(=N)C1=O,138.13,4,3,0,1,5,89.16,-0.8159600000000005,0
N#CC(=O)C1NCO1,112.088,4,1,1,1,4,62.120000000000005,-1.01752,1
CC1=CC(F)=NC1=O,113.09100000000001,1,0,0,1,3,29.43,0.8409,0
N=c1[nH]ncnc1C=O,124.10299999999998,4,2,1,1,5,82.49000000000001,-0.9033300000000004,0
N=C1N=CC(N)=C1O,111.104,3,3,0,1,4,82.46000000000001,-0.22363000000000027,0
Nc1nnc(CC=O)o1,127.10299999999998,5,1,2,1,5,82.01,-0.6068000000000005,0
N=C1N=C(C=O)N=C1O,125.08699999999997,3,2,1,1,5,85.87,-0.4688299999999999,0
CN=C1N=CC(CO)=N1,125.13099999999999,2,1,1,1,4,57.31,-0.5101,0
N=CC(N)c1cnno1,126.119,5,2,2,1,5,88.79,-0.28103000000000006,1
N=C1C=C(N)[N+]([O-])=N1,112.09200000000001,3,2,0,1,5,88.3,-0.2601300000000001,0
N=C1COC(C=NO)O1,130.10299999999998,5,2,1,1,5,74.9,-0.20342999999999994,1
NC(=O)NC(O)C1C=N1,129.11899999999997,3,3,2,1,5,87.71000000000001,-1.5738999999999994,2
N=C1N=CC(N)=[N+]1[O-],112.09200000000001,3,2,0,1,5,88.30000000000001,-1.12693,0
CC1=NC(=O)C(C=N)=N1,123.11499999999998,3,1,1,1,4,65.64,0.035570000000000046,0
N=C1N=C(N)C(=O)OCO1,143.102,5,2,0,1,6,97.76000000000002,-1.1907299999999998,0
N=C1OCNC(=O)CO1,130.10299999999998,4,2,0,1,5,71.41,-0.9583300000000003,0
N=CC1=NC(O)=NC1=N,124.103,3,3,1,1,5,92.65,-0.018159999999999954,0
N=C1COC(=O)C(=O)O1,129.071,5,1,0,1,5,76.45,-0.9363300000000001,0
CC(=O)C1=NC(=N)O1,112.088,3,1,1,1,4,62.510000000000005,-0.06112999999999996,0
N=Cc1cnc(N)nn1,123.11900000000001,5,2,1,1,5,88.54,-0.5485300000000002,0
O=C1CCOC(=O)C1=O,128.083,4,0,0,1,4,60.440000000000005,-0.9285000000000001,0
N=C1NC(=N)C(=O)CO1,127.103,4,3,0,1,5,86.03000000000002,-0.91266,0
N=Cc1ncc(N)nn1,123.11900000000001,5,2,1,1,5,88.54,-0.5485300000000002,0
COC1=NC(=N)C=N1,111.104,3,1,0,1,4,57.8,0.05046999999999996,0
N=C1N=C(CO)N=C1N,126.119,4,3,1,1,5,94.82,-1.2747300000000001,0
N=C1NC(=O)NC=CO1,127.10299999999998,3,3,0,1,5,74.21000000000001,-0.27823,0
Nc1c[n+]([O-])c(N)cn1,126.119,4,2,0,1,5,91.86999999999999,-1.1206,0
CCCC1=NN=NC1=N,124.147,3,1,2,1,4,60.93,1.58557,0
COc1n[nH]c(=O)n1O,131.091,5,2,1,1,6,80.14,-1.1827000000000003,0
N=C1NCOC(=N)C(=O)O1,143.102,5,3,0,1,6,95.26,-0.98106,0
N=CC1=NC(N)=C1N,110.12000000000002,4,3,1,1,4,88.25,-0.8229300000000002,0
COC1=NC(=O)OC1=N,128.087,4,1,0,1,5,71.74000000000001,0.15877000000000002,0
Nc1cc(C=O)nn1O,127.103,5,2,1,1,5,81.14,-0.48490000000000005,0
N=C1CCC(=O)N=CO1,126.11499999999998,3,1,0,1,4,62.510000000000005,0.32897000000000004,0
COc1n[nH]c(=O)n1CO,145.118,5,2,2,1,6,80.14,-1.4702000000000004,0
N=C1OCN=CNC1=O,127.10299999999998,4,2,0,1,5,74.53999999999999,-0.9041300000000003,0
COC1=NN=C1NC#N,124.103,5,1,0,1,5,69.77000000000001,-0.5709200000000001,0
N=C1OCC(N)C(=N)O1,129.119,5,3,0,1,5,92.17999999999999,-0.72746,1
Cc1nnc(CO)n1N,128.135,5,2,1,1,5,76.96000000000001,-1.2073800000000001,0
N=C1COC(=N)OCO1,130.103,5,2,0,1,5,75.39,-0.08066000000000012,0
Nc1[nH]ncc1C(=O)O,127.10299999999997,3,3,1,1,5,92.00000000000001,-0.30990000000000056,0
N=C1COC(=N)C(=N)O1,127.103,5,3,0,1,5,90.01,-0.034989999999999966,0
CN=C1COC(C#N)N1,125.13099999999999,3,1,0,1,4,57.41,-0.51582,1
N=CC1=NC(O)=CC1=N,123.11499999999998,4,3,1,1,4,80.28999999999999,0.5097400000000001,0
CN=C1N=NNC1=O,112.09199999999998,3,1,0,1,5,66.18,-0.4882999999999999,0
CN=C1N=C(N)C(=O)O1,127.103,4,1,0,1,5,77.04,-1.1138,0
N=c1occ[nH]c(=O)c1=NO,155.113,5,3,0,1,6,102.44,-1.2627300000000004,0
N=C1N=CN=CNCO1,126.11899999999999,4,2,0,1,5,69.83,-0.44493000000000027,0
Nc1nc(C=O)oc1N,127.10299999999998,5,2,1,1,5,95.14,-0.3485,0
CN=C1N=C(N)N1C=O,126.119,3,1,1,1,5,71.05,-1.2411,0
CC(=O)C1N=CC(=N)O1,126.11499999999998,4,1,1,1,4,62.510000000000005,-0.020230000000000026,1
CC(=O)C1=NN=C1N,111.10400000000001,4,1,1,1,4,67.81,-0.6978,0
CNC1=NC(=O)N=C1N,126.119,3,2,0,1,5,79.84,-0.9049,0
CC(N)C1=C(O)N=N1,113.11999999999999,4,2,1,1,4,70.97,0.5265,1
N=C1NC(=O)C(=O)O1,114.05999999999999,4,2,0,1,5,79.25000000000001,-1.4058300000000001,0
N=Cn1[nH]c(=N)oc1=O,128.09099999999998,5,3,1,1,6,98.63,-1.2959600000000002,0
Cn1nc(CO)nc1O,129.119,5,2,1,1,5,71.17,-0.9870000000000001,0
Nc1ncc(C(=O)O)o1,128.087,4,2,1,1,5,89.35,-0.04499999999999993,0
Cn1ncc(=NCO)o1,129.119,5,1,1,1,5,63.55,-1.1364000000000003,0
CC1=NC(=O)C(=O)O1,113.07199999999997,3,0,0,1,4,55.730000000000004,-0.5118,0
CN=C1N=C(N)N1C=O,126.119,3,1,1,1,5,71.05,-1.2411,0
Cc1nnc(NC=O)o1,127.10299999999998,4,1,2,1,5,68.02000000000001,-0.053680000000000117,0
CN=C1OC(=N)C(=O)O1,128.087,5,1,0,1,5,71.74,-0.47713,0
N=COc1nc(C=N)no1,140.102,6,2,3,1,6,95.85,0.053140000000000076,0
CC(N)C1=NOC1=N,113.11999999999999,4,2,1,1,4,71.46000000000001,-0.30292999999999987,1
CN1COC(=O)OC1=N,130.10299999999998,4,1,0,1,5,62.62,-0.022729999999999972,0
CN=C1N=NC(=O)N1,112.09199999999998,2,1,0,1,5,66.17999999999999,0.14760000000000006,0
N=C1NC(C=O)NC1=O,127.103,3,3,1,1,5,82.05000000000001,-1.7919299999999998,1
NC1=NC(=O)C(O)=N1,113.07599999999998,3,2,0,1,5,88.03999999999999,-1.2022000000000002,0
Nc1nocc1C=O,112.08799999999998,4,1,1,1,4,69.12,0.06930000000000003,0
N=CC1=NN=C1C(=N)N,123.119,4,3,2,1,5,98.44,-0.6174600000000001,0
Cc1nc(O)noc1=N,127.10299999999998,5,2,0,1,5,83.0,-0.4369100000000001,0
N#CCC(N)N1OCO1,129.119,5,1,2,1,5,71.51,-0.67882,1
N=CN1NC(=O)C1=O,113.07599999999998,3,2,1,1,5,73.26,-1.53313,0
CN=C1N=C(N)C(=O)O1,127.103,4,1,0,1,5,77.04,-1.1138,0
N=C1OCCOC(=N)O1,130.103,5,2,0,1,5,75.39,-0.0806599999999999,0
N=C1CNC(=O)C(=O)OC1,142.11399999999998,4,2,0,1,5,79.25000000000001,-1.3208300000000004,0
N=CN1COCNC1=O,129.119,3,2,1,1,5,65.42000000000002,-0.4497299999999999,0
N=C1OC(=O)NC1=O,114.05999999999999,4,2,0,1,5,79.25,-0.7699300000000002,0
N#COCCC1=NN=C1N,138.13,5,1,3,1,5,83.75999999999999,-0.3990199999999999,0
COc1n[nH]nc1C#N,124.103,4,1,1,1,5,74.59,-0.31502000000000013,0
N=C1COC(=O)NC=N1,127.103,3,2,0,1,5,74.53999999999999,-0.26823000000000013,0
Nc1cn(C=O)oc1=O,128.087,5,1,1,1,5,78.22999999999999,-0.9381999999999999,0
CC(O)C1=C(N)N=N1,113.12000000000002,4,2,1,1,4,70.97,-0.03919999999999996,1
N=C1COC(=N)C(=O)O1,128.087,5,2,0,1,5,83.23,-0.48566000000000015,0
NC1=C(C=O)OC1=O,113.07199999999999,4,1,1,1,4,69.39000000000001,-1.0876000000000001,0
N=C1OC=C(CO)C1=O,127.09899999999999,4,2,1,1,4,70.38,-0.5608300000000002,0
N=C1N=C(N)N=C1C=O,124.103,4,2,1,1,5,91.66,-1.06813,0
N=c1ncoc(=O)[nH]1,113.076,4,2,0,1,5,82.74000000000001,-1.1576300000000002,0
NC(=O)N1C=NC1=O,113.076,2,1,0,1,5,75.76,-0.47099999999999986,0
Cc1nonc1COC#N,139.11399999999998,5,0,2,1,5,71.94,0.3756999999999999,0
N=C1NC(=O)CNC1=O,127.103,3,3,0,1,5,82.05000000000001,-1.79033,0
N=C1NC(=O)C=C1O,112.08799999999998,3,3,0,1,4,73.18,-0.46462999999999993,0
N#CCc1cnnn1C=N,135.13,5,1,2,1,5,78.35,-0.20065000000000005,0
N=CC1=C(N)OC1=O,112.088,4,2,1,1,4,76.17000000000002,-0.6369300000000002,0
N=c1nc(CCO)c1=O,126.11499999999998,4,2,2,1,4,74.03999999999999,-1.66833,0
N#CCC1=NN=NC1=N,121.10300000000001,4,1,1,1,5,84.72,0.69915,0
N=CN1NCNC1C=O,128.135,4,3,2,1,5,68.22,-1.5142300000000002,1
CNC(=O)C1=NC(=N)N1,126.119,2,3,1,1,5,77.34,-1.3311300000000001,0
CC(O)C1=C(N)N=N1,113.12000000000002,4,2,1,1,4,70.97,-0.03919999999999996,1
Nc1n[nH]cc1NC=O,126.11899999999997,3,3,2,1,5,83.79999999999998,-0.43980000000000063,0
CN=C1C=NN=C1N,110.12,4,1,0,1,4,63.099999999999994,-0.5862,0
N=C1C=C(N)N=C1O,111.104,3,3,0,1,4,82.46000000000001,-0.22363000000000027,0
COC1=NN=C1NC=O,127.10299999999998,4,1,1,1,5,63.050000000000004,-0.8956000000000002,0
N#CCn1ncc(N)n1,123.119,5,1,1,1,5,80.52,-0.6161200000000002,0
N=CN1C(=O)N=C1CO,127.10299999999998,3,2,2,1,5,76.75,-0.58013,0
Cn1cnnc1NC=O,126.11899999999999,4,1,2,1,5,59.81,-0.6166000000000005,0
NC1=C(O)N=C1C=O,112.088,4,2,1,1,4,75.68,-0.6743000000000001,0
N=CC1=C(N)N=C1C=O,123.115,4,2,2,1,4,79.30000000000001,-0.5402300000000002,0
N=C1NCNC(=N)O1,114.10799999999999,3,4,0,1,5,80.99000000000001,-0.97716,0
COc1n[nH]c(C=O)n1,127.10299999999998,4,1,2,1,5,67.87,-0.37420000000000003,0
N=C1OCNC(C=O)O1,130.10299999999998,5,2,1,1,5,71.41,-0.9599300000000004,1
CCN=C1ON=C(N)C1=O,141.13,5,1,1,1,5,77.03999999999999,-0.7237,0
COC1=NN=C1C=NC#N,136.11399999999998,5,0,1,1,5,70.1,-0.04722000000000004,0
CC(O)C1=NOC1=N,114.104,4,2,1,1,4,65.67000000000002,-0.26933000000000007,1
N=CN1NCNC1C=O,128.135,4,3,2,1,5,68.22,-1.5142300000000002,1
C#Cc1cnnnc1N,120.11500000000001,4,1,0,1,4,64.69,-0.5649000000000002,0
NC(C=O)c1ncn[nH]1,126.119,4,2,2,1,5,84.66,-0.9966000000000002,1
N=C1CNC(=N)OCO1,129.119,4,3,0,1,5,78.19000000000001,-0.5076600000000004,0
CC(=O)c1noc(=N)[nH]1,127.103,4,2,1,1,5,82.74000000000001,-0.31523000000000007,0
CN=C1C=NN=C1N,110.12,4,1,0,1,4,63.099999999999994,-0.5862,0
Nc1noc(CC=O)n1,127.103,5,1,2,1,5,82.01,-0.6068000000000002,0
COc1onnc1C#N,125.087,5,0,1,1,5,71.94,-0.05012000000000011,0
N#CC(=N)c1conn1,122.08699999999999,5,1,1,1,5,86.56,-0.038949999999999985,0
CNc1n[nH]c(=N)n1C=O,141.134,5,3,2,1,6,86.56,-1.2293300000000005,0
N=C1OC(=N)C1CO,114.10399999999998,4,3,1,1,4,77.16,-0.42036,0
CC(O)C1=COC1=N,113.11599999999999,3,2,1,1,3,53.31,0.25856999999999997,1
NC(=O)C1=NC(N)=N1,112.09200000000001,4,2,1,1,5,93.83,-1.8014999999999999,0
N=C1OCC(=O)C(=O)O1,129.071,5,1,0,1,5,76.45,-0.9363300000000001,0
N=CN1C=COC(=O)O1,128.087,4,1,1,1,5,62.620000000000005,0.44847000000000004,0
CN=C1N=NC(CO)=N1,126.11899999999999,3,1,1,1,5,69.67,-0.17119999999999996,0
N=C1N=COC(=O)CO1,128.087,4,1,0,1,5,71.74,-0.47713000000000005,0
CNC1=NC(=O)C(F)=N1,129.094,3,1,0,1,5,53.82,-0.5300000000000002,0
N=c1nc(CO)c1=N,111.10399999999998,4,3,1,1,4,80.82,-1.5915599999999999,0
CNC1=C(N)C(=O)N=N1,126.11900000000001,4,2,1,1,5,79.83999999999999,-0.6740000000000002,0
N=C1C(=O)C(=O)OC1N,128.087,5,2,0,1,5,93.24,-1.5831299999999997,1
N=C1OC(=O)C(C=O)O1,129.07099999999997,5,1,1,1,5,76.45,-0.9379300000000002,1
N#CC(N)c1nc[nH]n1,123.119,4,2,1,1,5,91.38000000000001,-0.6719200000000001,1
Cn1ncnc1CO,113.11999999999999,4,1,1,1,4,50.94,-0.6926000000000001,0
N=C1NC(=N)C(=O)OCO1,143.102,5,3,0,1,6,95.26000000000002,-0.98106,0
N=C1NC(=O)NC1C=O,127.10299999999998,3,3,1,1,5,82.05000000000001,-1.15603,1
NC1=NN=CC1=NC=O,124.10299999999998,4,1,1,1,5,80.16999999999999,-1.0596,0
N=C1OC(=O)NC1=O,114.05999999999999,4,2,0,1,5,79.25,-0.7699300000000002,0
NC1=C(N)C(=O)C=N1,111.10399999999998,4,2,0,1,4,81.47,-1.2736000000000003,0
CC(=O)n1ncnc1O,127.10299999999998,5,1,0,1,5,68.01,-0.3562,0
CN=C1OC(=O)N=C1N,127.10300000000001,4,1,0,1,5,77.03999999999999,-0.47789999999999994,0
NC1=C(O)C(C=O)=N1,112.088,4,2,1,1,4,75.68,-0.6742999999999999,0
N#CC(N)n1cccn1,122.13099999999997,4,1,1,1,4,67.63,-0.13602000000000025,1
N=C1NC(=N)C(=N)O1,112.092,4,4,0,1,5,92.81000000000002,-0.5044900000000001,0
N=CN1C=CNOC1=O,127.10299999999998,4,2,1,1,5,65.42000000000002,0.021469999999999934,0
CC(=O)N1COCC=N1,128.131,3,0,0,1,4,41.900000000000006,-0.1916,0
Nc1ncc(CO)c(N)n1,140.146,5,3,1,1,5,98.05,-0.8667000000000002,0
N=C1N=C(N)N=C1CO,126.119,4,3,1,1,5,94.82000000000001,-1.27473,0
CC1(O)COCC(=N)O1,131.131,4,2,0,1,4,62.540000000000006,-0.28103000000000006,1
CN=C1N=CN=C1C=O,123.11499999999998,3,0,1,1,4,54.15,-0.3034999999999999,0
N=CN1COC(=O)CN1,129.119,4,2,1,1,5,65.42,-1.0856300000000003,0
Nc1nc(=O)n(C=O)[nH]1,128.09099999999998,5,2,1,1,6,93.76999999999998,-1.8081000000000005,0
N=CN1CC(=O)COC1=N,141.13,4,2,1,1,5,77.24000000000001,-0.57046,0
N=C1NC(=O)OC1=NO,129.07500000000002,5,3,0,1,6,94.77000000000001,-0.5088300000000001,0
N#CCNC1=NN=CC1=N,135.13,5,2,1,1,5,84.39,-0.48274999999999996,0
COc1noc(=N)n1C=O,143.102,6,1,2,1,6,81.11000000000001,-0.99753,0
CNc1nc(C=N)no1,126.11899999999999,5,2,2,1,5,74.80000000000001,0.1089699999999999,0
N=C1N=C(N)C(C=O)=N1,124.103,3,2,1,1,5,91.66000000000001,-1.06813,0
N=C1OCC=NC(=O)O1,128.087,4,1,0,1,5,71.74,0.15876999999999997,0
CC(=O)N1N=CC=NN1,126.11899999999999,4,1,0,1,5,57.06,-0.6753,0
NC(=O)c1cnc(N)o1,127.103,4,2,1,1,5,95.14,-0.6443000000000001,0
CCC1=NC(=O)N=C1O,126.11499999999998,1,1,1,1,4,62.019999999999996,0.9275,0
N=C1OCCOC(=N)C1=O,142.114,5,2,0,1,5,83.22999999999999,-0.44316000000000016,0
N=C1CN=COC(=O)C1,126.11499999999998,4,1,0,1,4,62.51,-0.018629999999999924,0
CNc1nn(C=O)n1C=N,141.134,6,2,3,1,6,75.7,-0.7802300000000002,0
NC(=O)n1cncn1,112.092,4,1,0,1,5,73.80000000000001,-0.7951000000000001,0
N=CN1OC(=O)C1CO,130.103,4,2,2,1,5,73.62,-1.27183,1
N=C1N=CC(N)=C1C=O,123.115,3,2,1,1,4,79.30000000000001,-0.5402300000000002,0
CC1=NC(=N)OC1=O,112.08799999999998,3,1,0,1,4,62.51,-0.06112999999999996,0
CCC(=O)C1=NC(N)=N1,125.13100000000001,4,1,2,1,4,67.81,-0.30770000000000003,0
CN=C1NC(=O)NC1=O,127.10299999999998,3,2,0,1,5,70.56,-1.1459000000000001,0
N=CC1OC(=N)C(=N)O1,127.103,5,3,1,1,5,90.01,-0.03659000000000001,0
N=C(O)C1=NC(N)=N1,112.09200000000001,4,3,1,1,5,94.82,-0.75153,0
N=CN1C(=O)NC1C=O,127.10299999999997,3,2,2,1,5,73.26,-0.8563300000000003,1
CNC(=O)C1=NC(=N)N1,126.119,2,3,1,1,5,77.34,-1.3311300000000001,0
NCC1=[N+]([O-])C(=O)C=N1,127.10299999999998,4,1,1,1,5,81.52,-1.5350999999999997,0
N=CC1=C(N)C(C=O)=N1,123.115,4,2,2,1,4,79.3,-0.5402300000000002,0
NC(=O)c1cnoc1O,128.087,4,2,1,1,5,89.35000000000001,-0.5209,0
N=C1NCC(=O)OC1=N,127.103,4,3,0,1,5,86.03,-0.9126600000000002,0
N=C(N)C1=NC=NC1=O,124.103,3,2,1,1,5,91.66,-1.06813,0
N=COC1OCNC1=O,130.103,4,2,2,1,5,71.41,-0.9599300000000002,1
CNC1=NC(C=N)=NC1=O,138.13,4,2,1,1,5,77.67,-0.8074300000000001,0
N#CCC1=NC(CO)=N1,123.115,4,1,2,1,4,68.74,-0.29702,0
COc1nc(C#N)n[nH]1,124.10300000000001,4,1,1,1,5,74.59,-0.31502000000000024,0
CNC1OC(=N)C(=O)O1,130.103,5,2,1,1,5,71.41,-0.9599300000000002,1
CC1=NC([N+](=N)O)=N1,113.1,3,2,0,1,5,71.81,0.20706999999999998,0
N=C1NC(=O)OC1=O,114.05999999999999,4,2,0,1,5,79.25,-0.76993,0
CNc1ncnc(N)n1,125.135,5,2,1,1,5,76.72,-0.5045000000000002,0
N=C1C=NC(N)=C1N,110.12000000000002,4,3,0,1,4,88.25,-0.8229300000000002,0
N=Cn1c(N)nncc1=O,139.118,6,2,1,1,6,97.65,-1.3243300000000002,0
N=C1CCNC(=O)CO1,128.13099999999997,3,2,0,1,4,62.18000000000001,-0.4998300000000002,0
CCC1=NOC(=N)C1=O,126.11499999999998,4,1,1,1,4,62.51,0.32897000000000004,0
CNC1=C(N)C(=O)N=C1,125.131,3,2,1,1,4,67.47999999999999,-1.0129,0
CC1=NC(N)=NC1=O,111.104,3,1,0,1,4,67.81,-0.6978,0
N=C1NCC(=O)C(=O)O1,128.087,4,2,0,1,5,79.25000000000001,-1.36333,0
O=C(CO)c1cn[nH]n1,127.10300000000001,4,2,2,1,5,78.86999999999999,-1.0203000000000002,0
N=C1C=COC(=N)CO1,126.115,4,2,0,1,4,66.16,0.50144,0
N=C1COCNC(=O)N1,129.119,3,3,0,1,5,74.21,-0.7494300000000003,0
CC(=O)C1=NC(=O)N=N1,125.087,3,0,1,1,5,71.22,0.5597000000000001,0
N=Cn1c(N)nnc1C=O,139.118,6,2,2,1,6,97.65,-0.8720300000000001,0
COc1cnoc(=N)n1,127.103,5,1,1,1,5,72.0,-0.44233000000000006,0
N=C1OCNC(=O)C1=N,127.10299999999998,4,3,0,1,5,86.03,-0.9126600000000002,0
N=C1NCCNC(=O)O1,129.119,3,3,0,1,5,74.21000000000001,-0.7494299999999996,0
N=Cc1n[nH]c(=N)n1CO,141.13400000000001,5,4,2,1,6,101.54,-1.3618600000000003,0
CNC(=O)c1cn[nH]n1,126.119,3,2,1,1,5,70.67,-0.8357000000000003,0
COCC1=NC(=N)N=C1,125.131,2,1,2,1,4,57.8,0.09297000000000005,0
N=CCC1=NC(=O)N=N1,124.10300000000001,3,1,2,1,5,78.0,1.01037,0
COC(=N)C1=NOC1=O,128.087,5,1,1,1,5,71.74000000000001,-0.47713,0
N=C1NC(=O)C(=O)CO1,128.087,4,2,0,1,5,79.25000000000001,-1.36333,0
N=Cc1ocnc1C=O,124.09899999999999,4,1,2,1,4,66.95,0.48477000000000003,0
N=C1COC(=N)OCO1,130.103,5,2,0,1,5,75.39,-0.08066000000000012,0
CC(=O)c1nc(N)no1,127.10300000000001,5,1,1,1,5,82.01,-0.14560000000000006,0
N=C1N=C(CO)C(=N)N1,126.11899999999999,3,4,1,1,5,92.32,-1.0650600000000003,0
N=COC1NC(=NO)C1=O,143.10199999999998,5,3,2,1,6,94.77000000000001,-1.10383,1
N#CCC1=NC(=N)N=N1,121.10300000000001,3,1,1,1,5,84.72,0.69915,0
O=Cc1nc(CO)n[nH]1,127.103,4,2,2,1,5,78.87,-0.8905000000000003,0
Nc1nnc(N)n1C=O,127.107,6,2,1,1,6,99.82,-1.5192000000000003,0
N=c1[nH]nncc1C=O,124.10299999999998,4,2,1,1,5,82.49000000000001,-0.9033300000000004,0
O=C(O)C1=NOC1=O,115.044,4,1,1,1,5,75.96000000000001,-1.0162,0
COc1cc(=N)[nH]nn1,126.11900000000001,4,2,1,1,5,74.65,-0.7072300000000002,0
N#CC1=NC(=O)C(N)=N1,122.087,4,1,0,1,5,91.6,-1.19412,0
N=C1NN=C1C(N)=O,112.092,3,3,1,1,5,91.33000000000001,-1.5918300000000003,0
NC(=O)C1=NCCN1,113.12,3,2,1,1,4,67.48,-1.5266,0
N=c1ncc(=O)cn[nH]1,124.103,4,2,0,1,5,82.49000000000001,-1.3556300000000001,0
N=Cn1oc(=N)oc1=O,129.075,6,2,1,1,6,95.98000000000002,-1.0310599999999999,0
CC1=NC(=N)N=C1O,111.10399999999998,1,2,0,1,4,68.8,0.3521700000000001,0
N#Cc1nc(CO)n[nH]1,124.103,4,2,1,1,5,85.59,-0.8313200000000003,0
COC(=O)c1cnc(N)o1,142.114,5,1,1,1,5,78.35,0.043399999999999994,0
N=C1CNC(=N)OCO1,129.119,4,3,0,1,5,78.19000000000001,-0.5076600000000004,0
CN=C1ON=C1NC=O,127.10299999999998,4,1,1,1,5,63.050000000000004,-0.8956000000000002,0
COc1n[nH]nc1C=N,126.11899999999999,4,2,2,1,5,74.65,-0.1890300000000002,0
NC1=NC(CC=O)=C1O,126.11499999999997,4,2,2,1,4,75.67999999999999,-0.28420000000000006,0
N#CC1N=NCC(=N)O1,124.103,5,1,0,1,5,81.59,0.29575,1
N=C1NN=C(CO)C1=N,126.11899999999999,4,4,1,1,5,92.32,-1.0650600000000003,0
CC(=O)C1=NN=C1N,111.10400000000001,4,1,1,1,4,67.81,-0.6978,0
NC(=O)c1cc(O)no1,128.087,4,2,1,1,5,89.35000000000001,-0.5209,0
CNC(=O)C1=NNC1=N,126.119,3,3,1,1,5,77.34,-1.3311299999999993,0
N=Cc1ncc(=N)on1,124.103,5,2,1,1,5,86.62,-0.45325999999999994,0
CCn1cnc(N)[n+]1[O-],128.13500000000002,4,1,1,1,5,70.78,-0.8813999999999997,0
CNC1=CC(=NO)NC1=O,141.13,4,3,1,1,5,73.72,-0.9927999999999997,0
COc1n[nH]c(=O)n1C=N,142.118,5,2,2,1,6,83.75999999999999,-0.9648300000000001,0
N#COCC1=NC=C1N,123.11500000000001,4,1,2,1,4,71.39999999999999,-0.2612199999999999,0
N=C1C=NN=C(N)C1=O,124.103,5,2,0,1,5,91.66,-1.06813,0
N=C1OC(=N)C(=O)O1,114.05999999999999,5,2,0,1,5,83.23,-0.5281600000000002,0
N#CCc1n[nH]c(=N)o1,124.103,4,2,1,1,5,89.46,-0.45175000000000026,0
N=C1N=CNC1CO,113.11999999999998,3,3,1,1,4,68.47,-1.04393,1
N=CN1CC(=O)OCN1,129.119,4,2,1,1,5,65.42,-1.0856300000000003,0
CC(C#N)c1nnon1,124.10300000000001,5,0,1,1,5,75.6,0.09167999999999993,1
N#CC1N=CNC(=N)N1,123.11899999999999,3,3,0,1,5,84.06,-1.0080500000000003,1
Nc1n[nH]nc1C=O,112.09199999999998,4,2,1,1,5,84.66,-0.8006000000000004,0
N=C1NCOCOC1=N,129.119,4,3,0,1,5,78.19,-0.50766,0
N=C1COC(=N)N=CO1,127.103,4,2,0,1,5,78.52,-0.026460000000000095,0
Cn1cnoc1=NC=O,127.10299999999998,4,0,1,1,5,60.39,-0.9298000000000002,0
COC1=NC(=N)C(N)=N1,126.11900000000001,4,2,0,1,5,83.82,-0.6631300000000002,0
N=Cc1ncc(C=O)o1,124.09899999999998,4,1,2,1,4,66.95,0.48477,0
N=Cn1ncoc1=O,113.07599999999998,5,1,1,1,5,71.88,-0.7085299999999999,0
CN=c1nc(C=N)cno1,138.13,5,1,1,1,5,75.13,-0.40223000000000053,0
N=Cc1coc(C=O)n1,124.09899999999999,4,1,2,1,4,66.95,0.48477000000000003,0
N=C1N=C(N)N=C1C=O,124.103,4,2,1,1,5,91.66,-1.06813,0
N=Cc1conc1N,111.10400000000001,4,2,1,1,4,75.9,0.25447000000000014,0
CN=C1C=NOC1=N,111.10399999999998,4,1,0,1,4,57.800000000000004,0.05046999999999996,0
COc1n[nH]c(C=O)n1,127.10299999999998,4,1,2,1,5,67.87,-0.37420000000000003,0
CCc1nnoc1N=O,127.10299999999998,5,0,2,1,5,68.35,1.0299,0
N=C(N)C1=NC=NC1=O,124.103,3,2,1,1,5,91.66,-1.06813,0
CN=c1cn[nH]c(=O)o1,127.10299999999998,4,1,0,1,5,71.25,-1.1065999999999998,0
CC1N=C(O)C(O)=N1,114.10399999999998,2,2,0,1,4,65.18,0.259,0
N=C1COCC(=NO)O1,130.103,5,2,0,1,5,74.9,-0.20183000000000012,0
N=Cc1cn(N)c(N)n1,125.13500000000002,5,3,1,1,5,93.71,-0.8232300000000001,0
Cc1noc(=N)n1CO,129.11900000000003,5,2,1,1,5,75.04,-0.7862100000000003,0
Nc1oncc1C=NCO,141.13,5,2,2,1,5,84.64,-0.3745000000000002,0
COC1=NC(=N)C(=O)O1,128.087,4,1,0,1,5,71.74,-0.47713,0
CCC1=NC(N)=NC1=N,124.147,3,2,1,1,4,74.59,0.14296999999999999,0
N=C1COC(=N)OCO1,130.103,5,2,0,1,5,75.39,-0.08066000000000012,0
NC1=NN=C1C(O)C=O,127.10299999999997,5,2,2,1,5,88.03999999999999,-1.7269999999999999,1
N#CCn1ncc(N)n1,123.119,5,1,1,1,5,80.52,-0.6161200000000002,0
O=C1OC=NC(CO)CO1,145.11399999999998,5,1,1,1,5,68.12,-0.4576,1
Cc1nocnc1=N,111.104,4,1,0,1,4,62.77,-0.14251000000000008,0
N=C1NCNC(=O)CO1,129.119,3,3,0,1,5,74.21000000000001,-1.3853300000000002,0
CC(=O)C1=NC(=N)N1,111.104,2,2,1,1,4,65.31,-0.4881300000000001,0
N=c1[nH]c(=O)oc(=N)o1,129.075,5,3,0,1,6,106.83999999999999,-1.4801599999999997,0
CC1=NC(=O)N=C1N,111.104,2,1,0,1,4,67.81,-0.061899999999999844,0
N=C1OC(=O)C(C=O)O1,129.07099999999997,5,1,1,1,5,76.45,-0.9379300000000002,1
COc1[nH]nnc(=O)c1O,143.102,5,2,1,1,6,88.10000000000001,-1.1209,0
N=c1c(CO)nc1=O,112.088,4,2,1,1,4,74.03999999999999,-1.7108300000000003,0
N=C1NCC(=O)OCO1,130.103,4,2,0,1,5,71.41000000000001,-0.9583300000000001,0
N=C1OC(=N)C(C=O)O1,128.087,5,2,1,1,5,83.23,-0.48726000000000025,1
CC1(O)COC(=N)CO1,131.131,4,2,0,1,4,62.540000000000006,-0.2810300000000001,1
N=c1[nH]c(=O)nco1,113.076,4,2,0,1,5,82.74,-1.15763,0
N=C1C=C(N)N=C1O,111.104,3,3,0,1,4,82.46000000000001,-0.22363000000000027,0
N=c1cnoc(C=O)c1,124.09899999999998,4,1,1,1,4,66.95,-0.033430000000000015,0
N=C1NC(=O)C(=O)CO1,128.087,4,2,0,1,5,79.25000000000001,-1.36333,0
N=c1ncnc[nH]c1=O,124.10299999999998,4,2,0,1,5,82.49000000000001,-1.3556300000000001,0
Nc1nc(C=O)c(N)o1,127.10299999999998,5,2,1,1,5,95.14,-0.3485,0
N=C1N=CC(C=O)=N1,109.088,2,1,1,1,4,65.64,-0.35453,0
N=C1COC(=N)OCN1,129.119,4,3,0,1,5,78.19,-0.5076600000000002,0
Cc1nc(N)noc1=O,127.103,5,1,0,1,5,82.00999999999999,-0.6795800000000001,0
CCn1ncc(N)[n+]1[O-],128.135,4,1,1,1,5,70.78,-0.8813999999999997,0
CC1=NC(=N)OC(O)N1,129.11899999999997,4,3,0,1,5,77.7,-0.7647300000000001,1
O=Cc1ncc(F)nn1,127.078,4,0,1,1,5,55.74,-0.17680000000000007,0
N=C1C=NN1C(N)=O,112.092,3,2,0,1,5,82.53999999999999,-0.6562299999999999,0
N=C1CNC(=O)N=CN1,126.11899999999999,2,3,0,1,5,77.34,-0.6952300000000002,0
CCC1=C(O)N=NC1=N,125.13099999999999,3,2,1,1,4,68.80000000000001,1.60907,0
N=C1N=CC(N)=C1N,110.12000000000002,3,3,0,1,4,88.25,-0.8229300000000002,0
CN=C1N=CN=C1CN,124.147,3,1,1,1,4,63.099999999999994,-0.5436999999999999,0
CCn1oc(=O)[nH]c1=O,130.10299999999998,4,1,1,1,5,68.0,-0.8505,0
CN=C1N=CC(N)=[N+]1[O-],126.119,3,1,0,1,5,76.80999999999999,-1.0758999999999999,0
N=C1OCC(=NO)C1=O,128.087,5,2,0,1,5,82.74000000000001,-0.6068300000000002,0
N=CN1C=NC(=O)OC1,127.10299999999998,3,1,1,1,5,65.75,0.031470000000000053,0
COC1=NNC(=O)C1=N,127.10299999999998,4,2,0,1,5,74.53999999999999,-0.9041300000000001,0
N=C1OCC(=O)C1=NO,128.087,5,2,0,1,5,82.74,-0.60683,0
NC(=O)c1cncn1N,126.119,4,2,1,1,5,86.93,-1.3042000000000002,0
Cc1cnc(=O)[nH]c(=O)n1,139.11399999999998,4,1,0,1,5,75.71000000000001,-1.1664800000000002,0
N#Cc1nc(O)n[nH]1,110.076,4,2,0,1,5,85.59,-0.6180200000000002,0
COC(=O)C1=NN=C1N,127.10300000000002,5,1,1,1,5,77.03999999999999,-1.1138000000000001,0
N=C1OCN1CC=NCO,143.14600000000002,4,2,3,1,5,68.91,-0.7685300000000004,0
N=C1OCC(=O)OC1=N,128.087,5,2,0,1,5,83.22999999999999,-0.48566000000000015,0
N=C1CN(C=O)C(=N)O1,127.10299999999998,4,2,1,1,5,77.24000000000001,-0.61296,0
N=CN1CC(=O)OC1=N,127.10299999999998,4,2,1,1,5,77.24000000000001,-0.61296,0
COC1=C(N)N=C1N,113.12000000000002,4,2,1,1,4,73.63,-0.8686,0
N=C1N=COC1=NC=O,125.08699999999999,3,1,1,1,5,74.87,-0.42293000000000003,0
CC(=O)N1COC(=O)O1,131.087,4,0,0,1,5,55.84,-0.1257999999999999,0
N#CCOC1=NC(N)=N1,124.10300000000001,5,1,1,1,5,83.75999999999999,-0.78912,0
O=CC1NC(=O)C(=O)N1,128.087,3,2,1,1,5,75.27,-2.2426000000000004,0
N=C1NCCOC(=N)O1,129.119,4,3,0,1,5,78.19000000000001,-0.50766,0
N=c1[nH]c(=N)oc(=N)o1,128.091,5,4,0,1,6,113.61999999999999,-1.3608900000000004,0
Nc1ncn(C=O)n1,112.09199999999998,5,1,1,1,5,73.8,-1.1014000000000002,0
NC1=NC(C=O)=NC1=O,125.08699999999997,4,1,1,1,5,84.88,-1.5188,0
N=C(N)N1COC(=O)C1,129.11899999999997,3,2,0,1,5,79.41,-1.30383,0
CNc1n[nH]c(C=N)n1,125.13499999999999,4,3,2,1,5,77.45,-0.15593,0
N=C1NC=COC(=N)N1,126.119,3,4,0,1,5,80.99000000000001,-0.46346000000000015,0
COC1=NN=C([O-])C1=N,126.09499999999998,5,1,0,1,5,80.86000000000001,-1.2615300000000003,0
COC1=C(CO)C(=N)N=N1,141.13,4,2,2,1,5,78.03,0.27976999999999996,0
N#CCN1N=CC1=N,108.10399999999998,3,1,1,1,4,63.24,-0.21134999999999998,0
C#CC(=O)n1nc(N)o1,125.087,5,1,0,1,5,74.05,-0.6683000000000001,0
NC(=O)C1=NC(N)=N1,112.09200000000001,4,2,1,1,5,93.83,-1.8014999999999999,0
COC1=NOC(=N)C1=N,127.103,5,2,0,1,5,78.52000000000001,-0.02646000000000004,0
N#CCc1c[nH]n[n+]1[O-],124.103,3,1,1,1,5,79.41,-0.89082,0
N=C1N=CN=C(N)C1=O,124.103,4,2,0,1,5,91.66,-1.06813,0
O=CC1NC(=O)C1=NO,128.087,4,2,1,1,5,78.76,-1.4861000000000006,1
N=c1nc1COC=O,112.08799999999998,4,1,3,1,4,63.04,-0.8903300000000001,0
N=C1N=C(N)N=C1C=O,124.103,4,2,1,1,5,91.66,-1.06813,0
N=c1nc(CN)c1=O,111.104,4,2,1,1,4,79.83000000000001,-1.7444299999999995,0
Nc1cnn(C=O)c1N,126.119,5,2,1,1,5,86.92999999999999,-0.9142000000000001,0
CC(=O)c1n[nH]c(N)n1,126.11900000000001,4,2,1,1,5,84.66,-0.41050000000000003,0
N=c1nc[nH]c(C=O)n1,124.10299999999998,4,2,1,1,5,82.49,-0.90333,0
N=CN1C(=N)C=C1N,110.11999999999999,3,3,1,1,4,76.96000000000001,-0.31356,0
N=CC1=CC(=N)N=N1,108.10400000000001,3,2,1,1,4,72.42,0.9629399999999999,0
N=C1NC(=O)C(O)O1,116.07599999999998,4,3,0,1,5,82.41000000000001,-1.6140300000000003,1
Nc1ncc(C=O)nn1,124.103,5,1,1,1,5,81.76,-0.7337000000000002,0
Cn1nc(N)nc1C=N,125.135,5,2,1,1,5,80.58000000000001,-0.6050300000000002,0
Cc1noc(=N)[nH]c1=O,127.103,4,2,0,1,5,82.74000000000001,-0.84921,0
Nc1cnc(C=O)[nH]c1=O,139.11399999999998,4,2,1,1,5,88.84,-0.8353999999999999,0
NC1NC(=O)OC1=O,116.07599999999998,4,2,0,1,5,81.41999999999999,-1.4624,1
N=CN1CCOC(=O)O1,130.10299999999998,4,1,1,1,5,62.620000000000005,-0.02273000000000014,0
N#Cc1nn[nH]c1C=O,122.08699999999997,4,1,1,1,5,82.43,-0.51112,0
CC(O)C1=NN=C1N,113.12000000000002,4,2,1,1,4,70.97,-0.9060000000000001,1
N=CN1C(=O)NC1=O,113.07599999999998,3,2,1,1,5,73.26,-0.26133,0
N=CN1C=NC(CO)C=N1,140.14599999999996,4,2,2,1,5,72.04,-0.7159300000000002,1
N=CN1NCOC1C=O,129.11899999999997,4,2,2,1,5,65.42000000000002,-1.0872300000000001,1
Nc1nnc(C=O)n1N,127.107,6,2,1,1,6,99.82000000000001,-1.6134000000000004,0
COC1=NC(=N)N=C1O,127.103,2,2,0,1,5,78.03,-0.06383000000000005,0
CC1=C(N)C(=O)N=N1,111.104,3,1,0,1,4,67.81,0.16900000000000015,0
N#CC(O)c1cnon1,125.087,5,1,1,1,5,82.94,-0.37342000000000003,1
NC1=NN=CC1=NCO,126.11899999999999,5,2,1,1,5,83.33,-1.2662000000000002,0
N=CN1CC(=O)NCO1,129.119,3,2,1,1,5,65.42,-1.0856299999999999,0
COC1=NC(CO)=NC1=O,142.114,4,1,1,1,5,71.25,-1.0377000000000003,0
N#CC(CO)C1=NC=N1,123.115,4,1,2,1,4,68.74,-0.44111999999999996,1
N=C1OCCON1C=O,130.103,4,1,1,1,5,62.620000000000005,-0.65863,0
N=c1cnn(C=O)n1N,127.107,6,2,1,1,6,89.69,-2.08383,0
N#CNC1=NC=NC1=O,122.08699999999999,4,1,0,1,5,77.61,-0.9759200000000001,0
Nc1onc(C=O)c1N,127.103,5,2,1,1,5,95.14,-0.3485000000000002,0
N=C1COC(=N)N=CO1,127.103,4,2,0,1,5,78.52,-0.026460000000000095,0
NC1=NC(CO)=NC1=O,127.10299999999998,4,2,1,1,5,88.03999999999999,-1.7254,0
Nn1c(C=O)n[nH]c1=O,128.091,5,2,1,1,6,93.76999999999998,-1.9023000000000003,0
CNC1=NNC(=O)C1=O,127.10299999999998,4,2,0,1,5,70.56,-1.7817999999999996,0
CNC(=O)C1=NN=C1N,126.11900000000001,4,2,1,1,5,79.84,-1.5408,0
N=CN1C=NCN1C=O,126.11899999999999,3,1,2,1,5,59.760000000000005,-0.7317300000000002,0
N#CCc1conc1N,123.115,4,1,1,1,4,75.84,0.32288000000000006,0
N=C1N=C(C=O)C(=O)O1,126.07099999999997,4,1,1,1,5,79.58,-0.8821300000000001,0
CN=C1C=NC(N)=N1,110.12,3,1,0,1,4,63.099999999999994,-0.5862,0
N=C1COC(=N)OCO1,130.103,5,2,0,1,5,75.39,-0.08066000000000012,0
CNC1=NNC(=O)C1=N,126.11899999999999,4,3,0,1,5,77.34,-1.3311299999999993,0
CN=C1ON=C(O)C1=N,127.10299999999998,4,2,0,1,5,78.03,-0.06382999999999994,0
Cc1n[nH]c(=N)nc1O,126.11899999999999,4,3,0,1,5,85.65,-0.7018100000000002,0
COC1=CN=C1NC=O,126.11499999999998,3,1,2,1,4,50.69,-0.3677000000000001,0
COC1=NC(N)=NC1=O,127.10300000000001,4,1,0,1,5,77.03999999999999,-1.1138000000000001,0
N=C1NC(=O)OCO1,116.076,4,2,0,1,5,71.41000000000001,-0.36493,0
C#CCn1nc(N)n1N,125.13500000000002,5,2,1,1,5,74.79,-1.3861999999999997,0
N=Cn1cc(N)oc1=O,127.103,5,2,1,1,5,85.00999999999999,-0.5213300000000001,0
NC1=C(N)C(=O)N=C1,111.10399999999998,3,2,0,1,4,81.47,-1.2736000000000003,0
CN1CNC(=O)OC1=N,129.119,3,2,0,1,5,65.42000000000002,-0.4497299999999999,0
COC1=C(N)C(=N)N=N1,126.11900000000001,4,2,1,1,5,83.82000000000001,0.20367000000000018,0
NC(=O)C1=NN=C1C=O,125.08699999999999,4,1,2,1,5,84.88,-1.5188,0
N=C1C=C(N)C(N)=N1,110.12000000000002,3,3,0,1,4,88.25,-0.8229299999999997,0
N=C1OCCC(=O)OC1=N,142.114,5,2,0,1,5,83.22999999999999,-0.09556000000000026,0
NC1=CC(N)=NC1=O,111.10400000000001,3,2,0,1,4,81.47,-1.2736000000000003,0
N=C1NC=C(N)NCO1,128.13500000000002,4,4,0,1,5,83.16000000000001,-1.1543300000000003,0
N=C1CN(C=O)NCO1,129.119,4,2,1,1,5,65.42,-1.0856299999999999,0
NC1=CC(=O)C(N)=N1,111.10400000000001,4,2,0,1,4,81.47,-1.2735999999999998,0
CC(=O)C1=NN=C1N,111.10400000000001,4,1,1,1,4,67.81,-0.6978,0
CNC(=O)C1=NN=C1,111.104,3,1,1,1,4,53.82,-0.8272000000000002,0
N=c1nccc(N)n1C=O,138.13,5,2,1,1,5,84.75999999999999,-1.0169300000000001,0
N=C1COC(=N)N=CO1,127.103,4,2,0,1,5,78.52,-0.026460000000000095,0
Cc1nn[nH]c1C=O,111.10399999999997,3,1,1,1,4,58.64,-0.07438000000000006,0
C#CCc1onnc1O,124.09899999999999,4,1,1,1,4,59.150000000000006,-0.04910000000000009,0
N=C1NCC(=O)OCO1,130.103,4,2,0,1,5,71.41000000000001,-0.9583300000000001,0
COc1n[nH]nc1C=O,127.10299999999998,4,1,2,1,5,67.87,-0.37420000000000025,0
NC(=O)C1=NN=C1N,112.09200000000001,4,2,1,1,5,93.83,-1.8014999999999999,0
CNc1cnoc(=O)n1,127.103,5,1,1,1,5,68.02000000000001,-0.5285000000000002,0
N=C1C=C(N)C(CO)=N1,125.131,3,3,1,1,4,82.46000000000001,-0.7468300000000001,0
N=C1OC(=N)C(C=O)O1,128.087,5,2,1,1,5,83.23,-0.48726000000000025,1
COC1=NC(=O)C(O)=N1,128.087,3,1,0,1,5,71.25,-0.5145,0
NC1=NC(=O)NC1=O,113.07599999999998,3,2,0,1,5,84.54999999999998,-1.4066,0
N#CCOc1nnc[nH]1,124.103,4,1,2,1,5,74.59,-0.29292,0
N=C1NC(=O)NCOC1=N,142.118,4,4,0,1,6,98.06,-0.77216,0
COc1c[nH]nnc1=O,127.103,4,1,1,1,5,67.87,-0.8265,0
CNC(=O)n1ccc(=N)o1,141.13,4,2,0,1,5,71.02000000000001,-0.25193000000000015,0
N=C1OCC(C(=N)O)O1,130.10299999999998,4,3,1,1,5,86.39,-0.12816000000000005,1
N=C1NC(=O)CC(=O)O1,128.087,4,2,0,1,5,79.25000000000001,-1.0157300000000002,0
CC(N)C1=NN=C1N,112.13600000000001,4,2,1,1,4,76.75999999999999,-0.9396,1
CN=C1N=C(N)C(=N)O1,126.119,4,2,0,1,5,83.82000000000001,-0.66313,0
N#CC(N)C1=NOC1=N,124.103,5,2,1,1,5,95.25,-0.79925,1
N#CCN=C1NCOC1=N,138.13,4,2,1,1,5,81.25999999999999,-0.53695,0
COC(=O)c1cnc(N)o1,142.114,5,1,1,1,5,78.35,0.043399999999999994,0
O=C1NCC#CNCO1,126.115,3,2,0,1,4,50.36,-0.7658,0
NC(=O)c1ncc(N)o1,127.103,4,2,1,1,5,95.14,-0.6443000000000003,0
N=c1nc(C=O)nco1,125.08699999999997,5,1,1,1,5,79.84,-0.6384300000000003,0
N=COC1=C(N)OC1=O,128.087,5,2,2,1,5,85.4,-0.7053300000000002,0
COC1(OC(=N)N)CO1,132.11900000000003,4,2,2,1,5,80.86,-0.7731299999999999,1
CN1N=CC(=O)NN1N,129.12300000000002,5,2,0,1,6,73.96000000000001,-1.9604999999999997,0
Nc1[nH]ncc1C=O,111.10399999999997,3,2,1,1,4,71.77000000000001,-0.19560000000000038,0
N#CC1=NC(=N)CN1,108.104,3,2,0,1,4,72.03,-0.51105,0
Nc1cnc(N)c(=O)[nH]1,126.119,4,3,0,1,5,97.78999999999999,-1.0656999999999999,0
Cc1n[nH]c(NC=O)n1,126.11899999999999,3,2,2,1,5,70.67,-0.31858000000000025,0
N=C1OCC(=O)OC1=N,128.087,5,2,0,1,5,83.22999999999999,-0.48566000000000015,0
CN=NC1C(=O)N1C=O,127.103,4,0,2,1,5,61.87,-0.6069,1
N=C(N)C1N=CC1=O,111.10399999999998,3,2,1,1,4,79.30000000000001,-1.05553,1
N=C1OCC(=O)C(=O)O1,129.071,5,1,0,1,5,76.45,-0.9363300000000001,0
CC1=NC(=N)C(N)=N1,110.12,3,2,0,1,4,74.59,-0.24712999999999996,0
NC(=O)C1=NC(=O)O1,114.05999999999999,3,1,1,1,5,81.75000000000001,-0.9796,0
N=CC1(N)NC(=O)O1,115.09199999999998,4,3,1,1,5,88.2,-1.0117299999999996,1
CNNC(=O)c1cc[nH]n1,140.146,3,3,2,1,5,69.81,-0.7261000000000004,0
C#CC1(N)OCOC1=N,126.11499999999998,4,2,0,1,4,68.33000000000001,-0.7438300000000002,1
Nc1[nH]nnc1C=O,112.09199999999998,4,2,1,1,5,84.66,-0.8006000000000004,0
Nc1nccn1OC=O,127.10299999999998,5,1,2,1,5,70.13999999999999,-0.9497000000000002,0
CN=C1N=NC(=O)N1,112.09199999999998,2,1,0,1,5,66.17999999999999,0.14760000000000006,0
CN=C1N=C(CO)N=C1N,140.146,4,2,1,1,5,83.33,-1.2237,0
CNc1cnoc(=O)n1,127.103,5,1,1,1,5,68.02000000000001,-0.5285000000000002,0
Cc1n[nH]c(=N)nc1N,125.135,4,3,0,1,5,91.44,-0.82521,0
Nc1nncc(=O)n1N,127.107,6,2,0,1,6,99.82000000000001,-2.0656999999999996,0
N=C1N=CC(=O)OCO1,128.087,4,1,0,1,5,71.74000000000001,-0.47713000000000005,0
CN=C1NC=NC1=N,110.11999999999999,2,2,0,1,4,60.6,-0.3765300000000002,0
CC1=NC(=N)N=C1N,110.12,2,2,0,1,4,74.59,-0.24712999999999996,0
N#CCc1n[nH]nc1N,123.11900000000001,4,2,1,1,5,91.38,-0.5470200000000003,0
N=C1OC(=N)C(=NO)O1,129.075,6,3,0,1,6,98.75,-0.26705999999999996,0
CNc1coc(=N)n1N,128.13500000000002,5,3,1,1,5,79.97,-0.6839300000000001,0
O=C1COCNC(=O)O1,131.087,4,1,0,1,5,64.63,-0.7730999999999999,0
N=C1COC(=N)OCO1,130.103,5,2,0,1,5,75.39,-0.08066000000000012,0
N=C1N=CN=C1CO,111.10399999999998,3,2,1,1,4,68.8,-0.5611300000000001,0
COc1nnc(N)n1C=N,141.13400000000001,6,2,2,1,6,89.81,-0.6759300000000001,0
CC1=NC(=N)C(=O)O1,112.08799999999998,3,1,0,1,4,62.510000000000005,-0.06113000000000007,0
N=C1NC(C=O)NCO1,129.119,4,3,1,1,5,74.21000000000001,-1.38693,1
O=CC1NC(=O)C(O)N1,130.10299999999998,4,3,1,1,5,78.43,-2.4507999999999996,2
N=C1N=C(C=O)N=C1O,125.08699999999997,3,2,1,1,5,85.87,-0.4688299999999999,0
Cn1ncnc1NC=O,126.11899999999999,4,1,2,1,5,59.81,-0.6166,0
N=C1OC(=O)OC1=O,115.04399999999998,5,1,0,1,5,76.44999999999999,-0.34293,0
N=C1OC=NC(O)CO1,130.10299999999998,5,2,0,1,5,74.9,-0.68533,1
COC1=NN=C1C=N,111.10399999999998,4,1,1,1,4,57.800000000000004,0.05046999999999996,0
Cn1cc(N)nnc1=N,125.13500000000002,5,2,0,1,5,80.58000000000001,-1.12323,0
O=C1C=NNC1=NO,113.076,4,2,0,1,5,74.05,-1.0678000000000003,0
CCC1=NC(N)=NC1=O,125.131,3,1,1,1,4,67.81,-0.30770000000000003,0
COc1ncnn1CC=N,140.14600000000002,5,1,3,1,5,63.790000000000006,-0.06372999999999979,0
NC(=O)C1N=C(C=O)O1,128.087,4,1,2,1,5,81.75000000000001,-1.5746000000000002,1
N=C1N=C(CO)C(=N)O1,127.10299999999998,4,3,1,1,5,89.52,-0.6380600000000001,0
N=C1COC(=N)[NH+]([O-])CO1,145.118,5,3,0,1,6,93.66,-1.71456,1
Nc1ncc(=O)[nH]n1,112.092,4,2,0,1,5,84.66,-1.2529000000000001,0
N=C1OC(=N)C(=O)O1,114.05999999999999,5,2,0,1,5,83.23,-0.5281600000000002,0
O=CC1=CC(=O)C(O)=N1,125.08299999999998,3,1,1,1,4,66.73,-0.3916000000000002,0
N=CN1C=NC(C=O)N1,126.11899999999997,4,2,2,1,5,68.55,-1.0330300000000001,1
N=Cn1c(O)cnc1N,126.11899999999999,5,3,1,1,5,87.92,-0.37393000000000004,0
O=c1cnc(CO)n[nH]1,127.103,4,2,1,1,5,78.87,-1.3428000000000002,0
N=C1OC(=O)NC1C=O,128.087,4,2,1,1,5,79.25,-0.7290300000000003,1
Nc1coc(=O)nc1N,127.10300000000001,5,2,0,1,5,95.14,-0.8008,0
N=c1nc[nH]nc1C=O,124.10299999999998,4,2,1,1,5,82.49000000000001,-0.90333,0
Cc1nncnc1NC#N,135.13,5,1,1,1,5,74.49000000000001,0.0729999999999999,0
N=C1COC(=N)NCO1,129.119,4,3,0,1,5,78.19,-0.5076600000000002,0
N=c1onc[nH]c1=O,113.07599999999998,4,2,0,1,5,82.74000000000001,-1.15763,0
COc1cnoc(=N)n1,127.103,5,1,1,1,5,72.0,-0.44233000000000006,0
NN=C1C=NN=C1CO,126.11899999999999,5,2,1,1,5,83.33,-1.2662000000000002,0
Cc1noc(=O)n1N,115.09200000000001,5,1,0,1,5,74.05,-1.14148,0
NC=C1OC(=O)C1=NO,128.087,5,2,0,1,5,84.91000000000001,-0.8265,0
N=c1[nH]nncc1C=O,124.10299999999998,4,2,1,1,5,82.49000000000001,-0.9033300000000004,0
O=Cc1nc(CO)c(O)[nH]1,142.11399999999998,4,3,2,1,5,86.21000000000001,-0.5799000000000003,0
N=C1OCOC(=O)C1=N,128.087,5,2,0,1,5,83.23,-0.48566000000000015,0
CC(O)C1=NN=C1C=O,126.115,4,1,2,1,4,62.02,-0.6233000000000002,1
NC1=CC(N)=NC1=NC=O,138.13000000000002,3,2,1,1,5,93.83000000000001,-1.2453000000000003,0
Cc1nc(=O)[nH]n1CO,129.119,4,2,1,1,5,70.91,-1.1703800000000004,0
N=C1C=C(N)OC1=O,112.088,4,2,0,1,4,76.17000000000002,-0.6369300000000002,0
N=C1COC(=O)N=CO1,128.087,4,1,0,1,5,71.74,0.15877000000000002,0
CC(C#N)n1occ1O,126.11499999999997,4,1,1,1,4,62.09,0.8712799999999998,1
N=C1CNC(=N)C(=O)O1,127.10299999999998,4,3,0,1,5,86.03000000000002,-0.9126600000000005,0
CN=C1N=C(O)N1C=O,127.10299999999998,2,1,1,1,5,65.26,-0.6417999999999999,0
N#CC(=N)C1=CN=N1,106.088,4,1,1,1,4,72.36,0.8369500000000001,0
C#CC1=NC(=O)N=C1O,122.08299999999998,1,1,0,1,4,62.019999999999996,0.1507000000000001,0
N=C1OC(=N)C(=N)O1,113.076,5,3,0,1,5,90.01,-0.07748999999999995,0
N=C1CNC(=N)OCO1,129.119,4,3,0,1,5,78.19000000000001,-0.5076600000000004,0
N=C1OC(CO)C(=N)C1=O,142.114,5,3,1,1,5,94.22999999999999,-1.0563600000000002,1
CC1OC(=N)OC(=N)O1,130.10299999999998,5,2,0,1,5,75.39,0.2653399999999999,0
COC(=O)C1=NN=C1N,127.10300000000002,5,1,1,1,5,77.03999999999999,-1.1138000000000001,0
CC(=O)c1n[nH]c(=N)o1,127.103,4,2,1,1,5,82.74,-0.31523000000000007,0
CN=C1N=NC(CN)=N1,125.135,3,1,1,1,5,75.46,-0.20479999999999998,0
CN1C(=N)OCOC1=N,129.119,4,2,0,1,5,69.4,-0.2079600000000001,0
COc1n[nH]nc1C=N,126.11899999999999,4,2,2,1,5,74.65,-0.1890300000000002,0
CC(O)C1=C(N)N=[N+]1[O-],129.11900000000003,4,2,1,1,5,84.67999999999999,-0.5289000000000001,1
N=CC1NC(=O)NC1N,128.135,3,4,1,1,5,91.0,-1.3978300000000001,2
N=C1CN=C(C(N)O)O1,129.119,5,3,1,1,5,91.69000000000001,-1.3305300000000002,1
N=C1NCNC(=O)CO1,129.119,3,3,0,1,5,74.21000000000001,-1.3853300000000002,0
Nc1cnc(C=O)n1O,127.10299999999998,5,2,1,1,5,81.14,-0.48490000000000005,0
N=CNC1=NC=NC1=O,124.103,3,2,1,1,5,77.67,-0.8499300000000001,0
N=CN1C(=O)CN1C=O,127.10299999999998,3,1,2,1,5,64.47,-1.19093,0
N=C1C=NC(N)=C1N,110.12000000000002,4,3,0,1,4,88.25,-0.8229300000000002,0
CNC(=O)c1cnn[nH]1,126.119,3,2,1,1,5,70.67,-0.8357000000000003,0
N=C1C(=NO)OC1C=O,128.08699999999996,5,2,1,1,5,82.74000000000001,-0.6084300000000002,1
CC(N)C1=NOC1=O,114.10399999999998,4,1,1,1,4,64.68,-0.7536,1
Cn1cnnc1CC=O,125.13099999999999,4,0,2,1,4,47.78,-0.4435000000000002,0
N=C1N=C(CO)OCN1,129.119,3,3,1,1,5,77.7,-1.1107300000000002,0
CC(=O)C1=NNC1=O,112.088,3,1,1,1,4,58.53,-0.9388000000000001,0
CNc1nc(=O)cn[nH]1,126.11899999999999,4,2,1,1,5,70.67,-0.7934000000000003,0
N=CN=C1N=C(N)O1,112.092,3,2,1,1,5,83.82000000000001,-0.70563,0
CN=C1OCON1C=O,130.103,4,0,1,1,5,51.13,-0.6501000000000001,0
N=C1OC(=O)COC1O,131.087,5,2,0,1,5,79.61,-1.1445300000000003,1
O=c1[nH]c(=O)oc(=O)[nH]1,130.059,4,2,0,1,6,95.93,-1.9836,0
N=C1CC(=N)C(=O)O1,112.08799999999998,4,2,0,1,4,74.00000000000001,-0.06966,0
N=C1OCOC(=N)C1=N,127.103,5,3,0,1,5,90.00999999999999,-0.034989999999999966,0
C#CC(O)c1nn[nH]n1,124.10300000000002,4,2,1,1,5,74.69,-1.1337000000000004,1
COC(=O)C1=NC(N)=N1,127.10300000000002,5,1,1,1,5,77.03999999999999,-1.1138000000000003,0
N=C(O)C1(CO)CO1,117.10399999999998,3,3,2,1,4,76.84,-0.7170300000000003,1
N#Cc1n[nH]c(N)n1,109.092,4,2,0,1,5,91.38,-0.7414200000000002,0
N=c1ccc(O)nn1N,126.11900000000001,5,3,0,1,5,87.92,-1.2180300000000002,0
N=C1NC(=O)C(=O)CO1,128.087,4,2,0,1,5,79.25000000000001,-1.36333,0
N=CN1C(=O)OC1=O,114.05999999999997,4,1,1,1,5,70.46000000000001,0.16566999999999998,0
CN=C1NC(O)=NC1=O,127.10299999999998,2,2,0,1,5,74.05000000000001,-0.9415000000000002,0
N=CN1CC(=O)C(=O)O1,128.087,4,1,1,1,5,70.46000000000001,-1.06363,0
N=C1CNC(=N)OCO1,129.119,4,3,0,1,5,78.19000000000001,-0.5076600000000004,0
NC1=CC(O)=NC1=O,112.088,2,2,0,1,4,75.68,-0.6742999999999999,0
CC1OC(=N)OC(=N)O1,130.10299999999998,5,2,0,1,5,75.39,0.2653399999999999,0
COc1noc(N)c1N,129.119,5,2,1,1,5,87.3,-0.15239999999999998,0
Cn1cnc(N)nc1=O,126.119,5,1,0,1,5,73.80000000000001,-1.2425000000000004,0
N=C1OCC(=O)OC1N,130.10299999999998,5,2,0,1,5,85.39999999999999,-1.1781300000000001,1
N#Cc1nc(C=N)no1,122.08699999999999,5,1,1,1,5,86.56,-0.06104999999999999,0
Nc1ncc(C=O)n1O,127.10299999999998,5,2,1,1,5,81.14,-0.48490000000000005,0
CCC1=C(N)C(=N)N=N1,124.147,3,2,1,1,4,74.59,1.00977,0
N=c1oncnc1N,112.092,5,2,0,1,5,88.79,-0.86873,0
N=C1N=C(O)C(=O)O1,114.05999999999997,3,2,0,1,5,82.74,-0.5655300000000001,0
O=C1OC=C(O)C1=NO,129.071,5,2,0,1,5,79.12,-0.22720000000000007,0
N=CC1=NC(=N)C(=N)O1,124.103,4,3,1,1,5,93.14,0.01921000000000006,0
CC(=O)n1[nH]nc1N,114.108,4,2,0,1,5,76.7,-0.5465000000000002,0
N=C1NC(OC(N)=O)CO1,145.118,4,3,1,1,6,97.42999999999999,-1.0376299999999998,1
CC1=NC(=N)NC1=N,110.11999999999999,2,3,0,1,4,72.09,-0.03745999999999988,0
NC(=O)c1cnon1,113.076,4,1,1,1,5,82.01,-0.8315000000000001,0
N=C1COC(=N)OCN1,129.119,4,3,0,1,5,78.19,-0.5076600000000002,0
N=C1N=CC(N)=C1N,110.12000000000002,3,3,0,1,4,88.25,-0.8229300000000002,0
NC1NC(=O)N=CCO1,129.119,3,2,0,1,5,76.71,-0.9606999999999997,1
N=C1N=C(CO)C(=O)N1,127.10299999999998,3,3,1,1,5,85.53999999999999,-1.5157300000000002,0
NC1=CN(N)C(C=O)=CO1,141.13,5,2,1,1,5,81.58,-1.0098,0
N=C1OC(CO)=[N+]1[O-],116.076,4,2,1,1,5,79.38,-1.1475300000000002,0
CC(=O)C1=NN=C1N,111.10400000000001,4,1,1,1,4,67.81,-0.6978,0
N=C1COC(=O)OC1=N,128.087,5,2,0,1,5,83.22999999999999,0.15023999999999993,0
CNc1nc[nH]c(=O)n1,126.11899999999999,4,2,1,1,5,70.67,-0.7934000000000001,0
COC1=NN=C1C=NC=N,138.13,4,1,2,1,5,70.16,0.07876999999999995,0
N=C1NC(=O)C(CO)O1,130.10299999999998,4,3,1,1,5,82.41000000000001,-1.5715300000000003,1
Nc1coc(=O)c(=O)[nH]1,128.087,4,2,0,1,5,89.09,-1.0897000000000001,0
Cc1noc(N)nc1=O,127.10300000000001,5,1,0,1,5,82.00999999999999,-0.6795800000000001,0
N=C1C=C(CN)N=N1,110.12000000000002,3,2,1,1,4,74.59,0.2720699999999999,0
NC1=NC(=O)N=C1CO,127.10299999999998,3,2,1,1,5,88.04,-1.0895000000000001,0
N=C1CC(=O)OC(=O)O1,129.07099999999997,5,1,0,1,5,76.45,0.047170000000000045,0
N=CC1=NC(=O)C(N)=N1,124.10300000000001,4,2,1,1,5,91.66,-1.06813,0
CC(O)C1=NC(=O)N=N1,127.10300000000001,3,1,1,1,5,74.38,0.3515,1
COc1[nH]nnc1C=N,126.119,4,2,2,1,5,74.65,-0.1890300000000002,0
COc1nc(N)c(C=O)[nH]1,141.13,4,2,2,1,5,81.0,-0.187,0
COC1=NC(=O)C(N)=N1,127.10300000000001,4,1,0,1,5,77.03999999999999,-1.1138000000000003,0
O=CNC1=NCCC(=O)N1,141.13,3,2,1,1,5,70.56,-1.3917000000000002,0
CNc1noc(=O)[nH]1,115.09199999999998,4,2,1,1,5,70.92,-0.5954000000000002,0
N=C1C=C(CN)N=[N+]1[O-],126.11900000000001,4,2,1,1,5,88.30000000000001,-0.21762999999999988,0
CC(O)C1=NC(=N)O1,114.104,3,2,1,1,4,65.67,-0.26933000000000007,1
N=C1N=CC(N)=NC1=O,124.10300000000001,3,2,0,1,5,91.66,-1.0681300000000002,0
Nc1cnc(=O)[nH]c(=O)n1,140.10199999999998,5,2,0,1,6,101.73,-1.8927000000000005,0
N=C1N=C(N)C(=O)O1,113.076,4,2,0,1,5,88.53000000000002,-1.16483,0
N=C1ON=C1C(N)=O,113.076,4,2,1,1,5,88.53,-1.1648300000000003,0
CN=C1N=C(N)C(=N)O1,126.119,4,2,0,1,5,83.82000000000001,-0.66313,0
N=C1N=NC(N)=C1C=O,124.103,4,2,1,1,5,91.66,-0.20132999999999995,0
N=c1[nH]c(=N)oc(=O)[nH]1,128.091,4,4,0,1,6,109.48999999999998,-1.7450600000000005,0
CC(N)(N)c1conn1,128.135,5,2,1,1,5,90.96000000000001,-0.8402999999999998,0
Cc1n[nH]c(=N)oc1=O,127.10299999999998,4,2,0,1,5,82.74000000000001,-0.84921,0
N=C1NC(=O)C(=O)O1,114.05999999999999,4,2,0,1,5,79.25000000000001,-1.4058300000000001,0
CC(=O)C1=NC(O)=N1,112.088,3,1,1,1,4,62.019999999999996,-0.09849999999999998,0
C#CC(=O)N1OC1=O,111.05599999999998,3,0,0,1,4,49.68,-0.4865999999999999,0
COC1=NN=C(N)C1=O,127.103,5,1,0,1,5,77.03999999999999,-1.1138000000000001,0
N=CN1C(=N)OC1O,115.09199999999997,4,3,1,1,5,80.4,-0.8636600000000003,1
N=C1OCNC(=O)CO1,130.10299999999998,4,2,0,1,5,71.41,-0.9583300000000003,0
CN=C1C=NN=C1C=N,122.13099999999999,4,1,1,1,4,60.93,0.14716999999999997,0
CN=C1C=NC(CO)=N1,125.13099999999999,3,1,1,1,4,57.31,-0.5101000000000002,0
N=C1OC(=O)C(C=O)O1,129.07099999999997,5,1,1,1,5,76.45,-0.9379300000000002,1
N=Cc1[nH]nnc1C=O,124.103,4,2,2,1,5,82.49000000000001,-0.38513,0
COc1cn[nH]c(=N)n1,126.119,4,2,1,1,5,74.65,-0.70723,0
N=C1OCOC(=O)CO1,131.087,5,1,0,1,5,68.61,-0.5313300000000001,0
N=C1CNC(=O)NCO1,129.119,3,3,0,1,5,74.21000000000001,-0.7494300000000003,0
COC1=CC(O)=NC1=N,126.115,2,2,1,1,4,65.67,0.46407,0
O=Cc1n[nH]c(CO)n1,127.10299999999998,4,2,2,1,5,78.87,-0.8905000000000001,0
N#CC1=NC(O)=C1N,109.088,4,2,0,1,4,82.39999999999999,-0.34962,0
N=C1COC(=N)C(=O)N1,127.103,4,3,0,1,5,86.03,-0.9126600000000002,0
N=Cc1nc(CO)n[nH]1,126.119,4,3,2,1,5,85.65,-0.7053300000000002,0
N=CN1C(=O)N1CC=O,127.10299999999998,3,1,3,1,5,64.00999999999999,-0.5550300000000001,0
N#CCC1=NC(=N)N=N1,121.10300000000001,3,1,1,1,5,84.72,0.69915,0
N=c1on(C=O)cc1N,127.10299999999998,5,2,1,1,5,85.01,-0.8189300000000002,0
CN=C1C=C(OC=O)N1,126.11499999999998,3,1,2,1,4,50.69,-0.3677000000000001,0
N=COC1NC(=O)C1=O,128.087,4,2,2,1,5,79.25,-1.3649300000000002,1
N=CC1=NC=NC1=N,108.104,3,2,1,1,4,72.42,0.09614,0
NC(=O)C(=O)NC1CN1,129.119,3,3,1,1,5,94.13,-2.4827999999999992,1
N=CN1CC(=O)C(=O)N1,127.10299999999998,3,2,1,1,5,73.26,-1.4906300000000001,0
N=C1OCC(=N)C(O)O1,130.10299999999998,5,3,0,1,5,86.39,-0.6938600000000001,1
NC1COC(=O)COCO1,147.12999999999997,5,1,0,1,5,70.78,-1.1813,1
N=C1N=CC(N)=NC1=O,124.10300000000001,3,2,0,1,5,91.66,-1.0681300000000002,0
Nc1cnoc1C=O,112.08799999999998,4,1,1,1,4,69.12,0.06930000000000014,0
N=CN1COC(=O)C1O,130.10299999999998,4,2,1,1,5,73.62,-1.2718300000000005,1
NC1=C(N)C(=O)N=C1,111.10399999999998,3,2,0,1,4,81.47,-1.2736000000000003,0
NC1=NC(=O)C(C=O)=N1,125.08699999999997,4,1,1,1,5,84.88,-1.5188,0
Nc1ncc(=O)[nH][n+]1[O-],128.091,4,2,0,1,6,98.71,-2.0145,0
COc1ncnc(O)n1,127.103,5,1,1,1,5,68.13000000000001,-0.41420000000000007,0
CN=c1ncnc(O)o1,127.10299999999998,5,1,0,1,5,71.51,-0.6943000000000004,0
N=C1NC(=O)C(CO)O1,130.10299999999998,4,3,1,1,5,82.41000000000001,-1.5715300000000003,1
N=c1ncoc(=N)o1,113.076,5,2,0,1,5,86.87,-0.77346,0
N=C1COCC(=O)CO1,129.115,4,1,0,1,4,59.379999999999995,-0.4204300000000001,0
COC1=NC(CO)=N1,114.104,4,1,1,1,4,54.18,-0.6068000000000002,0
N=C1OCC(=O)C(=N)O1,128.087,5,2,0,1,5,83.23,-0.48566000000000015,0
N=C1NC(=O)COC1=O,128.087,4,2,0,1,5,79.25,-1.36333,0
N=C1COC(=N)NCO1,129.119,4,3,0,1,5,78.19,-0.5076600000000002,0
CN=C1NC(CO)=[N+]1[O-],129.119,3,2,1,1,5,70.69,-1.5235,0
CN1N=CNN=C1N=O,127.107,6,1,0,1,6,69.41999999999999,-0.49789999999999995,0
N=CN1C(=O)NC1C=O,127.10299999999997,3,2,2,1,5,73.26,-0.8563300000000003,1
N=C1CNC(=N)OCO1,129.119,4,3,0,1,5,78.19000000000001,-0.5076600000000004,0
O=CN1CC(O)=NCO1,130.103,3,1,1,1,5,62.13000000000001,-0.6960000000000002,0
N=c1ncnc(F)n1N,129.098,5,2,0,1,6,80.58,-1.38953,0
N=C1NCC(=O)N=CO1,127.103,3,2,0,1,5,74.54,-0.9041300000000001,0
N=c1[nH]cc(N)n1C=O,126.11900000000001,4,3,1,1,5,87.66,-1.0838299999999998,0
N=C1CN(C=O)OCO1,130.10299999999998,4,1,1,1,5,62.620000000000005,-0.65863,0
CN=c1cnoc(N)n1,126.119,5,1,0,1,5,77.3,-0.8177000000000001,0
Nc1cc(NC=O)no1,127.103,4,2,2,1,5,81.14999999999999,-0.17490000000000022,0
CNC1=NC(O)=NC1=N,126.11899999999999,3,3,0,1,5,80.83000000000001,-0.49083000000000004,0
N=C1C=C(N)OC1=O,112.088,4,2,0,1,4,76.17000000000002,-0.6369300000000002,0
CN=C1NN=C1C=O,111.10399999999998,3,1,1,1,4,53.82,-0.8272000000000002,0
CN=C1N=C(N)OC1=O,127.103,4,1,0,1,5,77.03999999999999,-1.1138,0
NC(=O)Oc1cnc[nH]1,127.103,3,2,1,1,5,81.0,-0.13279999999999997,0
N=c1ncc(C=O)c(O)o1,140.09799999999998,5,2,1,1,5,87.18,-0.32782999999999995,0
CC(O)C1=CC(=O)O1,114.09999999999998,3,1,1,1,3,46.53,-0.1921,1
N#CC(N)N1N=C1C=O,124.10299999999998,5,1,2,1,5,82.25,-1.3772199999999999,1
N=C1CCN(C=O)C(=O)O1,142.11399999999998,4,1,1,1,5,70.46000000000001,-0.03763000000000005,0
COC1=NC(=O)NC1=N,127.103,3,2,0,1,5,74.53999999999999,-0.2682300000000001,0
CC1=NN=C(N)C1=O,111.104,4,1,0,1,4,67.81,-0.6978,0
N=C1CC(=O)OC1=O,113.07199999999997,4,1,0,1,4,67.22,-0.52033,0
COc1ncc(=N)[nH]n1,126.119,4,2,1,1,5,74.65,-0.7072300000000002,0
NC=C1N=C(N)C=NN1,125.135,5,3,0,1,5,88.78999999999999,-1.3097999999999994,0
N=CNC1OCOC1=N,129.119,4,3,2,1,5,78.19,-0.5092600000000003,1
CN=C1N=CN=C1N,110.12,3,1,0,1,4,63.099999999999994,-0.5861999999999998,0
N=C1N=C(N)C(=O)O1,113.076,4,2,0,1,5,88.53000000000002,-1.16483,0
Cc1nnc(NC=N)o1,126.11899999999999,4,2,2,1,5,74.80000000000001,0.39698999999999995,0
O=CNC1=NN=CC1=O,125.08699999999999,4,1,1,1,5,70.89,-1.3006000000000002,0
N=C1OCNC(=O)C1C=O,142.11399999999998,4,2,1,1,5,79.25,-1.1173300000000004,1
NC1=CC(=O)C(CO)=N1,126.115,4,2,1,1,4,75.68,-1.1975000000000002,0
Nc1cnoc(=O)c1N,127.103,5,2,0,1,5,95.14,-0.8008,0
CC1=NC(N)=NC1=N,110.12,3,2,0,1,4,74.59,-0.24712999999999996,0
COc1n[nH]c(=O)n1N,130.10699999999997,5,2,1,1,6,85.92999999999999,-1.7062,0
CCC1=NN=NC1=CO,125.13099999999997,4,1,1,1,4,57.31,1.6176000000000001,0
COC1=NC(NC=N)=N1,126.119,4,2,1,1,5,69.83,-0.44493,0
COc1cn[nH]c(=O)[n+]1[O-],143.102,4,1,1,1,6,81.92,-1.5880999999999994,0
N=C1OC(=O)CN1C=O,128.087,4,1,1,1,5,70.46000000000001,-1.06363,0
N=CC1=NC=NC1=NN,123.11900000000001,4,2,1,1,5,86.95,-0.60893,0
N=C1NC(=O)C(=O)CO1,128.087,4,2,0,1,5,79.25000000000001,-1.36333,0
N=C1NCOC(=O)CO1,130.103,4,2,0,1,5,71.41,-0.9583300000000001,0
N=c1[nH]cnnc1C=O,124.103,4,2,1,1,5,82.49000000000001,-0.90333,0
CN=C(N)N1CCOC1=O,143.146,3,1,0,1,5,67.91999999999999,-0.6168999999999998,0
N=C1C=NC(=N)C=N1,108.104,2,2,0,1,4,72.42,0.09614,0
N=CNC1=NC=NC1=N,123.119,3,3,1,1,5,84.45,-0.3992599999999999,0
N=CC1OC(=N)OC1=N,127.103,5,3,1,1,5,90.00999999999999,-0.03658999999999979,1
CC(O)C1=NC(=N)N=C1,125.131,2,2,1,1,4,68.80000000000001,-0.17263,1
N=C1OC=NCOC1=N,127.103,5,2,0,1,5,78.52000000000001,-0.026460000000000095,0
O=CC1OC(=O)C1=NO,129.071,5,1,1,1,5,75.96000000000001,-1.0591,1
N=C1N=C(O)N=C1N,112.092,3,3,0,1,5,94.82,-0.75153,0
CC1=NC(=N)N1CN,112.13600000000001,2,2,1,1,4,65.47,-0.42863,0
Cn1cnc(=N)n1C=N,125.13499999999999,5,2,1,1,5,70.45,-0.8437600000000003,0
N=CN1COC(=O)CN1,129.119,4,2,1,1,5,65.42,-1.0856300000000003,0
NC1=NC=NC1=NCO,126.11899999999999,4,2,1,1,5,83.33,-1.2662000000000002,0
N=c1[nH]c(=O)oc(=N)o1,129.075,5,3,0,1,6,106.83999999999999,-1.4801599999999997,0
CNC(=O)C1=COC1=N,126.11499999999998,3,2,1,1,4,62.18,-0.37623,0
N=CN1COC=NC1=O,127.10299999999998,3,1,1,1,5,65.75,0.03146999999999994,0
C#CC(O)C1=NN=C1N,123.11500000000002,4,2,1,1,4,70.97,-1.2927,1
N=CN1OC(=N)C1C=O,127.10299999999998,4,2,2,1,5,77.24000000000001,-0.6145600000000002,1
CC1=C(N)N=NC1=N,110.12,3,2,0,1,4,74.59,0.6196700000000002,0
N=C1OC(CO)C1=NO,130.103,5,3,1,1,5,85.9,-0.8150300000000004,1
COC1=NC(N)=C1N,113.12000000000002,4,2,0,1,4,73.63,-0.8686,0
N=C1C(=O)N=CCOC1N,141.12999999999997,4,2,0,1,5,88.53,-1.0814300000000001,1
Nc1[nH]nc(O)c1C=O,127.10299999999997,4,3,1,1,5,92.0,-0.4900000000000001,0
N=C(N)NC1COC1=O,129.119,3,3,1,1,5,88.20000000000002,-1.6051300000000002,1
N=C1NC(=O)C(=O)O1,114.05999999999999,4,2,0,1,5,79.25000000000001,-1.4058300000000001,0
N=C1C=NC(O)=C1N,111.104,4,3,0,1,4,82.46,-0.22362999999999988,0
N=C1OCC(=O)OC1=O,129.071,5,1,0,1,5,76.44999999999999,-0.9363300000000001,0
Nc1cnc(=O)oc1N,127.103,5,2,0,1,5,95.14,-0.8008,0
CC1(O)OC(=N)C(=O)O1,131.087,5,2,0,1,5,79.61,-0.7969300000000001,1
N=CN1C(=N)NCOC1=N,141.134,4,4,1,1,6,96.05000000000001,-0.6576900000000003,0
CN=C1C=C(N)N=N1,110.12000000000002,3,1,0,1,4,63.099999999999994,0.28060000000000007,0
NC1=C(N)C(C=O)=N1,111.10399999999998,4,2,1,1,4,81.47,-1.2735999999999998,0
NC(=O)C1=NN=C1O,113.076,3,2,1,1,5,88.04,-1.2022,0
N=CC1OC(=N)OC1=N,127.103,5,3,1,1,5,90.00999999999999,-0.03658999999999979,1
N=C1CC(=O)OC(=N)O1,128.087,5,2,0,1,5,83.23,-0.13806000000000002,0
CC(=O)n1cnc(N)n1,126.11900000000001,5,1,0,1,5,73.8,-0.47959999999999997,0
CCN1C(=N)OC1=NO,129.119,4,2,1,1,5,68.91000000000001,0.018470000000000097,0
CNC1=NC(=O)C(N)=N1,126.119,4,2,0,1,5,79.84,-1.540799999999999,0
N=CC1=CC(O)=NC1=N,123.115,2,3,1,1,4,80.28999999999999,0.5097400000000001,0
NC=C1C=NNC1=O,111.10399999999998,3,2,0,1,4,67.47999999999999,-1.0554000000000001,0
N#CNC1=C(C=O)N=C1N,136.11399999999998,5,2,2,1,5,91.27,-1.16162,0
N=C1OCC(=O)C(=O)O1,129.071,5,1,0,1,5,76.45,-0.9363300000000001,0
NC1=NC(=O)N=C1CO,127.10299999999998,3,2,1,1,5,88.04,-1.0895000000000001,0
N=C1N=C(N)OC1=N,112.092,4,3,0,1,5,95.31,-0.7141600000000001,0
N=C1C=NN=C1CO,111.10399999999998,4,2,1,1,4,68.8,-0.5611300000000001,0
COC1=C(N)C(=N)O1,114.104,4,2,1,1,4,68.33,-0.23192999999999986,0
O=CCNC1=NOC1=O,128.087,5,1,2,1,5,67.75999999999999,-1.3548,0
CN=C1OC(N)=NC1=O,127.10300000000001,4,1,0,1,5,77.03999999999999,-1.1138000000000001,0
N=C1NCCOC(=O)O1,130.103,4,2,0,1,5,71.41,-0.32243,0
N=C1N=NC=C(N)C1=O,124.103,4,2,0,1,5,91.66,-0.2013299999999999,0
Nc1cnc(NC=O)[nH]1,126.11899999999999,3,3,2,1,5,83.79999999999998,-0.43980000000000036,0
N=C1NC(=O)C(=O)CO1,128.087,4,2,0,1,5,79.25000000000001,-1.36333,0
CC(N)C1=C(C#N)N=N1,122.131,4,1,1,1,4,74.53,0.5345800000000002,1
N=C1OC(=O)OC1=N,114.05999999999999,5,2,0,1,5,83.22999999999999,0.10774,0
COC1=NC(=N)NC1=O,127.103,3,2,0,1,5,74.53999999999999,-0.9041300000000003,0
N=CN1C=NC(C=O)N1,126.11899999999997,4,2,2,1,5,68.55,-1.0330300000000001,1
N=C1OC(=N)C1OCO,130.103,5,3,2,1,5,86.39,-0.6938600000000001,0
Nc1n[nH]nc1C=NC=O,139.118,4,2,2,1,6,97.02000000000001,-1.0378000000000005,0
N=c1ncc(N)c(N)o1,126.11900000000001,5,3,0,1,5,101.92,-0.6815300000000004,0
Cn1cnc(=N)c(=O)o1,127.10299999999998,5,1,0,1,5,71.88,-1.1472300000000002,0
CN=C1N=C(N)C(O)=N1,126.119,2,2,0,1,5,83.33,-0.7004999999999999,0
Cn1c(C=O)n[nH]c1=N,126.119,4,2,1,1,5,74.53,-0.9598300000000002,0
CN=c1nnc(CO)n[nH]1,141.134,5,2,1,1,6,87.05000000000001,-1.7775,0
N=CC1OC(=N)COC1=N,141.13,5,3,1,1,5,90.00999999999999,0.005910000000000193,1
N=C1COC(=O)N=CN1,127.103,3,2,0,1,5,74.53999999999999,-0.26823000000000013,0
N=CN1CC(=O)NCN1,128.135,3,3,1,1,5,68.22,-1.5126299999999993,0
N=CN1COC(=N)C1=N,126.11899999999999,4,3,1,1,5,84.02000000000001,-0.16229000000000016,0
N=C1C(=O)N=CN=C1N,124.10300000000001,4,2,0,1,5,91.66,-1.06813,0
CC(=O)C1=NC(N)=N1,111.10400000000001,4,1,1,1,4,67.81,-0.6978,0
N=Cc1nocc1N,111.104,4,2,1,1,4,75.9,0.25447000000000003,0
COc1nc(=N)[nH]n1C=O,142.118,5,2,2,1,6,83.75999999999999,-1.26243,0
CNC1=CC(=O)NC1=N,125.131,3,3,1,1,4,64.98,-0.8032300000000001,0
Cn1ncnc1C=N,110.11999999999999,4,1,1,1,4,54.56,-0.18722999999999973,0
N=C1OCC(O)C(=N)O1,130.10299999999998,5,3,0,1,5,86.39,-0.6938600000000001,1
N=C1OC=NC(=O)CO1,128.087,4,1,0,1,5,71.74,-0.47713000000000005,0
N=CC1OCOC(=N)O1,130.103,5,2,1,1,5,75.39,-0.08225999999999994,1
Nc1ncc(CO)c(=O)[nH]1,141.13,4,3,1,1,5,92.0,-1.1556000000000002,0
COc1nc[nH]c(=O)c1N,141.12999999999997,4,2,1,1,5,81.0,-0.6393,0
CC(=O)c1nn[nH]c1N,126.11900000000001,4,2,1,1,5,84.66,-0.41050000000000003,0
N=C1N=C(CO)N=C1N,126.119,4,3,1,1,5,94.82,-1.2747300000000001,0
N=C1OC(=O)OC1=N,114.05999999999999,5,2,0,1,5,83.22999999999999,0.10774,0
C#CC1=NC(N)=NC1=O,121.099,3,1,0,1,4,67.81,-1.0845,0
Cn1oncc1=N,99.09299999999999,4,1,0,1,4,54.81,-0.5074299999999998,0
N=C1OCC(O)C(=N)O1,130.10299999999998,5,3,0,1,5,86.39,-0.6938600000000001,1
N=CN1C(=CN)N=C1O,126.11899999999999,3,3,1,1,5,85.7,-0.41933000000000004,0
Cc1[nH]nnc1NC=O,126.11899999999999,3,2,2,1,5,70.67,-0.31858000000000025,0
CC(=O)n1cn[nH]c1=O,127.103,4,1,0,1,5,67.75,-0.7685,0
C#Cc1nnc(O)o1,110.07199999999997,4,1,0,1,4,59.150000000000006,-0.2435000000000001,0
CC1(C=N)NC(=N)O1,113.11999999999999,3,3,1,1,4,68.96000000000001,-0.09326000000000023,1
Cc1n[nH]nc1CO,113.11999999999999,3,2,1,1,4,61.8,-0.39458000000000004,0
CNC1NC(=O)OC1=N,129.119,4,3,1,1,5,74.21000000000001,-0.7510300000000001,1
N=C(O)C1=CNC1=O,112.08799999999998,2,3,1,1,4,73.18,-0.46463000000000004,0
N#CC(N)C1=NC=[N+]1[O-],124.103,4,1,1,1,5,88.24000000000001,-1.2120199999999999,1
N=C1NCOC(C=O)O1,130.10299999999998,4,2,1,1,5,71.41,-0.9599300000000002,1
CN=C1N=C(N)C=[N+]1[O-],126.119,3,1,0,1,5,76.80999999999999,-1.0758999999999999,0
N=C1OCC(=N)C(N)C1=O,141.13,5,3,0,1,5,100.02000000000001,-1.0899600000000003,1
CN=c1nc[nH]c(=O)[nH]1,126.11899999999999,3,2,0,1,5,73.9,-1.3714999999999997,0
N=C1OCC(=O)NC1=O,128.087,4,2,0,1,5,79.25,-1.36333,0
O=C1ON=C1C=NCO,128.087,5,1,2,1,5,71.25,-1.0802,0
N#CCn1on(C=O)c1=N,140.10199999999998,6,1,2,1,6,87.71000000000001,-1.0760500000000002,0
CC1OC(=N)OC(=O)O1,131.087,5,1,0,1,5,68.61,0.4505699999999999,1
N=C(N)C1=NN=CC1=N,123.119,4,3,1,1,5,98.44,-0.6174600000000001,0
NC1=NN=C1C=NC=O,124.10299999999998,4,1,2,1,5,80.16999999999999,-1.0596,0
N=C1C#CC(N)N=N1,108.10400000000001,3,2,0,1,4,74.59,-0.2823300000000001,1
NC(=O)C1=NC(=O)O1,114.05999999999999,3,1,1,1,5,81.75000000000001,-0.9796,0
O=CC1=NC(CO)=N1,112.088,4,1,2,1,4,62.019999999999996,-1.0118,0
N=Nc1ocnc1CO,127.103,5,2,2,1,5,82.47,0.8293699999999999,0
N=CC1N=COC(=N)N1,126.11899999999999,4,3,1,1,5,81.32,-0.4550600000000002,1
NC1=C(N)C(=O)C=N1,111.10399999999998,4,2,0,1,4,81.47,-1.2736000000000003,0
N=C1COCC(=N)OCN1,143.14600000000002,4,3,0,1,5,78.19,-0.4651600000000002,0
CNc1noc(=O)n1C=N,142.118,6,2,2,1,6,83.91,-0.66683,0
N=C1OCOCC(=O)O1,131.087,5,1,0,1,5,68.61,-0.5313300000000001,0
NCn1c(C=O)cnc1N,140.14599999999996,5,2,2,1,5,86.92999999999999,-0.8060000000000005,0
CC1=NC(N)=NC1=O,111.104,3,1,0,1,4,67.81,-0.6978,0
O=CNC1=NC=NC1=O,125.08699999999999,3,1,1,1,5,70.89,-1.3006000000000002,0
N=C1N=CCOC(=N)O1,127.103,4,2,0,1,5,78.52,-0.026460000000000095,0
N=C(O)C1=NOC1=O,114.05999999999999,4,2,1,1,5,82.74000000000001,-0.5655300000000001,0
CC(=O)C1=NN=C1N,111.10400000000001,4,1,1,1,4,67.81,-0.6978,0
N=Cn1oc(=N)oc1=O,129.075,6,2,1,1,6,95.98000000000002,-1.0310599999999999,0
CC(=O)n1cnc(N)n1,126.11900000000001,5,1,0,1,5,73.8,-0.47959999999999997,0
N=C1C=C(O)N=C1C=O,124.09899999999998,4,2,1,1,4,73.50999999999999,0.059069999999999956,0
N=C1OC(N)=NC1=O,113.07600000000001,4,2,0,1,5,88.53,-1.1648300000000003,0
N=CC1=NC(=N)N=C1N,123.11900000000001,3,3,1,1,5,98.44,-0.6174600000000001,0
N#CC1=NC=NC1=N,106.088,3,1,0,1,4,72.36,-0.029849999999999988,0
N=CN1OCCOC1=O,130.103,4,1,1,1,5,62.62000000000001,-0.022729999999999917,0
N=CC1CNC(=O)OC1=O,142.11399999999998,4,2,1,1,5,79.25,-0.4814300000000002,1
N=C1OCOC(=O)C(=N)O1,144.08599999999998,6,2,0,1,6,92.46000000000001,-0.5540600000000002,0
N=C1OCNC(=O)CO1,130.10299999999998,4,2,0,1,5,71.41,-0.9583300000000003,0
N=C1NCOC(C=O)CO1,144.12999999999997,4,2,1,1,5,71.41,-0.91743,1
N=CC1OC(=N)C1O,114.10399999999998,4,3,1,1,4,77.16,-0.6270599999999998,2
N=C1N=C(CO)N=C1O,127.10299999999998,3,3,1,1,5,89.03,-0.67543,0
N=C(O)c1coc(=N)[nH]1,127.10299999999998,3,4,1,1,5,96.85999999999999,-0.02945999999999993,0
COC1=NC(N)=NC1=O,127.10300000000001,4,1,0,1,5,77.03999999999999,-1.1138000000000001,0
N=C1N=C(C=O)N=C1N,124.103,4,2,1,1,5,91.66,-1.06813,0
CNC(=N)c1cnno1,126.119,4,2,1,1,5,74.80000000000001,-0.38563000000000036,0
CC1NC(=N)OCC(=N)O1,143.146,4,3,0,1,5,78.19000000000001,-0.11915999999999988,1
N=C1COC(C=O)=CN1,126.11499999999998,3,2,1,1,4,62.18,-0.37623,0
N=C1N=C(N)C(=O)O1,113.076,4,2,0,1,5,88.53000000000002,-1.16483,0
N=C1NC(=O)C(=N)O1,113.076,4,3,0,1,5,86.03000000000002,-0.9551600000000002,0
N=C1COC(=N)OCN1,129.119,4,3,0,1,5,78.19,-0.5076600000000002,0
N=C1OC(=N)C(C=O)O1,128.087,5,2,1,1,5,83.23,-0.48726000000000025,1
N=C1OC(CO)OC1=N,130.103,5,3,1,1,5,86.39000000000001,-0.6938600000000001,0
N=C1N=C(N)N=C1C=O,124.103,4,2,1,1,5,91.66,-1.06813,0
N=CN1NCOC1=O,115.09199999999998,4,2,1,1,5,65.42000000000002,-0.49222999999999995,0
N=C1COCNC(=O)N1,129.119,3,3,0,1,5,74.21,-0.7494300000000003,0
N=C1N=C(CO)OC1=N,127.10299999999998,4,3,1,1,5,89.52000000000001,-0.6380600000000003,0
Cc1noc(=O)n1CO,130.103,5,1,1,1,5,68.26,-0.9054800000000001,0
CC(=N)Oc1nc1=O,112.088,4,1,1,1,4,63.04,-0.30663,0
Nc1ncc(C=O)c(N)n1,138.13,5,2,1,1,5,94.89,-0.5465000000000002,0
N#CCc1n[nH]nc1N,123.11900000000001,4,2,1,1,5,91.38,-0.5470200000000003,0
Nc1conc1CO,114.104,4,2,1,1,4,72.28,-0.2508999999999998,0
Nc1coc(=O)c(N)n1,127.10300000000001,5,2,0,1,5,95.14,-0.8008,0
N=C1OCOC(=O)C1=O,129.071,5,1,0,1,5,76.45,-0.9363300000000001,0
N=C1OCOC(=N)C1=O,128.087,5,2,0,1,5,83.22999999999999,-0.48566000000000015,0
COC1=NC(=N)C(O)=N1,127.103,3,2,0,1,5,78.03,-0.06383000000000005,0
CC(=O)n1nc(O)[nH]1,115.09199999999998,4,2,0,1,5,70.91,-0.4231000000000002,0
Cc1ncc(NC=O)nn1,138.13,4,1,2,1,5,67.77000000000001,-0.25168000000000007,0
N#CC(=N)n1nco1,110.076,5,1,0,1,5,78.60000000000001,-0.17495,0
N=CC1=C(N)N=CC1=N,122.131,4,3,1,1,4,86.08000000000001,-0.08955999999999997,0
NC(=O)c1cnn[nH]1,112.092,3,2,1,1,5,84.66,-1.0964000000000003,0
N=C1OC(N)=C1C=O,112.088,4,2,1,1,4,76.16999999999999,-0.6369300000000002,0
N=CC1=NC(=O)C(N)=N1,124.10300000000001,4,2,1,1,5,91.66,-1.06813,0
CC(O)C1=NC(N)=N1,113.12000000000002,4,2,1,1,4,70.97,-0.9060000000000001,1
N=C1CNCOC(=O)N1,129.119,4,3,0,1,5,74.21,-0.7494300000000003,0
COC1=NC(=N)N=C1O,127.103,2,2,0,1,5,78.03,-0.06383000000000005,0
CNC(=N)C1=NC(N)=N1,125.13500000000002,4,3,1,1,5,86.62,-1.0901299999999996,0
CC1=NC(=O)N=C1N,111.104,2,1,0,1,4,67.81,-0.061899999999999844,0
N=C1OC(=N)C(=O)O1,114.05999999999999,5,2,0,1,5,83.23,-0.5281600000000002,0
NCC1=NC(=O)C=N1,111.10399999999998,3,1,1,1,4,67.81,-1.0453999999999999,0
CC(O)C1=NN=C1N,113.12000000000002,4,2,1,1,4,70.97,-0.9060000000000001,1
N=COCc1nc(N)co1,141.13,5,2,3,1,5,85.13,0.3804700000000002,0
N=C1OC(=O)OCC1=NN,143.10199999999998,6,2,0,1,6,97.75999999999999,-0.5548299999999999,0
Nc1oncc1C=O,112.08799999999998,4,1,1,1,4,69.12,0.06930000000000003,0
CC(=O)OC1=NN=C1,112.08800000000001,4,0,0,1,4,51.019999999999996,-0.05259999999999998,0
N=C1N=C(C(=N)O)N1,112.09199999999998,2,4,1,1,5,92.32000000000001,-0.5418600000000002,0
CN=c1[nH]ncnc1N,125.135,4,2,0,1,5,79.95,-1.0826,0
NC1=NN=C1CCO,113.11999999999999,4,2,2,1,4,70.97,-0.9043999999999999,0
N=C1C(=O)NN=C1N,112.09200000000001,4,3,0,1,5,91.33,-1.5918299999999999,0
Cc1n[nH]c(=N)n1CO,128.135,4,3,1,1,5,77.69,-1.0511100000000002,0
N=C1CNCOC(=N)CO1,143.146,5,3,0,1,5,78.19000000000001,-0.46516000000000046,0
N=C1NC(=O)OC1=N,113.076,4,3,0,1,5,86.03,-0.3192599999999998,0
O=C1NN=CC1=NO,113.07599999999998,4,2,0,1,5,74.05,-1.0678000000000003,0
CC(=O)n1cnc(O)n1,127.103,5,1,0,1,5,68.01,-0.3562,0
N=CN1OC(=N)C1=O,113.076,4,2,1,1,5,77.24000000000001,-0.6554600000000002,0
N=C1CON=CN1C=O,127.10299999999998,4,1,1,1,5,65.75,-0.6044300000000002,0
COC1=NC(=N)C(N)=N1,126.11900000000001,4,2,0,1,5,83.82,-0.6631300000000002,0
CC1NC(=O)OC(=N)O1,130.10299999999998,4,2,0,1,5,71.41,0.02357000000000009,1
N=C1OCC(=O)OC1=N,128.087,5,2,0,1,5,83.22999999999999,-0.48566000000000015,0
C#CC(O)c1nc1=N,108.10000000000001,3,2,1,1,3,56.970000000000006,-0.8967300000000002,1
CC1=C(O)C(=N)C(O)=N1,126.115,3,3,0,1,4,76.67,0.7657700000000001,0
N=CN1NCOC1C=O,129.11899999999997,4,2,2,1,5,65.42000000000002,-1.0872300000000001,1
N=C1C=C(O)N=C1N,111.104,4,3,0,1,4,82.46,-0.22362999999999988,0
COC1=C(N)C(=N)N=C1,125.131,3,2,1,1,4,71.46000000000001,-0.13522999999999985,0
N#CCc1noc(O)n1,125.08699999999999,5,1,1,1,5,82.94,-0.15872000000000008,0
CNC(=O)c1conn1,127.103,4,1,1,1,5,68.02000000000001,-0.5708000000000002,0
N#CC1N=CN(C=N)O1,124.10299999999998,4,1,1,1,5,72.47,-0.28135000000000004,1
N=C1COC(=N)NCO1,129.119,4,3,0,1,5,78.19,-0.5076600000000002,0
CC(=O)C1=NC(=O)C=N1,124.09899999999999,3,0,1,1,4,58.86,-0.4151,0
N=CN1CC(=O)C(=O)O1,128.087,4,1,1,1,5,70.46000000000001,-1.06363,0
C#Cc1nonc1N,109.08800000000001,4,1,0,1,4,64.94,-0.36689999999999995,0
CCn1cnc(N)c1N,126.16300000000001,4,2,1,1,4,69.86,0.06740000000000007,0
N=C1COC(=O)NC1=O,128.087,4,2,0,1,5,79.25,-0.7274300000000002,0
N=C1NCNC(=O)CO1,129.119,3,3,0,1,5,74.21000000000001,-1.3853300000000002,0
CN=C1NC(=O)OC1=O,128.087,4,1,0,1,5,67.75999999999999,-0.7189000000000001,0
Nc1cc(N)n(C=O)n1,126.11900000000001,5,2,1,1,5,86.92999999999999,-0.9142000000000001,0
N=C1OCNC(=O)CO1,130.10299999999998,4,2,0,1,5,71.41,-0.9583300000000003,0
N=c1oc(=N)oc(=O)o1,130.059,6,2,0,1,6,104.19000000000001,-1.21526,0
CN=C1C(=N)ON1CO,129.119,4,2,1,1,5,68.91,-0.8110299999999999,0
N=CN1CC(=N)OCO1,129.119,4,2,1,1,5,69.4,-0.2079600000000001,0
COc1cnoc(=N)n1,127.103,5,1,1,1,5,72.0,-0.44233000000000006,0
N=C1CN(C=O)C(=N)O1,127.10299999999998,4,2,1,1,5,77.24000000000001,-0.61296,0
N=C1OCC(=O)C(=N)O1,128.087,5,2,0,1,5,83.23,-0.48566000000000015,0
N=CC1N=C(N)C(=N)O1,126.119,5,3,1,1,5,95.31000000000002,-0.67326,1
N=Cn1cc(N)[nH]c1=O,126.119,4,3,1,1,5,87.66,-0.78623,0
N=C1COC(=N)OCO1,130.103,5,2,0,1,5,75.39,-0.08066000000000012,0
N=C1CCOC(=O)C(N)N1,143.146,4,3,0,1,5,88.2,-1.21503,1
Cc1noc(=N)c(=O)o1,128.087,5,1,0,1,5,80.09,-0.5843100000000001,0
COC1=NC(=N)C(N)=N1,126.11900000000001,4,2,0,1,5,83.82,-0.6631300000000002,0
N=C1OC(=O)OCC1=O,129.071,5,1,0,1,5,76.44999999999999,-0.30043,0
CN=C1N=C(N)C(=N)O1,126.119,4,2,0,1,5,83.82000000000001,-0.66313,0
Nc1ncoc1C=NC=O,139.11399999999998,4,1,2,1,5,81.47999999999999,-0.16790000000000016,0
CN=C1N=C(F)N=C1N,128.11,3,1,0,1,5,63.099999999999994,-0.28899999999999987,0
N=CN1NCOCC1=N,128.135,4,3,1,1,5,72.20000000000002,-0.6349600000000002,0
O=Cc1nc(CO)n[nH]1,127.103,4,2,2,1,5,78.87,-0.8905000000000003,0
N=C1N=C(CO)C(=N)O1,127.10299999999998,4,3,1,1,5,89.52,-0.6380600000000001,0
NC=C1OC(O)C1=O,115.08799999999998,4,2,0,1,4,72.55000000000001,-1.2958,1
N=C1OC=C(N)C1=O,112.08800000000001,4,2,0,1,4,76.16999999999999,-0.6369300000000002,0
N=CC1=NC=NC1=N,108.104,3,2,1,1,4,72.42,0.09614,0
NC1=CC(=O)N=C1OC=O,140.09799999999998,4,1,1,1,5,81.75,-1.0593000000000001,0
N=Cn1nc(O)cc1N,126.11899999999999,5,3,1,1,5,87.92,-0.37393000000000004,0
CN(C#N)C1=CN=[N+]1[O-],124.103,4,0,1,1,5,65.46,0.17428,0
COC1=NC(=N)NC1=O,127.103,3,2,0,1,5,74.53999999999999,-0.9041300000000003,0
CC1=NC(NC=O)=C1N,125.13099999999999,3,2,2,1,4,67.48,-0.6653,0
N=C1OC(=O)NCC1=O,128.087,4,2,0,1,5,79.25,-0.7274300000000002,0
CC(=O)N1COC(=N)N1,129.119,3,2,0,1,5,65.42,-0.73803,0
NC(=O)OC1=CC(N)=N1,127.10300000000001,4,2,1,1,5,90.7,-0.7061,0
COC1=NC(=O)C(N)=N1,127.10300000000001,4,1,0,1,5,77.03999999999999,-1.1138000000000003,0
CC1OC(=N)NC1=O,114.10399999999998,3,2,0,1,4,62.18,-0.5439300000000002,1
CN=C(N)C1OC1=O,114.10399999999997,3,1,1,1,4,67.97999999999999,-1.1012,1
NC1=COC(=O)C1=O,113.07199999999999,4,1,0,1,4,69.39,-1.0876000000000001,0
N=C1COC(=N)OCN1,129.119,4,3,0,1,5,78.19,-0.5076600000000002,0
COC1=NC(N)=NC1=N,126.11900000000001,4,2,0,1,5,83.82,-0.66313,0
N=C1OCC=NC(N)CO1,143.14600000000002,5,2,0,1,5,80.69,-0.6764299999999999,1
Cc1nc(N)oc(=N)n1,126.119,5,2,0,1,5,88.79,-0.5603100000000001,0
Cn1nnc(C=N)c1O,126.11899999999997,5,2,1,1,5,74.79,-0.4816299999999999,0
N=CN1C(=O)NC1=O,113.07599999999998,3,2,1,1,5,73.26,-0.26133,0
CC(O)C1=CN=NC1=N,125.131,3,2,1,1,4,68.80000000000001,0.6941700000000001,1
N=C1C=C(N)N=C1O,111.104,3,3,0,1,4,82.46000000000001,-0.22363000000000027,0
N=C1NC(=N)C(=O)O1,113.076,4,3,0,1,5,86.03000000000002,-0.95516,0
COc1[nH]cnc1N,113.12,3,2,1,1,4,63.92999999999999,0.0004999999999998339,0
N=c1cc(CO)c(=O)oo1,143.09799999999998,5,2,1,1,5,87.42999999999999,-0.7954300000000001,0
N=C1OCC(=O)C(=N)O1,128.087,5,2,0,1,5,83.23,-0.48566000000000015,0
N=C1COC(=O)NC=N1,127.103,3,2,0,1,5,74.53999999999999,-0.26823000000000013,0
COC(=N)C1=NC(=O)N1,127.103,3,2,1,1,5,74.53999999999999,-0.2682300000000001,0
N=CNC1=C(O)C(O)=C1,126.11499999999997,3,4,2,1,4,76.34,0.4081700000000001,0
Nc1oncc1C=O,112.08799999999998,4,1,1,1,4,69.12,0.06930000000000003,0
CC(=O)c1ncnn1N,126.11900000000001,5,1,1,1,5,73.8,-0.8055000000000001,0
NCC1=NC(=O)C(N)=N1,126.119,4,2,1,1,5,93.83,-1.7589999999999995,0
N=C1N=CN1CCO,113.11999999999999,2,2,2,1,4,59.68000000000001,-0.7426299999999999,0
CN=C1N=NC1CN=O,126.11899999999999,4,0,2,1,5,66.50999999999999,0.6155000000000002,1
Nc1cnc(CO)nn1,126.119,5,2,1,1,5,84.92,-1.0539,0
N=C1OCC(=O)C(=N)O1,128.087,5,2,0,1,5,83.23,-0.48566000000000015,0
N=C1N=CC(N)=C1N,110.12000000000002,3,3,0,1,4,88.25,-0.8229300000000002,0
N=C1OCNC(=O)CO1,130.10299999999998,4,2,0,1,5,71.41,-0.9583300000000003,0
N=C1NC(C=O)C(=O)O1,128.087,4,2,1,1,5,79.25000000000001,-1.3649300000000002,1
CC(O)C1=NN=C1N,113.12000000000002,4,2,1,1,4,70.97,-0.9060000000000001,1
N=C1CC(=O)OC(=O)O1,129.07099999999997,5,1,0,1,5,76.45,0.047170000000000045,0
N=Cc1nn[nH]c1C=O,124.10299999999998,4,2,2,1,5,82.49000000000001,-0.38513,0
N=C1NCC(=O)OC1=N,127.103,4,3,0,1,5,86.03,-0.9126600000000002,0
NC1=NC(COC=O)=N1,127.10299999999998,5,1,3,1,5,77.04,-1.1138,0
CN1CC(=N)OCC(O)=N1,143.14600000000002,4,2,0,1,5,68.91000000000001,-0.20283000000000012,0
COC1=NC(=N)C(N)=N1,126.11900000000001,4,2,0,1,5,83.82,-0.6631300000000002,0
CNC1=NC(N)=CC1=O,125.13099999999999,4,2,0,1,4,67.47999999999999,-1.0129,0
N=Cc1nc(=N)cno1,124.103,5,2,1,1,5,86.62,-0.45326,0
O=c1nc(CO)nco1,128.087,5,1,1,1,5,76.22,-1.0779000000000003,0
N=CN1C(=N)OC1=N,112.09199999999998,4,3,1,1,5,84.02000000000001,-0.20478999999999992,0
COc1n[nH]c(=O)n1CO,145.118,5,2,2,1,6,80.14,-1.4702000000000004,0
NC(=O)C1=NN=C1N,112.09200000000001,4,2,1,1,5,93.83,-1.8014999999999999,0
N=C1N=C(CO)OC1=N,127.10299999999998,4,3,1,1,5,89.52000000000001,-0.6380600000000003,0
COc1c(O)cnn1N,129.119,5,2,1,1,5,73.3,-0.6889000000000003,0
NC1=NC=C1C(N)C=O,125.13099999999999,4,2,2,1,4,81.47,-1.2326999999999997,1
CC(=O)n1ncnc1N,126.119,5,1,0,1,5,73.8,-0.47959999999999997,0
N=CN1C(=O)C(=O)C1O,128.08699999999996,4,2,1,1,5,81.46000000000001,-1.6768300000000003,1
CNC1=NNC(=N)C1=N,125.13499999999999,4,4,0,1,5,84.12,-0.88046,0
O=CC1=CC(=O)N1O,113.07199999999999,3,1,1,1,4,57.61,-0.6994000000000002,0
O=CC1OCNC(=O)O1,131.087,4,1,1,1,5,64.63,-0.7747000000000002,1
N=C1COC(=N)C(=N)O1,127.103,5,3,0,1,5,90.01,-0.034989999999999966,0
CC1=NN=C(N)C1=O,111.104,4,1,0,1,4,67.81,-0.6978,0
N=Cn1c(N)cncc1=O,138.13,5,2,1,1,5,84.75999999999999,-0.71933,0
N=C1OC(C=O)=C1F,115.06299999999999,3,1,1,1,4,50.15,0.3738700000000001,0
CC1=NC(=O)C(N)=N1,111.104,3,1,0,1,4,67.81,-0.6978,0
CNc1nocnc1=N,126.11899999999999,5,2,1,1,5,74.80000000000001,-0.4092299999999999,0
COc1nncc(C=N)n1,138.12999999999997,5,1,2,1,5,71.75,-0.12213000000000002,0
NC1=NC(=O)N=CC1=O,125.08699999999997,3,1,0,1,5,84.88,-0.8829,0
CC(O)C1=NC(=N)N=C1,125.131,2,2,1,1,4,68.80000000000001,-0.17263,1
CC1=NC(=O)C(=O)N=N1,125.08699999999999,3,0,0,1,5,71.22,-0.07620000000000005,0
N=C1NC(=O)C(C=O)O1,128.087,4,2,1,1,5,79.25000000000001,-1.3649300000000002,1
N=C1COC(=N)OCO1,130.103,5,2,0,1,5,75.39,-0.08066000000000012,0
Cn1ncc(N)c1N,112.13600000000002,4,2,0,1,4,69.86,-0.4154999999999999,0
N=CC1=NC(O)=NC1=N,124.103,3,3,1,1,5,92.65,-0.018159999999999954,0
CC(=O)OC1OC1=O,116.07199999999999,4,0,1,1,4,55.9,-0.5676000000000001,1
N=C1COCOC(=O)N1,130.103,4,2,0,1,5,71.41,-0.32242999999999994,0
Nc1nc(=O)c(N)no1,128.091,6,2,0,1,6,108.03,-1.4058000000000002,0
COc1nonc1C=N,127.103,5,1,2,1,5,72.0,0.07586999999999994,0
Nc1ocnc1C=O,112.08799999999998,4,1,1,1,4,69.12,0.06930000000000014,0
N=C1COC(=N)OCO1,130.103,5,2,0,1,5,75.39,-0.08066000000000012,0
N=C1OC(N)N=C1C=O,127.103,5,2,1,1,5,88.53,-1.12393,1
Cn1cnc(NC=O)n1,126.11899999999999,4,1,2,1,5,59.81,-0.6166000000000003,0
Cc1nn[nH]c(=O)c1N,126.11899999999999,4,2,0,1,5,84.66,-0.9444800000000002,0
CN=C1NC(=O)OC1=N,127.10299999999998,4,2,0,1,5,74.53999999999999,-0.2682300000000001,0
O=C(O)c1co[nH]c1=O,129.071,3,2,1,1,5,83.29999999999998,-0.33390000000000003,0
N#CC1COCN1C=N,125.131,3,1,1,1,4,60.11,-0.22464999999999996,1
CC(=O)C1=NC(O)=N1,112.088,3,1,1,1,4,62.019999999999996,-0.09849999999999998,0
N=C1N=C(N)C(CN)=N1,125.13500000000002,3,3,1,1,5,100.61,-1.3083299999999998,0
N=C1N=C(CO)N=C1N,126.119,4,3,1,1,5,94.82,-1.2747300000000001,0
N=C1COCOC(=N)N1,129.119,4,3,0,1,5,78.19,-0.50766,0
CN=C1OC(=N)C(O)O1,130.10299999999998,5,2,0,1,5,74.9,-0.68533,1
NC1=CN=C(O)C1=NO,127.10299999999998,4,3,0,1,5,91.2,-0.41319999999999996,0
CC1(O)OC(=N)OC1=O,131.087,5,2,0,1,5,79.61000000000001,-0.7969300000000001,1
CN=C1C=C(O)N=[N+]1[O-],127.103,4,1,0,1,5,71.02,0.39019999999999994,0
N=C1NC=NCOC1=O,127.103,4,2,0,1,5,74.53999999999999,-0.9041300000000001,0
N=CNC1=NC(CO)CN1,142.162,4,4,2,1,5,80.5,-1.4968299999999999,1
NC(=O)n1nccc1N,126.11899999999999,4,2,0,1,5,86.93,-0.6079000000000003,0
N=CN1C(=O)NC1=O,113.07599999999998,3,2,1,1,5,73.26,-0.26133,0
Cc1nc(N)nn1C=O,126.119,5,1,1,1,5,73.8,-0.7929800000000002,0
N=C(N)C1=NC(O)=N1,112.092,3,3,1,1,5,94.82000000000001,-0.75153,0
N=C1NC(=O)N=C1N,112.09200000000001,3,3,0,1,5,91.33,-0.95593,0
NC(=O)OC1=CN=C1N,127.10300000000001,4,2,1,1,5,90.7,-0.7061,0
NC(=O)c1ncon1,113.076,4,1,1,1,5,82.01,-0.8315000000000003,0
N#CN=Cc1oncc1N,136.11399999999998,5,1,1,1,5,88.2,0.15678000000000003,0
N=C1COC(=N)NCO1,129.119,4,3,0,1,5,78.19,-0.5076600000000002,0
N=C1OC=CC(=O)NO1,128.087,4,2,0,1,5,71.41,-0.48713,0
CN1NCC(O)OC1=O,132.11899999999997,4,2,0,1,5,61.800000000000004,-1.1085999999999998,1
N=C1NCCOC(=N)O1,129.119,4,3,0,1,5,78.19000000000001,-0.50766,0
CN=C(N)C1NC(=O)O1,129.11899999999997,3,2,1,1,5,76.71,-0.9607000000000006,1
O=Cc1nnoc1C=O,126.07099999999997,5,0,2,1,5,73.06,-0.3054,0
Nc1nc(C=O)nc(=O)o1,141.08599999999998,6,1,1,1,6,99.08,-1.1755000000000002,0
N=CN1C(=N)NC1=O,112.09199999999998,3,3,1,1,5,80.04,-0.44656,0
N=C1NC(=O)C(=O)O1,114.05999999999999,4,2,0,1,5,79.25000000000001,-1.4058300000000001,0
N=C1N=C(O)CN=CO1,127.10299999999998,3,2,0,1,5,78.03,-0.06383000000000011,0
Cc1noc(=O)c(N)n1,127.10300000000001,5,1,0,1,5,82.01,-0.6795800000000003,0
Nc1[nH]ncc1C=O,111.10399999999997,3,2,1,1,4,71.77000000000001,-0.19560000000000038,0
N=C1OC(=N)C(=O)O1,114.05999999999999,5,2,0,1,5,83.23,-0.5281600000000002,0
N=c1[nH]c(=O)[nH]c(=O)o1,129.075,4,3,0,1,6,102.71,-1.8643299999999998,0
N=C1N=COC(=O)CO1,128.087,4,1,0,1,5,71.74,-0.47713000000000005,0
N=C1C=C(N)C(C=O)=N1,123.115,3,2,1,1,4,79.3,-0.5402300000000002,0
CN=C1N=C(N)NC1=O,126.119,3,2,0,1,5,79.84,-1.5408,0
N=c1[nH]c(=O)nco1,113.076,4,2,0,1,5,82.74,-1.15763,0
N=C1C(C=O)=CN=C1O,124.09899999999999,3,2,1,1,4,73.51,0.059069999999999956,0
Nc1cnc(=O)n(O)n1,128.09099999999998,6,2,0,1,6,94.03,-1.5422,0
N=C1OC(=O)NCC1N,129.119,4,3,0,1,5,88.2,-0.9692300000000003,1
CC(=N)N1COC1=O,114.10399999999998,3,1,0,1,4,53.39000000000001,0.39327,0
N=CN1C(=O)N1CC=O,127.10299999999998,3,1,3,1,5,64.00999999999999,-0.5550300000000001,0
N=C1OCC(=N)C(=O)O1,128.087,5,2,0,1,5,83.23,-0.48566000000000015,0
CC(=O)c1cnc(O)o1,127.09899999999998,4,1,1,1,4,63.33,0.5828,0
N#Cc1cnc(F)n1O,127.07799999999999,4,1,0,1,5,61.84,0.13117999999999996,0
N=CN1CC(=O)OCN1,129.119,4,2,1,1,5,65.42,-1.0856300000000003,0
Cn1cnc(=N)n1C=O,126.11899999999999,5,1,1,1,5,63.67,-1.2606300000000001,0
N=C1OC(=O)OCC1=O,129.071,5,1,0,1,5,76.44999999999999,-0.30043,0
N=CN1C=CNC1CO,127.14699999999998,3,3,2,1,4,59.35000000000001,-0.7117300000000002,1
CN=C1C=NC(CO)=N1,125.13099999999999,3,1,1,1,4,57.31,-0.5101000000000002,0
N=CN1CC(=O)C(=O)O1,128.087,4,1,1,1,5,70.46000000000001,-1.06363,0
N=c1occ(C(N)=O)o1,128.08700000000002,4,2,1,1,5,93.22000000000001,-0.5490299999999999,0
NN1C=CC(=O)C1=O,112.088,3,1,0,1,4,63.4,-1.2149,0
N=CN=CC1=NN=C1N,123.11900000000001,4,2,2,1,5,86.95,-0.60893,0
CC1(C(=N)N)OCO1,116.12,3,2,1,1,4,68.33000000000001,-0.35713000000000017,0
N=C1N=NC=C1C(N)=O,124.103,3,2,1,1,5,91.66,-0.2013299999999999,0
CNc1cnoc(=O)n1,127.103,5,1,1,1,5,68.02000000000001,-0.5285000000000002,0
Nc1ncn(C=O)c1N,126.11899999999999,5,2,1,1,5,86.92999999999999,-0.9142000000000001,0
NC1=NC=CNC(=O)O1,127.10299999999998,4,2,0,1,5,76.71,-0.48789999999999994,0
N=C1OCC(C=O)OC1=O,143.09799999999998,5,1,1,1,5,76.44999999999999,-0.8954300000000002,1
Cc1noc(=N)nc1C#N,136.114,5,1,0,1,5,86.56,-0.27082999999999996,0
CC1=NC(N)=NC1=O,111.104,3,1,0,1,4,67.81,-0.6978,0
N=C1CC(=N)OC(=O)N1,127.10299999999998,4,3,0,1,5,86.03,0.0708399999999999,0
O=CC1=CNC(=O)CNO1,142.11399999999998,4,2,1,1,5,67.43,-1.3223,0
CNC1=NC(=N)C(=O)O1,127.10299999999998,4,2,0,1,5,74.54,-0.9041300000000003,0
N=c1ncnc(C=O)[nH]1,124.10299999999998,4,2,1,1,5,82.49000000000001,-0.90333,0
COC(=O)c1nc[nH]n1,127.10300000000001,4,1,1,1,5,67.87,-0.4087,0
CC(C)c1non[n+]1[O-],129.119,4,0,1,1,5,65.86,-0.17359999999999975,0
N=Cn1cc(O)oc1=N,127.10299999999998,5,3,1,1,5,86.0,-0.27865999999999996,0
Nc1cn[nH]c1CO,113.11999999999999,3,3,1,1,4,74.92999999999999,-0.5158000000000001,0
N=CN1CNCC(=O)O1,129.11899999999997,4,2,1,1,5,65.42,-1.0856299999999999,0
N=CN1COC(=N)CN1,128.135,4,3,1,1,5,72.2,-0.6349600000000002,0
N=C1N=C(N)C(C=O)=N1,124.103,3,2,1,1,5,91.66000000000001,-1.06813,0
CN=C1OC(=O)N=C1N,127.10300000000001,4,1,0,1,5,77.03999999999999,-0.47789999999999994,0
N=COCc1[nH]ncc1O,141.13,4,3,3,1,5,81.99,0.23896999999999996,0
CNC1=NC(=O)C(N)=N1,126.119,4,2,0,1,5,79.84,-1.540799999999999,0
N=CC1=NC(=O)N=C1N,124.10300000000001,3,2,1,1,5,91.66,-0.43223000000000006,0
Cc1nnc(CC#N)o1,123.115,4,0,1,1,4,62.71,0.44409999999999994,0
NC1=NNC(=O)C1=O,113.07599999999998,4,2,0,1,5,84.54999999999998,-2.0425,0
CN=C1N=C(N)N1C=O,126.119,3,1,1,1,5,71.05,-1.2411,0
N=C1OCNC(C=O)O1,130.10299999999998,5,2,1,1,5,71.41,-0.9599300000000004,1
COC1=NC(=N)OC1=O,128.087,4,1,0,1,5,71.74000000000001,-0.47713,0
CN=C1N=NC(CN)=N1,125.135,3,1,1,1,5,75.46,-0.20479999999999998,0
NC1=NC(=O)C(C=O)=N1,125.08699999999997,4,1,1,1,5,84.88,-1.5188,0
CCC(=O)C1=NC(=N)O1,126.115,3,1,2,1,4,62.510000000000005,0.32897000000000004,0
NCc1onnc1N=O,128.091,6,1,2,1,6,94.37,-0.07380000000000003,0
N=C(CO)C1=NN=C1O,127.103,4,3,2,1,5,89.03,-0.67543,0
N=Cc1ncn[nH]c1=O,124.103,4,2,1,1,5,82.49000000000001,-0.8374300000000001,0
NCC(=O)C1=CN=C1N,125.131,4,2,2,1,4,81.47,-1.2311000000000003,0
CCC1=NC(=O)N1O,114.10399999999998,2,1,1,1,4,52.900000000000006,0.6197000000000001,0
CN=C1NCONC1=O,129.119,3,2,0,1,5,62.720000000000006,-1.3767999999999998,0
C#CC1=NC(=N)N=N1,106.08800000000001,2,1,0,1,4,60.93,0.4186700000000001,0
O=CNC1=CN=NC1=O,125.08699999999999,3,1,2,1,5,70.89,-0.4338000000000002,0
N=CN1C=NC(=O)OC1,127.10299999999998,3,1,1,1,5,65.75,0.031470000000000053,0
N=C1N=C(N)N=C1C=O,124.103,4,2,1,1,5,91.66,-1.06813,0
NC1N=CCOC(=O)N1,129.119,4,2,0,1,5,76.71000000000001,-0.9607000000000001,1
N=C1OCC(=N)C(=N)O1,127.103,5,3,0,1,5,90.01,-0.034989999999999966,0
COC1=C(O)C(=N)C=N1,126.11499999999998,4,2,1,1,4,65.67,0.46407,0
NC1=CC(=O)N=C1N,111.10400000000001,3,2,0,1,4,81.47,-1.2736000000000003,0
N=C1COC(=N)C(=N)O1,127.103,5,3,0,1,5,90.01,-0.034989999999999966,0
N=CN1CC(=N)OCO1,129.119,4,2,1,1,5,69.4,-0.2079600000000001,0
CN1OCNC(=O)C1=O,130.10299999999998,3,1,0,1,5,58.64,-1.5363000000000004,0
COc1nonc1NC=N,142.118,5,2,3,1,6,84.03,0.09716999999999987,0
COC(=O)C1=NNC1=N,127.10300000000001,4,2,1,1,5,74.53999999999999,-0.9041300000000001,0
Cc1ncc(NC=O)nn1,138.13,4,1,2,1,5,67.77000000000001,-0.25168000000000007,0
N=C(C=O)N1OCC1=O,128.087,4,1,1,1,5,70.46000000000001,-1.06363,0
N=CN1CC(=O)C(=N)O1,127.10299999999998,4,2,1,1,5,77.24000000000001,-0.61296,0
CN=C1N=NC(N)=N1,111.108,3,1,0,1,5,75.46,-0.24729999999999996,0
CC(=O)N1C=NC1=N,111.104,2,1,0,1,4,56.52,-0.18842999999999993,0
N=c1[nH]cnc(CO)[n+]1[O-],142.118,4,3,1,1,6,99.7,-1.98513,0
N=C1NC(C=O)NCO1,129.119,4,3,1,1,5,74.21000000000001,-1.38693,1
N=CC1=NC(N)=NC1=O,124.10300000000001,4,2,1,1,5,91.66,-1.0681300000000002,0
Cn1ncnc1CO,113.11999999999999,4,1,1,1,4,50.94,-0.6926000000000001,0
N#CCc1cnoc1N,123.115,4,1,1,1,4,75.84,0.32288000000000006,0
N=c1nc(CO)nco1,127.10299999999998,5,2,1,1,5,83.0,-0.9586300000000001,0
N=C1NC(=O)C(=N)O1,113.076,4,3,0,1,5,86.03000000000002,-0.9551600000000002,0
N#CC(=N)N1COC1=N,124.103,4,2,0,1,5,83.96000000000001,-0.2882799999999998,0
N=C1OCOC(N)CO1,132.119,5,2,0,1,5,77.56,-0.7731299999999999,1
N=c1[nH]c(=O)oc(=N)o1,129.075,5,3,0,1,6,106.83999999999999,-1.4801599999999997,0
NC1N=C(C=O)C(=O)O1,128.087,5,1,1,1,5,81.75,-1.5746000000000002,1
NCC1=NC(=O)N=C1N,126.119,3,2,1,1,5,93.83,-1.1231,0
N=C1CNC(=O)C(=N)O1,127.10299999999998,4,3,0,1,5,86.03000000000002,-0.9126600000000002,0
COC1=NC(=N)N=C1O,127.103,2,2,0,1,5,78.03,-0.06383000000000005,0
O=Cc1ncnoc1=O,126.07099999999998,5,0,1,1,5,73.06,-0.7577,0
COC1=NC(N)=C1CO,128.131,4,2,1,1,4,67.84,-0.7925000000000002,0
N=C1COC(=O)N=CO1,128.087,4,1,0,1,5,71.74,0.15877000000000002,0
N=C1NCC(=O)OCO1,130.103,4,2,0,1,5,71.41000000000001,-0.9583300000000001,0
CC1OC(=N)OC(=O)O1,131.087,5,1,0,1,5,68.61,0.4505699999999999,1
N=CN1OCCOC1=N,129.119,4,2,1,1,5,69.4,-0.2079600000000001,0
N=C1OCC(=O)C(=N)O1,128.087,5,2,0,1,5,83.23,-0.48566000000000015,0
Nc1cn(N)c(=O)cn1,126.119,5,2,0,1,5,86.92999999999999,-1.4607000000000003,0
CN=C1CNC(=O)OCO1,144.12999999999997,4,1,0,1,5,59.92,-0.2714000000000001,0
Cc1nn[nH]c(=O)c1N,126.11899999999999,4,2,0,1,5,84.66,-0.9444800000000002,0
COC1=NC(NC=O)=C1,126.11499999999998,3,1,2,1,4,50.69,-0.36770000000000014,0
Nc1ncn(C=O)n1,112.09199999999998,5,1,1,1,5,73.8,-1.1014000000000002,0
N=CCc1cn(N)c(N)n1,139.162,5,3,2,1,5,93.71,-0.6288300000000002,0
N=C1N=CN=C1CCO,125.13099999999999,3,2,2,1,4,68.8,-0.17102999999999996,0
COC1=CN=C1NC=O,126.11499999999998,3,1,2,1,4,50.69,-0.3677000000000001,0
N=C1NC(=N)C(=O)O1,113.076,4,3,0,1,5,86.03000000000002,-0.95516,0
N=CC(N)C1COCO1,130.147,4,2,2,1,4,68.33000000000001,-0.6638300000000001,2
CNc1n[nH]nc1C=O,126.11899999999999,4,2,2,1,5,70.67,-0.34110000000000035,0
COc1conc1C=O,127.09899999999999,4,0,2,1,4,52.330000000000005,0.4956999999999999,0
N=C1OC(=O)C(C=O)O1,129.07099999999997,5,1,1,1,5,76.45,-0.9379300000000002,1
N=C1N=C(CO)C=[N+]1[O-],127.10299999999998,3,2,1,1,5,82.50999999999999,-1.0508300000000002,0
NC1(C=O)N=COCN1,129.119,5,2,1,1,5,76.71000000000001,-1.5966,1
COC1=NC(=O)C(N)=C1,126.115,3,1,0,1,4,64.67999999999999,-0.5859000000000001,0
N=C1NC(=O)NCCO1,129.119,3,3,0,1,5,74.21000000000001,-0.74943,0
N=C1NC(C=O)C(=O)O1,128.087,4,2,1,1,5,79.25000000000001,-1.3649300000000002,1
N=CC1OC(=O)N1C=N,127.103,4,2,2,1,5,77.24000000000001,0.021340000000000192,1
N=C1NC(=O)N=C1O,113.076,2,3,0,1,5,85.54,-0.35663000000000006,0
CC1=C(N)C(=N)N=N1,110.12,3,2,0,1,4,74.59,0.6196700000000002,0
COC1=NC(=N)N=C1N,126.11900000000001,3,2,0,1,5,83.82,-0.66313,0
NCC1=[N+]([O-])C(C=O)=N1,127.10299999999998,4,1,2,1,5,81.52,-1.5350999999999992,0
Cn1nncc1CO,113.11999999999998,4,1,1,1,4,50.94,-0.6926000000000001,0
COC1=[N+]([O-])C(=N)N=C1,127.103,3,1,0,1,5,71.50999999999999,-0.43923000000000023,0
N=CN1CC(=O)OCN1,129.119,4,2,1,1,5,65.42,-1.0856300000000003,0
N=c1oc(CO)ncc1N,141.12999999999997,5,3,1,1,5,96.13,-0.7714300000000003,0
N=C1OCC1=NCO,114.104,4,2,1,1,4,65.67,-0.6153300000000002,0
NC1=NC(=O)C(C=O)=N1,125.08699999999997,4,1,1,1,5,84.88,-1.5188,0
N=CN1CONC(=O)C1,129.11899999999997,3,2,1,1,5,65.42000000000002,-1.0856299999999999,0
N=C1NC(C=O)OC1=O,128.087,4,2,1,1,5,79.25,-1.3649300000000002,1
Cn1ncc(=N)oc1=O,127.103,5,1,0,1,5,71.88,-1.1472300000000002,0
CC(=O)C1=NOC1=N,112.088,4,1,1,1,4,62.51,-0.06112999999999996,0
CC1=NNN=CC(=O)N1[O-],141.10999999999999,5,1,0,1,6,80.12,-0.7647999999999999,0
N=C1OC=NC(C=O)O1,128.087,5,1,1,1,5,71.74,-0.4787300000000001,1
N=c1ncc(=O)nco1,125.08699999999999,5,1,0,1,5,79.84,-1.09073,0
N=C1OC(CO)=NC1=O,128.087,4,2,1,1,5,82.74000000000001,-1.0887300000000002,0
N=CC1=NC=NC1=N,108.104,3,2,1,1,4,72.42,0.09614,0
NC(=O)c1nc[nH]n1,112.092,3,2,1,1,5,84.66000000000001,-1.0964000000000005,0
N=C(O)C1=NNC1=O,113.076,3,3,1,1,5,85.53999999999999,-0.9925300000000001,0
N=c1nccc(F)n[n+]1[O-],142.09300000000002,4,1,0,1,6,76.57000000000001,-1.2714299999999998,0
N=C1OCOC(=O)C1=N,128.087,5,2,0,1,5,83.23,-0.48566000000000015,0
N=C(O)C1=NC(O)=N1,113.076,3,3,1,1,5,89.03,-0.1522300000000002,0
Cn1cnnc1NC=N,125.13499999999999,4,2,2,1,5,66.59,-0.16593000000000052,0
O=c1nc[nH]c(CO)n1,127.10299999999998,4,2,1,1,5,78.87,-1.3428000000000002,0
N=CC1=C(N)C(=N)O1,111.104,4,3,1,1,4,82.95,-0.18625999999999998,0
N=C1CONC(=O)O1,116.07599999999998,4,2,0,1,5,71.41,-0.36493000000000014,0
N=C1N=C(N)C(CN)=N1,125.13500000000002,3,3,1,1,5,100.61,-1.3083299999999998,0
COc1n[nH]c(N)nc1=O,142.118,5,2,1,1,6,93.88999999999999,-1.2443000000000002,0
N=C1CN=NCOC1C=O,141.12999999999997,5,1,1,1,5,74.87,0.01356999999999986,1
COc1n[nH]cnc1=N,126.11899999999999,4,2,1,1,5,74.65,-0.70723,0
O=C1CCN=NC(=O)O1,128.087,4,0,0,1,5,68.09,0.5055000000000001,0
Nc1c[n+]([O-])c(N)cn1,126.119,4,2,0,1,5,91.86999999999999,-1.1206,0
N=Cn1[nH]c(=O)[nH]c1=O,128.09099999999998,4,3,1,1,6,94.5,-1.6801300000000001,0
N=C1N=COCOC1=N,127.103,4,2,0,1,5,78.52000000000001,-0.026460000000000095,0
Nc1ncc(CO)c(=O)[nH]1,141.13,4,3,1,1,5,92.0,-1.1556000000000002,0
NC1=NC(=O)C(C=O)=N1,125.08699999999997,4,1,1,1,5,84.88,-1.5188,0
N=CN1C(=N)COC1=O,127.10299999999998,4,2,1,1,5,77.24000000000001,0.022940000000000016,0
NCc1c[nH]c(C=O)n1,125.13099999999997,3,2,2,1,4,71.77000000000001,-0.31910000000000033,0
CC(=N)Nc1ncno1,126.119,4,2,1,1,5,74.80000000000001,0.4786699999999998,0
NC1=NCN=C(O)CO1,129.11899999999997,4,2,0,1,5,80.2,-0.7547000000000001,0
COC(=N)C1=NC(=O)O1,128.087,4,1,1,1,5,71.74,0.15876999999999997,0
N=c1occnc1O,112.088,4,2,0,1,4,70.11,-0.14032999999999995,0
COC1CN=NC(=O)N1,129.119,3,1,1,1,5,63.050000000000004,0.13429999999999992,1
CC(=O)C1=NNC1=N,111.104,3,2,1,1,4,65.31,-0.4881300000000001,0
N#CC(N)N1C=NC1=N,123.11899999999999,3,2,1,1,5,89.25999999999999,-0.9265500000000002,1
N=C1NCC(=O)NC1=N,126.119,3,4,0,1,5,88.83000000000001,-1.3396599999999999,0
N=C1COCOC(=N)O1,130.103,5,2,0,1,5,75.39,-0.0806599999999999,0
CNC1=C(N)C(=N)N=N1,125.13500000000002,4,3,1,1,5,86.61999999999999,-0.22332999999999992,0
Cc1nnc(N)nc1C=O,138.13,5,1,1,1,5,81.75999999999999,-0.4252800000000003,0
C#CC(=O)NC1=NC=C1,120.11099999999998,2,1,0,1,3,41.46,-0.33840000000000003,0
COC1=NOC(=N)C1=N,127.103,5,2,0,1,5,78.52000000000001,-0.02646000000000004,0
N=C1OCC(=O)OC1=N,128.087,5,2,0,1,5,83.22999999999999,-0.48566000000000015,0
NC1=NNN=C=C1C=O,124.10299999999998,5,2,1,1,5,79.84,-1.4282000000000001,0
COC1=NC(=O)C(N)=N1,127.10300000000001,4,1,0,1,5,77.03999999999999,-1.1138000000000003,0
N=C1OC(N)=C1NC=O,127.103,4,3,2,1,5,88.19999999999999,-1.1323300000000003,0
NC1=C(CO)C(C=O)=N1,126.11499999999998,4,2,2,1,4,75.68,-1.1975000000000002,0
N=C1NC(C=O)C(=N)O1,127.103,4,3,1,1,5,86.03000000000002,-0.9142600000000001,1
CC(=O)n1ncc(=N)[nH]1,126.11899999999999,4,2,0,1,5,74.53,-0.6492300000000002,0
CNC(=N)N1OC1=O,115.09199999999998,3,2,0,1,5,68.49000000000001,-0.4922300000000001,0
N=C1CC(N)C(=O)CO1,128.131,4,2,0,1,4,76.17,-0.7196300000000002,1
N#CNC1=NN=C1CO,124.103,5,2,1,1,5,80.77,-1.1825200000000002,0
CNC1=NC(N)=NC1=N,125.135,4,3,0,1,5,86.62,-1.0901299999999996,0
N=C1N=C(N)N=C1C=O,124.103,4,2,1,1,5,91.66,-1.06813,0
N=C1OCCOC(=N)O1,130.103,5,2,0,1,5,75.39,-0.0806599999999999,0
Nc1[nH]oc(=O)c1NCO,145.118,5,4,2,1,6,104.28000000000002,-1.0882,0
N=c1oc(=N)oc(=O)o1,130.059,6,2,0,1,6,104.19000000000001,-1.21526,0
COC1=C(O)C(=N)N=N1,127.103,4,2,1,1,5,78.03,0.80297,0
CN=C1N=CC(N)=[N+]1[O-],126.119,3,1,0,1,5,76.80999999999999,-1.0758999999999999,0
N=c1[nH]nc(CO)n1CO,144.13400000000001,5,4,2,1,6,97.92,-1.8672300000000002,0
Cc1cnc(C=N)nn1,122.131,4,1,1,1,4,62.52,0.17768999999999996,0
N=C1COC(=N)NCO1,129.119,4,3,0,1,5,78.19,-0.5076600000000002,0
N#CC(O)C1=NOC1=N,125.087,5,2,1,1,5,89.46000000000001,-0.7656500000000002,1
N=C1N=COC(=O)CO1,128.087,4,1,0,1,5,71.74,-0.47713000000000005,0
CC(O)C1=NN=NC1=N,126.11900000000001,4,2,1,1,5,81.16,0.16626999999999992,1
N=C1OC(=O)NCC1=O,128.087,4,2,0,1,5,79.25,-0.7274300000000002,0
CNC(=N)N1OCC1=O,129.119,3,2,0,1,5,65.42000000000002,-1.08563,0
N=C1N=CC(CN)=[N+]1[O-],126.11900000000001,3,2,1,1,5,88.30000000000001,-1.08443,0
CN1COC(=O)C(=N)O1,130.10299999999998,5,1,0,1,5,62.620000000000005,-0.6586300000000003,0
N=C1CN=CNC(=O)O1,127.10299999999998,4,2,0,1,5,74.54,-0.26823000000000013,0
N=CC1NCOC(=O)N1,129.119,4,3,1,1,5,74.21,-0.7510300000000001,1
N=CN=Cc1conc1N,138.12999999999997,4,2,2,1,5,88.26,0.2827700000000001,0
Cn1cc(NC=N)cn1,124.14699999999999,3,2,2,1,4,53.7,0.43906999999999996,0
CN=c1onncc1O,127.10299999999998,5,1,0,1,5,71.51,-0.6943000000000004,0
CN=c1nc(CO)c1=N,125.13099999999999,4,2,1,1,4,69.33000000000001,-1.5405300000000002,0
NC(=O)C1=NC(=O)O1,114.05999999999999,3,1,1,1,5,81.75000000000001,-0.9796,0
N=C1N=C(CO)C(=O)O1,128.087,4,2,1,1,5,82.74,-1.0887300000000002,0
O=CC1=NC(CO)=N1,112.088,4,1,2,1,4,62.019999999999996,-1.0118,0
C#CC(O)N1N=C1N,111.10400000000001,4,2,1,1,4,61.620000000000005,-1.5167000000000002,1
N=C1OCC=NC(=O)O1,128.087,4,1,0,1,5,71.74,0.15876999999999997,0
N=C1OCOC=NC1C=O,142.11399999999998,5,1,1,1,5,71.74000000000001,-0.4362300000000001,1
CC1=NC(N)=NC1=O,111.104,3,1,0,1,4,67.81,-0.6978,0
CC1=NC(=N)C(N)=N1,110.12,3,2,0,1,4,74.59,-0.24712999999999996,0
N=c1[nH]c(=O)[nH]c(=N)o1,128.091,4,4,0,1,6,109.49,-1.7450599999999996,0
N=C1OCC(=O)OC1=N,128.087,5,2,0,1,5,83.22999999999999,-0.48566000000000015,0
N=C1OCC(=O)NC1=O,128.087,4,2,0,1,5,79.25,-1.36333,0
O=C1COC(=O)N=CN1,128.087,3,1,0,1,5,67.76,-0.7188999999999999,0
N=C1COC(=N)OCO1,130.103,5,2,0,1,5,75.39,-0.08066000000000012,0
N=C1CNC(=O)OC1=N,127.10299999999998,4,3,0,1,5,86.03,-0.27676000000000023,0
COC1=NC(=O)C(N)=N1,127.10300000000001,4,1,0,1,5,77.03999999999999,-1.1138000000000003,0
N=CN1COC(=O)CN1,129.119,4,2,1,1,5,65.42,-1.0856300000000003,0
N=c1[nH]n(C=O)cc1N,126.11899999999999,4,3,1,1,5,87.66,-1.0838300000000003,0
CC1=NC(=N)N=C1N,110.12,2,2,0,1,4,74.59,-0.24712999999999996,0
Cc1n[nH]c(OC=O)n1,127.10299999999998,4,1,2,1,5,67.87,-0.35168000000000016,0
N=CN1C=NC(=O)OC1,127.10299999999998,3,1,1,1,5,65.75,0.031470000000000053,0
CN=C1OC(=N)OC1=O,128.087,5,1,0,1,5,71.74000000000001,-0.47713,0
CC(=O)C1=NN=C1N,111.10400000000001,4,1,1,1,4,67.81,-0.6978,0
N=C1OC(=O)C(C=O)O1,129.07099999999997,5,1,1,1,5,76.45,-0.9379300000000002,1
N=C1COC(=N)C(=O)O1,128.087,5,2,0,1,5,83.23,-0.48566000000000015,0
N=C(N)C1=CN=NC1=O,124.103,3,2,1,1,5,91.66,-0.20132999999999995,0
N=C1N=CN=C1NC=O,124.10299999999998,3,2,1,1,5,77.67,-0.8499300000000003,0
N=CC1OCOC(=N)C1=O,142.114,5,2,1,1,5,83.22999999999999,-0.44476,1
N=C1NCNC(C=O)N1,128.135,3,4,1,1,5,77.01,-1.81393,1
C#CC1NCOC(=N)O1,126.115,4,2,0,1,4,54.34,-0.52563,1
O=Cc1nc(CO)no1,128.087,5,1,2,1,5,76.22,-0.6256000000000002,0
N=C1NC(=O)OC1=N,113.076,4,3,0,1,5,86.03,-0.3192599999999998,0
C#Cc1c(O)nnn1N,124.10300000000001,5,2,0,1,5,76.96000000000001,-1.3212000000000002,0
Cc1nnc(=O)[nH]c1N,126.119,4,2,0,1,5,84.66,-0.9444800000000002,0
N=Cc1nncc(=N)o1,124.10299999999998,5,2,1,1,5,86.62,-0.45325999999999994,0
N=C1COC(=N)OCO1,130.103,5,2,0,1,5,75.39,-0.08066000000000012,0
N=C1OCC1(C=O)CO,129.115,4,2,2,1,4,70.38,-0.82853,1
CN=c1nc(N)c1=O,111.104,4,1,0,1,4,68.34,-1.5698999999999999,0
N=C1CCOC(=N)C(=N)N1,140.146,4,4,0,1,5,92.81,-0.07189000000000012,0
COc1c[nH]nnc1=N,126.119,4,2,1,1,5,74.65,-0.70723,0
N=C1OCOC(=O)C1=O,129.071,5,1,0,1,5,76.45,-0.9363300000000001,0
COc1n[nH]ncc1=N,126.11899999999999,4,2,1,1,5,74.65,-0.70723,0
COC1=NC(N)=NC1=O,127.10300000000001,4,1,0,1,5,77.03999999999999,-1.1138000000000001,0
N=C1NC(=N)C(O)O1,115.09199999999998,4,4,0,1,5,89.19000000000001,-1.1633600000000002,1
CN=C1ON=C(N)C1=O,127.103,5,1,0,1,5,77.03999999999999,-1.1138,0
N=C1NC=COC(=N)O1,127.103,4,3,0,1,5,78.19000000000001,-0.03646000000000005,0
N#CCc1nnoc1N,124.10300000000001,5,1,1,1,5,88.73,-0.28212000000000004,0
NC1=CN=C(C=O)C1=O,124.09899999999998,4,1,1,1,4,72.52,-0.9909000000000001,0
O=C1C(CO)=NN=C1CO,142.114,5,2,2,1,5,82.25,-1.6493000000000002,0
Cn1ncc(N)c1N,112.13600000000002,4,2,0,1,4,69.86,-0.4154999999999999,0
CN=C1NCOCNC1=O,143.146,3,2,0,1,5,62.720000000000006,-1.3342999999999998,0
N=C1NC(=O)NCC1=O,127.103,3,3,0,1,5,82.05000000000001,-1.15443,0
CNc1nnc(N)n1C=N,140.15,6,3,2,1,6,92.60999999999999,-0.64283,0
CN=C1N=CC(N)=[N+]1[O-],126.119,3,1,0,1,5,76.80999999999999,-1.0758999999999999,0
N=C(N)N1CC(=O)N1,114.10799999999999,2,3,0,1,5,82.21000000000001,-1.7733299999999999,0
O=Cc1nc([O-])n[nH]1,112.068,4,1,1,1,5,81.69999999999999,-1.3092000000000004,0
N=C1CNC(=N)OCO1,129.119,4,3,0,1,5,78.19000000000001,-0.5076600000000004,0
N#CCC1=NOC1=N,109.088,4,1,1,1,4,69.22999999999999,0.26355,0
NC(=O)N1N=CC1=O,113.07599999999998,3,1,0,1,5,75.76,-1.1069,0
N=c1cncc(N)n1C=O,138.13,5,2,1,1,5,84.75999999999999,-1.0169300000000001,0
Cc1cnc(N)nn1,110.12000000000002,4,1,0,1,4,64.69,-0.2377800000000002,0
Nc1nocc1NC=O,127.10299999999998,4,2,2,1,5,81.15,-0.17490000000000022,0
NC(=O)C1NC(=O)CO1,130.10299999999998,3,2,1,1,5,81.42,-2.0557999999999996,1
NC(=O)Oc1cn[nH]c1,127.103,3,2,1,1,5,81.0,-0.1328000000000002,0
C#CC(N)C1=NC(=O)N1,123.115,2,2,1,1,4,67.47999999999999,-0.9314,1
CC(=O)C1=NC(=N)O1,112.088,3,1,1,1,4,62.510000000000005,-0.06112999999999996,0
CC1COC(=N)C(=O)O1,129.11499999999998,4,1,0,1,4,59.379999999999995,-0.07442999999999994,1
N=C1OCC1=NCO,114.104,4,2,1,1,4,65.67,-0.6153300000000002,0
N=C1COC(=N)OCO1,130.103,5,2,0,1,5,75.39,-0.08066000000000012,0
COc1n[nH]c(=O)n1C=O,143.10199999999998,5,1,2,1,6,76.97999999999999,-1.3817,0
N=C1COC(=O)N=CN1,127.103,3,2,0,1,5,74.53999999999999,-0.26823000000000013,0
COC(=N)C1=NC(C)=N1,125.131,4,1,1,1,4,57.8,0.44056999999999996,0
CC#CC1=NC(=N)N=N1,120.11500000000001,2,1,0,1,4,60.93,0.80877,0
CC(N)C1=NN=NC1=N,125.135,4,2,1,1,5,86.94999999999999,0.13267000000000023,1
Nc1conc1NC=O,127.103,4,2,2,1,5,81.15,-0.1749,0
C#CC(O)c1nc[nH]n1,123.11500000000001,3,2,1,1,4,61.800000000000004,-0.5287000000000002,1
O=NC(=O)C1COCN1,130.103,4,1,1,1,5,67.76,-0.7746999999999999,1
N=CC1=NN=C(N)C1=O,124.103,5,2,1,1,5,91.66,-1.06813,0
CN=c1c(N)nc1=O,111.104,4,1,0,1,4,68.34,-1.5698999999999999,0
CCN1C=NC1=NC#N,122.131,2,0,1,1,4,51.75,0.18728,0
CC(O)C1=CN=NC1=N,125.131,3,2,1,1,4,68.80000000000001,0.6941700000000001,1
N=CCc1cnc(N)nn1,137.14600000000002,5,2,2,1,5,88.54,-0.3541300000000002,0
N=c1[nH]cc(O)oc1=N,127.103,4,4,0,1,5,96.86000000000001,-0.7277600000000002,0
N=C1NC(=N)C(=O)CO1,127.103,4,3,0,1,5,86.03000000000002,-0.91266,0
Cc1n[nH]c(N)nc1=O,126.119,4,2,0,1,5,84.66,-0.94448,0
CNC1=C(C=N)C(=N)N=N1,137.146,4,3,2,1,5,84.45,0.51004,0
NC=C1NC(=O)CNCO1,143.146,4,3,0,1,5,76.38,-1.5624999999999996,0
N=C1OCNC(=O)C1=O,128.087,4,2,0,1,5,79.25,-1.3633300000000004,0
N=C1COC(N)COC1=O,144.13,5,2,0,1,5,85.4,-1.13563,1
NC(=O)c1ncc(N)o1,127.103,4,2,1,1,5,95.14,-0.6443000000000003,0
N=CN1OC(=O)C1C=O,128.087,4,1,2,1,5,70.46000000000001,-1.0652300000000001,1
N=Cc1conc1N,111.10400000000001,4,2,1,1,4,75.9,0.25447000000000014,0
N=C(N)OC1COC1=N,129.119,4,3,1,1,5,92.18,-0.72746,1
N=COc1cocnc1=N,139.11399999999998,5,2,2,1,5,82.96000000000001,0.13993999999999995,0
N=C1COC(=N)OCO1,130.103,5,2,0,1,5,75.39,-0.08066000000000012,0
Cc1n[nH]nc1C=NC#N,135.13,4,1,1,1,5,77.72,0.013099999999999945,0
O=c1ncoc(=O)[nH]1,114.05999999999999,4,1,0,1,5,75.96000000000001,-1.2769,0
NC(=O)C1=NC(N)=N1,112.09200000000001,4,2,1,1,5,93.83,-1.8014999999999999,0
COC1=CN=C(O)C1=N,126.11499999999998,3,2,1,1,4,65.67,0.46407,0
N=C1NC(N)C(=O)CO1,129.119,4,3,0,1,5,88.2,-1.6051299999999995,1
NC1=C(N)C(=O)C=N1,111.10399999999998,4,2,0,1,4,81.47,-1.2736000000000003,0
N=CC1=NC(N)=CC1=O,123.115,4,2,1,1,4,79.30000000000001,-0.5402300000000002,0
N#CCC1=NN=C1N,108.10400000000001,4,1,1,1,4,74.53,-0.37311999999999984,0
N=C1COC(=N)OCO1,130.103,5,2,0,1,5,75.39,-0.08066000000000012,0
CN=C1N=CN=C1CO,125.13099999999999,3,1,1,1,4,57.31,-0.5101,0
Nc1cn(N)c(=O)cn1,126.119,5,2,0,1,5,86.92999999999999,-1.4607000000000003,0
NC1=NC(OC=O)=C1N,127.10299999999998,5,2,2,1,5,90.7,-1.3419999999999999,0
N=C1COC(=N)C(=O)N1,127.103,4,3,0,1,5,86.03,-0.9126600000000002,0
N#Cc1nc(CO)n[nH]1,124.103,4,2,1,1,5,85.59,-0.8313200000000003,0
N#CCn1cnc(O)n1,124.10299999999998,5,1,1,1,5,74.73,-0.4927200000000002,0
N=C(N)c1c[nH]n[n+]1[O-],127.107,3,3,1,1,6,105.49,-1.6728299999999996,0
C#CC(=N)n1nco1,109.088,4,1,0,1,4,54.81,-0.06532999999999994,0
NC1=NC(=O)N=C1CO,127.10299999999998,3,2,1,1,5,88.04,-1.0895000000000001,0
Nc1ncc(=O)o[n+]1[O-],129.075,5,1,0,1,6,96.06,-1.7496000000000003,0
CC1=NC(=O)C(=N)N=N1,124.103,3,1,0,1,5,78.0,0.3744700000000001,0
N=CN1C=NC(=O)OC1,127.10299999999998,3,1,1,1,5,65.75,0.031470000000000053,0
CN=c1nc[nH]c(=O)o1,127.10299999999998,4,1,0,1,5,71.25,-1.1066000000000003,0
N=CC1=NN=C1C(=N)O,124.10299999999998,4,3,2,1,5,92.65,-0.018159999999999954,0
CN=c1oc(=O)c1=O,113.07199999999999,4,0,0,1,4,59.64,-1.5939,0
CC1=NC(N)=NC1=O,111.104,3,1,0,1,4,67.81,-0.6978,0
N=C1NC(C=O)C(=O)O1,128.087,4,2,1,1,5,79.25000000000001,-1.3649300000000002,1
CC(=N)N1CN=COC1,127.14699999999999,3,1,0,1,4,48.68000000000001,0.25906999999999997,0
COc1nc(C=O)n[nH]1,127.103,4,1,2,1,5,67.87,-0.37420000000000025,0
N#CCNc1cnon1,124.103,5,1,2,1,5,74.74000000000001,0.005079999999999807,0
NC=C(O)c1nc[nH]n1,126.119,4,3,1,1,5,87.82000000000001,-0.38020000000000004,0
N=CN1CC(=N)OCO1,129.119,4,2,1,1,5,69.4,-0.2079600000000001,0
N=CNC1NCNC1=O,128.135,3,4,2,1,5,77.01,-1.81393,1
Nc1ncoc1N,99.093,4,2,0,1,4,78.07,-0.16100000000000014,0
NCC1=NC(=O)C(=O)NC1,141.12999999999997,3,2,1,1,5,84.55,-1.9574999999999998,0
NC1=[N+]([O-])C(=O)N=C1,113.076,3,1,0,1,5,81.52,-0.9416999999999998,0
Nc1coc(=O)n1N,115.09200000000001,5,2,0,1,5,87.17999999999999,-1.2627,0
N=CC1COC(=O)N=N1,127.10300000000001,4,1,1,1,5,74.87,0.6069700000000001,1
N=C1C(N)=CN=C1N,110.12,4,3,0,1,4,88.25,-0.8229300000000002,0
NC1=CNC(=O)OC=N1,127.103,4,2,0,1,5,76.71,-0.4879,0
N=C1NCC(=O)C(=O)O1,128.087,4,2,0,1,5,79.25000000000001,-1.36333,0
Cn1ncc(=N)n1C=O,126.119,5,1,1,1,5,63.67,-1.2606300000000001,0
N#CC(N)C1=C(O)N=N1,124.103,5,2,1,1,5,94.76,0.03017999999999993,1
N=C1OCC(=N)C(=N)O1,127.103,5,3,0,1,5,90.01,-0.034989999999999966,0
N=C1OC=C(N)C1=O,112.08800000000001,4,2,0,1,4,76.16999999999999,-0.6369300000000002,0
O=Cc1n[nH]c(O)n1,113.07599999999998,4,2,1,1,5,78.87,-0.6772000000000001,0
CC(=O)c1nnc(N)[nH]1,126.11900000000001,4,2,1,1,5,84.66,-0.41050000000000003,0
Cc1noc(NC=N)n1,126.119,4,2,2,1,5,74.80000000000001,0.39698999999999984,0
CN=C1ON=C(N)C1=O,127.103,5,1,0,1,5,77.03999999999999,-1.1138,0
Cc1nc(N)nn1C=O,126.119,5,1,1,1,5,73.8,-0.7929800000000002,0
N=C1N=CNC(=CN)O1,126.11899999999999,4,3,0,1,5,83.49000000000001,-0.67313,0
NC1=NC(C=O)=NC1=O,125.08699999999997,4,1,1,1,5,84.88,-1.5188,0
N=C1N=C(O)C=C1N,111.10399999999998,2,3,0,1,4,82.46,-0.22362999999999988,0
O=CNC1N=NC1=O,113.076,3,1,2,1,5,70.89,-0.9491000000000003,1
NCC1=NC(C(N)=O)=N1,126.119,4,2,2,1,5,93.83,-1.7589999999999995,0
N#CC1N=CNC(=O)O1,125.08699999999997,4,1,0,1,5,74.48,-0.39582,1
CC1=C(N)N=NC1=NC=O,138.13,3,1,1,1,5,80.16999999999999,0.19730000000000014,0
N=C1OC(=O)COC1=O,129.071,5,1,0,1,5,76.44999999999999,-0.9363300000000001,0
O=CC1NC=NC(=O)N1,127.103,3,2,1,1,5,70.56,-1.1475000000000002,1
N=C1OC(=N)C(=O)O1,114.05999999999999,5,2,0,1,5,83.23,-0.5281600000000002,0
CC(=O)C1=NNC1=N,111.104,3,2,1,1,4,65.31,-0.4881300000000001,0
N=CNC1=CC=NC1=N,122.13099999999999,2,3,2,1,4,72.09,0.12863999999999998,0
CN=C1N=NC(=O)N1,112.09199999999998,2,1,0,1,5,66.17999999999999,0.14760000000000006,0
N=CN1CN=C1OC=O,127.10299999999997,4,1,2,1,5,65.75,-0.6044300000000002,0
O=CC(O)c1cn[nH]n1,127.10300000000001,4,2,2,1,5,78.86999999999999,-0.9630000000000003,1
N=C1OCC(=O)C(=N)O1,128.087,5,2,0,1,5,83.23,-0.48566000000000015,0
N=C1COC(=N)OCO1,130.103,5,2,0,1,5,75.39,-0.08066000000000012,0
N=C1N=C(N)N=C1C=O,124.103,4,2,1,1,5,91.66,-1.06813,0
CC1=NN=C(N)C1=C=O,123.115,4,1,0,1,4,67.81,-0.5088999999999999,0
N=CN1NCCOC1=O,129.119,4,2,1,1,5,65.42000000000002,-0.44972999999999996,0
Cn1ncc(=O)nc1N,126.11900000000001,5,1,0,1,5,73.8,-1.2425000000000004,0
N=C1COC(=N)OCO1,130.103,5,2,0,1,5,75.39,-0.08066000000000012,0
N=Cc1cc(N)nc(=O)[nH]1,138.13000000000002,4,3,1,1,5,95.62,-0.6502300000000001,0
N=C1OCC(=O)C(=N)O1,128.087,5,2,0,1,5,83.23,-0.48566000000000015,0
N=C1CC(C(=N)O)CO1,128.131,3,3,1,1,4,77.16000000000001,0.5354399999999999,1
Nc1coc(=O)n1CO,130.103,5,2,1,1,5,81.39,-1.0267000000000002,0
N=CN1C(=O)N=C1CO,127.10299999999998,3,2,2,1,5,76.75,-0.58013,0
CNC1=NOC1=NC=N,126.11899999999999,4,2,1,1,5,69.83000000000001,-0.4449300000000002,0
N=C1ON=C1NC=CN,126.11899999999999,5,3,1,1,5,83.49,-0.6731300000000002,0
N=C1OCCOCOC1=N,144.13000000000002,5,2,0,1,5,75.39000000000001,-0.038159999999999916,0
Cc1nc(OC#N)n[nH]1,124.103,4,1,1,1,5,74.59,-0.02700000000000008,0
N=Cc1nn[nH]c1CO,126.11899999999999,4,3,2,1,5,85.65,-0.7053300000000002,0
N=C1CC(=N)C(=O)N1,111.10399999999998,3,3,0,1,4,76.80000000000001,-0.49666000000000005,0
N=C1NCCOC(=N)O1,129.119,4,3,0,1,5,78.19000000000001,-0.50766,0
Cc1nc(N)noc1=O,127.103,5,1,0,1,5,82.00999999999999,-0.6795800000000001,0
N=C1N=CC(C(=O)O)=N1,125.08699999999999,2,2,1,1,5,85.87,-0.46883000000000014,0
N=C1NC(=O)NC1=O,113.076,3,3,0,1,5,82.05000000000001,-1.19693,0
N=C1COCC(=O)N1,114.104,3,2,0,1,4,62.18,-0.8899300000000001,0
N=C1COC(=N)OCO1,130.103,5,2,0,1,5,75.39,-0.08066000000000012,0
Nc1occc(=O)[n+]1[O-],128.087,4,1,0,1,5,83.17,-1.1446,0
N=Cc1cn[nH]c(=N)n1,123.119,4,3,1,1,5,89.27,-0.7181600000000001,0
N=CC1OC(=N)NC1=O,127.103,4,3,1,1,5,86.03,-0.9142600000000003,1
N=c1nnc(C=O)co1,125.08699999999997,5,1,1,1,5,79.84,-0.63843,0
N=C1COC(=N)C(=N)N1,126.119,4,4,0,1,5,92.81,-0.46199000000000007,0
N=C1N=CC(O)=C1N,111.104,3,3,0,1,4,82.46,-0.22362999999999988,0
N#CCCC1=NC(N)=N1,122.13100000000001,4,1,2,1,4,74.53,0.016980000000000106,0
CC(N)C1=C(N)N=N1,112.13600000000001,4,2,1,1,4,76.76,-0.07279999999999986,1
CN=C1C=NNC1=NCO,140.14600000000002,4,2,1,1,5,69.34,-1.0055,0
N=C1N=C(N)C(CO)=N1,126.119,3,3,1,1,5,94.82000000000001,-1.2747300000000001,0
Nc1cnc(N)n1C=O,126.119,5,2,1,1,5,86.92999999999998,-0.9142000000000001,0
CC(C#N)C1=NN=C1N,122.13100000000001,4,1,1,1,4,74.53,-0.1271199999999998,1
CNC1=NC(=N)OC1=O,127.10299999999998,4,2,0,1,5,74.53999999999999,-0.9041300000000003,0
Cc1nc(NC=O)n[nH]1,126.11899999999999,3,2,2,1,5,70.67,-0.31858000000000025,0
CC1=CC(=O)N1CO,113.116,2,1,1,1,3,40.540000000000006,-0.3177999999999999,0
Cc1noc(=O)c(N)n1,127.10300000000001,5,1,0,1,5,82.01,-0.6795800000000003,0
Cc1noc(=N)c[n+]1[O-],127.103,4,1,0,1,5,76.82000000000001,-0.90411,0
N=C1N=C(O)C(O)=N1,113.07599999999998,1,3,0,1,5,89.03,-0.1522300000000002,0
N=C1COC(=N)OCCO1,144.13,5,2,0,1,5,75.39,-0.038160000000000194,0
N=C1OCNC(=O)C1=O,128.087,4,2,0,1,5,79.25,-1.3633300000000004,0
N=C1N=C(N)C(CO)=N1,126.119,3,3,1,1,5,94.82000000000001,-1.2747300000000001,0
N=Cc1ncc(N)c(O)n1,138.13,5,3,1,1,5,95.88000000000001,-0.23793000000000003,0
CC1=NC(=N)N=C1N,110.12,2,2,0,1,4,74.59,-0.24712999999999996,0
N=C1CC(=O)NC(=O)N1,127.10299999999998,3,3,0,1,5,82.05000000000001,-0.8068300000000002,0
N=C1N=C(CN)NC1=O,126.119,3,3,1,1,5,91.33000000000001,-1.5493300000000003,0
NC(=O)C1=CN=C1O,112.08799999999998,2,2,1,1,4,75.68,-0.6742999999999999,0
N=CN1C(=N)OC1=O,113.07599999999998,4,2,1,1,5,77.24000000000001,-0.01955999999999991,0
N=C1OCC(=N)C(=O)O1,128.087,5,2,0,1,5,83.23,-0.48566000000000015,0
N=C1N=C(O)C(=N)O1,113.07599999999998,3,3,0,1,5,89.52,-0.11485999999999996,0
COc1n[nH]nc1C=O,127.10299999999998,4,1,2,1,5,67.87,-0.37420000000000025,0
N=C(C=O)c1ncn[nH]1,124.10300000000001,4,2,2,1,5,82.49000000000001,-0.62853,0
CNC(=O)N=C1OC1O,130.103,3,2,0,1,5,74.22,-0.9271000000000003,1
CC(=O)c1nc1=N,96.089,3,1,1,1,3,53.81,-0.36073000000000005,0
N#CCc1nc(N)no1,124.10300000000001,5,1,1,1,5,88.73,-0.28212000000000004,0
O=C1N=CN=C1C=NCO,139.114,4,1,2,1,5,74.38,-0.9835,0
CNC(=O)C1=NN=C1N,126.11900000000001,4,2,1,1,5,79.84,-1.5408,0
N=C(N)c1nc(N)co1,126.119,4,3,1,1,5,101.92,-0.45913000000000004,0
Cc1n[nH]c(=N)nc1N,125.135,4,3,0,1,5,91.44,-0.82521,0
COC1=NC(=O)C(N)=N1,127.10300000000001,4,1,0,1,5,77.03999999999999,-1.1138000000000003,0
N=C(O)C1=NC=NC1=O,125.08699999999999,3,2,1,1,5,85.87,-0.4688300000000001,0
CC1=NC(=N)N=C1C=O,123.11499999999998,2,1,1,1,4,65.64,0.035569999999999935,0
Cc1nc(=O)c(N)no1,127.103,5,1,0,1,5,82.01,-0.6795800000000001,0
N=C1N=C(N)N=C1C=O,124.103,4,2,1,1,5,91.66,-1.06813,0
Nc1n[nH]nc1C=O,112.09199999999998,4,2,1,1,5,84.66,-0.8006000000000004,0
N=C1NC(=O)CN=CO1,127.103,4,2,0,1,5,74.54,-0.9041300000000001,0
CC(=O)OC1NC1=O,115.088,3,1,1,1,4,65.31,-0.9946000000000002,1
NC1=NC(=O)C(=O)C=N1,125.08699999999997,4,1,0,1,5,84.88,-1.5188,0
N=C1C(=O)CON1C=O,128.087,4,1,1,1,5,70.46000000000001,-1.06363,0
N=C1NCC(=O)OCO1,130.103,4,2,0,1,5,71.41000000000001,-0.9583300000000001,0
N=C1COC(=N)OCO1,130.103,5,2,0,1,5,75.39,-0.08066000000000012,0
N=C1NC(=O)C(=O)N1,113.076,3,3,0,1,5,82.05000000000001,-1.8328300000000004,0
Cc1nc(N)noc1=O,127.103,5,1,0,1,5,82.00999999999999,-0.6795800000000001,0
Nc1ccnc(=O)n1O,127.103,5,2,0,1,5,81.14,-0.9372000000000003,0
N=C1OCC(=O)C(=N)O1,128.087,5,2,0,1,5,83.23,-0.48566000000000015,0
Cc1nnc(NC=O)o1,127.10299999999998,4,1,2,1,5,68.02000000000001,-0.053680000000000117,0
N=c1ncc(CO)c(N)o1,141.13,5,3,1,1,5,96.13,-0.7714300000000001,0
Nc1ncc(C=O)n1N,126.119,5,2,1,1,5,86.92999999999999,-1.0084000000000004,0
N=c1[nH]oc(CO)[n+]1[O-],131.091,4,3,1,1,6,99.95,-1.7871300000000003,0
N=C1NCCOC(=O)CO1,144.13,4,2,0,1,5,71.41,-0.9158300000000001,0
N=C1N=NC(CCO)=N1,126.119,3,2,2,1,5,81.16,0.16787000000000007,0
COc1connc1=N,127.10300000000001,5,1,1,1,5,72.0,-0.44233000000000006,0
N=CC1(N)NCCOC1=O,143.146,5,3,1,1,5,88.20000000000002,-1.5626300000000004,1
Cn1cnc(N)nc1=N,125.135,5,2,0,1,5,80.58000000000001,-1.12323,0
CC1=NC(=NO)NC1=O,127.10299999999998,3,2,0,1,5,74.05000000000001,-0.6777000000000002,0
N=CN1C(=N)COC1=O,127.10299999999998,4,2,1,1,5,77.24000000000001,0.022940000000000016,0
N=C(N)N1COC(=O)C1,129.11899999999997,3,2,0,1,5,79.41,-1.30383,0
N=C1NN=C1C(N)=O,112.092,3,3,1,1,5,91.33000000000001,-1.5918300000000003,0
COC1=NC(=N)NC1=O,127.103,3,2,0,1,5,74.53999999999999,-0.9041300000000003,0
N=C1N=CNC(=O)CO1,127.10299999999998,3,2,0,1,5,74.54,-0.9041300000000001,0
CC(=O)C1=NC(N)=N1,111.10400000000001,4,1,1,1,4,67.81,-0.6978,0
CN=Cc1[nH]nnc1N,125.13500000000002,4,2,1,1,5,79.95,-0.5644000000000002,0
N=c1cnc(CO)n[nH]1,126.119,4,3,1,1,5,85.65,-1.2235300000000005,0
N#CC1=NC(=N)N=C1O,122.08699999999999,2,2,0,1,5,92.59,-0.14415,0
N=CC1=NN=C1C(=N)O,124.10299999999998,4,3,2,1,5,92.65,-0.018159999999999954,0
NC(=O)c1ncn(N)n1,127.10700000000001,5,2,1,1,6,99.82000000000001,-1.9092000000000002,0
N=C1OC(=N)C(=O)O1,114.05999999999999,5,2,0,1,5,83.23,-0.5281600000000002,0
N=C1ON=C(C=O)C1=N,125.08699999999997,5,2,1,1,5,86.36,-0.4314599999999999,0
N=C1OCC(=O)OC1=O,129.071,5,1,0,1,5,76.44999999999999,-0.9363300000000001,0
COC(=O)C1=NC(=N)N1,127.10300000000001,3,2,1,1,5,74.53999999999999,-0.9041300000000001,0
N=C1N=C(N)N1C=O,112.092,3,2,1,1,5,82.53999999999999,-1.29213,0
Cn1c(N)nnc1F,116.099,4,1,0,1,5,56.730000000000004,-0.4636000000000002,0
N=CN1CC(=O)OCO1,130.10299999999998,4,1,1,1,5,62.620000000000005,-0.65863,0
N=C1OC(=N)C(=NO)O1,129.075,6,3,0,1,6,98.75,-0.26705999999999996,0
N=CC1N=COC(=N)O1,127.10299999999998,5,2,1,1,5,78.52,-0.02805999999999992,1
CC1=NC(=O)C(N)=N1,111.104,3,1,0,1,4,67.81,-0.6978,0
N=C1OC(=O)OCC1=O,129.071,5,1,0,1,5,76.44999999999999,-0.30043,0
N=C1OC(=O)OC1C=O,129.07099999999997,5,1,1,1,5,76.44999999999999,-0.30203,1
N=CN1C=NC(C=O)O1,127.10299999999997,4,1,2,1,5,65.75,-0.6060300000000001,1
COC1=NC(N)=NC1=O,127.10300000000001,4,1,0,1,5,77.03999999999999,-1.1138000000000001,0
NC1=NC(=O)OCC1=O,128.087,4,1,0,1,5,81.75,-0.9371,0
N=C1NCC(=O)OCO1,130.103,4,2,0,1,5,71.41000000000001,-0.9583300000000001,0
N=CC1NCOC(=O)O1,130.103,5,2,1,1,5,71.41,-0.32403000000000004,1
CC(=O)C1=NNC1=O,112.088,3,1,1,1,4,58.53,-0.9388000000000001,0
CC(O)c1con[n+]1[O-],130.103,4,1,1,1,5,73.2,-0.6387,1
N#CC(=O)C1=NN=C1N,122.08700000000002,5,1,1,1,5,91.6,-1.19412,0
N=C1COC(=N)OCN1,129.119,4,3,0,1,5,78.19,-0.5076600000000002,0
CC(=N)n1ncoc1=O,127.10299999999998,5,1,0,1,5,71.88,-0.31842999999999994,0
N=C1N=C(C(=O)O)N1,113.07599999999998,2,3,1,1,5,85.54,-0.9925299999999999,0
N=C1NC(N)=NC1=O,112.09200000000001,3,3,0,1,5,91.33000000000001,-1.5918299999999994,0
Cn1cnnc1CO,113.11999999999999,4,1,1,1,4,50.94,-0.6926000000000001,0
NC1=NN=C(C=O)C1=O,125.08699999999997,5,1,1,1,5,84.88,-1.5188,0
N=C1COC(=N)C(=N)O1,127.103,5,3,0,1,5,90.01,-0.034989999999999966,0
N=C1N=C(N)C(CO)=N1,126.119,3,3,1,1,5,94.82000000000001,-1.2747300000000001,0
N=C1C(N)=NN=C1C=O,124.10299999999998,5,2,1,1,5,91.66,-1.0681300000000002,0
COC1=NC(=N)C(N)=N1,126.11900000000001,4,2,0,1,5,83.82,-0.6631300000000002,0
Nc1ocnc1C=O,112.08799999999998,4,1,1,1,4,69.12,0.06930000000000014,0
N=C1CNC(=O)NC1=O,127.10299999999998,3,3,0,1,5,82.05000000000001,-1.15443,0
N=CC1=NC=NC1=N,108.104,3,2,1,1,4,72.42,0.09614,0
NCCC1=NN=CC1=O,125.13099999999999,4,1,2,1,4,67.81,-0.6553,0
O=CN1CCOC(=O)N1,130.103,3,1,1,1,5,58.64,-0.9004000000000001,0
Cc1n[nH]c(=N)c(O)n1,126.11899999999999,4,3,0,1,5,85.65,-0.7018100000000002,0
N=Cc1n[nH]nc1N,111.108,4,3,1,1,5,91.44,-0.6154300000000001,0
Nc1cnc(C=O)oc1=O,140.09799999999998,5,1,1,1,5,86.19,-0.5704999999999998,0
CC(=O)C1ONC1=N,114.104,3,2,1,1,4,62.18,-0.54393,1
O=C1N=CN=C1CO,112.08799999999998,3,1,1,1,4,62.019999999999996,-1.0118,0
CC1=NN=C(N)ON1C=O,142.118,5,1,1,1,6,80.28,-0.9619,0
COC1=NN=C1C=N,111.10399999999998,4,1,1,1,4,57.800000000000004,0.05046999999999996,0
N=C1OCC(=O)C(=N)O1,128.087,5,2,0,1,5,83.23,-0.48566000000000015,0
N=CNC1NCOC1=O,129.119,4,3,2,1,5,74.21000000000001,-1.3869300000000002,1
Cc1nc(N)noc1=N,126.119,5,2,0,1,5,88.78999999999999,-0.5603100000000001,0
NC1=CC(=O)C(O)=N1,112.088,3,2,0,1,4,75.68,-0.6743000000000001,0
COc1nnc[nH]c1=N,126.11899999999999,4,2,1,1,5,74.65,-0.70723,0
NC(=O)n1ccnc1N,126.119,4,2,0,1,5,86.93,-0.6079000000000001,0
COC1=NNC(=N)C1=O,127.10299999999998,4,2,0,1,5,74.53999999999999,-0.9041300000000003,0
COc1cnoc1OC=N,142.11399999999998,5,1,3,1,5,68.34,0.6690699999999998,0
N=CN1COC(=O)CN1,129.119,4,2,1,1,5,65.42,-1.0856300000000003,0
NC(=O)C1=NC(=O)C=N1,125.08699999999999,3,1,1,1,5,84.88000000000001,-1.5188,0
CN=C1NC(=O)OC1=O,128.087,4,1,0,1,5,67.75999999999999,-0.7189000000000001,0
N=C(O)C1=NC(O)=N1,113.076,3,3,1,1,5,89.03,-0.1522300000000002,0
N=C1COCC(=NO)N1,129.119,4,3,0,1,5,77.7,-0.6288300000000002,0
O=CCNC1=NNC1=O,127.103,4,2,2,1,5,70.56,-1.7817999999999996,0
NC1=NC(=O)C(O)=C1,112.08799999999997,3,2,0,1,4,75.67999999999999,-0.6742999999999999,0
N=C(N)C1=NC(=O)C=N1,124.103,3,2,1,1,5,91.66000000000001,-1.06813,0
N=C1COCNC(=O)O1,130.103,4,2,0,1,5,71.41,-0.32243000000000016,0
CCC1([NH3+])NN=NC1=N,128.159,3,3,1,1,5,88.24000000000001,-0.7177299999999991,1
O=CC1N=COC1=O,113.07199999999997,4,0,1,1,4,55.73,-0.861,1
N=C1CN=C(O)OC1=O,128.087,4,2,0,1,5,82.74000000000001,-0.5230300000000001,0
N=C1COC(=N)C(=O)O1,128.087,5,2,0,1,5,83.23,-0.48566000000000015,0
N=Cc1nc(C=O)n[nH]1,124.103,4,2,2,1,5,82.49000000000001,-0.38513000000000014,0
CC1=NC(=N)OC1=N,111.10399999999998,3,2,0,1,4,69.28999999999999,0.38954000000000005,0
N=c1ooc(=N)n1C=O,129.075,6,2,1,1,6,95.97999999999999,-1.32866,0
N=C1COCC(=N)OC1,128.131,4,2,0,1,4,66.16,0.030239999999999878,0
N=C(N)N1COC1C=O,129.11899999999997,3,2,1,1,5,79.41,-1.3054299999999999,1
N=C1OCC(=O)OC1=N,128.087,5,2,0,1,5,83.22999999999999,-0.48566000000000015,0
N=C1OCNC(C=O)O1,130.10299999999998,5,2,1,1,5,71.41,-0.9599300000000004,1
COC1=CC(N)=NC1=N,125.13100000000001,3,2,1,1,4,71.46000000000001,-0.13522999999999985,0
N=C1OC(=O)NC1=O,114.05999999999999,4,2,0,1,5,79.25,-0.7699300000000002,0
N=C1N=C(O)N=C1C=O,125.08699999999997,3,2,1,1,5,85.87,-0.4688300000000001,0
N=C1OCC(=O)C(=N)O1,128.087,5,2,0,1,5,83.23,-0.48566000000000015,0
COC(=O)C1=NN=C1N,127.10300000000002,5,1,1,1,5,77.03999999999999,-1.1138000000000001,0
N=C1COC(=N)OCN1,129.119,4,3,0,1,5,78.19,-0.5076600000000002,0
NC1=C(N)C(=O)N=C1,111.10399999999998,3,2,0,1,4,81.47,-1.2736000000000003,0
CNC(=O)c1cn[nH]n1,126.119,3,2,1,1,5,70.67,-0.8357000000000003,0
N=C1OCC(=O)OC1O,131.087,5,2,0,1,5,79.61,-1.1445300000000003,1
N=C1OC(=O)NCC1=O,128.087,4,2,0,1,5,79.25,-0.7274300000000002,0
N=C1N=CN=C1CO,111.10399999999998,3,2,1,1,4,68.8,-0.5611300000000001,0
CN=C1N=CC(=N)O1,111.10399999999998,3,1,0,1,4,57.8,0.05047000000000007,0
N=C1OCC(CO)C(=N)O1,144.13,5,3,1,1,5,86.39,-0.44626000000000027,1
CC(=O)C1=NNC1=O,112.088,3,1,1,1,4,58.53,-0.9388000000000001,0
CNC(=O)c1ncn[nH]1,126.119,3,2,1,1,5,70.67,-0.8357000000000003,0
CC1=NC(=N)N=C1C=O,123.11499999999998,2,1,1,1,4,65.64,0.035569999999999935,0
CC1=NC(=O)N=C1N,111.104,2,1,0,1,4,67.81,-0.061899999999999844,0
N=C1OC(=O)CN(C=O)O1,144.08599999999998,5,1,1,1,6,79.69000000000001,-1.13203,0
N=c1[nH]ncnc1C=O,124.10299999999998,4,2,1,1,5,82.49000000000001,-0.9033300000000004,0
COC1=NC(O)=NC1=O,128.087,3,1,0,1,5,71.25,-0.5145000000000002,0
N=CNc1c[nH]c(=O)o1,127.10299999999998,3,3,2,1,5,81.88000000000001,-0.013130000000000197,0
CN=c1[nH]c(C=N)no1,126.11899999999999,4,2,1,1,5,78.03,-0.46913000000000044,0
N=CC1=NC(=N)C=N1,108.104,3,2,1,1,4,72.42,0.09614,0
N=C1CC(=N)OC(=O)O1,128.087,5,2,0,1,5,83.23,0.49784,0
CN=C1N=COC1=O,112.08799999999998,3,0,0,1,4,51.02,-0.4001999999999999,0
N=C1N=C(OC(N)=O)O1,129.075,4,2,0,1,6,97.76,-0.5973300000000001,0
N=CC1=NC(=O)C(N)=N1,124.10300000000001,4,2,1,1,5,91.66,-1.06813,0
N=C1N=CN=C1C=O,109.08799999999998,3,1,1,1,4,65.64,-0.35453,0
O=C1COC(=O)NC(=O)N1,144.086,4,2,0,1,6,84.5,-1.0376,0
NC(=O)C1=NC(O)=N1,113.076,3,2,1,1,5,88.04,-1.2022000000000002,0
N=C1NC=NOC(=N)O1,128.091,5,3,0,1,6,90.55,-0.56436,0
CC(O)n1[nH]cnc1=O,129.119,4,2,1,1,5,70.91,-0.9178,1
NC=C1N=C(N)C(O)=N1,126.119,4,3,0,1,5,96.99,-0.9286999999999994,0
N=C1OC(CN)=NC1=O,127.10300000000001,4,2,1,1,5,88.53,-1.1223300000000003,0
CN=c1nc(CO)cno1,141.13,5,1,1,1,5,71.51,-0.9076000000000004,0
N#CCNC1=NC=NC1=O,136.114,4,1,1,1,5,77.61,-0.9334200000000001,0
N=C1N=CC(N)=C1N,110.12000000000002,3,3,0,1,4,88.25,-0.8229300000000002,0
CC(=O)C1=NC(=O)O1,113.07199999999999,3,0,1,1,4,55.730000000000004,0.12410000000000004,0
CCC1=C(O)C(=CO)N=N1,140.14199999999997,4,2,1,1,4,65.18,2.0312,0
N#CCNc1cn[nH]n1,123.119,4,2,2,1,5,77.39,-0.25982000000000033,0
COC1=NN=C1CO,114.10399999999998,4,1,1,1,4,54.18000000000001,-0.6068,0
CC1NC(=N)NC(=O)N1,128.135,2,4,0,1,5,77.01,-0.8304300000000004,1
N=Cn1cc[nH]c1=O,111.10399999999998,3,2,1,1,4,61.64,-0.36843,0
N=C1OCNC(C=O)O1,130.10299999999998,5,2,1,1,5,71.41,-0.9599300000000004,1
COc1nonc1C=N,127.103,5,1,2,1,5,72.0,0.07586999999999994,0
NC(=O)c1nc(N)co1,127.103,4,2,1,1,5,95.14,-0.6443000000000003,0
COc1cnc(N)nc1,125.131,4,1,1,1,4,61.03,0.0673999999999999,0
N=C1OCC(=O)C(N)O1,130.103,5,2,0,1,5,85.4,-1.1781300000000001,1
N=C1OCOC(=O)C1=N,128.087,5,2,0,1,5,83.23,-0.48566000000000015,0
Cc1nc(NC=O)no1,127.10299999999998,4,1,2,1,5,68.02000000000001,-0.053680000000000117,0
NC(=O)c1cnoc1N,127.103,4,2,1,1,5,95.14,-0.6443000000000001,0
O=Cc1[nH]nnc1CO,127.103,4,2,2,1,5,78.87,-0.8905000000000001,0
COc1cc(=N)onn1,127.10300000000001,5,1,1,1,5,72.0,-0.44233000000000006,0
COC1=NN=CC1=N,111.10399999999998,4,1,0,1,4,57.800000000000004,0.05046999999999996,0
N=C1OCC(=O)OC1=O,129.071,5,1,0,1,5,76.44999999999999,-0.9363300000000001,0
CC(=O)C1=NC(=O)N1,112.088,2,1,1,1,4,58.53,-0.3028999999999999,0
N=C1N=CNCN=CO1,126.11899999999999,4,2,0,1,5,69.83,-0.44493000000000005,0
N=C1CCCOC(=O)O1,129.11499999999998,4,1,0,1,4,59.379999999999995,0.9106700000000001,0
N=CN1COCC(=O)C1,128.13099999999997,3,1,1,1,4,53.39000000000001,-0.5477300000000003,0
NC1=CN=NC1=CC=O,123.11499999999998,4,1,1,1,4,67.81,0.33510000000000006,0
N#CC(N)n1ccnn1,123.11899999999999,5,1,1,1,5,80.52,-0.7410200000000002,1
CN=C1N=CN=C1N,110.12,3,1,0,1,4,63.099999999999994,-0.5861999999999998,0
CNC1=NC=NC1=O,111.10399999999998,3,1,0,1,4,53.82,-0.8272000000000002,0
CC(C)(OC#N)N1CO1,128.13100000000003,4,0,2,1,4,48.559999999999995,0.42488000000000004,1
COC1=CN=C(O)C1=N,126.11499999999998,3,2,1,1,4,65.67,0.46407,0
NC1=NN=C1C=NC=O,124.10299999999998,4,1,2,1,5,80.16999999999999,-1.0596,0
Cc1noc(=N)c(N)n1,126.11900000000001,5,2,0,1,5,88.79,-0.5603100000000001,0
CN1N=CC(NC=O)=NN1,141.13400000000001,5,2,1,1,6,69.09,-1.5182999999999993,0
N=COC1=CN1CN=N,126.119,5,2,4,1,5,72.3,0.71304,0
N=C1C=C(C=O)C(=O)O1,125.08299999999997,4,1,1,1,4,67.22,-0.35423000000000004,0
N=C1NC(C(=O)O)O1,116.076,3,3,1,1,5,82.41000000000001,-1.0483300000000002,1
CNc1nc(N)nn1C=O,141.13400000000001,6,2,2,1,6,85.82999999999998,-1.0597,0
N=C1COC(=N)OCO1,130.103,5,2,0,1,5,75.39,-0.08066000000000012,0
CC1=NC(CO)=NC1=O,126.11499999999998,3,1,1,1,4,62.02,-0.6217000000000001,0
CN=C1C(N)=NN=C1O,126.119,4,2,0,1,5,83.33,-0.7005000000000001,0
Nc1nocc1CO,114.10399999999998,4,2,1,1,4,72.28,-0.2509,0
N=CN1NCOC1C=O,129.11899999999997,4,2,2,1,5,65.42000000000002,-1.0872300000000001,1
C#CC(O)n1cnn1N,126.11900000000001,5,2,1,1,5,69.0,-1.4775000000000003,1
N=C1COC(C(=N)O)C1,128.13099999999997,3,3,1,1,4,77.16,0.33033999999999986,1
Cn1cc(OCO)cn1,128.13099999999997,4,1,2,1,4,47.28,-0.2513,0
N=C1NCOC(C=O)O1,130.10299999999998,4,2,1,1,5,71.41,-0.9599300000000002,1
N=C1NCC(=O)N=CO1,127.103,3,2,0,1,5,74.54,-0.9041300000000001,0
N=COc1nc(=N)nc[nH]1,139.118,5,3,2,1,6,98.5,-0.7299600000000004,0
N=C1N=C(C(=N)CO)O1,127.10299999999998,4,3,2,1,5,89.52000000000001,-0.6380600000000001,0
Cn1ncc(=N)n1CO,128.13500000000002,5,2,1,1,5,66.83,-1.3491300000000002,0
O=CC1=COC(=O)NC1,127.09899999999999,3,1,1,1,4,55.400000000000006,-0.191,0
NC1=C(NC=O)C(=O)O1,128.087,4,2,2,1,5,81.42,-1.5830000000000004,0
N=CC1(O)OCOC1=N,130.103,5,3,1,1,5,86.39000000000001,-0.6938600000000001,1
NC1=NN=C1CC=O,111.10399999999998,4,1,2,1,4,67.81,-0.6978,0
N=C1C=C(CN)N1N,112.13600000000002,3,3,1,1,4,79.13000000000001,-1.0044299999999997,0
N=C1N=CNC(C=O)C1=O,139.11399999999998,4,2,1,1,5,82.38,-1.2682300000000002,1
N=C1NCC(=O)OCO1,130.103,4,2,0,1,5,71.41000000000001,-0.9583300000000001,0
N=CN1CC(=O)OC=N1,127.10299999999998,4,1,1,1,5,65.75,-0.60443,0
COC1=NNC(=O)C1=N,127.10299999999998,4,2,0,1,5,74.53999999999999,-0.9041300000000001,0
O=C1COC(=O)NCN1,130.103,3,2,0,1,5,67.43,-1.2001,0
N=c1nc(CO)nc[nH]1,126.11899999999999,4,3,1,1,5,85.65,-1.2235300000000002,0
NC(=O)c1cnco1,112.08799999999998,3,1,1,1,4,69.12,-0.2265000000000001,0
C#CC1(O)NCOC1=N,126.115,4,3,0,1,4,65.34,-1.1372300000000004,1
Nc1conc1CC=O,126.115,4,1,2,1,4,69.12,-0.0017999999999999683,0
CN=C1OC(=N)N=C1O,127.103,3,2,0,1,5,78.03,-0.06383000000000005,0
N=CNC1=NC=NC1=O,124.103,3,2,1,1,5,77.67,-0.8499300000000001,0
COc1c(NC=N)c1=O,126.11499999999998,3,2,3,1,4,62.18,-0.05003000000000024,0
OCN=C1NN=C1CO,129.119,4,3,2,1,5,77.21000000000001,-1.7138000000000002,0
COc1nc(N=N)c[nH]1,126.119,4,2,2,1,5,74.12,1.0807699999999998,0
Cc1nn[nH]c1NC=O,126.11899999999997,3,2,2,1,5,70.67,-0.31858000000000025,0
N=CC1=C(N)OC1=O,112.088,4,2,1,1,4,76.17000000000002,-0.6369300000000002,0
Cc1n[nH]c(=N)oc1=O,127.10299999999998,4,2,0,1,5,82.74000000000001,-0.84921,0
CC(=O)n1ncc(N)n1,126.119,5,1,0,1,5,73.8,-0.47959999999999997,0
N=c1[nH]c(=O)[nH]c(=N)o1,128.091,4,4,0,1,6,109.49,-1.7450599999999996,0
CC1=NC(=O)N=C1N,111.104,2,1,0,1,4,67.81,-0.061899999999999844,0
NC1=C(NC=O)C(=O)O1,128.087,4,2,2,1,5,81.42,-1.5830000000000004,0
N=C1NCC(=O)NCO1,129.119,3,3,0,1,5,74.21000000000001,-1.3853300000000002,0
N=C(O)c1cnn(CO)n1,142.118,5,3,2,1,6,95.02,-0.8887300000000002,0
CN=c1c(=O)oc1=NO,128.087,5,1,0,1,5,75.16,-1.6642000000000003,0
N=C1ON=C(N)C1=O,113.076,5,2,0,1,5,88.53,-1.16483,0
COC1=C(O)C(=O)N=C1,127.09899999999998,3,1,1,1,4,58.89,0.013400000000000023,0
N=Cn1oc(=O)oc1=N,129.075,6,2,1,1,6,95.97999999999999,-1.0310599999999999,0
N=C1OCC(N)C(=N)O1,129.119,5,3,0,1,5,92.17999999999999,-0.72746,1
N#CC(N)C1=NN=C1O,124.103,4,2,1,1,5,94.76,-0.8366200000000001,1
N=COC1OCNC1=N,129.119,4,3,2,1,5,78.19,-0.5092600000000003,1
N=C1N=COC(=O)CO1,128.087,4,1,0,1,5,71.74,-0.47713000000000005,0
N=C1N=C(O)C(C=O)=N1,125.08699999999997,2,2,1,1,5,85.86999999999999,-0.4688300000000001,0
N=C1CNC(=O)N=CO1,127.10299999999998,3,2,0,1,5,74.54,-0.26823000000000013,0
N=C1COC(=N)OCO1,130.103,5,2,0,1,5,75.39,-0.08066000000000012,0
NOC(=O)c1cnco1,128.087,5,1,1,1,5,78.35000000000001,-0.29490000000000016,0
CN=C(N)c1nc1=O,111.10399999999998,3,1,1,1,4,68.34,-1.3475000000000006,0
NC1=NC(=O)NC1=O,113.07599999999998,3,2,0,1,5,84.54999999999998,-1.4066,0
N=CC1=C(N)N=NC1=O,124.10300000000001,4,2,1,1,5,91.66,-0.20133000000000012,0
CC(=O)C1=NC(=N)O1,112.088,3,1,1,1,4,62.510000000000005,-0.06112999999999996,0
CN=C(O)C1=NC(=N)O1,127.103,3,2,1,1,5,78.03000000000002,-0.06382999999999994,0
Nc1nc(=O)nco1,113.07599999999998,5,1,0,1,5,82.01,-0.9880000000000002,0
COc1nc(=N)on1C,129.119,5,1,1,1,5,64.03999999999999,-0.4988300000000001,0
N=C(CN)c1ncno1,126.11899999999999,5,2,2,1,5,88.79,-0.6038300000000001,0
CC1OCC(=N)C(=O)O1,129.11499999999998,4,1,0,1,4,59.379999999999995,-0.07442999999999994,1
Nc1cc(O)n[nH]c1=O,127.103,4,3,0,1,5,92.0,-0.9423000000000001,0
OCC1=NN=C1CO,114.10399999999998,4,2,2,1,4,65.18,-1.2184000000000001,0
O=Cc1nn[nH]c1CO,127.10299999999998,4,2,2,1,5,78.87,-0.8905000000000001,0
Nc1nc(C=O)[nH]c1N,126.11899999999999,4,3,1,1,5,97.78999999999999,-0.6134000000000002,0
CCC1=NC(O)=NC1=O,126.11499999999998,2,1,1,1,4,62.02,0.2916,0
N=c1oc([O-])cnc1N,126.095,5,2,0,1,5,98.96,-1.1901300000000004,0
N=C1C=C(N)C(=O)N=N1,124.10300000000001,3,2,0,1,5,91.66,-0.20133000000000012,0
CC(O)c1cnnn1N,128.13500000000002,5,2,1,1,5,76.96000000000001,-0.9548000000000001,1
Nc1ncnnc1C=O,124.10299999999998,5,1,1,1,5,81.75999999999999,-0.7337000000000002,0
N=C1COC(=O)N=CO1,128.087,4,1,0,1,5,71.74,0.15877000000000002,0
N=C1COC(=N)C(=O)N1,127.103,4,3,0,1,5,86.03,-0.9126600000000002,0
N#CCC1=NC(=N)N1N,123.11900000000001,3,2,1,1,5,89.26,-0.57735,0
CN=C1OC(=O)N=C1N,127.10300000000001,4,1,0,1,5,77.03999999999999,-0.47789999999999994,0
CC(=O)c1nc(O)no1,128.087,5,1,1,1,5,76.22,-0.022200000000000053,0
N#Cc1onc(N)[n+]1[O-],126.075,5,1,0,1,6,102.78,-1.2381199999999999,0
N#CC(=N)NC1=NC=N1,121.103,4,2,0,1,5,84.39,-0.5252500000000002,0
O=CC1COC(=O)NCN1,144.13,4,2,1,1,5,67.43,-1.1591999999999993,1
N=C1OC(=N)C(=NO)O1,129.075,6,3,0,1,6,98.75,-0.26705999999999996,0
CC1=C(N)N=NC1=O,111.104,3,1,0,1,4,67.81,0.16900000000000015,0
N=C1C=NC(N)=C1NC=O,138.13,4,3,2,1,5,91.33000000000001,-1.0356300000000003,0
N#COCC1=NC(=N)N1,124.10300000000001,3,2,2,1,5,81.25999999999999,-0.57945,0
CC1=NC(=N)C(N)=N1,110.12,3,2,0,1,4,74.59,-0.24712999999999996,0
N=Cn1nc(O)cc1N,126.11899999999999,5,3,1,1,5,87.92,-0.37393000000000004,0
CNC(=O)c1cnc(O)[nH]1,141.13,3,3,1,1,5,78.00999999999999,-0.5251000000000003,0
CC(=O)C1=NC(=N)O1,112.088,3,1,1,1,4,62.510000000000005,-0.06112999999999996,0
N=C1NC(=O)NCCO1,129.119,3,3,0,1,5,74.21000000000001,-0.74943,0
N=C1N=CN1C(N)=O,112.092,2,2,0,1,5,82.53999999999999,-0.6562299999999999,0
N=C1NC=COC(=O)N1,127.103,3,3,0,1,5,74.21,-0.27823000000000014,0
CNC(=O)C1=NC=[N+]1[O-],127.103,3,1,1,1,5,67.53,-1.3169,0
N=C1N=C(CO)C(=O)O1,128.087,4,2,1,1,5,82.74,-1.0887300000000002,0
N=C(N)C1CN(C=O)N1,128.13500000000002,3,3,2,1,5,82.21000000000001,-1.7324300000000001,1
N=CN1C(=N)OC1C=O,127.10299999999997,4,2,2,1,5,77.24000000000001,-0.6145600000000002,1
N=CN1NC(=O)C1C=O,127.10299999999997,3,2,2,1,5,73.26,-1.4922300000000004,1
N=C1CNC(=N)C1=O,111.10399999999998,3,3,0,1,4,76.80000000000001,-0.8442600000000005,0
Nc1n[n-]ccc1=NO,125.11099999999998,4,2,0,1,5,85.60000000000001,-1.0891000000000006,0
N=c1nnc(CN)c[nH]1,125.135,4,3,1,1,5,91.44,-1.2571299999999994,0
N=C1N=C(N)C(O)=N1,112.092,2,3,0,1,5,94.82000000000001,-0.75153,0
CC1=NC(=N)N=C1N,110.12,2,2,0,1,4,74.59,-0.24712999999999996,0
N=Cc1n[nH]nc1N,111.108,4,3,1,1,5,91.44,-0.6154300000000001,0
Nc1nocc1C=NCO,141.13,5,2,2,1,5,84.64,-0.3745000000000002,0
CCOC1=NC(=N)N=N1,126.11900000000001,3,1,1,1,5,70.16,0.7794700000000001,0
CCc1nnc(N)n1C=N,139.162,5,2,2,1,5,80.58,-0.12213000000000018,0
CCn1[nH]c(=N)oc1=O,129.119,4,2,1,1,5,74.78,-0.7312299999999998,0
C#CC(O)C1=NOC1=N,124.099,4,2,1,1,4,65.67000000000002,-0.6560300000000001,1
N=C1OCOC(=O)C1=N,128.087,5,2,0,1,5,83.23,-0.48566000000000015,0
N#CCNC1=CN=NC1=O,136.114,4,1,2,1,5,77.61,-0.06662000000000007,0
N=C1C=NCOC(=N)O1,127.103,5,2,0,1,5,78.52,-0.026460000000000095,0
Nc1n[nH]nc1CC=O,126.11899999999999,4,2,2,1,5,84.66,-0.8717000000000006,0
Nc1ncc(N)c(C=O)n1,138.13,5,2,1,1,5,94.89,-0.5465,0
CN=C1C(=N)ONC1=O,127.10299999999998,4,2,0,1,5,74.53999999999999,-0.9041300000000003,0
CN=c1cnoc(N)n1,126.119,5,1,0,1,5,77.3,-0.8177000000000001,0
N=C1C=C(CO)N=C1N,125.131,4,3,1,1,4,82.46,-0.7468300000000001,0
NC=C1ON=C(N)C1=O,127.103,5,2,0,1,5,90.69999999999999,-1.3420000000000003,0
N=C1NC(C=O)C(O)O1,130.10299999999998,4,3,1,1,5,82.41000000000001,-1.5731300000000001,2
Nc1cnc(C=O)n1O,127.10299999999998,5,2,1,1,5,81.14,-0.48490000000000005,0
Nc1nc[nH]c(=O)n1,112.09199999999998,4,2,0,1,5,84.66,-1.2529000000000001,0
N=C1NC(CO)=NC1=O,127.103,3,3,1,1,5,85.53999999999999,-1.51573,0
NC1=C(O)N=CC1=NO,127.103,5,3,0,1,5,91.2,-0.41319999999999996,0
CC1=NC(=N)N=C1CO,125.13099999999999,2,2,1,1,4,68.8,-0.1710299999999999,0
C#CC1=NN=C1NC=N,120.11499999999998,3,2,1,1,4,60.6,-0.4156300000000001,0
COC1=NC(=N)C(N)=N1,126.11900000000001,4,2,0,1,5,83.82,-0.6631300000000002,0
N=COC1=C(CN)N=N1,126.11900000000001,5,2,3,1,5,83.82,0.2036699999999999,0
CC1=NC(=O)N=C1CN,125.131,2,1,1,1,4,67.81,-0.01939999999999975,0
COC1=CN=NC1=NC#N,136.114,4,0,1,1,5,70.1,0.81958,0
Cn1cnc(NC=O)n1,126.11899999999999,4,1,2,1,5,59.81,-0.6166000000000003,0
CN=C1N=CN=C1N,110.12,3,1,0,1,4,63.099999999999994,-0.5861999999999998,0
CN1CC(=N)NC(=O)O1,129.119,4,2,0,1,5,65.42,-0.4497299999999999,0
CC1=NC(=O)C(CN)=N1,125.131,3,1,1,1,4,67.81,-0.6553,0
N=C1COC(=N)NCO1,129.119,4,3,0,1,5,78.19,-0.5076600000000002,0
N=C1CN(C=O)OCO1,130.10299999999998,4,1,1,1,5,62.620000000000005,-0.65863,0
Cc1nncc(OC=N)n1,138.12999999999997,5,1,2,1,5,71.75,0.16588999999999993,0
N=C1OCC(=O)C1=N,112.088,4,2,0,1,4,74.0,-0.41726000000000013,0
N=C1NCC(=O)C(C=O)N1,141.13,3,3,1,1,5,82.05000000000001,-1.7494299999999996,1
N=C1N=C(CO)N=C1N,126.119,4,3,1,1,5,94.82,-1.2747300000000001,0
N=C1OCOC(C=O)O1,131.087,5,1,1,1,5,68.61,-0.5329300000000001,1
N=C1CCN=NC(=O)N1,126.11899999999999,3,2,0,1,5,77.67,0.52917,0
N=C1COC(=N)OCO1,130.103,5,2,0,1,5,75.39,-0.08066000000000012,0
Cc1[nH]nnc1OC=N,126.11899999999999,4,2,2,1,5,74.65,0.09898999999999991,0
CC(=O)C1=NC(O)N1,114.10399999999998,4,2,1,1,4,61.69,-1.1470000000000002,1
N=C1COC(=N)C(=O)O1,128.087,5,2,0,1,5,83.23,-0.48566000000000015,0
CN=C1N=NC(CO)=N1,126.11899999999999,3,1,1,1,5,69.67,-0.17119999999999996,0
N=C1CCOC(=O)CN1,128.131,3,2,0,1,4,62.18,-0.49983000000000016,0
N=C1ON=C(N)C1=O,113.076,5,2,0,1,5,88.53,-1.16483,0
N=C(N)C1=CN=NC1=O,124.103,3,2,1,1,5,91.66,-0.20132999999999995,0
COC1=NC(N)=NC1=O,127.10300000000001,4,1,0,1,5,77.03999999999999,-1.1138000000000001,0
N=C1NC(C=O)OC1=N,127.103,4,3,1,1,5,86.03,-0.9142600000000001,1
CN=C1C=C(O)N=N1,111.104,3,1,0,1,4,57.31,0.8799000000000001,0
CN=C1OC=NCC(=O)O1,142.114,5,0,0,1,5,60.25,-0.42610000000000015,0
N=CC1OC(=N)C(=N)O1,127.103,5,3,1,1,5,90.01,-0.03659000000000001,0
N=C1OCC(=N)C(=O)O1,128.087,5,2,0,1,5,83.23,-0.48566000000000015,0
CC1=NN=C(N)C1=CO,125.13099999999999,4,2,0,1,4,70.97,0.17500000000000032,0
CC(=O)C1=NC(O)=N1,112.088,3,1,1,1,4,62.019999999999996,-0.09849999999999998,0
N=CN1CC(=O)OC=N1,127.10299999999998,4,1,1,1,5,65.75,-0.60443,0
CC(O)C1=CN=[N+]1[O-],114.104,3,1,1,1,4,58.66,0.18469999999999998,1
N=c1ncc(CO)n[nH]1,126.119,4,3,1,1,5,85.65,-1.2235300000000002,0
N=C1C=NC(NC=O)=N1,124.103,3,2,1,1,5,77.67,-0.8499300000000001,0
N=C1COC(=O)NCO1,130.103,4,2,0,1,5,71.41,-0.3224300000000002,0
N=CNc1cncnn1,123.119,4,2,2,1,5,74.55000000000001,-0.1094300000000003,0
N=C1OCC(=O)OC1=O,129.071,5,1,0,1,5,76.44999999999999,-0.9363300000000001,0
NC(=O)c1nc[nH]n1,112.092,3,2,1,1,5,84.66000000000001,-1.0964000000000005,0
N=C1NCNC(=O)CO1,129.119,3,3,0,1,5,74.21000000000001,-1.3853300000000002,0
CN=c1nccnc(=N)[nH]1,137.146,4,2,0,1,5,77.78,-1.1853300000000004,0
CNC1=NC(=O)NC1=O,127.10299999999998,3,2,0,1,5,70.56,-1.1459000000000001,0
N=C1C(N)=NN=C1C=O,124.10299999999998,5,2,1,1,5,91.66,-1.0681300000000002,0
N=CC1=NC(=N)N=C1N,123.11900000000001,3,3,1,1,5,98.44,-0.6174600000000001,0
CC1OC(=N)OC(=O)O1,131.087,5,1,0,1,5,68.61,0.4505699999999999,1
N=Cn1c(N)cnc1N,125.135,5,3,1,1,5,93.71,-0.49733,0
Nc1cnc(C=O)n1O,127.10299999999998,5,2,1,1,5,81.14,-0.48490000000000005,0
N#Cc1n[nH]c(=O)n1CO,140.102,5,2,1,1,6,94.7,-1.60712,0
CN=C(O)C1COCN1,130.147,3,2,1,1,4,53.85000000000001,-0.4814,1
CC(=O)c1cnnn1O,127.103,5,1,1,1,5,68.01,-0.2820000000000001,0
N=C1OCC(=N)C(=O)O1,128.087,5,2,0,1,5,83.23,-0.48566000000000015,0
CNC(=O)C1N=NCO1,129.119,4,1,1,1,5,63.05,-0.5016000000000003,1
N=CN1C(=N)OC1=NO,128.09099999999998,5,3,1,1,6,92.76,-0.39436,0
Cn1cnnc1NC#N,123.119,5,1,1,1,5,66.53,-0.29192000000000035,0
N=C1NC(=O)C(=N)CO1,127.103,4,3,0,1,5,86.03000000000002,-0.9126600000000002,0
N=C1OC(=O)COC1=O,129.071,5,1,0,1,5,76.44999999999999,-0.9363300000000001,0
Cc1noc(=N)n1N,114.10800000000002,5,2,0,1,5,80.83,-1.02221,0
CN(C#N)n1cno1,112.09199999999998,5,0,1,1,5,57.99,-0.47502,0
COc1conc1N=N,127.10300000000001,5,1,2,1,5,71.47,1.34567,0
N=CN1C(=N)NC1=O,112.09199999999998,3,3,1,1,5,80.04,-0.44656,0
COc1nocc1N,114.104,4,1,1,1,4,61.28,0.26539999999999997,0
CCC1(O)C=C(N)N=N1,127.147,4,2,1,1,4,70.97,0.35090000000000005,1
N=C1N=CC(CN)=N1,110.12000000000002,2,2,1,1,4,74.59,-0.5947300000000002,0
CNc1cnoc(=O)c1,126.11499999999998,4,1,1,1,4,55.13,0.07649999999999985,0
Cn1c(N)cnc1N=O,126.11899999999999,5,1,1,1,5,73.27000000000001,0.4002000000000001,0
N=C1C=NN=C1C=O,109.08799999999998,4,1,1,1,4,65.64,-0.35453,0
NCC1=NC(=O)C(=O)O1,128.087,4,1,1,1,5,81.75,-1.573,0
N=c1nnc(CO)c[nH]1,126.11899999999999,4,3,1,1,5,85.65,-1.2235300000000002,0
NC1=C(O)C=NC1=O,112.088,3,2,0,1,4,75.68,-0.6742999999999999,0
N=c1[nH]cnoc1=NO,128.091,5,3,0,1,6,98.26,-1.22793,0
CC1=NC(N)=NC1=N,110.12,3,2,0,1,4,74.59,-0.24712999999999996,0
CC(C#N)n1cnn1N,125.135,5,1,1,1,5,72.56,-0.5170200000000003,1
COC1=CN=C(N)C1=N,125.131,4,2,1,1,4,71.46000000000001,-0.13522999999999985,0
CNC(=O)C1=NC(N)=N1,126.11900000000001,4,2,1,1,5,79.84,-1.540799999999999,0
NC(=O)c1ncc(N)o1,127.103,4,2,1,1,5,95.14,-0.6443000000000003,0
O=CC1NC(=O)NCO1,130.103,3,2,1,1,5,67.43,-1.2017000000000002,1
CN=C1NC(N)COC1=O,143.146,4,2,0,1,5,76.71000000000001,-1.5540999999999996,1
CC(O)C1=NNC1=N,113.12,3,3,1,1,4,68.47,-0.6963300000000001,1
N=C1OC(=O)CNC1=O,128.087,4,2,0,1,5,79.25,-1.36333,0
CN=NC1N=C1OC#N,124.103,5,0,1,1,5,70.1,0.30428000000000005,1
Nc1noc(=O)cc1O,128.087,5,2,0,1,5,89.35000000000001,-0.6774000000000002,0
CCN1CNC(=N)C1=N,126.16299999999998,2,3,1,1,4,62.970000000000006,-0.17646000000000017,0
COc1onnc1CO,130.103,5,1,2,1,5,68.38000000000001,-0.42950000000000005,0
N=C1COC(=N)OCO1,130.103,5,2,0,1,5,75.39,-0.08066000000000012,0
CC1=NC(N)=NC1=O,111.104,3,1,0,1,4,67.81,-0.6978,0
CC(=O)OC1=NC(N)=N1,127.10300000000002,5,1,0,1,5,77.03999999999999,-0.7662,0
COc1nc(O)cn1N,129.119,5,2,1,1,5,73.3,-0.6889000000000003,0
COc1cnoc(=O)c1O,143.09799999999998,5,1,1,1,5,72.56,-0.25100000000000017,0
Cc1nc(=N)[nH]n1CO,128.135,4,3,1,1,5,77.69,-1.0511100000000002,0
N=C1NC(=O)CCOC1=O,142.114,4,2,0,1,5,79.25,-0.9732300000000003,0
N=c1nc(N)n(C=O)o1,128.091,6,2,1,1,6,97.89999999999999,-1.4239299999999997,0
CC(=O)OC1OC1=N,115.088,4,1,1,1,4,62.68,-0.11693000000000003,1
CC(=N)n1cnnc1,110.11999999999999,4,1,0,1,4,54.56,0.12336999999999992,0
N=C1C=C(CN)N=[N+]1[O-],126.11900000000001,4,2,1,1,5,88.30000000000001,-0.21762999999999988,0
CN=C1OCOC=[N+]1[O-],130.103,4,0,0,1,5,56.89,-0.4848999999999999,0
CC1=NN=C(N)C1=N,110.12,4,2,0,1,4,74.59,-0.24712999999999996,0
NC1=CC(=O)N=C1N,111.10400000000001,3,2,0,1,4,81.47,-1.2736000000000003,0
Nc1cn(C=O)nc1N,126.119,5,2,1,1,5,86.92999999999999,-0.9142000000000001,0
O=CC1NC(=O)NC1=O,128.087,3,2,1,1,5,75.27000000000001,-1.6067,1
N=C1CCN=C1OC=O,126.11499999999997,4,1,1,1,4,62.51,-0.018630000000000146,0
NC(=O)c1ncc(N)o1,127.103,4,2,1,1,5,95.14,-0.6443000000000003,0
Cn1nc(N)cnc1=N,125.135,5,2,0,1,5,80.58000000000001,-1.12323,0
O=Cc1cnc(F)nn1,127.078,4,0,1,1,5,55.74,-0.17680000000000007,0
N#CC(N)C1=NNC1=O,124.103,4,2,1,1,5,91.27000000000001,-1.67692,1
COC1=NC(=O)C(N)=N1,127.10300000000001,4,1,0,1,5,77.03999999999999,-1.1138000000000003,0
N=C1COC(=N)OC(=N)O1,143.102,6,3,0,1,6,99.24,-0.10338999999999998,0
NC1=CC(=O)C(N)=N1,111.10400000000001,4,2,0,1,4,81.47,-1.2735999999999998,0
C#Cc1n[nH]c(=O)n1N,124.103,4,2,0,1,5,76.7,-1.7335000000000003,0
O=C1NCC(=O)C(=O)O1,129.071,4,1,0,1,5,72.47,-1.1781000000000001,0
NCC1=NC(N)=C1C=O,125.13099999999999,4,2,2,1,4,81.47,-1.2310999999999999,0
N=CC1=NN=C1C(N)=O,124.103,4,2,2,1,5,91.66,-1.0681300000000002,0
N=C1OCOC(=O)CO1,131.087,5,1,0,1,5,68.61,-0.5313300000000001,0
CC1=NC(=O)NC1=O,112.08799999999998,2,1,0,1,4,58.53,-0.3028999999999999,0
N=C1CC(=O)OCO1,115.08799999999998,4,1,0,1,4,59.38000000000001,-0.11532999999999993,0
COc1nc(N)oc1N,129.119,5,2,1,1,5,87.3,-0.15239999999999998,0
N=CN1C(=O)NC1C=O,127.10299999999997,3,2,2,1,5,73.26,-0.8563300000000003,1
O=Cc1ncn[nH]c1=O,125.08699999999999,4,1,1,1,5,75.71000000000001,-1.0226,0
N=C1COC(=O)OC1=O,129.071,5,1,0,1,5,76.44999999999999,-0.3004300000000002,0
N=C1NC(=N)C(=O)CO1,127.103,4,3,0,1,5,86.03000000000002,-0.91266,0
N=CN1CC(=O)OCN1,129.119,4,2,1,1,5,65.42,-1.0856300000000003,0
CN=c1oncc(=N)o1,127.10299999999998,5,1,0,1,5,75.38,-0.7224299999999999,0
N=C1C=NC(=N)N1C=O,124.103,3,2,1,1,5,80.37,-0.5587600000000001,0
CN=C1N=C(O)N=C1N,126.119,3,2,0,1,5,83.33,-0.7004999999999999,0
C#CC1(O)NN=CCO1,126.115,4,2,0,1,4,53.849999999999994,-1.1287000000000003,1
N=C1NCOC(=O)C1=N,127.103,4,3,0,1,5,86.03,-0.9126600000000002,0
Nc1cnoc1CN=O,127.103,5,1,2,1,5,81.47999999999999,0.5232000000000001,0
CNc1nc(C=N)no1,126.11899999999999,5,2,2,1,5,74.80000000000001,0.1089699999999999,0
N=C1OCC(=O)OC1=N,128.087,5,2,0,1,5,83.22999999999999,-0.48566000000000015,0
CN=C1OC(=O)OC1=N,128.087,5,1,0,1,5,71.74000000000001,0.15877000000000002,0
NC1=NC(=CO)C(=O)N1,127.10299999999997,4,3,0,1,5,87.71000000000001,-1.1697,0
CC(O)C1=C(N)N=N1,113.12000000000002,4,2,1,1,4,70.97,-0.03919999999999996,1
COc1nn[nH]c1N,114.108,4,2,1,1,5,76.82000000000001,-0.6045000000000003,0
N=C1N=C(CO)N=C1N,126.119,4,3,1,1,5,94.82,-1.2747300000000001,0
N=C1CN=C1OCO,114.10399999999998,4,2,1,1,4,65.67,-0.6153300000000002,0
N=c1nc(CO)nc[nH]1,126.11899999999999,4,3,1,1,5,85.65,-1.2235300000000002,0
NC(=O)C1=NC(N)=N1,112.09200000000001,4,2,1,1,5,93.83,-1.8014999999999999,0
N=C1OCN=C(O)CO1,130.10299999999998,4,2,0,1,5,74.9,-0.11803000000000013,0
CN=C1C=NN=C1C=N,122.13099999999999,4,1,1,1,4,60.93,0.14716999999999997,0
N=c1occ(O)c(=N)o1,128.087,5,3,0,1,5,94.21,-0.46286,0
COC1=NC(=O)N1CN,129.119,3,1,1,1,5,67.92,-0.6594,0
N=C(O)C1N=COC1=O,128.087,4,2,1,1,5,82.74000000000001,-0.5246300000000002,1
Cn1cc(O)c(N)[n+]1[O-],129.119,4,2,0,1,5,78.12,-1.0537,0
N=C1N=C(O)C(C=O)=N1,125.08699999999997,2,2,1,1,5,85.86999999999999,-0.4688300000000001,0
CN=C1N=C(N)N=C1O,126.119,3,2,0,1,5,83.33,-0.7004999999999997,0
CN=C1NC(=O)N=C1O,127.10299999999998,2,2,0,1,5,74.05,-0.3055999999999999,0
CC(=O)C1=NC(=N)N=C1,123.115,2,1,1,1,4,65.64,0.035570000000000046,0
O=CC(=O)c1ncn[nH]1,125.087,4,1,2,1,5,75.71000000000001,-0.8137000000000001,0
NC(=O)c1coc(=O)[nH]1,128.087,3,2,1,1,5,89.09,-0.9332000000000003,0
CN=C1N=CN=C1N,110.12,3,1,0,1,4,63.099999999999994,-0.5861999999999998,0
COc1n[nH]nc1C#N,124.103,4,1,1,1,5,74.59,-0.31502000000000013,0
N=CCc1n[nH]nc1N,125.13500000000002,4,3,2,1,5,91.44,-0.4210300000000002,0
COC1=NC(=N)C(O)=N1,127.103,3,2,0,1,5,78.03,-0.06383000000000005,0
N#CCNc1nccn1N,137.146,5,2,2,1,5,79.66,-0.4676200000000001,0
N#COC1=NC=NC1=O,123.071,4,0,0,1,5,74.81,-0.5489200000000001,0
Cn1nc(N)c(CO)n1,128.135,5,2,1,1,5,76.96000000000001,-1.1104,0
COc1cnoc1N,114.104,4,1,1,1,4,61.28,0.26539999999999997,0
N=C1OCC(=O)C(=O)O1,129.071,5,1,0,1,5,76.45,-0.9363300000000001,0
N=c1[nH]nc(C=O)o1,113.07599999999998,4,2,1,1,5,82.74,-0.70533,0
N=C1C=NN=C(N)C1=O,124.103,5,2,0,1,5,91.66,-1.06813,0
NC1=NC(C=O)OC1=O,128.087,5,1,1,1,5,81.75,-1.5746000000000002,1
NC(=O)c1cnc(N)o1,127.103,4,2,1,1,5,95.14,-0.6443000000000001,0
Cc1nc(NC=O)oc1N,141.12999999999997,4,2,2,1,5,81.15,0.13352000000000003,0
N=CC1=NC=NC1=N,108.104,3,2,1,1,4,72.42,0.09614,0
CC1=NC(=O)N=C1N,111.104,2,1,0,1,4,67.81,-0.061899999999999844,0
NC1=NC(CO)=NC1=O,127.10299999999998,4,2,1,1,5,88.03999999999999,-1.7254,0
N=C1COC(=NO)O1,116.076,5,2,0,1,5,74.9,-0.2443300000000001,0
CN=c1nc(O)cn[nH]1,126.11899999999999,4,2,0,1,5,74.16,-0.9592000000000003,0
N=C1N=C(CO)N=C1O,127.10299999999998,3,3,1,1,5,89.03,-0.67543,0
N=C1NC(C=O)OCO1,130.103,4,2,1,1,5,71.41000000000001,-0.9599300000000002,1
CCC1=NOC(=O)C1=O,127.09899999999998,4,0,1,1,4,55.73,-0.12169999999999992,0
Cn1cnc(NC#N)n1,123.119,5,1,1,1,5,66.53,-0.2919200000000001,0
NC(=O)Cn1cnnc1,126.11899999999999,4,1,2,1,5,73.80000000000001,-1.2366000000000001,0
N=C1OC=NC(=O)C1O,128.087,4,2,0,1,5,82.74,-1.0903300000000002,1
CC(=O)C1=NOC1=N,112.088,4,1,1,1,4,62.51,-0.06112999999999996,0
N#CCc1ncnc(N)n1,135.13,5,1,1,1,5,88.48,-0.48012000000000005,0
N=C1NC=COC(=N)O1,127.103,4,3,0,1,5,78.19000000000001,-0.03646000000000005,0
N=Cc1cn(N)c(N)n1,125.13500000000002,5,3,1,1,5,93.71,-0.8232300000000001,0
NN1C=C(C(=O)O)CO1,130.10299999999998,4,2,1,1,5,75.79,-0.9242000000000001,0
CC(=O)C1=C(O)N=N1,112.088,4,1,1,1,4,62.019999999999996,0.7683,0
N=C1OC(=O)OC1=O,115.04399999999998,5,1,0,1,5,76.44999999999999,-0.34293,0
NC1N=C(C=O)C(=O)O1,128.087,5,1,1,1,5,81.75,-1.5746000000000002,1
N=CN1C=NCC(=O)O1,127.10299999999998,4,1,1,1,5,65.75,-0.6044300000000002,0
N=C1CN=NC(=O)OC1,127.10299999999998,4,1,0,1,5,74.87,0.60857,0
N=C1OC(=O)NC1=O,114.05999999999999,4,2,0,1,5,79.25,-0.7699300000000002,0
N=CN1C=C(O)OCN1,129.119,4,3,1,1,5,68.58000000000001,-0.25533,0
COC1=NNC(=O)C1=N,127.10299999999998,4,2,0,1,5,74.53999999999999,-0.9041300000000001,0
C#Cc1nonc1N,109.08800000000001,4,1,0,1,4,64.94,-0.36689999999999995,0
C#CC(C#N)N1N=N1,106.08800000000002,4,0,1,1,4,51.519999999999996,0.10958000000000004,1
N=COC1=NN=CC1=O,125.08699999999999,5,1,1,1,5,74.87,-0.42293000000000003,0
Nc1cnc(F)n[n+]1[O-],130.08200000000002,4,1,0,1,6,78.74,-1.1686999999999999,0
N=C1NC(=N)OC(=O)CO1,143.102,5,3,0,1,6,95.26,-0.98106,0
Cn1nnc(C=N)c1O,126.11899999999997,5,2,1,1,5,74.79,-0.4816299999999999,0
N=C1COCNC1=NO,129.11900000000003,4,3,0,1,5,77.7,-0.6288300000000002,0
Cc1n[nH]c(=N)n1C=O,126.11899999999999,4,2,1,1,5,74.53,-0.9626100000000002,0
NC(=O)c1nccn1O,127.10299999999998,4,2,1,1,5,81.14,-0.7807000000000004,0
Nc1conc1C=NC=O,139.114,4,1,2,1,5,81.47999999999999,-0.16789999999999994,0
N#CCC1=NC(=N)N1N,123.11900000000001,3,2,1,1,5,89.26,-0.57735,0
N=C1N=C(CO)N=C1N,126.119,4,3,1,1,5,94.82,-1.2747300000000001,0
N=CN1OCCNC1=O,129.119,3,2,1,1,5,65.42000000000002,-0.4497299999999999,0
C#CC1=NC(=N)N=N1,106.08800000000001,2,1,0,1,4,60.93,0.4186700000000001,0
N=C1N=C(CO)OC1=N,127.10299999999998,4,3,1,1,5,89.52000000000001,-0.6380600000000003,0
COC1=NN=C1C=O,112.08799999999998,4,0,1,1,4,51.02,-0.4002000000000001,0
COc1n[nH]nc1C#N,124.103,4,1,1,1,5,74.59,-0.31502000000000013,0
N=CN1C=NC(C=O)O1,127.10299999999997,4,1,2,1,5,65.75,-0.6060300000000001,1
CC1=NC(=O)N=C1O,112.08799999999998,1,1,0,1,4,62.019999999999996,0.5374000000000001,0
N=C(C=O)N1CNCO1,129.119,4,2,1,1,5,65.42,-1.0856299999999999,0
N=C1C=C(N)OC1=O,112.088,4,2,0,1,4,76.17000000000002,-0.6369300000000002,0
Nc1cnc(C=O)c(O)n1,139.11399999999998,5,2,1,1,5,89.1,-0.4230999999999999,0
N=C1OCC(C(=N)O)O1,130.10299999999998,4,3,1,1,5,86.39,-0.12816000000000005,1
Nc1cnc(C=O)nn1,124.103,5,1,1,1,5,81.76,-0.7337,0
N=C1N=CN1CC(N)=O,126.119,2,2,2,1,5,82.53999999999999,-1.24963,0
NC1=C(C=O)N=C1O,112.088,3,2,1,1,4,75.68,-0.6742999999999999,0
N=C1N=CC(O)OCO1,130.10299999999998,4,2,0,1,5,74.9,-0.6853300000000002,1
NC1=CC(=O)C(N)=N1,111.10400000000001,4,2,0,1,4,81.47,-1.2735999999999998,0
NC1=NN=C1CCO,113.11999999999999,4,2,2,1,4,70.97,-0.9043999999999999,0
NC1=NC(=O)C(C=O)=N1,125.08699999999997,4,1,1,1,5,84.88,-1.5188,0
N=c1nc(CO)nc[nH]1,126.11899999999999,4,3,1,1,5,85.65,-1.2235300000000002,0
N=C1N=COC(=O)CO1,128.087,4,1,0,1,5,71.74,-0.47713000000000005,0
Nc1cnc(=O)oc1N,127.103,5,2,0,1,5,95.14,-0.8008,0
NC1=CC(=O)C(O)=N1,112.088,3,2,0,1,4,75.68,-0.6743000000000001,0
CN=C1N=NC(CO)=N1,126.11899999999999,3,1,1,1,5,69.67,-0.17119999999999996,0
N#CC(=O)n1cc(O)o1,126.07099999999997,5,1,0,1,5,79.16,-0.049520000000000064,0
O=c1ncoc(=O)o1,115.04399999999998,5,0,0,1,5,73.31,-1.0119999999999998,0
N=C1NC(=N)C(CO)O1,129.119,4,4,1,1,5,89.19000000000001,-1.1208600000000002,1
N=Cn1nncc1CO,126.11899999999997,5,2,2,1,5,74.79,-0.7744300000000002,0
O=CC1(C=NO)NC1=O,128.087,4,2,2,1,5,88.66999999999999,-1.4861000000000006,1
COc1nnoc1N=N,128.091,6,1,2,1,6,84.36000000000001,0.7406699999999999,0
N=CN1CNC(=O)OC1,129.11899999999997,3,2,1,1,5,65.42,-0.44972999999999996,0
N=C(N)C1NC(=O)C1=N,126.11899999999999,3,4,1,1,5,102.82,-1.5594599999999998,1
N=CN1COC(=O)CO1,130.10299999999998,4,1,1,1,5,62.620000000000005,-0.6586300000000003,0
COC1=NC(N)=NC1=O,127.10300000000001,4,1,0,1,5,77.03999999999999,-1.1138000000000001,0
COC1=NC(=N)N=C1N,126.11900000000001,3,2,0,1,5,83.82,-0.66313,0
N=C1ON(C=O)C1=O,114.05999999999997,4,1,1,1,5,70.46000000000001,-1.10613,0
N=C1OCOC(=O)C1=O,129.071,5,1,0,1,5,76.45,-0.9363300000000001,0
N=C(C=O)C1=NC=[N+]1[O-],125.087,4,1,2,1,5,79.35,-0.84423,0
NC1=CC(N)=NC1=O,111.10400000000001,3,2,0,1,4,81.47,-1.2736000000000003,0
CC(=O)C1=NC([NH3+])=N1,112.11200000000001,3,1,1,1,4,69.43,-1.4145999999999992,0
N=C1N=C(N)C(O)=N1,112.092,2,3,0,1,5,94.82000000000001,-0.75153,0
COc1[nH]nnc1C=O,127.103,4,1,2,1,5,67.87,-0.37420000000000025,0
N=Cc1ncc(N)n1C=O,138.13,5,2,2,1,5,84.75999999999999,-0.4987300000000001,0
N=C1CNC(=O)N=CO1,127.10299999999998,3,2,0,1,5,74.54,-0.26823000000000013,0
Nc1nocc1C=NCO,141.13,5,2,2,1,5,84.64,-0.3745000000000002,0
N=C(N)OCC1=CN=N1,126.119,4,2,2,1,5,83.82000000000001,0.20367000000000013,0
NC(=O)Nc1ncco1,127.10299999999998,3,2,1,1,5,81.15,0.16520000000000012,0
N=COC1OCC(=N)CO1,144.13,5,2,2,1,5,75.39,-0.03975999999999996,0
N=C1COC(=N)C(=O)N1,127.103,4,3,0,1,5,86.03,-0.9126600000000002,0
CN=C1N=C(N)C(=O)O1,127.103,4,1,0,1,5,77.04,-1.1138,0
NC1=C(CO)N=CC1=O,126.11499999999998,4,2,1,1,4,75.68,-1.1975000000000002,0
N=C1CC(C(=N)N)=N1,110.12,2,3,1,1,4,86.08,-0.2556599999999999,0
CC(=O)C1=NC(=N)O1,112.088,3,1,1,1,4,62.510000000000005,-0.06112999999999996,0
C#CCOC1=NN=C1N,123.11500000000001,4,1,1,1,4,59.97,-0.6795,0
N=C1OCOC(=N)C1=O,128.087,5,2,0,1,5,83.22999999999999,-0.48566000000000015,0
CN=C1OC(CO)=[N+]1[O-],130.103,4,1,1,1,5,67.89,-1.0965,0
COc1noc(=N)n1CO,145.118,6,2,2,1,6,84.27000000000001,-1.0860300000000003,0
N=CC1=C(C=O)N=N1,109.088,4,1,2,1,4,65.64,0.51227,0
N=C1NCC(=O)C(O)O1,130.10299999999998,4,3,0,1,5,82.41000000000001,-1.5715300000000003,1
O=C1CNC(=O)OC=N1,128.087,3,1,0,1,5,67.76,-0.7188999999999999,0
CN1OC(=N)COC1=O,130.103,4,1,0,1,5,62.62,-0.02272999999999986,0
N=C(O)C1N=COC1=N,127.10299999999998,4,3,1,1,5,89.52000000000001,-0.07395999999999997,1
C[N+](C)([O-])n1cn[nH]1,116.124,3,1,1,1,5,56.669999999999995,-0.5925000000000005,0
Nc1ncc(=O)[nH][n+]1[O-],128.091,4,2,0,1,6,98.71,-2.0145,0
N=C1OC=C(N)C1=O,112.08800000000001,4,2,0,1,4,76.16999999999999,-0.6369300000000002,0
N=CC1=NC(=N)C(N)=N1,123.11900000000001,4,3,1,1,5,98.44,-0.6174600000000001,0
N=COC1ON=C1CO,130.103,5,2,3,1,5,74.9,-0.68533,1
N=C1OC(=O)NC1C=O,128.087,4,2,1,1,5,79.25,-0.7290300000000003,1
N=C1N=C(CO)C=C1N,125.13099999999999,3,3,1,1,4,82.46,-0.7468300000000001,0
N=CN1NCOC1=O,115.09199999999998,4,2,1,1,5,65.42000000000002,-0.49222999999999995,0
COc1noc(C=O)n1,128.087,5,0,2,1,5,65.22,-0.10930000000000006,0
CN=C1ON=C(N)C1=O,127.103,5,1,0,1,5,77.03999999999999,-1.1138,0
N=Cc1cn(N)c(=O)o1,127.103,5,2,1,1,5,85.01,-0.8472299999999997,0
N=CN1CC=NC(=O)O1,127.10299999999998,3,1,1,1,5,65.75,0.03146999999999994,0
NC(=O)c1cn[nH]c1N,126.119,3,3,1,1,5,97.79,-0.9092000000000005,0
Nc1oncc1C=O,112.08799999999998,4,1,1,1,4,69.12,0.06930000000000003,0
N=CC1=NC(O)=NC1=N,124.103,3,3,1,1,5,92.65,-0.018159999999999954,0
COc1[nH]nnc1N,114.10800000000002,4,2,1,1,5,76.82,-0.6045000000000003,0
Cc1nonc(N)c1=O,127.103,5,1,0,1,5,82.00999999999999,-0.6795800000000001,0
N=C1NC(=O)C(=N)CO1,127.103,4,3,0,1,5,86.03000000000002,-0.9126600000000002,0
N=Cc1ncnc(=N)[nH]1,123.119,4,3,1,1,5,89.27000000000001,-0.7181600000000001,0
N#CC1(C(=N)O)CO1,112.08799999999998,3,2,1,1,4,80.4,-0.18575000000000014,1
COC1=C(N)C=NC1=N,125.131,3,2,1,1,4,71.46000000000001,-0.13522999999999985,0
N=C1CC(=O)OC(=N)O1,128.087,5,2,0,1,5,83.23,-0.13806000000000002,0
N=C1OC(=N)C(=O)O1,114.05999999999999,5,2,0,1,5,83.23,-0.5281600000000002,0
CNC1=NN=C1C=O,111.10399999999998,4,1,1,1,4,53.82,-0.8272000000000002,0
CC[NH2+]c1nc(C=N)n[nH]1,140.17,3,3,3,1,5,82.03,-0.9828299999999994,0
NCc1ncnnc1N,125.135,5,2,1,1,5,90.71,-1.0875000000000001,0
NC(=O)c1cnc(N)o1,127.103,4,2,1,1,5,95.14,-0.6443000000000001,0
Nc1cc(=O)[nH]c[n+]1[O-],127.103,3,2,0,1,5,85.82000000000001,-1.4095,0
N=C1N=C(N)C(=N)O1,112.092,4,3,0,1,5,95.31000000000002,-0.7141600000000001,0
N=c1nnc(C=O)co1,125.08699999999997,5,1,1,1,5,79.84,-0.63843,0
CN=c1cn[nH]nc1N,125.135,4,2,0,1,5,79.95,-1.0826,0
N=CNC1=NC=NC1=N,123.119,3,3,1,1,5,84.45,-0.3992599999999999,0
Cn1nc([O-])nc1CO,128.111,5,1,1,1,5,74.0,-1.619,0
N=CC1=NC(N)=NC1=O,124.10300000000001,4,2,1,1,5,91.66,-1.0681300000000002,0
N=Cn1oc(=N)oc1=O,129.075,6,2,1,1,6,95.98000000000002,-1.0310599999999999,0
N#CC(N)C1=CN=C1N,122.131,4,2,1,1,4,88.19,-0.90802,1
CC1=NN=C(N)C1=N,110.12,4,2,0,1,4,74.59,-0.24712999999999996,0
N=c1oncnc1CO,127.10299999999998,5,2,1,1,5,83.0,-0.9586300000000001,0
CC(=O)C1=NC(=N)O1,112.088,3,1,1,1,4,62.510000000000005,-0.06112999999999996,0
Nn1c(C=O)cnc1O,127.10299999999998,5,2,1,1,5,81.14,-0.8850000000000002,0
N=C1NC(CN)=NC1=O,126.11900000000001,3,3,1,1,5,91.33000000000001,-1.5493299999999997,0
C#CC(=O)n1cn[nH]1,109.088,3,1,0,1,4,50.68,-0.5154000000000001,0
N=C1CC(=N)OC(=N)O1,127.10299999999998,5,3,0,1,5,90.01,0.31261,0
Cn1cnc(=O)nc1O,127.10299999999998,5,1,0,1,5,68.01,-1.1191,0
N=C1OC(=N)C(=O)O1,114.05999999999999,5,2,0,1,5,83.23,-0.5281600000000002,0
CCn1cnc(=N)n1N,127.15100000000001,5,2,1,1,5,72.62,-1.1022299999999994,0
COC1=NC(=N)N=C1O,127.103,2,2,0,1,5,78.03,-0.06383000000000005,0
CC1(N)CN=NC1=N,112.136,3,2,0,1,4,74.59,0.14687000000000017,1
CNC1=NN=C(C=N)C1=O,138.13,5,2,1,1,5,77.67,-0.8074300000000003,0
COC1=NC(=O)C(N)=N1,127.10300000000001,4,1,0,1,5,77.03999999999999,-1.1138000000000003,0
CNc1noc(C=O)n1,127.10299999999998,5,1,2,1,5,68.02000000000001,-0.07619999999999999,0
N#Cc1ncnc(=N)o1,122.08699999999999,5,1,0,1,5,86.56,-0.57925,0
Nn1c(C=O)n[nH]c1=O,128.091,5,2,1,1,6,93.76999999999998,-1.9023000000000003,0
N=C1OCN=C(CO)O1,130.10299999999998,5,2,1,1,5,74.9,-0.6837300000000002,0
N=C(O)C1=CN=C1O,112.08799999999998,2,3,1,1,4,76.67,0.37567,0
N=Cc1ncc(N)n1N,125.13500000000002,5,3,1,1,5,93.71,-0.8232300000000001,0
N=C1ON=C(CO)C1=N,127.10299999999998,5,3,1,1,5,89.52000000000001,-0.6380600000000003,0
C#CCc1nnoc1N,123.11500000000001,4,1,1,1,4,64.94,-0.1725,0
N=c1[nH]c(=O)oc(=N)o1,129.075,5,3,0,1,6,106.83999999999999,-1.4801599999999997,0
Cc1nnc(=O)[nH]c1N,126.119,4,2,0,1,5,84.66,-0.9444800000000002,0
N=C1N=COC(=O)CN1,127.103,3,2,0,1,5,74.53999999999999,-0.9041300000000001,0
CN=C1C=NN=C1N,110.12,4,1,0,1,4,63.099999999999994,-0.5862,0
N=CC1=NC(F)=NC1=N,126.09400000000001,3,2,1,1,5,72.42,0.39334,0
O=Cc1nc(F)no1,116.051,4,0,1,1,5,55.99,0.021199999999999997,0
O=CC1OC(=NO)C1=CO,143.09799999999998,5,2,1,1,5,79.12,-0.18629999999999997,1
COC1=NN=C1NC#N,124.103,5,1,0,1,5,69.77000000000001,-0.5709200000000001,0
NC(C=O)c1cnn[nH]1,126.119,4,2,2,1,5,84.66,-0.9966000000000002,1
N=CC1OC(=N)NC1=O,127.103,4,3,1,1,5,86.03,-0.9142600000000003,1
O=Cc1cn[nH]c(=O)n1,125.08699999999999,4,1,1,1,5,75.71000000000001,-1.0226,0
N=CN1CC(=N)NC1=O,126.11899999999999,3,3,1,1,5,80.04,-0.40406000000000003,0
C#Cc1[nH]nnc1N,108.10400000000001,3,2,0,1,4,67.59,-0.6318000000000001,0
N=CN1CC(=O)NC1=O,127.10299999999998,3,2,1,1,5,73.26,-0.85473,0
N=C1NC(=N)C(=O)OCO1,143.102,5,3,0,1,6,95.26000000000002,-0.98106,0
N=CN1OCC1CNC=O,143.146,3,2,4,1,5,65.42000000000002,-1.0447300000000002,1
N=C1OC(=O)OC1=NO,130.059,6,2,0,1,6,91.97,-0.08182999999999996,0
COC1=NN=C1CO,114.10399999999998,4,1,1,1,4,54.18000000000001,-0.6068,0
N#CCC1=NN=C1C=N,120.115,4,1,2,1,4,72.36,0.36025,0
N=CNC1=NN=CC1=O,124.103,4,2,1,1,5,77.67,-0.8499300000000001,0
NC(C=O)c1c[nH]nn1,126.119,4,2,2,1,5,84.66000000000001,-0.9966000000000002,1
N=C1COC(=N)C(=O)N1,127.103,4,3,0,1,5,86.03,-0.9126600000000002,0
N=C1COC(=N)OCO1,130.103,5,2,0,1,5,75.39,-0.08066000000000012,0
N=C1OCC(=O)C(=N)O1,128.087,5,2,0,1,5,83.23,-0.48566000000000015,0
N#CC1COC(=N)CN1,125.131,4,2,0,1,4,68.89999999999999,-0.5243500000000003,1
CC(=O)OC1=NC=C1N,126.11500000000001,4,1,0,1,4,64.67999999999999,-0.23829999999999985,0
Cn1cn[nH]c(=O)c1=N,126.11899999999999,4,2,0,1,5,74.53,-1.4121299999999999,0
N=C1COC(=N)C(=N)N1,126.119,4,4,0,1,5,92.81,-0.46199000000000007,0
N#CCC1=NC(=N)C=N1,120.115,3,1,1,1,4,72.36,0.36025000000000007,0
N=CN1C(=O)NC1=O,113.07599999999998,3,2,1,1,5,73.26,-0.26133,0
CC(=O)n1ncc(N)n1,126.119,5,1,0,1,5,73.8,-0.47959999999999997,0
N=CNC1=NCOC1=O,127.103,4,2,1,1,5,74.53999999999999,-0.9041300000000001,0
Cc1nc(=N)[nH][n+]([O-])n1,127.107,4,2,0,1,6,92.36,-1.7740099999999996,0
N=CN1C(=N)NC1C=O,126.11899999999997,3,3,2,1,5,80.04,-1.0415600000000003,1
O=CC1CN=CNC1=O,126.11499999999998,3,1,1,1,4,58.53,-1.0404,1
N#CCN=C1C=NN=C1N,135.12999999999997,5,1,1,1,5,86.89,-0.69242,0
NC1=NC(=O)C(C=O)=N1,125.08699999999997,4,1,1,1,5,84.88,-1.5188,0
NC(=O)c1nc[nH][n+]1[O-],128.091,3,2,1,1,6,98.71000000000001,-1.8580000000000005,0
CNC1=NC(=O)N=C1N,126.119,3,2,0,1,5,79.84,-0.9049,0
NC1=NC(=O)C(C=O)=N1,125.08699999999997,4,1,1,1,5,84.88,-1.5188,0
N=CN=C1N=CN=C1N,123.119,3,2,1,1,5,86.95,-0.60893,0
CC1=NC(N)=NC1=N,110.12,3,2,0,1,4,74.59,-0.24712999999999996,0
N#CC1=NC=NC1=N,106.088,3,1,0,1,4,72.36,-0.029849999999999988,0
N=C1N=C(CN)C(=O)O1,127.103,4,2,1,1,5,88.53000000000002,-1.1223299999999998,0
Nc1cc(C=O)cnn1,123.115,4,1,1,1,4,68.87,-0.12869999999999998,0
CN=c1ncoc(O)n1,127.10299999999998,5,1,0,1,5,71.51,-0.6943000000000004,0
N#CCc1n[nH]c(O)n1,124.103,4,2,1,1,5,85.59,-0.4236200000000002,0
Cc1n[nH]c(O)nc1=O,127.10299999999998,4,2,0,1,5,78.87,-0.8210800000000003,0
COc1nc(N)nn1C,128.13500000000002,5,1,1,1,5,65.96000000000001,-0.5941000000000003,0
N=C1COC(=O)NCO1,130.103,4,2,0,1,5,71.41,-0.3224300000000002,0
NCC(=O)C1=NC(N)=N1,126.11900000000001,5,2,2,1,5,93.83,-1.7589999999999995,0
N=C1OC(=O)CNC(=O)O1,144.08599999999998,5,2,0,1,6,88.48,-0.79583,0
NC(=O)n1cc(N)o1,115.092,4,2,0,1,5,87.18,-0.4098999999999999,0
N=C1C(O)=NN=C1C=O,125.08699999999999,4,2,1,1,5,85.87,-0.4688300000000001,0
N=C1NCCN1C(N)=O,128.13500000000002,2,3,0,1,5,82.21000000000001,-1.0949300000000002,0
N=C1N=CN(CO)C1=N,126.11899999999999,3,3,1,1,5,83.53,-0.76536,0
CN=C(N)C1=NC(=N)O1,126.11899999999999,3,2,1,1,5,83.82000000000001,-0.66313,0
N=C1OC(=O)NCC1=O,128.087,4,2,0,1,5,79.25,-0.7274300000000002,0
O=C1ON=C1CCO,115.088,4,1,2,1,4,58.89,-0.7183999999999999,0
COc1ncn[nH]c1=O,127.103,4,1,1,1,5,67.87,-0.8265,0
CN=C1N=NC(C=O)=N1,124.10299999999998,3,0,1,1,5,66.50999999999999,0.0354000000000001,0
N=C1N=C(C=O)N=C1N,124.103,4,2,1,1,5,91.66,-1.06813,0
N=C1NCC(=N)C(=O)O1,127.103,4,3,0,1,5,86.03000000000002,-0.91266,0
NC1=NC(C=O)=C1NC=O,139.11399999999998,4,2,3,1,5,84.54999999999998,-1.4863,0
CN=c1nc(N)c1=O,111.104,4,1,0,1,4,68.34,-1.5698999999999999,0
C#Cc1n[nH]c(=O)n1O,125.08699999999997,4,2,0,1,5,70.91,-1.2100000000000002,0
N=c1cnc(C=O)n[nH]1,124.103,4,2,1,1,5,82.49000000000001,-0.9033300000000002,0
Nc1cnc(=O)[nH]c1N,126.119,4,3,0,1,5,97.78999999999999,-1.0656999999999999,0
N=C1C=C(C(N)=O)O1,112.088,3,2,1,1,4,76.17,-0.6369300000000002,0
N=Cn1c(CO)noc1=N,142.118,6,3,2,1,6,98.89000000000001,-1.09696,0
COC(=O)C1=NN=C1N,127.10300000000002,5,1,1,1,5,77.03999999999999,-1.1138000000000001,0
N=c1ncoc(=N)n1N,127.10700000000001,6,3,0,1,6,104.67999999999999,-1.8511600000000001,0
CN=C1NCC(=O)NCO1,143.146,3,2,0,1,5,62.72,-1.3342999999999998,0
N#Cc1n[nH]c(=N)o1,110.07599999999998,4,2,0,1,5,89.46,-0.6461500000000002,0
N=C1C=C(O)NC1=O,112.08799999999998,3,3,0,1,4,73.18,-0.46463000000000004,0
N=C1NCC(=O)OCO1,130.103,4,2,0,1,5,71.41000000000001,-0.9583300000000001,0
N=CC1=NC(=N)C(N)=N1,123.11900000000001,4,3,1,1,5,98.44,-0.6174600000000001,0
CN=c1nc(N)c1=O,111.104,4,1,0,1,4,68.34,-1.5698999999999999,0
N=C1NC(C(=N)O)CO1,129.119,3,4,1,1,5,89.19000000000001,-0.5551600000000001,1
N=C(O)N1N=C1CO,115.09199999999998,3,3,1,1,5,79.67999999999999,-0.8994300000000002,0
CNC1=NC(=O)N=C1N,126.119,3,2,0,1,5,79.84,-0.9049,0
NC1=C(N)C(=O)N=C1,111.10399999999998,3,2,0,1,4,81.47,-1.2736000000000003,0
Nc1cnc(C=O)c(O)n1,139.11399999999998,5,2,1,1,5,89.1,-0.4230999999999999,0
NC(C=O)C1=NC(=O)O1,128.087,4,1,2,1,5,81.75000000000001,-0.9387000000000001,1
COC1=NC(=N)C(O)=N1,127.103,3,2,0,1,5,78.03,-0.06383000000000005,0
N=C(O)n1ccnc1O,127.10299999999998,4,3,0,1,5,82.13,-0.07043000000000016,0
N=C1CNC(=N)OCO1,129.119,4,3,0,1,5,78.19000000000001,-0.5076600000000004,0
N=C1NC(=N)C(=O)CO1,127.103,4,3,0,1,5,86.03000000000002,-0.91266,0
N=Cc1cnc(N)nn1,123.11900000000001,5,2,1,1,5,88.54,-0.5485300000000002,0
N=C1C=C(CO)N=N1,111.104,3,2,1,1,4,68.8,0.30567000000000005,0
COc1nonc1N,115.09200000000001,5,1,1,1,5,74.17,-0.33960000000000007,0
NCC(=O)c1cn[nH]n1,126.119,4,2,2,1,5,84.66000000000001,-1.0539000000000003,0
N=C1N=C(CO)OC1=O,128.087,4,2,1,1,5,82.74000000000001,-1.0887300000000002,0
Cc1n[nH]c(=N)nc1N,125.135,4,3,0,1,5,91.44,-0.82521,0
CC1=NN=C2CNCOC12,139.15800000000002,4,1,0,2,4,45.980000000000004,-0.23720000000000008,1
Cn1nc(O)c(C=N)n1,126.11899999999999,5,2,1,1,5,74.78999999999999,-0.48163000000000017,0
Cn1ncnc1NC=O,126.11899999999999,4,1,2,1,5,59.81,-0.6166,0
N=C1OC(C=O)NC1=O,128.087,4,2,1,1,5,79.25,-1.3649300000000002,1
N=CN=C1N=CN=C1N,123.119,3,2,1,1,5,86.95,-0.60893,0
O=C1C=NCNCOC1=O,142.114,5,1,0,1,5,67.75999999999999,-1.3123000000000005,0
N=C1C=NC(N)=NC1=O,124.10300000000001,4,2,0,1,5,91.66,-1.0681300000000002,0
N=COC1OCOC1=N,130.103,5,2,2,1,5,75.39000000000001,-0.08226000000000017,1
N=C1NC=NC(C=O)O1,127.10299999999998,4,2,1,1,5,74.54,-0.9057300000000001,1
Cc1n[nH]nc1C=NCO,140.14600000000002,4,2,2,1,5,74.16,-0.5181800000000001,0
CC(O)C1=NOC1=N,114.104,4,2,1,1,4,65.67000000000002,-0.26933000000000007,1
N=C1N=C(CN)OC1=O,127.103,4,2,1,1,5,88.53,-1.1223299999999998,0
CC(=O)n1cnc(=N)[nH]1,126.119,4,2,0,1,5,74.53,-0.6492300000000002,0
Cc1nc(OC=N)co1,126.11499999999997,4,1,2,1,4,59.11,0.96889,0
Nc1ncnc(C=O)n1,124.10299999999998,5,1,1,1,5,81.76,-0.7337,0
O=NCC1=NC(=O)N1,113.076,3,1,2,1,5,70.89,-0.1254999999999999,0
NC1=CC(=O)N=C1O,112.088,2,2,0,1,4,75.68,-0.6742999999999999,0
COc1cnc(CO)nn1,141.13,5,1,2,1,5,68.13,-0.6275000000000002,0
CN1OCC(=O)C(=N)O1,130.103,5,1,0,1,5,62.620000000000005,-0.6586300000000003,0
N=C1COC(=N)OCO1,130.103,5,2,0,1,5,75.39,-0.08066000000000012,0
Nc1nnc(C=O)n1N,127.107,6,2,1,1,6,99.82000000000001,-1.6134000000000004,0
C#CCn1nnc(N)n1,123.11900000000001,5,1,1,1,5,69.62,-1.1115000000000002,0
N=CN1C=NC(=O)NC1,126.11899999999999,2,2,1,1,5,68.55,-0.39553000000000016,0
NC(=O)OC1COCO1,133.103,4,1,1,1,5,70.78000000000002,-0.5879000000000001,1
CN=C1N=CN=C1N,110.12,3,1,0,1,4,63.099999999999994,-0.5861999999999998,0
Cc1nc(C=O)c(O)[nH]1,126.11499999999997,3,2,1,1,4,65.97999999999999,0.23621999999999993,0
N#CCC1=NC(N)=C1O,123.115,4,2,1,1,4,82.4,0.04048000000000013,0
N=C1NCOC(=O)CN1,129.119,3,3,0,1,5,74.21,-1.3853300000000002,0
O=CN1COC(=O)N1,116.076,3,1,1,1,5,58.64,-0.9429000000000001,0
NC(=O)C1=CC(O)=N1,112.08799999999998,2,2,1,1,4,75.68,-0.6743000000000001,0
N#COCC1=C(N)NC1=O,139.114,4,2,2,1,5,88.13999999999999,-1.21582,0
NC1=NN=C(C=O)C1=O,125.08699999999997,5,1,1,1,5,84.88,-1.5188,0
N=C1NCC(=O)C(N)O1,129.119,4,3,0,1,5,88.2,-1.60513,1
COC1=NC(=N)N=C1O,127.103,2,2,0,1,5,78.03,-0.06383000000000005,0
N=C1COC(=O)OC1=N,128.087,5,2,0,1,5,83.22999999999999,0.15023999999999993,0
CN=C1N=C(N)OC1=O,127.103,4,1,0,1,5,77.03999999999999,-1.1138,0
N=c1cnc(CN)c(N)o1,140.14600000000002,5,3,1,1,5,101.92,-0.8050300000000001,0
N=C1NC(=O)OC1=N,113.076,4,3,0,1,5,86.03,-0.3192599999999998,0
N=C1NC(=O)C(C=O)O1,128.087,4,2,1,1,5,79.25000000000001,-1.3649300000000002,1
N=C1COCOC(=N)O1,130.103,5,2,0,1,5,75.39,-0.0806599999999999,0
N=Cn1cnc(=O)o1,113.07599999999998,5,1,1,1,5,71.88,-0.7085299999999999,0
N=C1NC(O)C(=O)O1,116.076,4,3,0,1,5,82.41000000000001,-1.61403,1
COc1cnnc(N)n1,126.11900000000001,5,1,1,1,5,73.92,-0.5376000000000003,0
CC1=NC(N)=NC1=N,110.12,3,2,0,1,4,74.59,-0.24712999999999996,0
CC(=O)c1n[nH]n1C=O,127.103,4,1,2,1,5,67.75,-0.5479,0
CN=C1N=CN=C1N,110.12,3,1,0,1,4,63.099999999999994,-0.5861999999999998,0
N=C1OCC=NC1=O,112.088,3,1,0,1,4,62.51,-0.40873000000000004,0
N#CCN1C(=N)N1C=O,124.10299999999998,3,1,2,1,5,70.72999999999999,-0.86625,0
COc1n[nH]c(=N)n1C,128.135,4,2,1,1,5,66.69,-0.7637300000000002,0
N=C(N)C1=CN=NC1=O,124.103,3,2,1,1,5,91.66,-0.20132999999999995,0
N=c1cc(O)c(N)no1,127.103,5,3,0,1,5,96.13,-0.5581300000000002,0
N=C(N)C1=NC=NC1=N,123.119,3,3,1,1,5,98.44,-0.6174600000000001,0
O=Cc1ncc(O)n1O,128.087,5,2,1,1,5,75.35,-0.3615000000000001,0
C#CC1=NC(=N)N1O,109.088,2,2,0,1,4,59.68000000000001,-0.34232999999999997,0
Cc1nc(=N)[nH]n1CO,128.135,4,3,1,1,5,77.69,-1.0511100000000002,0
Nc1cc(OC=O)no1,128.087,5,1,2,1,5,78.35000000000001,-0.20800000000000013,0
Nc1ncc(C=O)nn1,124.103,5,1,1,1,5,81.76,-0.7337000000000002,0
O=CC1COC(=O)CN=N1,142.114,5,0,1,1,5,68.09,-0.43710000000000004,1
COC1=NC(N)=NC1=O,127.10300000000001,4,1,0,1,5,77.03999999999999,-1.1138000000000001,0
NC1(C=O)NC(=O)CO1,130.103,4,2,1,1,5,81.42,-2.0557999999999996,1
Cc1coc(=N)oc1=O,127.09899999999999,4,1,0,1,4,67.2,0.02068999999999993,0
N=C1N=C(CO)C(=N)O1,127.10299999999998,4,3,1,1,5,89.52,-0.6380600000000001,0
N=c1ncc(=N)o[nH]1,112.092,4,3,0,1,5,89.52000000000001,-1.03836,0
N=COC1COC(=N)O1,130.103,5,2,2,1,5,75.39,-0.08225999999999994,1
N=Cn1nc(CO)cc1N,140.14599999999996,5,3,2,1,5,87.92,-0.5872300000000004,0
NC=C1N=NC(CO)=N1,126.11899999999999,5,2,1,1,5,83.33,-0.3993999999999999,0
COc1nn[nH]c1C=O,127.10299999999998,4,1,2,1,5,67.87,-0.37420000000000025,0
CNC1=NC=NC(O)O1,129.11899999999997,5,2,0,1,5,66.21000000000001,-1.1038000000000003,1
Cc1nc(=O)[nH]nc1N,126.119,4,2,0,1,5,84.66,-0.9444800000000002,0
N=C1CNC(=O)OC1=N,127.10299999999998,4,3,0,1,5,86.03,-0.27676000000000023,0
COc1ncc(=O)[nH]n1,127.103,4,1,1,1,5,67.87,-0.8265000000000002,0
N=C1CC(=O)OC(=N)O1,128.087,5,2,0,1,5,83.23,-0.13806000000000002,0
COC(=N)c1cnn[nH]1,126.119,4,2,1,1,5,74.65,-0.22353000000000017,0
CC1OC(=N)OC(=O)O1,131.087,5,1,0,1,5,68.61,0.4505699999999999,1
COC1=NC(=N)C(N)=N1,126.11900000000001,4,2,0,1,5,83.82,-0.6631300000000002,0
CN=c1nc[nH]nc1N,125.135,4,2,0,1,5,79.95,-1.0826,0
COC1N=C(N)C(=O)O1,130.103,5,1,1,1,5,73.91000000000001,-1.1696,1
NC1=NC(C=O)=C1N,111.10399999999998,4,2,1,1,4,81.47,-1.2736000000000003,0
N=C1N=C(CN)C(=O)O1,127.103,4,2,1,1,5,88.53000000000002,-1.1223299999999998,0
N=C1NCC(=O)NCO1,129.119,3,3,0,1,5,74.21000000000001,-1.3853300000000002,0
CCN1N=C(N)C1=N,112.136,3,2,1,1,4,65.47,-0.42863000000000023,0
C#CCN1OCOC1=O,127.09899999999998,3,0,1,1,4,38.77,-0.03909999999999991,0
N=C1N=C(CN)OC1=O,127.103,4,2,1,1,5,88.53,-1.1223299999999998,0
N=COC1COC1=NO,130.103,5,2,2,1,5,74.9,-0.20342999999999994,1
N=C1CC(=O)C(=O)O1,113.07199999999997,4,1,0,1,4,67.22,-0.5203300000000002,0
Cc1coc(NC=N)n1,125.131,3,2,2,1,4,61.910000000000004,1.00199,0
COC1=NN=C1NC=N,126.11899999999999,4,2,1,1,5,69.83000000000001,-0.4449300000000002,0
N=C1NC(N)=NC1CO,128.13500000000002,4,4,1,1,5,94.49000000000001,-1.7575299999999994,1
NC1=C(C=O)C(=O)N=C1,124.09899999999999,3,1,1,1,4,72.52000000000001,-0.9909000000000001,0
CN=C1N=NC(CO)=N1,126.11899999999999,3,1,1,1,5,69.67,-0.17119999999999996,0
Cc1n[nH]c(=O)n1C=O,127.10299999999998,4,1,1,1,5,67.75,-1.0818800000000002,0
COC1=C(N)N=C1N,113.12000000000002,4,2,1,1,4,73.63,-0.8686,0
N=C1OC(=O)NC1=NO,129.07500000000002,5,3,0,1,6,94.77,-0.5088300000000001,0
CC1=NN=C(N)C1=N,110.12,4,2,0,1,4,74.59,-0.24712999999999996,0
N=CN1C=NC(=O)OC1,127.10299999999998,3,1,1,1,5,65.75,0.031470000000000053,0
N=COc1c[nH]c(=O)o1,128.087,4,2,2,1,5,79.08,-0.04622999999999994,0
N=C1OC(C=O)OC1=N,128.087,5,2,1,1,5,83.22999999999999,-0.48725999999999997,0
Cn1cnc(=N)nc1O,126.11899999999999,5,2,0,1,5,74.79,-0.9998300000000002,0
COc1ncc(C=N)nn1,138.13,5,1,2,1,5,71.75,-0.12213000000000024,0
N=C1OC=NCOC1=N,127.103,5,2,0,1,5,78.52000000000001,-0.026460000000000095,0
CC(=N)N1N=CN(C=O)O1,142.118,4,1,1,1,6,68.99000000000001,-0.4525300000000001,0
COC1=NC(=O)C(N)=N1,127.10300000000001,4,1,0,1,5,77.03999999999999,-1.1138000000000003,0
Nc1cnc(=O)[nH]c1O,127.10299999999998,4,3,0,1,5,92.0,-0.9423000000000001,0
CN=C1C=NC(N)=N1,110.12,3,1,0,1,4,63.099999999999994,-0.5862,0
N#CC1NCOC(=N)N1,126.119,4,3,0,1,5,80.93,-1.0622500000000004,1
O=CNC1=NC=NC1=O,125.08699999999999,3,1,1,1,5,70.89,-1.3006000000000002,0
N=C(N)C1=NC=NC1=O,124.103,3,2,1,1,5,91.66,-1.06813,0
COC1=NN=C1C=NCO,141.13,5,1,2,1,5,66.54,-0.5785,0
N=Cc1cn(N)c(=O)[nH]1,126.119,4,3,1,1,5,87.66,-1.1121299999999996,0
N=CN1NC(CO)=NO1,130.107,5,3,2,1,6,80.94000000000001,-1.3489300000000002,0
COC1=NN=C1F,102.068,3,0,0,1,4,33.95,0.32789999999999997,0
N=CN1C(=O)N=C1N,112.092,3,2,1,1,5,82.54,-0.6562300000000001,0
NC(=O)c1ncc(N)o1,127.103,4,2,1,1,5,95.14,-0.6443000000000003,0
Cc1nncc(=N)n1O,126.11899999999999,5,2,0,1,5,74.79,-0.6967099999999999,0
N=C1OCC(=O)C(=O)O1,129.071,5,1,0,1,5,76.45,-0.9363300000000001,0
NC(=O)C1=NC(O)=C1,112.08799999999998,3,2,1,1,4,75.68,-0.6742999999999999,0
N=C1COC(=O)NCO1,130.103,4,2,0,1,5,71.41,-0.3224300000000002,0
COc1n[nH]c(=O)c(O)n1,143.102,5,2,1,1,6,88.1,-1.1209000000000002,0
N=C1CNC(=O)N=CO1,127.10299999999998,3,2,0,1,5,74.54,-0.26823000000000013,0
O=C1CC(=O)OC(=O)N1,129.071,4,1,0,1,5,72.47,-0.8305,0
O=C1NCC(=NO)C1=O,128.087,4,2,0,1,5,78.75999999999999,-1.4845000000000006,0
N#CCOc1cnon1,125.08699999999999,5,0,2,1,5,71.94,-0.028020000000000045,0
N=C1NC(=O)CN=CO1,127.103,4,2,0,1,5,74.54,-0.9041300000000001,0
NC(=O)OC1=COC1=O,129.071,4,1,1,1,5,78.62,-0.5201,0
N=C1N=C(CO)C(=O)O1,128.087,4,2,1,1,5,82.74,-1.0887300000000002,0
NC(=O)N1NCC1=O,115.09199999999998,3,2,0,1,5,75.43,-1.5880999999999998,0
N#CC(=O)NC1=CN=N1,122.08699999999999,4,1,1,1,5,77.61,-0.10912000000000005,0
CNc1nc(C=O)n[nH]1,126.11899999999999,4,2,2,1,5,70.67,-0.3411000000000001,0
Cc1nc(=N)[nH]n1C=O,126.11899999999999,4,2,1,1,5,74.53,-0.9626100000000002,0
CC(O)c1nonc1N,129.119,5,2,1,1,5,85.17,-0.2949000000000001,1
N=C1C=NC(N)=C1O,111.104,4,3,0,1,4,82.46000000000001,-0.22363000000000027,0
NC(=O)C1N=CC(N)=N1,126.119,4,2,1,1,5,93.83,-1.7605999999999993,1
NC1=NC(CO)=NC1=O,127.10299999999998,4,2,1,1,5,88.03999999999999,-1.7254,0
N=Cc1on(N)c1C=O,127.103,5,2,2,1,5,85.00999999999999,-0.39493,0
CC(=O)Oc1cnc[nH]1,126.115,3,1,1,1,4,54.98,0.3349999999999999,0
N=C1NCOC(=O)CN1,129.119,3,3,0,1,5,74.21,-1.3853300000000002,0
N=CN1C=NC(=O)OC1,127.10299999999998,3,1,1,1,5,65.75,0.031470000000000053,0
N=CN1C(=N)OCC1=O,127.10299999999998,4,2,1,1,5,77.24000000000001,-0.6129600000000002,0
CC(=O)C1=NC(N)=N1,111.10400000000001,4,1,1,1,4,67.81,-0.6978,0
Cc1cnc(CO)nn1,125.131,4,1,1,1,4,58.900000000000006,-0.32768000000000014,0
N=C1NC(=O)C(=O)O1,114.05999999999999,4,2,0,1,5,79.25000000000001,-1.4058300000000001,0
N=CN1CC(=O)OC=N1,127.10299999999998,4,1,1,1,5,65.75,-0.60443,0
N=c1nc1CC(N)=O,111.104,3,2,2,1,4,79.83000000000001,-1.5355299999999998,0
N=C1N=C(C=O)OC1=N,125.08699999999997,4,2,1,1,5,86.36000000000001,-0.4314599999999999,0
Nc1c(CC=O)ncn1N,140.146,5,2,2,1,5,86.93,-1.0795000000000003,0
CC1=NC(=N)N=C1C=O,123.11499999999998,2,1,1,1,4,65.64,0.035569999999999935,0
NC1=CN=NC1=NCC=O,138.13,4,1,2,1,5,80.16999999999999,-0.1503000000000001,0
N=Cn1cc(N)oc1=O,127.103,5,2,1,1,5,85.00999999999999,-0.5213300000000001,0
CCOC1=C(N)C(=O)N=N1,141.13,4,1,2,1,5,77.04,0.1430999999999999,0
N=C1C(=O)NN=C1F,115.06700000000001,3,2,0,1,5,65.31,-0.5810300000000002,0
CN=C1C=NN=C1N,110.12,4,1,0,1,4,63.099999999999994,-0.5862,0
N=CN1C=NC(C=O)N1,126.11899999999997,4,2,2,1,5,68.55,-1.0330300000000001,1
N=C1CNC(=O)NC1=O,127.10299999999998,3,3,0,1,5,82.05000000000001,-1.15443,0
NC(=O)C1=CC(N)=N1,111.104,3,2,1,1,4,81.47,-1.2735999999999998,0
CCC1=NC(=O)N=C1N,125.131,2,1,1,1,4,67.81,0.32820000000000016,0
N=C1COC=C(CN)N1,127.147,3,3,1,1,4,71.13,-0.61643,0
CN=C1ON=C1C(N)=O,127.103,4,1,1,1,5,77.03999999999999,-1.1138000000000001,0
N=c1[nH]cc(O)oc1=N,127.103,4,4,0,1,5,96.86000000000001,-0.7277600000000002,0
O=NCCc1[nH]nnc1O,142.11800000000002,5,2,3,1,6,91.23,-0.18080000000000018,0
N=CC(O)C1=NC(N)=N1,126.11900000000003,5,3,2,1,5,94.82,-1.27633,1
NC(C=O)C1=NOC1=O,128.087,5,1,2,1,5,81.75,-1.5746000000000002,1
COC1=NC(=N)N=C1O,127.103,2,2,0,1,5,78.03,-0.06383000000000005,0
NC1=NC(O)=CC1=O,112.08799999999997,4,2,0,1,4,75.68,-0.6743000000000001,0
NC1=CC(O)=NC1=O,112.088,2,2,0,1,4,75.68,-0.6742999999999999,0
CN=C1N=NC(CO)=N1,126.11899999999999,3,1,1,1,5,69.67,-0.17119999999999996,0
O=c1cn[nH]nc1CO,127.103,4,2,1,1,5,78.87,-1.3428000000000002,0
N=C1COCC(=O)C(=N)N1,141.13,4,3,0,1,5,86.03,-0.8701600000000003,0
NCCn1cnoc1=O,129.11899999999997,5,1,2,1,5,74.05000000000001,-1.2050000000000003,0
N=CCn1[nH]cnc1=N,125.13499999999999,4,3,2,1,5,81.31,-0.6597600000000003,0
Nc1cnc(=O)[nH]c1O,127.10299999999998,4,3,0,1,5,92.0,-0.9423000000000001,0
Cc1ncn[nH]c1=O,111.10399999999998,3,1,0,1,4,58.64,-0.52668,0
CN=C1OCNC(=O)O1,130.103,4,1,0,1,5,59.92,-0.3139,0
N=C1COC(=O)N=CO1,128.087,4,1,0,1,5,71.74,0.15877000000000002,0
N=C1CNC(=N)OCO1,129.119,4,3,0,1,5,78.19000000000001,-0.5076600000000004,0
Cc1ncc(NC=N)nn1,137.146,4,2,2,1,5,74.55000000000001,0.1989899999999999,0
N=C1OC(=O)C1=CN,112.088,4,2,0,1,4,76.17,-0.63693,0
Cc1nc(O)nn1C=N,126.11899999999999,5,2,1,1,5,74.79,-0.25271000000000016,0
CN=C1OC(=N)NC1=N,126.119,4,3,0,1,5,81.32,-0.45346000000000036,0
N=CC1=C(N)C(=O)O1,112.088,4,2,1,1,4,76.17,-0.6369300000000002,0
CN=C1C(=O)NN=C1N,126.119,4,2,0,1,5,79.84,-1.5408,0
N=C1N=COC(=O)CN1,127.103,3,2,0,1,5,74.53999999999999,-0.9041300000000001,0
N=C1OC(N)=NC1=O,113.07600000000001,4,2,0,1,5,88.53,-1.1648300000000003,0
Cc1n[nH]nc(N)c1=O,126.119,4,2,0,1,5,84.66,-0.94448,0
Nc1nnc(C=O)[nH]1,112.09199999999998,4,2,1,1,5,84.66,-0.8006000000000004,0
CC1=NC(=N)NC1=NO,126.11899999999999,3,3,0,1,5,80.83,-0.22703000000000018,0
N=C1CC(O)C(=O)CO1,129.11499999999998,4,2,0,1,4,70.38,-0.6860300000000001,1
N=C1COC(=O)OC1=O,129.071,5,1,0,1,5,76.44999999999999,-0.3004300000000002,0
NC1=NC(=O)OCCN1,129.119,4,2,0,1,5,76.71,-0.9591000000000003,0
O=C1C=C(C(=O)O)O1,114.05599999999998,3,1,1,1,4,63.60000000000001,-0.4883000000000001,0
N#CC(=N)NC1COC1,125.13099999999999,3,2,1,1,4,68.9,-0.5243500000000001,0
N=CN=C1OC=NC1=O,125.08699999999997,3,1,1,1,5,74.87,-0.42293000000000003,0
N=CN1COC(=N)CO1,129.119,4,2,1,1,5,69.4,-0.2079600000000001,0
N=c1nc(C=O)cn[nH]1,124.10299999999998,4,2,1,1,5,82.49000000000001,-0.9033300000000002,0
N=C1C=NC(F)=[N+]1[O-],115.06700000000001,3,1,0,1,5,62.28,-0.11613000000000001,0
Nc1nc(C=O)c(O)o1,128.08699999999996,5,2,1,1,5,89.35,-0.2250999999999999,0
Nc1cnc(=O)oc1N,127.103,5,2,0,1,5,95.14,-0.8008,0
CN=C1C=NN=C1O,111.10399999999998,3,1,0,1,4,57.31,0.013099999999999945,0
CN=C1C=NC(O)=N1,111.10399999999998,2,1,0,1,4,57.31,0.013099999999999945,0
N=C1OCOC(=O)CO1,131.087,5,1,0,1,5,68.61,-0.5313300000000001,0
CC1=NC(=O)C(N)=N1,111.104,3,1,0,1,4,67.81,-0.6978,0
N=C(O)C1=NC(O)=N1,113.076,3,3,1,1,5,89.03,-0.1522300000000002,0
COc1cc(O)nn1N,129.119,5,2,1,1,5,73.3,-0.6889000000000003,0
Cc1n[nH]c(=O)n1CO,129.119,4,2,1,1,5,70.91,-1.1703800000000004,0
N=CC1OC(=N)C(=N)O1,127.103,5,3,1,1,5,90.01,-0.03659000000000001,0
O=C1COC(=O)NCN1,130.103,3,2,0,1,5,67.43,-1.2001,0
N=C1NC(=N)C(=O)CO1,127.103,4,3,0,1,5,86.03000000000002,-0.91266,0
N=c1[nH]c(=N)oc(=O)o1,129.075,5,3,0,1,6,106.83999999999999,-1.4801600000000006,0
CN=c1oncc(=N)o1,127.10299999999998,5,1,0,1,5,75.38,-0.7224299999999999,0
N=C1NC(=O)NC1=O,113.076,3,3,0,1,5,82.05000000000001,-1.19693,0
COC1COC(=O)C1=N,129.115,4,1,1,1,4,59.38,-0.4220300000000003,1
Cn1cnc(=N)c(N)n1,125.135,5,2,0,1,5,80.58,-1.12323,0
NC1=C(C=O)OC1=O,113.07199999999999,4,1,1,1,4,69.39000000000001,-1.0876000000000001,0
NC(=O)C1OCC(=O)O1,131.087,4,1,1,1,5,78.62000000000002,-1.6288000000000002,1
N=C1OC(=CN)N=C1N,126.11900000000001,5,3,0,1,5,97.47999999999999,-0.8913300000000002,0
N=C1N=C(CO)NC=CN1,140.146,3,4,1,1,5,80.5,-1.0240300000000002,0
N=C1OCC(=O)C(=O)O1,129.071,5,1,0,1,5,76.45,-0.9363300000000001,0
N=C1COC(=O)OC1O,131.087,5,2,0,1,5,79.61,-0.5086300000000001,1
N=C1NC(=N)C(=O)CO1,127.103,4,3,0,1,5,86.03000000000002,-0.91266,0
CN=c1nc(N)c1=O,111.104,4,1,0,1,4,68.34,-1.5698999999999999,0
N=C1ONC(=O)C1C=O,128.087,4,2,1,1,5,79.25,-1.1598300000000001,1
N=C1OCC(C(=N)N)O1,129.119,4,3,1,1,5,92.18,-0.72746,1
CCc1nn[nH]c(=O)n1,126.11899999999999,4,1,1,1,5,71.53,-0.8777000000000001,0
COC1=NC(=N)C(N)=N1,126.11900000000001,4,2,0,1,5,83.82,-0.6631300000000002,0
CC1=NN=C(N)C1=O,111.104,4,1,0,1,4,67.81,-0.6978,0
N=C1OC(=O)CC1=O,113.07199999999999,4,1,0,1,4,67.22,-0.52033,0
COC1=CC(=N)C(=O)O1,127.09899999999999,4,1,1,1,4,59.379999999999995,0.05077000000000004,0
N=c1cnonc1C=O,125.08699999999999,5,1,1,1,5,79.84,-0.6384300000000003,0
CC(=O)N1NCOC1=O,130.10299999999998,4,1,0,1,5,58.64000000000001,-0.5528,0
CN=C1N=NC(=O)N1,112.09199999999998,2,1,0,1,5,66.17999999999999,0.14760000000000006,0
CC1=C(OC=O)NC1=N,126.115,3,2,2,1,4,62.18,-0.028629999999999933,0
Cc1nc(O)nn1C=N,126.11899999999999,5,2,1,1,5,74.79,-0.25271000000000016,0
Nc1nc(O)oc1C=O,128.08699999999996,5,2,1,1,5,89.35,-0.22510000000000002,0
CC(O)c1nc(O)n[nH]1,129.119,4,3,1,1,5,82.03,-0.43640000000000007,1
N=C1OC(=O)CC(=O)O1,129.071,5,1,0,1,5,76.45,-0.58873,0
CC(=O)n1nncc1N,126.119,5,1,0,1,5,73.8,-0.47959999999999997,0
N=C1N=C(CO)OC1=O,128.087,4,2,1,1,5,82.74000000000001,-1.0887300000000002,0
N=C1C(=O)OC=C1N,112.088,4,2,0,1,4,76.17,-0.63693,0
Nc1nnc(C=O)n1C=O,140.10199999999998,6,1,2,1,6,90.87,-1.2889000000000004,0
N=CN=C1N=C(CO)O1,127.10299999999998,3,2,2,1,5,78.03,-0.6295300000000001,0
N=C1C(=O)OC=NCC1N,141.12999999999997,5,2,0,1,5,88.53,-1.0814300000000001,1
NC(=O)n1ncoc1=O,129.075,5,1,0,1,6,91.12,-1.2369,0
N=C1COC(=N)OCO1,130.103,5,2,0,1,5,75.39,-0.08066000000000012,0
N=C1N=CN=C(N)C1=O,124.103,4,2,0,1,5,91.66,-1.06813,0
N=C1COC(=O)NCO1,130.103,4,2,0,1,5,71.41,-0.3224300000000002,0
CN=C1NC(=O)C(=N)O1,127.10299999999998,4,2,0,1,5,74.54,-0.9041300000000001,0
Cc1noc(=N)c(=O)[nH]1,127.103,4,2,0,1,5,82.74000000000001,-0.8492100000000002,0
N=C1C=C(N)C(N)=N1,110.12000000000002,3,3,0,1,4,88.25,-0.8229299999999997,0
N=c1cnc(CO)no1,127.103,5,2,1,1,5,83.0,-0.9586300000000003,0
COC1=CN=C(N)C1=O,126.115,4,1,1,1,4,64.68,-0.5859000000000001,0
CNC1=NOC(=N)C1=N,126.11899999999999,5,3,0,1,5,81.32000000000001,-0.45346000000000036,0
N#CC1OC(=N)C(=N)O1,125.08699999999999,5,2,0,1,5,89.95,-0.16258000000000006,0
N=C1CNC(=N)C(=O)O1,127.10299999999998,4,3,0,1,5,86.03000000000002,-0.9126600000000005,0
CNC1(C=N)NC1=O,113.11999999999999,3,3,2,1,4,74.89000000000001,-1.3185300000000002,1
N=C1OC(=N)C(=O)O1,114.05999999999999,5,2,0,1,5,83.23,-0.5281600000000002,0
CC1=NC(=O)N=C1N,111.104,2,1,0,1,4,67.81,-0.061899999999999844,0
O=C1N=C(CO)N=C1O,128.087,3,2,1,1,5,82.25,-1.1261,0
CNC(=O)c1cnn[nH]1,126.119,3,2,1,1,5,70.67,-0.8357000000000003,0
COC1=NC(=N)N=C1N,126.11900000000001,3,2,0,1,5,83.82,-0.66313,0
COc1cn[nH]c(=O)n1,127.103,4,1,1,1,5,67.87,-0.8265,0
N=C1N=C(CN)OC1=N,126.119,4,3,1,1,5,95.31,-0.6716600000000001,0
O=Cc1ncn[nH]c1=O,125.08699999999999,4,1,1,1,5,75.71000000000001,-1.0226,0
N=C1C=C(N)OC1=N,111.104,4,3,0,1,4,82.95000000000002,-0.18625999999999998,0
CNC1=NN=C1C=O,111.10399999999998,4,1,1,1,4,53.82,-0.8272000000000002,0
NC1=C(OCO)C(=O)N=C1,142.114,4,2,2,1,5,84.91000000000001,-1.2659000000000002,0
NC(=O)C1=NC(O)=C1,112.08799999999998,3,2,1,1,4,75.68,-0.6742999999999999,0
CC(=O)NC1=NC=N1,111.104,3,1,0,1,4,53.82,-0.4796,0
N#CCC1=NC(N)=[N+]1[O-],124.10300000000001,4,1,1,1,5,88.24000000000001,-0.8628199999999997,0
Cc1nc(N)nn1C=O,126.119,5,1,1,1,5,73.8,-0.7929800000000002,0
N=C1NC(=N)C(=O)N1,112.092,3,4,0,1,5,88.83000000000001,-1.3821599999999998,0
COc1cc(=N)[nH]nn1,126.11900000000001,4,2,1,1,5,74.65,-0.7072300000000002,0
CC(O)C1=NNC1=O,114.104,3,2,1,1,4,61.690000000000005,-1.1470000000000002,1
N=C1CNC(NC=O)O1,129.11899999999997,4,3,2,1,5,74.21000000000001,-1.38693,1
N=C1CNC(O)C(=N)O1,129.11899999999997,5,4,0,1,5,89.19000000000001,-1.1208600000000006,1
O=Cc1ncoc(=O)n1,126.07099999999998,5,0,1,1,5,73.06,-0.7577,0
N=C1OCC(=N)C(=N)O1,127.103,5,3,0,1,5,90.01,-0.034989999999999966,0
N=C1OCN(C=O)CO1,130.10299999999998,4,1,1,1,5,62.620000000000005,-0.6586300000000003,0
CN=C1ON=C1C=O,112.08799999999998,4,0,1,1,4,51.02,-0.4001999999999999,0
N=C1OC=NC(C=O)O1,128.087,5,1,1,1,5,71.74,-0.4787300000000001,1
Cc1nnc(N)c(=N)[nH]1,125.135,4,3,0,1,5,91.44,-0.8252100000000004,0
Cc1onnc1C=NC#N,136.11399999999998,5,0,1,1,5,75.07,0.278,0
N=C1N=NC=C1N,96.093,3,2,0,1,4,74.59,0.2295700000000001,0
N=c1nc(CO)occ1N,141.12999999999997,5,3,1,1,5,96.13,-0.7714299999999998,0
CC(=N)N1CNC1=O,113.11999999999999,2,2,0,1,4,56.190000000000005,-0.03372999999999993,0
N=COC1=NNC1=O,113.076,4,2,1,1,5,74.53999999999999,-0.9466300000000003,0
CN=c1nc(N)n(C)o1,128.13500000000002,5,1,0,1,5,69.34,-0.8742000000000005,0
N=C1N=CN=C(N)C1=O,124.103,4,2,0,1,5,91.66,-1.06813,0
NC1=C(O)C(=O)N=C1,112.088,3,2,0,1,4,75.68,-0.6742999999999999,0
O=C1C(O)=CNC1=NO,128.087,4,3,0,1,5,81.92,-0.6542000000000001,0
N=C1COC(=O)NC=N1,127.103,3,2,0,1,5,74.53999999999999,-0.26823000000000013,0
NC1=C(O)C(=O)N=C1,112.088,3,2,0,1,4,75.68,-0.6742999999999999,0
N=C1N=C(N)OCC1=O,127.103,4,2,0,1,5,88.53,-1.1223299999999998,0
N=C1NC(O)C(=N)O1,115.092,4,4,0,1,5,89.19000000000001,-1.1633600000000002,1
N=C1OC(=O)CN=C1N,127.10300000000001,5,2,0,1,5,88.53,-1.1223300000000003,0
N=Cc1nnc(=O)[nH]n1,125.091,5,2,1,1,6,95.38000000000001,-1.4424300000000003,0
N=CN1CC(=O)C1=NO,127.10299999999998,4,2,1,1,5,76.75,-0.7341300000000002,0
N=C1COC(=N)C(=N)N1,126.119,4,4,0,1,5,92.81,-0.46199000000000007,0
COC1=NC(N)=NC1=O,127.10300000000001,4,1,0,1,5,77.03999999999999,-1.1138000000000001,0
N=CC1=NN=CC1=N,108.10399999999998,4,2,1,1,4,72.42,0.09614,0
N=C1NC(=N)C(C=O)O1,127.10299999999998,4,3,1,1,5,86.03000000000002,-0.9142600000000001,1
N=CNC1NCOC1=O,129.119,4,3,2,1,5,74.21000000000001,-1.3869300000000002,1
CN=C1N=C(CO)OC1=N,141.13,4,2,1,1,5,78.03,-0.5870300000000002,0
N=c1[nH]cc(O)c(=O)o1,128.087,4,3,0,1,5,90.08,-0.84703,0
N=CN1CC(=N)C(=O)N1,126.11899999999999,3,3,1,1,5,80.04,-1.0399600000000004,0
N#Cc1cn(C=O)nn1,122.08699999999999,5,0,1,1,5,71.57,-0.8119200000000002,0
CC(=O)C1=NN=C1N,111.10400000000001,4,1,1,1,4,67.81,-0.6978,0
N=C(N)C1=NC=NC1=O,124.103,3,2,1,1,5,91.66,-1.06813,0
O=Cc1nc(=O)nc[nH]1,125.08699999999999,4,1,1,1,5,75.71000000000001,-1.0226000000000002,0
N=C1OCC(=N)C(=O)O1,128.087,5,2,0,1,5,83.23,-0.48566000000000015,0
CC1=NC(=N)OC1=N,111.10399999999998,3,2,0,1,4,69.28999999999999,0.38954000000000005,0
N=C1COC(=N)NCO1,129.119,4,3,0,1,5,78.19,-0.5076600000000002,0
Cc1noc(O)c1CO,129.115,4,2,1,1,4,66.49000000000001,0.18091999999999997,0
N=COC1CC(=O)NCN1,143.14600000000002,4,3,2,1,5,74.21,-0.9968300000000003,1
CC(O)C(=N)C1NCN1,129.163,4,4,2,1,4,68.14,-1.1366299999999996,1
N=C1COC(C=NO)O1,130.10299999999998,5,2,1,1,5,74.9,-0.20342999999999994,1
N=C1N=C(C=O)N=C1O,125.08699999999997,3,2,1,1,5,85.87,-0.4688299999999999,0
N=C1COC(C=O)CO1,129.11499999999998,4,1,1,1,4,59.379999999999995,-0.4220300000000001,1
N=C=C1N=NC=C1CN,122.131,4,2,1,1,4,74.59,0.4271700000000001,0
CC(=N)Oc1cnn[nH]1,126.119,4,2,1,1,5,74.65,0.18067,0
N=C1OCC(C=O)=NO1,128.087,5,1,1,1,5,71.74,-0.4771300000000003,0
N=C1NC(C=O)C(=O)O1,128.087,4,2,1,1,5,79.25000000000001,-1.3649300000000002,1
N=C1ON=C(CO)C1=N,127.10299999999998,5,3,1,1,5,89.52000000000001,-0.6380600000000003,0
N=Cn1c(N)coc1=N,126.11899999999999,5,3,1,1,5,91.78999999999999,-0.40206000000000003,0
CC(N)N1C=NC1=O,113.11999999999999,2,1,1,1,4,58.69,-0.24499999999999983,1
N#CCOC1=CC(N)=N1,123.115,4,1,2,1,4,71.39999999999999,-0.2612199999999999,0
CC(=O)c1nc(N)n[nH]1,126.11900000000001,4,2,1,1,5,84.66,-0.41050000000000025,0
N=c1[nH]ncc(=O)n1O,128.09099999999998,5,3,0,1,6,94.76,-1.7118299999999997,0
COC1=NN=C1C=NCO,141.13,5,1,2,1,5,66.54,-0.5785,0
COc1conc1C=N,126.115,4,1,2,1,4,59.11000000000001,0.6808699999999999,0
N=C1N=C(N)N=C1C=O,124.103,4,2,1,1,5,91.66,-1.06813,0
CN=C1OC(=O)OC1=O,129.071,5,0,0,1,5,64.96000000000001,-0.29190000000000005,0
CC1=NC(=O)C(CO)=N1,126.11499999999998,3,1,1,1,4,62.019999999999996,-0.6217000000000001,0
N=CN1OC(=N)C1=O,113.076,4,2,1,1,5,77.24000000000001,-0.6554600000000002,0
NC1=NC(NC=O)=C1F,129.09399999999997,3,2,2,1,5,67.47999999999999,-0.7582000000000002,0
N=C1ON=CC1=CN,111.10399999999998,4,2,0,1,4,71.46,-0.17773000000000005,0
N=C1COC(=N)OCO1,130.103,5,2,0,1,5,75.39,-0.08066000000000012,0
CN=c1cnonc1N,126.119,5,1,0,1,5,77.3,-0.8177000000000001,0
N#CC(N)C1=NC=[N+]1[O-],124.103,4,1,1,1,5,88.24000000000001,-1.2120199999999999,1
N=C1NCNC(=O)CO1,129.119,3,3,0,1,5,74.21000000000001,-1.3853300000000002,0
N=C1COC(=O)OC1=N,128.087,5,2,0,1,5,83.22999999999999,0.15023999999999993,0
N#CC(=N)NC1=CN=N1,121.103,4,2,1,1,5,84.39,0.34155,0
N=CN1COC(=O)CN1,129.119,4,2,1,1,5,65.42,-1.0856300000000003,0
CC(N)C1=NC(=N)O1,113.11999999999999,3,2,1,1,4,71.46,-0.30292999999999987,1
Cc1nc(COC#N)no1,139.114,5,0,2,1,5,71.94,0.3756999999999999,0
N=C1C=C(O)N=C1O,112.08799999999998,3,3,0,1,4,76.67,0.37567,0
N=C(N)C1=CN=NC1=N,123.119,3,3,1,1,5,98.44,0.24934000000000028,0
N=CN1NC(=N)C1=O,112.09199999999998,3,3,1,1,5,80.04,-1.0824600000000002,0
COc1cn[nH]c(=O)n1,127.103,4,1,1,1,5,67.87,-0.8265,0
CC(N)C1=NN=C1N,112.13600000000001,4,2,1,1,4,76.75999999999999,-0.9396,1
N#CC(=O)n1cn[nH]1,110.076,4,1,0,1,5,74.47,-0.6250200000000001,0
CNc1n[nH]c(C=O)n1,126.11899999999999,4,2,2,1,5,70.67,-0.3411000000000001,0
N=C1NC(N)COC(=O)O1,145.118,5,3,0,1,6,97.43000000000002,-1.0376300000000003,1
CNc1cn[nH]c(=O)n1,126.119,4,2,1,1,5,70.67,-0.7934000000000003,0
CN=C1NN=C(F)C1=O,129.094,3,1,0,1,5,53.82,-0.53,0
N=C1NC(=O)COC1=N,127.103,4,3,0,1,5,86.03,-0.9126600000000002,0
N=CN1OCCNC1=O,129.119,3,2,1,1,5,65.42000000000002,-0.4497299999999999,0
NC1=NC(C(N)C=O)=N1,126.11899999999999,5,2,2,1,5,93.83,-1.7606000000000004,1
CN=C1NC(=N)N1CO,128.135,3,3,1,1,5,71.71000000000001,-1.2380300000000004,0
COC1=CC(=O)C(N)=N1,126.11500000000001,4,1,1,1,4,64.68,-0.5859000000000001,0
N=C1NCC(=O)OC1=O,128.087,4,2,0,1,5,79.25,-1.36333,0
C#CC1=NC(=N)C(O)=N1,121.09899999999999,2,2,0,1,4,68.8,-0.03452999999999995,0
COC1=NOC(=N)C1=O,128.087,5,1,0,1,5,71.74000000000001,-0.47713,0
Cc1nonc1CC=O,126.11499999999998,4,0,2,1,4,55.99,0.11941999999999986,0
Nn1c([O-])ncnc1=O,127.08299999999998,6,1,0,1,6,96.86000000000001,-2.5743,0
N=C1NC(=O)NC1=NO,128.091,4,4,0,1,6,97.57000000000001,-0.9358300000000002,0
COC1=NNC(=O)C1=N,127.10299999999998,4,2,0,1,5,74.53999999999999,-0.9041300000000001,0
N=C(O)C1=NN=C1CO,127.103,4,3,2,1,5,89.03,-0.67543,0
CC1=NC(=O)C(N)=N1,111.104,3,1,0,1,4,67.81,-0.6978,0
N=c1ncc(F)nn1C=O,142.09300000000002,5,1,1,1,6,71.63,-1.0650300000000001,0
CC(O)C1=[N+]([O-])NC1=N,129.119,3,3,1,1,5,82.18,-1.1860300000000001,1
NC(=O)n1cncn1,112.092,4,1,0,1,5,73.80000000000001,-0.7951000000000001,0
C#Cc1nc(O)no1,110.07199999999999,4,1,0,1,4,59.150000000000006,-0.24350000000000005,0
N=CN1C(=O)OC1=O,114.05999999999997,4,1,1,1,5,70.46000000000001,0.16566999999999998,0
N=C1N=C(C=O)N=C1O,125.08699999999997,3,2,1,1,5,85.87,-0.4688299999999999,0
CC(=O)n1ncc(N)n1,126.119,5,1,0,1,5,73.8,-0.47959999999999997,0
CC1=NC(F)=NC1=N,113.095,2,1,0,1,4,48.57,0.7636700000000001,0
COc1cn[nH]c(=N)c1N,140.146,4,3,1,1,5,87.78,-0.52003,0
NN=C1OCOC1C=O,130.10299999999998,5,1,1,1,5,73.91,-1.1696,1
N=C1CNC(=O)N=CO1,127.10299999999998,3,2,0,1,5,74.54,-0.26823000000000013,0
NC(=O)Oc1cn[nH]c1,127.103,3,2,1,1,5,81.0,-0.1328000000000002,0
N=C1NC(=N)C(CO)O1,129.119,4,4,1,1,5,89.19000000000001,-1.1208600000000002,1
Nc1coc(=O)n1C=O,128.087,5,1,1,1,5,78.22999999999999,-0.9381999999999999,0
N=C1OCCC(=O)NC1=O,142.114,4,2,0,1,5,79.25,-0.9732300000000003,0
CNC(=O)c1conn1,127.103,4,1,1,1,5,68.02000000000001,-0.5708000000000002,0
COC1=NN=C1C=N,111.10399999999998,4,1,1,1,4,57.800000000000004,0.05046999999999996,0
N=C1NC(=O)C(=N)CO1,127.103,4,3,0,1,5,86.03000000000002,-0.9126600000000002,0
N=c1ncc(C=O)n[n-]1,123.095,4,1,1,1,5,80.80000000000001,-1.2742300000000002,0
CNc1ncoc(=O)n1,127.10299999999998,5,1,1,1,5,68.02000000000001,-0.5285,0
N=CNC1OCNC1=O,129.119,3,3,2,1,5,74.21000000000001,-1.3869300000000002,1
N=COC1=NC(=N)C=N1,124.103,4,2,1,1,5,81.64999999999999,0.027739999999999987,0
CC(N)(O)c1nnc[nH]1,128.13500000000002,4,3,1,1,5,87.82,-1.0716000000000003,1
N=C1OCC(C(=N)O)O1,130.10299999999998,4,3,1,1,5,86.39,-0.12816000000000005,1
N=CN1COC(=O)C1=N,127.10299999999998,4,2,1,1,5,77.24000000000001,-0.6129600000000004,0
N=Cc1nc(N)c(N)o1,126.11900000000001,5,3,1,1,5,101.92,-0.1633300000000001,0
CC1=NC(N)=NC1=O,111.104,3,1,0,1,4,67.81,-0.6978,0
NC1=C(N)C(=O)N=N1,112.092,4,2,0,1,5,93.83,-0.9347000000000003,0
NC1=NC(C=O)=NC1=O,125.08699999999997,4,1,1,1,5,84.88,-1.5188,0
N=CN1C=NC(=O)OC1,127.10299999999998,3,1,1,1,5,65.75,0.031470000000000053,0
COc1nnoc1CO,130.103,5,1,2,1,5,68.38000000000001,-0.42950000000000005,0
N=C1CC(=O)C(=O)O1,113.07199999999997,4,1,0,1,4,67.22,-0.5203300000000002,0
N=c1nc[nH]c(C=O)n1,124.10299999999998,4,2,1,1,5,82.49,-0.90333,0
N=C1NC(=O)C(=O)O1,114.05999999999999,4,2,0,1,5,79.25000000000001,-1.4058300000000001,0
N=Cc1cncnc1N,122.131,4,2,1,1,4,75.65,0.05646999999999991,0
NC=C1N=CC(N)=NC1=O,138.13,4,2,0,1,5,93.82999999999998,-1.2452999999999999,0
N=C1COC(=N)OCO1,130.103,5,2,0,1,5,75.39,-0.08066000000000012,0
N=C1N=NNN=C=CN1,124.10699999999999,4,3,0,1,6,84.99000000000001,-0.42043,0
CC(N)C1=NOC1=N,113.11999999999999,4,2,1,1,4,71.46000000000001,-0.30292999999999987,1
N=C1OCC(=O)OC1=N,128.087,5,2,0,1,5,83.22999999999999,-0.48566000000000015,0
N=C1CC(=N)OC(=O)N1,127.10299999999998,4,3,0,1,5,86.03,0.0708399999999999,0
N=C1NC(=O)NC=CO1,127.10299999999998,3,3,0,1,5,74.21000000000001,-0.27823,0
O=COc1nc[nH]n1,113.076,4,1,2,1,5,67.87,-0.6601000000000001,0
COC1=NC(=O)C(F)=N1,130.078,3,0,0,1,5,51.019999999999996,-0.10300000000000009,0
N=C1N=C(N)N=C1CO,126.119,4,3,1,1,5,94.82000000000001,-1.27473,0
N=C1CN=NC1CN=O,126.11899999999999,5,1,2,1,5,78.0,0.60697,1
Cc1nn[nH]c1C=NCO,140.146,4,2,2,1,5,74.16,-0.5181800000000001,0
N=C1N=C(O)N=C1C=O,125.08699999999997,3,2,1,1,5,85.87,-0.4688300000000001,0
N=c1[nH]c(CN)nc(=O)o1,142.11800000000002,5,3,1,1,6,108.76,-1.6989299999999998,0
N=C1NC(=N)OCCO1,129.119,4,3,0,1,5,78.19000000000001,-0.50766,0
CC(N)C1=NN=NC1=N,125.135,4,2,1,1,5,86.94999999999999,0.13267000000000023,1
N=C1COC(=O)OC1=N,128.087,5,2,0,1,5,83.22999999999999,0.15023999999999993,0
N=C1CNC(O)OC=N1,129.11899999999997,4,3,0,1,5,77.7,-1.1123300000000005,1
N=c1cc(CN)nno1,126.11900000000001,5,2,1,1,5,88.79,-0.99223,0
CN=C1N=C(N)C(=N)O1,126.119,4,2,0,1,5,83.82000000000001,-0.66313,0
N=c1[nH]c(=O)oc(=N)o1,129.075,5,3,0,1,6,106.83999999999999,-1.4801599999999997,0
COC(=N)N1OCC1=O,130.103,4,1,0,1,5,62.62,-0.65863,0
N=C(O)C1=CN=CC1=O,124.09899999999998,3,2,1,1,4,73.50999999999999,0.059069999999999956,0
CN=C1N=C(N)C(=O)O1,127.103,4,1,0,1,5,77.04,-1.1138,0
NC(=O)C1=NNC1=O,113.076,3,2,1,1,5,84.55000000000001,-2.0425,0
Cc1cnnc(N)[n+]1[O-],126.11900000000001,4,1,0,1,5,78.74,-0.9993799999999999,0
N=C1NCC(=O)OC1=O,128.087,4,2,0,1,5,79.25,-1.36333,0
CNC1=CN=NC1=N,110.12,3,2,1,1,4,60.6,0.49027,0
N=C1CNC(=N)OCO1,129.119,4,3,0,1,5,78.19000000000001,-0.5076600000000004,0
N=C1N=NC(N)C(=O)O1,128.091,5,2,0,1,6,100.89,-0.7850300000000001,1
N=c1[nH]ncnc1C=O,124.10299999999998,4,2,1,1,5,82.49000000000001,-0.9033300000000004,0
N=C(O)c1nc[nH][n+]1[O-],128.091,3,3,1,1,6,99.69999999999999,-1.0735299999999999,0
N=CN1CC(=O)OCN1,129.119,4,2,1,1,5,65.42,-1.0856300000000003,0
N=CNC1C(=N)OC1=O,127.103,4,3,2,1,5,86.03,-0.9142600000000003,1
NC1=NC(=O)C(C=O)=N1,125.08699999999997,4,1,1,1,5,84.88,-1.5188,0
N=C1COC(=O)OC(=N)N1,143.102,5,3,0,1,6,95.25999999999999,-0.3451600000000003,0
COc1coc(=N)nc1O,142.114,5,2,1,1,5,79.34,-0.13173,0
CN=C1C=NNC1=O,111.10399999999998,3,1,0,1,4,53.82,-0.8272000000000002,0
N=C1NC(C=O)N=CO1,127.103,4,2,1,1,5,74.54,-0.9057300000000001,1
N=CN1C=NC(=N)OC1,126.11899999999999,3,2,1,1,5,72.53,-0.15376000000000006,0
C#CC1=NC(COC=N)=N1,135.12599999999998,4,1,3,1,4,57.8,0.05387000000000003,0
NC(=O)C1=NN=C1O,113.076,3,2,1,1,5,88.04,-1.2022,0
N=Cc1cnc(N)nn1,123.11900000000001,5,2,1,1,5,88.54,-0.5485300000000002,0
CNc1cnc(N)n1C=O,140.14600000000002,5,2,2,1,5,72.94,-0.4547000000000003,0
Nc1ccc(F)c(N)n1,127.12200000000003,3,2,0,1,4,64.93,0.38510000000000016,0
Cc1nc(=O)nc(N)[nH]1,126.119,4,2,0,1,5,84.66,-0.9444800000000002,0
CN=C1OC(=O)NC1=N,127.103,4,2,0,1,5,74.53999999999999,-0.2682300000000001,0
CC1=NN=C1OC#N,109.088,4,0,0,1,4,57.74,0.27208000000000004,0
CN=C1NC(=O)C(O)O1,130.10299999999998,4,2,0,1,5,70.92,-1.5630000000000002,1
NC(=O)OC1NCC1=O,130.103,4,2,1,1,5,81.42000000000002,-1.4199000000000004,1
NC1=NC(=O)C(=O)C=N1,125.08699999999997,4,1,0,1,5,84.88,-1.5188,0
COC1=NN=C(N)C1=O,127.103,5,1,0,1,5,77.03999999999999,-1.1138000000000001,0
COC(=O)C1=NOC1=N,128.08700000000002,5,1,1,1,5,71.74000000000001,-0.47713,0
N=Cn1cnc(=O)o1,113.07599999999998,5,1,1,1,5,71.88,-0.7085299999999999,0
N=CC(N)C1=NC=N1,110.12,4,2,2,1,4,74.59,-0.59633,1
C#Cc1n[nH]c(=N)n1O,124.10299999999998,4,3,0,1,5,77.69,-1.09073,0
N=c1oc(=O)[nH]c(=O)o1,130.059,5,2,0,1,6,100.05999999999999,-1.5994300000000008,0
N=C1OCN=CNC1=O,127.10299999999998,4,2,0,1,5,74.53999999999999,-0.9041300000000003,0
COC1=CN=C(N)C1=N,125.131,4,2,1,1,4,71.46000000000001,-0.13522999999999985,0
Nc1nc(C=O)oc1O,128.08699999999996,5,2,1,1,5,89.35000000000001,-0.2250999999999999,0
CN=C1N=C(O)NC1=O,127.10299999999998,2,2,0,1,5,74.05000000000001,-0.9415,0
O=C1C=NC(O)=C1O,113.07199999999997,4,2,0,1,4,69.89,-0.07500000000000007,0
N=C1CC(=O)NC(=O)O1,128.087,4,2,0,1,5,79.25000000000001,-0.37983000000000006,0
NC(=O)Nc1cnco1,127.10299999999998,3,2,1,1,5,81.15,0.16520000000000035,0
N=CC1=NC(N)=NC1=N,123.11900000000001,4,3,1,1,5,98.44,-0.6174600000000001,0
CNC(=O)C1=NN=C1O,127.103,3,2,1,1,5,74.05,-0.9415000000000002,0
N=C1N=CNCOC1=N,126.11899999999999,4,3,0,1,5,81.32,-0.4534599999999999,0
NC=C1NC(=O)C(=O)O1,128.087,4,2,0,1,5,81.42,-1.5830000000000004,0
N=C1OCC(C=O)C(=N)O1,142.11399999999998,5,2,1,1,5,83.23,-0.23966000000000015,1
CC(O)C1=CN=NC1=N,125.131,3,2,1,1,4,68.80000000000001,0.6941700000000001,1
N=Cc1ncnoc1=N,124.103,5,2,1,1,5,86.62,-0.45326000000000016,0
NC(=O)C1=NN=C1CO,127.103,4,2,2,1,5,88.04,-1.7254,0
NC(=O)C1ONC1=O,116.076,3,2,1,1,5,81.42000000000002,-2.0983,1
N=Cn1c(N)cnc1C=O,138.13,5,2,2,1,5,84.75999999999999,-0.2670299999999999,0
Cc1nc(N)nn1C=O,126.119,5,1,1,1,5,73.8,-0.7929800000000002,0
COC1=NC(=O)OC1=N,128.087,4,1,0,1,5,71.74000000000001,0.15877000000000002,0
NC1(C=O)COC(=O)N1,130.103,4,2,1,1,5,81.42000000000002,-1.4199,1
N#CCC1=NC(=N)O1,109.088,3,1,1,1,4,69.23,0.26355,0
N=C1OCC(=O)OC1=N,128.087,5,2,0,1,5,83.22999999999999,-0.48566000000000015,0
N=Cn1nc[nH]c1=N,111.10799999999999,4,3,1,1,5,81.31,-0.8541600000000003,0
N=C1CNC(=O)C(=N)O1,127.10299999999998,4,3,0,1,5,86.03000000000002,-0.9126600000000002,0
N=CN1C=NC(N)C(=O)O1,142.118,5,2,1,1,6,91.77,-1.3196299999999999,1
N=CN1CC(=O)OCO1,130.10299999999998,4,1,1,1,5,62.620000000000005,-0.65863,0
COc1[nH]nnc1C=N,126.119,4,2,2,1,5,74.65,-0.1890300000000002,0
N=C1N=CC(F)=NC1=O,127.078,2,1,0,1,5,65.64,-0.05732999999999994,0
N=CN1CC(=O)OCN1,129.119,4,2,1,1,5,65.42,-1.0856300000000003,0
NC1=C(N)C(=O)C=N1,111.10399999999998,4,2,0,1,4,81.47,-1.2736000000000003,0
N=C1COC(=O)N=CO1,128.087,4,1,0,1,5,71.74,0.15877000000000002,0
N=C1NC(=N)C(=O)N1,112.092,3,4,0,1,5,88.83000000000001,-1.3821599999999998,0
O=Cc1cn[nH]c(=O)n1,125.08699999999999,4,1,1,1,5,75.71000000000001,-1.0226,0
N=CNC1NCOC1=O,129.119,4,3,2,1,5,74.21000000000001,-1.3869300000000002,1
CC(=O)n1ncc(=N)[nH]1,126.11899999999999,4,2,0,1,5,74.53,-0.6492300000000002,0
N=c1cc(N)oc(N)n1,126.11900000000001,5,3,0,1,5,101.92,-0.6815300000000002,0
Cn1oc(=O)nc1CO,130.103,5,1,1,1,5,68.26,-1.1344,0
CNC1=NOC(=N)C1=N,126.11899999999999,5,3,0,1,5,81.32000000000001,-0.45346000000000036,0
CN=C1OC(=N)N=C1N,126.11900000000001,4,2,0,1,5,83.82,-0.66313,0
CC(=O)C1=CN=C1O,111.09999999999998,2,1,1,1,3,49.66,0.42939999999999995,0
CN1C=NC(C=O)=C(N)O1,141.13,5,1,1,1,5,67.92,-0.7816000000000001,0
CN=C1C=NC(N)=[N+]1[O-],126.119,4,1,0,1,5,76.80999999999999,-1.0758999999999999,0
N=C1N=C(N)C=C1N,110.12,3,3,0,1,4,88.25,-0.8229299999999997,0
N=C=NCN1NCC1=O,126.11899999999999,4,2,2,1,5,68.55000000000001,-0.9566300000000001,0
N=Cc1nnc(N)n1C=O,139.118,6,2,2,1,6,97.65,-1.10373,0
N=c1oc(=O)oc(=O)o1,131.04299999999998,6,1,0,1,6,97.41000000000001,-1.33453,0
CN=c1onc(C=O)o1,128.087,5,0,1,1,5,68.6,-0.3894000000000002,0
N=CC1=NC(=N)C(=O)N1,124.103,3,3,1,1,5,89.16,-0.8584600000000002,0
N=C1OCC(=O)C(=N)O1,128.087,5,2,0,1,5,83.23,-0.48566000000000015,0
NC1=CC(=O)OC1=O,113.07199999999999,4,1,0,1,4,69.39000000000001,-1.0876000000000001,0
Nc1[nH]cnc1C=O,111.10399999999998,3,2,1,1,4,71.77000000000001,-0.19559999999999994,0
N=CC1=NN=C(N)C1=N,123.119,5,3,1,1,5,98.44,-0.6174600000000001,0
NC(=O)C1=NC(N)=N1,112.09200000000001,4,2,1,1,5,93.83,-1.8014999999999999,0
N=C1NCC(=O)C(=NO)O1,143.102,5,3,0,1,6,94.77000000000001,-1.10223,0
N=COC1OCOC1=N,130.103,5,2,2,1,5,75.39000000000001,-0.08226000000000017,1
N=C1N=C(N)N=C1C=O,124.103,4,2,1,1,5,91.66,-1.06813,0
COC1=NC(=N)C(CO)=N1,141.13,4,2,1,1,5,78.03,-0.5870299999999999,0
COC1=NC(=O)C(N)=N1,127.10300000000001,4,1,0,1,5,77.03999999999999,-1.1138000000000003,0
COC(=O)c1nc[nH]n1,127.10300000000001,4,1,1,1,5,67.87,-0.4087,0
CN=C1N=C(N)N=C1N,125.13500000000002,4,2,0,1,5,89.11999999999999,-1.2997999999999994,0
N=C1ONC(=O)C1C=O,128.087,4,2,1,1,5,79.25,-1.1598300000000001,1
CN=C1N=C(N)C(=O)O1,127.103,4,1,0,1,5,77.04,-1.1138,0
NC(=O)c1ncc(O)o1,128.087,4,2,1,1,5,89.35000000000001,-0.5209000000000003,0
N=C1COC(=O)OC1=O,129.071,5,1,0,1,5,76.44999999999999,-0.3004300000000002,0
NC1=NN=C1C=O,97.07699999999998,4,1,1,1,4,67.81,-1.0879,0
CC1=C(N)C(=N)N=N1,110.12,3,2,0,1,4,74.59,0.6196700000000002,0
N#CCNc1nccnn1,135.13,5,1,2,1,5,74.49000000000001,-0.19292000000000015,0
N=CN1COCC(=O)N1,129.119,3,2,1,1,5,65.42,-1.0856300000000003,0
N#CC1OCN(C=N)O1,127.103,4,1,1,1,5,69.34,-0.33554999999999996,1
N=C1OC(=O)NC1C=O,128.087,4,2,1,1,5,79.25,-0.7290300000000003,1
NC1=NC(=O)OC1=O,114.05999999999997,4,1,0,1,5,81.75,-0.9796,0
NC1=C(N)C(=O)N=N1,112.092,4,2,0,1,5,93.83,-0.9347000000000003,0
Cc1nc(N)noc1=O,127.103,5,1,0,1,5,82.00999999999999,-0.6795800000000001,0
N=C1N=CN=C1CN,110.12,3,2,1,1,4,74.59,-0.59473,0
CNC(=O)c1cnno1,127.103,4,1,1,1,5,68.02000000000001,-0.5708000000000002,0
NC(=O)c1conc1O,128.087,4,2,1,1,5,89.35000000000001,-0.5209,0
N=C1N=C(O)C=C1N,111.10399999999998,2,3,0,1,4,82.46,-0.22362999999999988,0
N=C1OCNC(=O)C1=O,128.087,4,2,0,1,5,79.25,-1.3633300000000004,0
NCCC1=NOC1=O,114.10399999999998,4,1,2,1,4,64.68,-0.752,0
CN=C1N=C(N)OC1=O,127.103,4,1,0,1,5,77.03999999999999,-1.1138,0
CNC1=NC(=O)NC1=O,127.10299999999998,3,2,0,1,5,70.56,-1.1459000000000001,0
Cc1nc(=N)on1C=O,127.10299999999998,5,1,1,1,5,71.88,-0.69771,0
N=C1NC(C=O)C(=N)O1,127.103,4,3,1,1,5,86.03000000000002,-0.9142600000000001,1
CC1=CNOC(=O)OC1,129.11499999999998,4,1,0,1,4,47.56,0.5616000000000001,0
COC1=NC(N)=NC1=N,126.11900000000001,4,2,0,1,5,83.82,-0.66313,0
N=C1CN=COC(=N)O1,127.10299999999998,5,2,0,1,5,78.52,-0.026460000000000095,0
Cc1n[nH]c(=O)n1C=O,127.10299999999998,4,1,1,1,5,67.75,-1.0818800000000002,0
N=C1N=CC(N)=NC1=O,124.10300000000001,3,2,0,1,5,91.66,-1.0681300000000002,0
N=C1N=C(C(N)C=O)N1,126.11899999999999,3,3,2,1,5,91.33000000000001,-1.5509300000000004,1
N=C1N=COCOC1=N,127.103,4,2,0,1,5,78.52000000000001,-0.026460000000000095,0
NC1=CC(=O)N=C1N,111.10400000000001,3,2,0,1,4,81.47,-1.2736000000000003,0
NC1=NC(N)=C1C=O,111.10399999999998,4,2,1,1,4,81.47,-1.2735999999999998,0
N=C1NCN(C=O)CO1,129.119,3,2,1,1,5,65.42,-1.0856299999999999,0
COc1c[nH]nc1N=O,127.103,4,1,2,1,5,67.34,0.8161999999999998,0
N=CN1N=C(N)C1=N,111.108,4,3,1,1,5,89.32,-0.8414600000000003,0
Nc1cnc(NC=O)nn1,139.118,5,2,2,1,6,93.78999999999999,-0.9779000000000004,0
C#Cc1n[nH]nc1N,108.104,3,2,0,1,4,67.59,-0.6318000000000001,0
N=CN1C=NC(CO)N1,128.135,4,3,2,1,5,71.71000000000001,-1.2396300000000002,1
CN=C1C=NN=C1O,111.10399999999998,3,1,0,1,4,57.31,0.013099999999999945,0
N=C1NC(=N)C(C=O)N1,126.11899999999999,3,4,1,1,5,88.83000000000001,-1.3412600000000001,1
NC1=C(C=O)C(C=O)=N1,124.09899999999999,4,1,2,1,4,72.52000000000001,-0.9909000000000001,0
N=C(N)C1C=NC(=O)O1,127.103,3,2,1,1,5,88.53000000000002,-0.48802999999999996,1
COC1=NN=CC1=N,111.10399999999998,4,1,0,1,4,57.800000000000004,0.05046999999999996,0
N=C1NC(=N)C(=O)CO1,127.103,4,3,0,1,5,86.03000000000002,-0.91266,0
Cn1ncc(=O)[nH]c1=N,126.119,4,2,0,1,5,74.53,-1.4121299999999999,0
NC(=O)C1N=CN=C1O,127.10299999999998,3,2,1,1,5,88.04,-1.1613000000000002,1
N=C1NC(=N)C(=O)OCO1,143.102,5,3,0,1,6,95.26000000000002,-0.98106,0
N=C1OCC(=O)C(=N)O1,128.087,5,2,0,1,5,83.23,-0.48566000000000015,0
NC1=NC(=O)C(C=O)=N1,125.08699999999997,4,1,1,1,5,84.88,-1.5188,0
Nc1n[nH]nc(C=O)c1=O,140.10199999999998,5,2,1,1,6,101.72999999999999,-1.4404000000000006,0
CNc1n[nH]c(=O)n1C=O,142.118,5,2,2,1,6,79.78,-1.3485999999999998,0
N=c1[nH]c(=N)oc(=O)o1,129.075,5,3,0,1,6,106.83999999999999,-1.4801600000000006,0
N=C1N=COC(C=O)N1,127.10299999999998,3,2,1,1,5,74.53999999999999,-0.9057300000000001,1
N=C1NCC(C(=O)O)O1,130.10299999999998,3,3,1,1,5,82.41000000000001,-1.0058300000000002,1
NC1=CC(N)=NC1=O,111.10400000000001,3,2,0,1,4,81.47,-1.2736000000000003,0
N=COC1COC(C=O)N1,144.13,5,2,3,1,5,71.41,-0.9190300000000002,2
CNc1cnc(N)n1C=O,140.14600000000002,5,2,2,1,5,72.94,-0.4547000000000003,0
CN=c1oc(=O)c1=NO,128.087,5,1,0,1,5,75.16,-1.6642000000000003,0
Nc1ncc(C=O)[nH]c1=O,139.11399999999998,4,2,1,1,5,88.84,-0.8354000000000001,0
CC1=NC(=N)N1CO,113.11999999999999,2,2,1,1,4,59.68000000000001,-0.39503,0
COC1=NC(N)=CC1=N,125.131,4,2,0,1,4,71.46000000000001,-0.13522999999999985,0
N=C1COC(=N)NCO1,129.119,4,3,0,1,5,78.19,-0.5076600000000002,0
CC(=NO)C1=NC(=O)O1,128.087,4,1,1,1,5,71.25,0.3852,0
COC1=NN=C1CO,114.10399999999998,4,1,1,1,4,54.18000000000001,-0.6068,0
N=C1OC(N)COC1=O,130.103,5,2,0,1,5,85.4,-1.1781300000000001,1
Nc1cnc(N)n1C=O,126.119,5,2,1,1,5,86.92999999999998,-0.9142000000000001,0
Nc1cn(O)c(C=O)n1,127.10299999999998,5,2,1,1,5,81.14,-0.48490000000000033,0
Nc1nc(CC=O)c(N)o1,141.13,5,2,2,1,5,95.14,-0.41960000000000014,0
N=C1CN=CC(=O)NN1,126.11899999999999,3,3,0,1,5,77.34,-1.3311300000000004,0
N=C1C=NC(C(N)=O)=N1,124.10300000000001,3,2,1,1,5,91.66000000000001,-1.06813,0
O=CC(O)c1cnoc1,127.09899999999999,4,1,2,1,4,63.33,-0.09310000000000002,1
N=C1NCCNC(=O)O1,129.119,3,3,0,1,5,74.21000000000001,-0.7494299999999996,0
N#CCC1=C(N)N=N1,108.10400000000001,4,1,1,1,4,74.53,0.49368000000000006,0
N=CC1(C=O)NC1=O,112.088,3,2,2,1,4,79.93,-1.2965300000000002,1
N=C(N)C(CO)C1CO1,130.147,3,3,3,1,4,82.63000000000001,-1.0703299999999998,2
NCC1=NC(=O)C(N)=N1,126.119,4,2,1,1,5,93.83,-1.7589999999999995,0
N=CC1=NN=NC1=N,109.092,4,2,1,1,5,84.78,0.43504000000000004,0
N=Cc1nnc(N)n1C=N,138.13400000000001,6,3,2,1,6,104.43,-0.6868600000000002,0
Cc1nc(=N)ncn1N,125.135,5,2,0,1,5,80.58,-1.2202100000000002,0
N=C1NCOC(=O)CN1,129.119,3,3,0,1,5,74.21,-1.3853300000000002,0
C#CC[N+](=O)N1COC1,127.12299999999999,2,0,2,1,4,32.55,-0.4393,0
N=CN1CCOC(=N)CO1,143.146,4,2,1,1,5,69.4,-0.1654600000000001,0
NC1=NC(=O)C(C=O)=N1,125.08699999999997,4,1,1,1,5,84.88,-1.5188,0
N=C1COC(=N)C(=O)N1,127.103,4,3,0,1,5,86.03,-0.9126600000000002,0
NC(=O)C1=NC(=O)N1,113.076,2,2,1,1,5,84.55000000000001,-1.4066,0
N=C1OC(=O)N=C1O,114.05999999999999,3,2,0,1,5,82.74,0.07037000000000004,0
CN=COC1NCOC1=N,143.14600000000002,5,2,2,1,5,66.69999999999999,-0.4582300000000001,1
N=c1nc[nH]c(=N)n1CO,141.13400000000001,5,4,1,1,6,101.54,-1.8800600000000003,0
N=C1N=C=CN=C(O)O1,125.08699999999997,3,2,0,1,5,78.03,0.04876999999999998,0
N=C1NC(=NN)C(=O)O1,128.091,5,3,0,1,6,100.56000000000002,-1.6602300000000003,0
N=C1NC(=O)C(=O)O1,114.05999999999999,4,2,0,1,5,79.25000000000001,-1.4058300000000001,0
N=C1N=C(CO)N=C1O,127.10299999999998,3,3,1,1,5,89.03,-0.67543,0
CC1OC(=N)OC(=N)O1,130.10299999999998,5,2,0,1,5,75.39,0.2653399999999999,0
COC1=CN=C(N)C1=N,125.131,4,2,1,1,4,71.46000000000001,-0.13522999999999985,0
COC1=NC(=N)C(=N)O1,127.103,4,2,0,1,5,78.52,-0.02646000000000004,0
COC1=NN=C(N)C1=O,127.103,5,1,0,1,5,77.03999999999999,-1.1138000000000001,0
CNC(=O)C1=NN=C1N,126.11900000000001,4,2,1,1,5,79.84,-1.5408,0
N=C1NC(=O)C(=N)O1,113.076,4,3,0,1,5,86.03000000000002,-0.9551600000000002,0
Cn1cnc(=N)oc1=N,126.11899999999999,5,2,0,1,5,78.66,-1.0279600000000002,0
N=C1N=CC(C(N)=O)=N1,124.10300000000001,2,2,1,1,5,91.66000000000001,-1.06813,0
CNn1c(C)noc1=N,128.135,5,2,1,1,5,66.84,-0.56271,0
N=C1CN=CC(=NCO)O1,141.13,5,2,1,1,5,78.03,-0.5870300000000002,0
N=C1CONC(=N)O1,115.09199999999998,4,3,0,1,5,78.19000000000001,-0.5501600000000004,0
CC1=NC(CO)=NC1=O,126.11499999999998,3,1,1,1,4,62.02,-0.6217000000000001,0
N=c1nc(C=O)nc[nH]1,124.10299999999998,4,2,1,1,5,82.49000000000001,-0.9033300000000004,0
CC(CO)c1n[nH]c[n+]1[O-],143.14600000000002,3,2,2,1,5,75.85000000000001,-0.8611000000000002,1
N=C1N=CC(CCO)=N1,125.131,2,2,2,1,4,68.8,-0.17102999999999996,0
Nc1cn(N)c(=O)cn1,126.119,5,2,0,1,5,86.92999999999999,-1.4607000000000003,0
N=CN1N=COC1CO,129.119,4,2,2,1,5,68.91000000000001,-0.8126300000000002,1
N=c1ocnnc1CO,127.103,5,2,1,1,5,83.0,-0.9586300000000001,0
CNC1=NN=C(C=N)C1=N,137.146,5,3,1,1,5,84.45,-0.35676000000000035,0
N=C1NC(=O)C(=O)CO1,128.087,4,2,0,1,5,79.25000000000001,-1.36333,0
N=C1CN(C=O)ON1C=O,143.10199999999998,4,1,2,1,6,73.7,-1.25933,0
N=C1N=C(N)N=C1C=O,124.103,4,2,1,1,5,91.66,-1.06813,0
COC1=NC(O)=C1NC=N,141.13,4,3,2,1,5,77.7,-0.03132999999999997,0
N=C1N=C(CO)C(=O)N1,127.10299999999998,3,3,1,1,5,85.53999999999999,-1.5157300000000002,0
N=CN1CC(=O)OCO1,130.10299999999998,4,1,1,1,5,62.620000000000005,-0.65863,0
N=C1OCC(=O)C1=NO,128.087,5,2,0,1,5,82.74,-0.60683,0
N=CCn1cnnc1N,125.135,5,2,2,1,5,80.58,-0.4901300000000001,0
O=Cc1nc(CO)no1,128.087,5,1,2,1,5,76.22,-0.6256000000000002,0
NC(=O)N1CNCOC1=O,145.118,4,2,0,1,6,84.66,-0.9781000000000004,0
CN=C1OC(=O)NC1=O,128.087,4,1,0,1,5,67.75999999999999,-0.7189000000000001,0
CNC1NCC(=O)NC1=O,143.146,4,3,1,1,5,70.22999999999999,-2.2220999999999993,1
NC1=NC(=O)C(C=O)=N1,125.08699999999997,4,1,1,1,5,84.88,-1.5188,0
N=C1C=NC(N)=C1N,110.12000000000002,4,3,0,1,4,88.25,-0.8229300000000002,0
Nc1nc(O)n(C=O)n1,128.09099999999998,6,2,1,1,6,94.02999999999999,-1.3958000000000004,0
N=CN1N=COC1C=O,127.10299999999997,4,1,2,1,5,65.75,-0.6060300000000001,1
NC(=O)c1ncn[nH]1,112.092,3,2,1,1,5,84.66,-1.0964000000000005,0
N=CN=C1ON=C1O,113.07599999999998,3,2,1,1,5,78.03,-0.10633000000000009,0
N#CC1N=COC(=N)N1,124.10299999999998,4,2,0,1,5,81.25999999999999,-0.5810500000000003,1
Cc1cnn[nH]c1=O,111.104,3,1,0,1,4,58.64,-0.52668,0
N=C1NC(=N)C(=O)CO1,127.103,4,3,0,1,5,86.03000000000002,-0.91266,0
CC(=O)NC1=NC=N1,111.104,3,1,0,1,4,53.82,-0.4796,0
CC(O)C1=C[N+]([O-])=N1,114.104,3,1,1,1,4,58.66,0.18469999999999992,1
CNC1=NC(CO)=NC1=N,140.146,4,3,1,1,5,80.83000000000001,-1.0140300000000002,0
N=C1NC=NC(=O)CO1,127.103,3,2,0,1,5,74.54,-0.9041300000000001,0
O=C1NCN=COC1=O,128.087,4,1,0,1,5,67.75999999999999,-1.3548000000000002,0
Cc1n[nH]c(=N)nc1N,125.135,4,3,0,1,5,91.44,-0.82521,0
NC=C1NC(=O)NCO1,129.119,3,3,0,1,5,76.38,-0.9690999999999999,0
Nc1cc(NC=O)co1,126.11499999999998,3,2,2,1,4,68.25999999999999,0.4301,0
N=c1cnc(C=O)no1,125.08699999999999,5,1,1,1,5,79.84,-0.63843,0
N#CC(=N)N1COCCO1,141.13,4,1,0,1,5,69.34,-0.29145,0
N=c1[nH]c(=O)c1=NCO,127.103,4,3,1,1,5,89.3,-2.4195299999999995,0
CCC1=NC(=O)C(N)=N1,125.131,3,1,1,1,4,67.81,-0.30770000000000003,0
N=CC1=NC(=O)N=C1N,124.10300000000001,3,2,1,1,5,91.66,-0.43223000000000006,0
NC1=NNC=C(C=O)N=N1,139.11799999999997,6,2,1,1,6,92.19999999999999,-0.6882000000000001,0
N=C1N=C(CO)N=C1N,126.119,4,3,1,1,5,94.82,-1.2747300000000001,0
N=COc1cnc(O)o1,128.087,5,2,2,1,5,79.34,0.36606999999999995,0
N=C1N=CNCN=CO1,126.11899999999999,4,2,0,1,5,69.83,-0.44493000000000005,0
NC1=C(CO)C(=O)C=N1,126.11499999999998,4,2,1,1,4,75.68,-1.1975000000000002,0
Nc1[nH]cnc1OC=O,127.10299999999998,4,2,2,1,5,81.0,-0.4729000000000001,0
NC(=O)c1cn[nH]n1,112.092,3,2,1,1,5,84.66000000000001,-1.0964000000000003,0
N#CCC(=N)OC1=NCO1,139.114,5,1,1,1,5,78.46000000000001,0.23765000000000003,0
COC1=NC(=O)C(N)=N1,127.10300000000001,4,1,0,1,5,77.03999999999999,-1.1138000000000003,0
CC(N)C1=NC(=O)N=N1,126.119,3,1,1,1,5,80.17,0.3179000000000002,1
CNC(=O)NC1=CN=N1,126.119,3,2,1,1,5,65.85,0.18010000000000004,0
N=C(C=O)c1ncon1,125.087,5,1,2,1,5,79.84,-0.3636299999999999,0
COC1=NNC(=O)C1=O,128.087,4,1,0,1,5,67.75999999999999,-1.3548000000000002,0
CN1C=NNC(C=N)=N1,125.13499999999999,5,2,1,1,5,63.84,-0.5722300000000002,0
CC(=O)c1[nH]nnc1N,126.11900000000001,4,2,1,1,5,84.66,-0.41050000000000003,0
N=C1CN=NC(C=O)O1,127.10299999999997,5,1,1,1,5,74.87,-0.028930000000000122,1
N=c1ncc(C=O)n[nH]1,124.103,4,2,1,1,5,82.49000000000001,-0.9033300000000002,0
N=CNc1[nH]ncc1O,126.11899999999999,3,4,2,1,5,84.79,0.13426999999999978,0
CC(=N)OC(=O)C1CO1,129.11499999999998,4,1,1,1,4,62.68,-0.07443000000000016,1
NC1=NOC1=NC=O,113.076,4,1,1,1,5,77.03999999999999,-1.1563,0
Cc1noc(=N)c(N)n1,126.11900000000001,5,2,0,1,5,88.79,-0.5603100000000001,0
N=CC1=NN=CC1=N,108.10399999999998,4,2,1,1,4,72.42,0.09614,0
CC1(C(=N)O)CC(=O)O1,129.11499999999998,3,2,1,1,4,70.38,0.22727000000000008,1
COc1nncc(N)n1,126.119,5,1,1,1,5,73.92,-0.5376000000000003,0
N=CN1CC(=O)OC1=N,127.10299999999998,4,2,1,1,5,77.24000000000001,-0.61296,0
N=Cc1cnc(N)nn1,123.11900000000001,5,2,1,1,5,88.54,-0.5485300000000002,0
N=C1N=CC(C(N)=O)O1,127.103,3,2,1,1,5,88.53000000000002,-1.12393,1
N=C1N=C(C=O)N=C1N,124.103,4,2,1,1,5,91.66,-1.06813,0
N#Cc1cnoc1O,110.07199999999997,4,1,0,1,4,70.05,0.25187999999999994,0
COC(=O)c1cn[nH]n1,127.10300000000001,4,1,1,1,5,67.87,-0.40870000000000023,0
N=C1N=C(C(=O)O)CO1,128.087,3,2,1,1,5,82.74000000000001,-0.5230299999999999,0
N=C1C=C(COCO)O1,129.11499999999998,4,2,3,1,4,62.540000000000006,-0.15583000000000008,0
N=CN1C=C(N)OCN1,128.13500000000002,4,3,1,1,5,74.37,-0.8546300000000002,0
Cn1ncc(=O)c(=N)o1,127.103,5,1,0,1,5,71.88,-1.1472300000000002,0
Nc1n[nH]nc1C=NC=O,139.118,4,2,2,1,6,97.02000000000001,-1.0378000000000005,0
N=c1nc(CO)c1=O,112.08799999999998,4,2,1,1,4,74.03999999999999,-1.7108299999999999,0
CC1=NC(=N)N=C1N,110.12,2,2,0,1,4,74.59,-0.24712999999999996,0
COc1noc(=N)n1C=O,143.102,6,1,2,1,6,81.11000000000001,-0.99753,0
O=Cc1cc(CO)on1,127.09899999999999,4,1,2,1,4,63.33,-0.02059999999999998,0
N=C1OCC(=O)C(=N)O1,128.087,5,2,0,1,5,83.23,-0.48566000000000015,0
N=C(O)C1=NC(N)=N1,112.09200000000001,4,3,1,1,5,94.82,-0.75153,0
Cc1nncn(N)c1=O,126.119,5,1,0,1,5,73.80000000000001,-1.3394799999999996,0
CN=C1N=CC(C#N)=N1,120.115,2,0,0,1,4,60.87,0.021180000000000088,0
N=C(O)c1coc(=N)o1,128.087,4,3,1,1,5,94.21,0.23544000000000004,0
N=C1CNC(=O)OC1=N,127.10299999999998,4,3,0,1,5,86.03,-0.27676000000000023,0
Nc1nnc(N)n1C=O,127.107,6,2,1,1,6,99.82,-1.5192000000000003,0
N#CC(N)c1conn1,124.103,5,1,1,1,5,88.73,-0.40702000000000016,1
CNC1=NN=C(N)C1=O,126.119,5,2,0,1,5,79.84,-1.5408,0
N=CN1C(=O)OC1=O,114.05999999999997,4,1,1,1,5,70.46000000000001,0.16566999999999998,0
N=C1NCC(=O)OC1N,129.119,4,3,0,1,5,88.2,-1.60513,1
COC1=NN=C1C=N,111.10399999999998,4,1,1,1,4,57.800000000000004,0.05046999999999996,0
CNC1=NN=C1C#N,108.104,4,1,0,1,4,60.54,-0.5025200000000001,0
NC(C=O)C1=NOC1=O,128.087,5,1,2,1,5,81.75,-1.5746000000000002,1
N=CN1NC=NN1C=O,127.10699999999999,4,2,2,1,6,71.79,-1.26963,0
NC1N=CN=C(C=O)N1,126.11899999999999,5,2,1,1,5,79.84,-1.5424000000000002,1
N=C1OC(=O)N=C1C=O,126.07099999999998,4,1,1,1,5,79.58,-0.2462299999999999,0
CN=NC1C(=O)NC1=O,127.103,4,1,1,1,5,70.89,-0.9066000000000001,0
CCn1oc(=O)[nH]c1=O,130.10299999999998,4,1,1,1,5,68.0,-0.8505,0
N=CN1CC(=O)OC=N1,127.10299999999998,4,1,1,1,5,65.75,-0.60443,0
COc1cnc(=O)on1,128.087,5,0,1,1,5,65.22,-0.5616000000000001,0
CNC(=N)n1cc(N)o1,128.135,4,3,0,1,5,79.97,-0.3344300000000004,0
N=C1NC(=N)C(=O)CO1,127.103,4,3,0,1,5,86.03000000000002,-0.91266,0
N=C1N=C(CO)N=C1O,127.10299999999998,3,3,1,1,5,89.03,-0.67543,0
N=CN1CNC(=N)OC(=O)C1,156.14499999999995,4,3,1,1,6,89.27000000000001,-1.06586,0
Cc1noc(=N)n1CO,129.11900000000003,5,2,1,1,5,75.04,-0.7862100000000003,0
COc1ncc(=N)on1,127.103,5,1,1,1,5,72.0,-0.44233000000000006,0
N=Cn1nc[nH]c1=N,111.10799999999999,4,3,1,1,5,81.31,-0.8541600000000003,0
N#CCC1=NC(=O)N=N1,122.087,3,0,1,1,5,77.94,0.88438,0
N=Cn1cc(C(N)O)o1,129.119,5,3,2,1,5,88.17,-0.51413,1
Nc1nocc1NC=O,127.10299999999998,4,2,2,1,5,81.15,-0.17490000000000022,0
N=C1OCC(N)C(=N)O1,129.119,5,3,0,1,5,92.17999999999999,-0.72746,1
N=C1C(O)C(O)C1C=O,129.11499999999998,4,3,1,1,4,81.38,-1.4433300000000002,3
COC(O)C1=NN=C1N,129.11900000000003,5,2,2,1,5,80.2,-1.322,1
N=C1CNC(=N)OCO1,129.119,4,3,0,1,5,78.19000000000001,-0.5076600000000004,0
N=C1COC(=N)OCO1,130.103,5,2,0,1,5,75.39,-0.08066000000000012,0
N=C1NCN(C=O)C1=O,127.10299999999998,3,2,1,1,5,73.26,-1.4906300000000001,0
N=CC1=NC(=N)OCN1,126.119,4,3,1,1,5,81.32000000000001,-0.45346000000000014,0
CC(=O)N1COC1=N,114.104,3,1,0,1,4,53.39,-0.24262999999999985,0
N=CN1OCCOC1=O,130.103,4,1,1,1,5,62.62000000000001,-0.022729999999999917,0
N=C1N=CC(F)=NC1=O,127.078,2,1,0,1,5,65.64,-0.05732999999999994,0
N=C1OC(=O)CN1C=O,128.087,4,1,1,1,5,70.46000000000001,-1.06363,0
N=C1N=C(N)OC1=O,113.076,4,2,0,1,5,88.53,-1.16483,0
N=C1N=C(C(N)=O)O1,113.076,3,2,1,1,5,88.53000000000002,-1.1648300000000003,0
CN=C1NCOC(=O)N1,129.119,3,2,0,1,5,62.720000000000006,-0.7409000000000001,0
N=Cc1nc(C=O)no1,125.08699999999999,5,1,2,1,5,79.84,-0.12023,0
CN=C1OC(=N)N=C1N,126.11900000000001,4,2,0,1,5,83.82,-0.66313,0
CNC1=NC(=O)N=N1,112.092,3,1,0,1,5,66.18,0.1476,0
O=C1CNC(O)C(=O)C1,129.11499999999998,4,2,0,1,4,66.4,-1.5637000000000003,1
CC(O)C1=C(O)N=N1,114.104,4,2,1,1,4,65.18,0.5601,1
N=C1NCC(C(N)=O)O1,129.119,3,3,1,1,5,88.2,-1.60513,1
N=C1NC(NC=O)CO1,129.119,3,3,2,1,5,74.21000000000001,-1.3869300000000004,1
COc1nonc1CO,130.103,5,1,2,1,5,68.38000000000001,-0.42950000000000005,0
N=C1N=C(N)C(C=O)=N1,124.103,3,2,1,1,5,91.66000000000001,-1.06813,0
NCC1=NC(=O)C(F)=N1,129.094,3,1,1,1,5,67.81,-0.7482,0
Nc1c[n+]([O-])c(C=O)[nH]1,127.10299999999998,3,2,1,1,5,85.82,-0.9571999999999998,0
NC1=C(CO)C=NC1=O,126.11499999999998,3,2,1,1,4,75.68,-1.1975000000000002,0
CNC1=NN=CC1=O,111.10399999999998,4,1,0,1,4,53.82,-0.8272000000000002,0
COC1=NC(N)=NC1=N,126.11900000000001,4,2,0,1,5,83.82,-0.66313,0
N=CN1C=CNC(=O)O1,127.10299999999998,3,2,1,1,5,65.42,0.021469999999999934,0
CC(=O)C1=NC(N)=N1,111.10400000000001,4,1,1,1,4,67.81,-0.6978,0
CNC1C(=N)NC=NC1=O,140.146,3,3,1,1,5,77.34,-1.2902299999999998,1
O=CN1CNC(=O)OC1,130.10299999999998,3,1,1,1,5,58.64,-0.9004000000000001,0
N=C1N=C(C=O)C(=O)N1,125.08699999999997,3,2,1,1,5,82.38,-1.3091300000000001,0
CN=c1[nH]c(=O)cno1,127.10299999999998,4,1,0,1,5,71.25,-1.1066000000000003,0
CN=c1nc(N)c1=O,111.104,4,1,0,1,4,68.34,-1.5698999999999999,0
COC1=C(N)C(=N)N=C1,125.131,3,2,1,1,4,71.46000000000001,-0.13522999999999985,0
N=C1N=CN=C1NC=O,124.10299999999998,3,2,1,1,5,77.67,-0.8499300000000003,0
Nc1ncc(C=O)n1O,127.10299999999998,5,2,1,1,5,81.14,-0.48490000000000005,0
C#Cc1nonc1N,109.08800000000001,4,1,0,1,4,64.94,-0.36689999999999995,0
Nc1nc(C=O)c(O)[nH]1,127.10299999999997,4,3,1,1,5,92.0,-0.49000000000000016,0
N#CC1=NC(N)=NC1=O,122.087,4,1,0,1,5,91.6,-1.19412,0
N=COC1NCNC1=O,129.119,4,3,2,1,5,74.21000000000001,-1.38693,1
CN=C1C=NNC1=O,111.10399999999998,3,1,0,1,4,53.82,-0.8272000000000002,0
COc1[nH]nnc1C=N,126.119,4,2,2,1,5,74.65,-0.1890300000000002,0
N=C1OC(=O)CN1C=O,128.087,4,1,1,1,5,70.46000000000001,-1.06363,0
N=C1OCC(C(=N)N)O1,129.119,4,3,1,1,5,92.18,-0.72746,1
C#Cc1nc(N)n[nH]1,108.10400000000001,3,2,0,1,4,67.59,-0.6318000000000001,0
N=C1OC=NCOC1=N,127.103,5,2,0,1,5,78.52000000000001,-0.026460000000000095,0
CN=C1N=CN=C1N,110.12,3,1,0,1,4,63.099999999999994,-0.5861999999999998,0
CN=C1NN=C1C=N,110.11999999999999,3,2,1,1,4,60.6,-0.3765300000000002,0
O=CC1=NC(=O)C=N1,110.07199999999999,3,0,1,1,4,58.86,-0.8052000000000001,0
N#CC(=O)n1nc[nH]1,110.076,4,1,0,1,5,74.47,-0.6250200000000001,0
N=C1NCOC(=O)CO1,130.103,4,2,0,1,5,71.41,-0.9583300000000001,0
N=C1NCC(=O)C(N)C1=N,140.14600000000002,4,4,0,1,5,102.82,-1.5169599999999992,1
CN=C1OCNC(=N)O1,129.119,4,2,0,1,5,66.7,-0.49913000000000024,0
N=C1C=NN=C1C(N)=O,124.103,4,2,1,1,5,91.66,-1.0681300000000002,0
COc1nc(C=N)no1,127.103,5,1,2,1,5,72.0,0.07586999999999994,0
NC(=O)Nc1ncco1,127.10299999999998,3,2,1,1,5,81.15,0.16520000000000012,0
CC(=O)C1=NOC1=N,112.088,4,1,1,1,4,62.51,-0.06112999999999996,0
CNC1=NN=C1C=N,110.11999999999999,4,2,1,1,4,60.6,-0.3765300000000002,0
CN=C1N=C(N)C(N)=N1,125.13500000000002,3,2,0,1,5,89.11999999999999,-1.2997999999999994,0
N=C1N=C(C=O)N=C1O,125.08699999999997,3,2,1,1,5,85.87,-0.4688299999999999,0
C#Cc1noc(=N)n1N,124.10300000000001,5,2,0,1,5,80.83,-1.3493300000000004,0
COc1coc(=O)n1N,130.10299999999998,5,1,1,1,5,70.39,-0.8363,0
CN=C1C=NC(N)=[N+]1[O-],126.119,4,1,0,1,5,76.80999999999999,-1.0758999999999999,0
COc1cnc(N)n1C=N,140.14600000000002,5,2,2,1,5,76.92,-0.07093000000000027,0
N=CC(N)c1ncno1,126.119,5,2,2,1,5,88.79,-0.28103000000000006,1
Cc1n[nH]c(=N)nc1N,125.135,4,3,0,1,5,91.44,-0.82521,0
N=C1COCC(=NO)O1,130.103,5,2,0,1,5,74.9,-0.20183000000000012,0
COC(O)C1=NN=C1N,129.11900000000003,5,2,2,1,5,80.2,-1.322,1
NC(=O)C1=NN=C1O,113.076,3,2,1,1,5,88.04,-1.2022,0
COc1n[nH]nc1C#N,124.103,4,1,1,1,5,74.59,-0.31502000000000013,0
N=CC1(O)COC(=N)O1,130.103,5,3,1,1,5,86.39,-0.6938600000000001,1
O=Cc1ncn[nH]c1=O,125.08699999999999,4,1,1,1,5,75.71000000000001,-1.0226,0
CC1=NC(N)=NC1=O,111.104,3,1,0,1,4,67.81,-0.6978,0
N=C1N=CC(=N)C(O)=N1,124.103,2,3,0,1,5,92.65,-0.018159999999999954,0
N#CCN1C(=N)OC1=N,124.10299999999998,4,2,1,1,5,83.96000000000001,-0.2882799999999998,0
COC1=NC(N)=NC1=O,127.10300000000001,4,1,0,1,5,77.03999999999999,-1.1138000000000001,0
COC1=NC(=N)N=C1N,126.11900000000001,3,2,0,1,5,83.82,-0.66313,0
N=C1COC(=N)OCN1,129.119,4,3,0,1,5,78.19,-0.5076600000000002,0
N=C1NC(=O)C(=N)O1,113.076,4,3,0,1,5,86.03000000000002,-0.9551600000000002,0
N=C1NC(=O)OC1=O,114.05999999999999,4,2,0,1,5,79.25,-0.76993,0
COC1=NN=C1C=NC#N,136.11399999999998,5,0,1,1,5,70.1,-0.04722000000000004,0
N=C1COC(=O)N=CN1,127.103,3,2,0,1,5,74.53999999999999,-0.26823000000000013,0
N=C(N)C1NCOC(=O)N1,144.13400000000001,4,4,1,1,6,100.23000000000002,-1.46463,1
N=C1OCC(=O)OC1=N,128.087,5,2,0,1,5,83.22999999999999,-0.48566000000000015,0
N=C1OCOC(=CN)O1,130.103,5,2,0,1,5,77.56,-0.30033000000000015,0
NC(=O)C1=CN=C1N,111.104,3,2,1,1,4,81.47,-1.2736000000000003,0
N=C1NC(=N)C(=O)O1,113.076,4,3,0,1,5,86.03000000000002,-0.95516,0
N=CC1OC(=N)OC1=N,127.103,5,3,1,1,5,90.00999999999999,-0.03658999999999979,1
N=CN1OC(=O)C1C=O,128.087,4,1,2,1,5,70.46000000000001,-1.0652300000000001,1
Cc1nnc(=O)oc1N,127.103,5,1,0,1,5,82.01,-0.6795800000000001,0
COc1nonc(N)c1=O,143.102,6,1,1,1,6,91.24000000000001,-0.9794,0
CNC(=O)C1=NC(N)=N1,126.11900000000001,4,2,1,1,5,79.84,-1.540799999999999,0
N=CNC1C(=N)OC1=O,127.103,4,3,2,1,5,86.03,-0.9142600000000003,1
N=CN1COCOC1=O,130.10299999999998,4,1,1,1,5,62.62000000000001,-0.022729999999999917,0
COC1=NC(=N)C(N)=N1,126.11900000000001,4,2,0,1,5,83.82,-0.6631300000000002,0
CC1=NC(CO)=NC1=N,125.13099999999999,3,2,1,1,4,68.80000000000001,-0.17103000000000002,0
N=C1COCN1C(N)=O,129.11900000000003,3,2,0,1,5,79.41,-0.6679299999999999,0
N=C1OCC(=O)OC1=O,129.071,5,1,0,1,5,76.44999999999999,-0.9363300000000001,0
N#COCC1=NC(N)=N1,124.10300000000002,5,1,2,1,5,83.75999999999999,-0.78912,0
N=C1OC(=O)N1C=O,114.05999999999999,4,1,1,1,5,70.46000000000001,-0.47023000000000015,0
CNC(=O)C1=NNC1=N,126.119,3,3,1,1,5,77.34,-1.3311299999999993,0
Cc1noc(=O)nc1N,127.10300000000001,5,1,0,1,5,82.01,-0.6795800000000001,0
COc1n[nH]c(C=O)n1,127.10299999999998,4,1,2,1,5,67.87,-0.37420000000000003,0
COC1=C(N)N=NC1=N,126.11900000000001,4,2,1,1,5,83.82,0.20367000000000007,0
C#Cc1n[nH]c(=N)n1N,123.119,4,3,0,1,5,83.48,-1.61423,0
COC1=NOC1=NCO,130.103,5,1,1,1,5,63.41,-0.6752,0
N=C1OC(CO)=NC1=O,128.087,4,2,1,1,5,82.74000000000001,-1.0887300000000002,0
N=CNC1=NC1CO,113.11999999999999,3,3,2,1,4,68.47,-1.04393,1
COC1C(=N)NC=[N+]1[O-],129.119,3,2,1,1,5,71.17999999999999,-0.9220300000000001,1
N=CC1=NN=C1C(=N)O,124.10299999999998,4,3,2,1,5,92.65,-0.018159999999999954,0
Cn1cnc(N)nc1=O,126.119,5,1,0,1,5,73.80000000000001,-1.2425000000000004,0
CN1CC(=O)OC(=N)C1=N,141.13,4,2,0,1,5,77.24000000000001,-0.5704600000000004,0
N=CN1C=NC1NC=O,126.11899999999997,3,2,3,1,5,68.55000000000001,-1.0330300000000001,1
N=C1C=C(N)C(O)=N1,111.104,2,3,0,1,4,82.46000000000001,-0.22363000000000005,0
N=CN1C(=O)NC1=O,113.07599999999998,3,2,1,1,5,73.26,-0.26133,0
Nc1n[nH]nc1C=O,112.09199999999998,4,2,1,1,5,84.66,-0.8006000000000004,0
O=CC1CN=NC(=O)N1,127.103,3,1,1,1,5,70.89,-0.2707000000000001,1
N=C1OCNC(=O)O1,116.07599999999998,4,2,0,1,5,71.41,-0.36493000000000014,0
N=C1COC(=N)OCCO1,144.13,5,2,0,1,5,75.39,-0.038160000000000194,0
N=C1COC(=N)NCO1,129.119,4,3,0,1,5,78.19,-0.5076600000000002,0
Cc1oc(CN)n[n+]1[O-],129.11900000000003,4,1,1,1,5,78.99,-0.9248800000000001,0
NC1=NC(=O)N=C1CO,127.10299999999998,3,2,1,1,5,88.04,-1.0895000000000001,0
COc1n[nH]nc(N)c1=O,142.118,5,2,1,1,6,93.88999999999999,-1.2443000000000002,0
N=C1NCNC(=O)CO1,129.119,3,3,0,1,5,74.21000000000001,-1.3853300000000002,0
N=c1ccnnc(N)c1N,137.146,5,3,0,1,5,101.67,-0.8795300000000004,0
CC(=O)n1ncnc1N,126.119,5,1,0,1,5,73.8,-0.47959999999999997,0
CC1=NC(=N)OC1=O,112.08799999999998,3,1,0,1,4,62.51,-0.06112999999999996,0
N=C1C(=NO)OC1C=O,128.08699999999996,5,2,1,1,5,82.74000000000001,-0.6084300000000002,1
N=C1N=CC(C(=N)O)=N1,124.103,2,3,1,1,5,92.65,-0.018159999999999954,0
N=C1CC(=O)COCO1,129.11499999999998,4,1,0,1,4,59.38000000000001,-0.07282999999999995,0
N=Cc1nc(C=O)n[nH]1,124.103,4,2,2,1,5,82.49000000000001,-0.38513000000000014,0
N=C1C=NC(N)=NC1=O,124.10300000000001,4,2,0,1,5,91.66,-1.0681300000000002,0
N#Cc1[nH]nnc1C=N,121.103,4,2,1,1,5,89.21000000000001,-0.32595000000000013,0
COc1nnc(=O)[nH]n1,128.09099999999998,5,1,1,1,6,80.76,-1.4315,0
N=CNC1N=COC1=O,127.10299999999998,4,2,2,1,5,74.53999999999999,-0.9057300000000001,1
N=CC1=NN=C1C=O,109.08799999999998,4,1,2,1,4,65.64,-0.35453,0
N=C1CN=NC(C=O)O1,127.10299999999997,5,1,1,1,5,74.87,-0.028930000000000122,1
CC1NC(=O)OC(=O)N1,130.10299999999998,3,2,0,1,5,67.42999999999999,-0.21819999999999984,0
N#CC(=N)N1COC=N1,124.103,4,1,0,1,5,72.47,-0.27974999999999994,0
Cn1cc(OC#N)nn1,124.10300000000001,5,0,1,1,5,63.730000000000004,-0.3250200000000001,0
N=C1OC(=N)C(=O)O1,114.05999999999999,5,2,0,1,5,83.23,-0.5281600000000002,0
CC1=C(OC=O)C(=N)N=N1,139.114,4,1,2,1,5,74.87,0.8339700000000001,0
N=c1nc(N)occ1N,126.119,5,3,0,1,5,101.92,-0.6815300000000002,0
Cc1[nH]nnc1CC#N,122.131,3,1,1,1,4,65.36,0.17919999999999997,0
N=C1C=C(N)NC1=O,111.104,3,3,0,1,4,78.97,-1.0639300000000003,0
N=C1N=C(N)OC1=N,112.092,4,3,0,1,5,95.31,-0.7141600000000001,0
N=C1OCC(=O)C(=N)O1,128.087,5,2,0,1,5,83.23,-0.48566000000000015,0
N=C1N=C(N)C(=N)O1,112.092,4,3,0,1,5,95.31000000000002,-0.7141600000000001,0
N=C1COC(=O)OCO1,131.087,5,1,0,1,5,68.61,0.10457,0
N=C1COC(=N)C(=O)N1,127.103,4,3,0,1,5,86.03,-0.9126600000000002,0
N=C1N=C(N)C(=O)O1,113.076,4,2,0,1,5,88.53000000000002,-1.16483,0
N=C1N=CC(O)=C1C=O,124.09899999999998,3,2,1,1,4,73.50999999999999,0.059069999999999956,0
CN=C1OC(N)=NC1=O,127.10300000000001,4,1,0,1,5,77.03999999999999,-1.1138000000000001,0
N=C1NC(=O)CC(=O)O1,128.087,4,2,0,1,5,79.25000000000001,-1.0157300000000002,0
N=C1C=C(N)C(C=O)=N1,123.115,3,2,1,1,4,79.3,-0.5402300000000002,0
N=CN1C(=O)C1CO,114.10399999999997,3,2,2,1,4,64.16,-1.20343,1
CC(=O)Nc1cnc[nH]1,125.13099999999999,2,2,1,1,4,57.78,0.36809999999999976,0
COC1=NNC(=N)C1=O,127.10299999999998,4,2,0,1,5,74.53999999999999,-0.9041300000000003,0
N=C1OC(=O)OC1=N,114.05999999999999,5,2,0,1,5,83.22999999999999,0.10774,0
N=Cc1n[nH]c(C=O)n1,124.10299999999998,4,2,2,1,5,82.49,-0.3851300000000002,0
N=CN1C=NC(=N)OC1,126.11899999999999,3,2,1,1,5,72.53,-0.15376000000000006,0
N=C1OCC(=O)OC1=N,128.087,5,2,0,1,5,83.22999999999999,-0.48566000000000015,0
COc1noc(C=N)n1,127.103,5,1,2,1,5,72.0,0.07586999999999994,0
NC1=NC(=O)C(C=O)=N1,125.08699999999997,4,1,1,1,5,84.88,-1.5188,0
N=C1OCOC(=O)CO1,131.087,5,1,0,1,5,68.61,-0.5313300000000001,0
N=C1C=C(N)C(=O)O1,112.088,4,2,0,1,4,76.17,-0.6369300000000002,0
O=CC1=NCNC(=O)O1,128.087,4,1,1,1,5,67.76,-0.7189000000000001,0
CC1NC(=O)OC(=N)O1,130.10299999999998,4,2,0,1,5,71.41,0.02357000000000009,1
CN=C1C=NC(N)=[N+]1[O-],126.119,4,1,0,1,5,76.80999999999999,-1.0758999999999999,0
N=CN1OC(=O)CC1=O,128.087,4,1,1,1,5,70.46000000000001,-0.7160300000000002,0
Cc1nc(O)nn1N,114.108,5,2,0,1,5,76.96000000000001,-0.9940800000000001,0
COC1=NC(N)=NC1=N,126.11900000000001,4,2,0,1,5,83.82,-0.66313,0
N=c1cc(N)n(C=O)o1,127.103,5,2,1,1,5,85.01,-0.8189300000000002,0
C#Cc1oc(O)n[n+]1[O-],126.071,4,1,0,1,5,73.2,-1.0051,0
COc1n[nH]c(=O)n1CO,145.118,5,2,2,1,6,80.14,-1.4702000000000004,0
Nc1coc(=O)c(=O)o1,129.071,5,1,0,1,5,86.44,-0.8248,0
N=C1N=C(CO)N=C1N,126.119,4,3,1,1,5,94.82,-1.2747300000000001,0
N=c1[nH]c(=O)c1=NN,112.09200000000001,4,3,0,1,5,95.08999999999999,-2.4956300000000002,0
CN=c1[nH]nc(C=O)o1,127.10299999999998,4,1,1,1,5,71.25,-0.6543000000000003,0
N=C1COC(=N)OC=N1,127.103,4,2,0,1,5,78.52,-0.026460000000000095,0
N=Cc1cnn(C=N)n1,123.119,5,2,2,1,5,78.41000000000001,-0.26906,0
COc1coc(=N)n1C=O,142.114,5,1,2,1,5,68.22,-0.39253000000000005,0
CNC1=NC(C=O)=C1N,125.13099999999999,4,2,1,1,4,67.48,-1.0129,0
NC1=NC(=O)C(=O)C=N1,125.08699999999997,4,1,0,1,5,84.88,-1.5188,0
COC1=NN=C1NC=N,126.11899999999999,4,2,1,1,5,69.83000000000001,-0.4449300000000002,0
CC1=NC(=N)N=C1N,110.12,2,2,0,1,4,74.59,-0.24712999999999996,0
COC1NC(=O)NC1=N,129.119,3,3,1,1,5,74.21000000000001,-0.7510300000000001,1
N=C(CO)C1=NNC1=N,126.119,4,4,2,1,5,92.32,-1.0650600000000003,0
N=C1CNC(=O)OCO1,130.10299999999998,4,2,0,1,5,71.41000000000001,-0.3224300000000002,0
NCC1=NN=C1C=O,111.10399999999997,4,1,2,1,4,67.81,-1.0454,0
N=CN1C=NC(C=O)O1,127.10299999999997,4,1,2,1,5,65.75,-0.6060300000000001,1
N=NOC(C=O)C1=NC1,127.103,5,1,4,1,5,74.87,-0.028930000000000122,1
N=C1N=C(N)N=C1C=O,124.103,4,2,1,1,5,91.66,-1.06813,0
N=C(CO)n1cncn1,126.119,5,2,1,1,5,74.78999999999999,-0.9042300000000003,0
NC1=CC(=O)C(O)=N1,112.088,3,2,0,1,4,75.68,-0.6743000000000001,0
CNC(=O)C1=NC(=O)O1,128.087,3,1,1,1,5,67.76,-0.7189000000000001,0
NC(=O)c1cnc(N)o1,127.103,4,2,1,1,5,95.14,-0.6443000000000001,0
Nc1cc(C=O)on1,112.088,4,1,1,1,4,69.12,0.06930000000000003,0
NC1=C(C(=O)C=O)O1,113.07199999999997,4,1,2,1,4,72.69,-1.0876000000000001,0
CC1=NC(N)=NC1=N,110.12,3,2,0,1,4,74.59,-0.24712999999999996,0
CN=C1C=NC(C=O)=N1,123.11499999999998,3,0,1,1,4,54.15,-0.3035000000000001,0
CC(=O)NC1=NC(=N)O1,127.103,3,2,0,1,5,74.54,-0.5565300000000002,0
N=COC1=NCOC1=N,127.103,5,2,1,1,5,78.52000000000001,-0.026460000000000095,0
N=CN1C=NC(=O)CO1,127.10299999999998,3,1,1,1,5,65.75,-0.60443,0
Cc1nnc(CO)nc1N,140.146,5,2,1,1,5,84.92,-0.7454800000000001,0
CC(=O)c1n[nH]c(N)n1,126.11900000000001,4,2,1,1,5,84.66,-0.41050000000000003,0
NC(=O)NC1=NC=N1,112.092,3,2,0,1,5,79.84,-0.9474,0
O=CC1OC(=O)NC1=O,129.071,4,1,1,1,5,72.47,-1.1797000000000002,1
N=CC1=NN=C(N)C1=N,123.119,5,3,1,1,5,98.44,-0.6174600000000001,0
O=C1OC=NC1CO,115.08799999999998,4,1,1,1,4,58.89,-1.0676,1
N=C1NCOC(=O)CO1,130.103,4,2,0,1,5,71.41,-0.9583300000000001,0
N=C1NC(C=O)OC1=O,128.087,4,2,1,1,5,79.25,-1.3649300000000002,1
N=C1OC(C(=N)CN)O1,129.11900000000003,5,3,2,1,5,92.18,-0.72746,0
N=C1COC(=O)OCC1=N,142.114,5,2,0,1,5,83.22999999999999,0.19273999999999997,0
N=CN1CC(=O)NCN1,128.135,3,3,1,1,5,68.22,-1.5126299999999993,0
COC1=CC(=O)N=C1N,126.11500000000001,3,1,1,1,4,64.67999999999999,-0.5859000000000001,0
O=C1C=NC(CO)=N1,112.088,3,1,1,1,4,62.019999999999996,-1.0118,0
Nc1ncc(=O)oc1O,128.087,5,2,0,1,5,89.35000000000001,-0.6774000000000002,0
Cn1nc(CO)[nH]c1=O,129.119,4,2,1,1,5,70.91,-1.3992999999999998,0
N=COC1=NC=NC1=N,124.103,4,2,1,1,5,81.65,0.027739999999999987,0
CC(N)C1=C(O)N=N1,113.11999999999999,4,2,1,1,4,70.97,0.5265,1
N=c1cc(N)n(C=O)o1,127.103,5,2,1,1,5,85.01,-0.8189300000000002,0
CC1=NC(=N)N=C1CO,125.13099999999999,2,2,1,1,4,68.8,-0.1710299999999999,0
N#CC(N)C1=NN=C1,108.104,4,1,1,1,4,74.53,-0.7223200000000001,1
N=C1COC(=N)C(=O)O1,128.087,5,2,0,1,5,83.23,-0.48566000000000015,0
N=C1N=C(N)C(=O)N1,112.092,3,3,0,1,5,91.33000000000001,-1.5918299999999999,0
Nc1ncoc(=O)c1N,127.103,5,2,0,1,5,95.14,-0.8008,0
Nc1ncc(C=O)nc1N,138.12999999999997,5,2,1,1,5,94.89,-0.5465000000000002,0
CC(=O)c1nc(CO)no1,142.114,5,1,2,1,5,76.22,-0.2355,0
Cc1nc(O)oc(=O)n1,128.08699999999996,5,1,0,1,5,76.22,-0.5561800000000001,0
COC1=NC(N)=C1C=N,125.131,4,2,1,1,4,71.46000000000001,-0.13522999999999985,0
COC(=N)C1=NC=C1O,126.11499999999998,4,2,1,1,4,65.67,0.46407,0
COc1nc(C=O)cn1N,141.12999999999997,5,1,2,1,5,70.14,-0.5820000000000001,0
N=C1OCC(=O)C(=N)O1,128.087,5,2,0,1,5,83.23,-0.48566000000000015,0
N=Cc1c[nH]nc1N,110.12,3,3,1,1,4,78.55,-0.010429999999999995,0
N=C1CN(C=O)OC(=N)O1,143.10199999999998,5,2,1,1,6,86.47000000000001,-0.68136,0
COC(=O)c1cnc(O)o1,143.09799999999998,5,1,1,1,5,72.56,0.1667999999999999,0
CC1=C(N)C(=O)N=N1,111.104,3,1,0,1,4,67.81,0.16900000000000015,0
N=C(N)C1=NC(=O)O1,113.076,3,2,1,1,5,88.53000000000002,-0.5289299999999999,0
N=CN1CONC(=O)C1,129.11899999999997,3,2,1,1,5,65.42000000000002,-1.0856299999999999,0
COC1=NN=C1C#N,109.088,4,0,0,1,4,57.74,-0.07552000000000009,0
N=Cc1ncc(N)nn1,123.11900000000001,5,2,1,1,5,88.54,-0.5485300000000002,0
CC(=O)c1n[nH]c(N)n1,126.11900000000001,4,2,1,1,5,84.66,-0.41050000000000003,0
N=C1N=CCOC(=O)O1,128.087,4,1,0,1,5,71.74,0.15876999999999997,0
N=c1nnc(CO)co1,127.10299999999998,5,2,1,1,5,83.0,-0.9586300000000001,0
NCc1noc(C=O)n1,127.10299999999998,5,1,2,1,5,82.01,-0.6592000000000002,0
CC(=NO)C1=NOC1=N,127.103,5,2,1,1,5,78.03,0.19996999999999998,0
N=CC1=NC(=O)C(O)=N1,125.08699999999999,3,2,1,1,5,85.87,-0.46883000000000014,0
CN=c1cnc(O)n[nH]1,126.11899999999999,4,2,0,1,5,74.16,-0.9592000000000003,0
N=C1CNC(=O)C(=O)N1,127.10299999999998,3,3,0,1,5,82.05000000000001,-1.79033,0
Nc1nc(C=O)[n+]([O-])[nH]1,128.09099999999998,4,2,1,1,6,98.71000000000001,-1.5622,0
N=CN=C1N=CN=C1O,124.10299999999998,2,2,1,1,5,81.16,-0.009630000000000083,0
O=CN1CC(=O)C(=O)N1,128.087,3,1,1,1,5,66.48,-1.9413,0
N=CNC1NCOC1=O,129.119,4,3,2,1,5,74.21000000000001,-1.3869300000000002,1
N=CN1OC(=N)C1C=O,127.10299999999998,4,2,2,1,5,77.24000000000001,-0.6145600000000002,1
N=CN1C=NC1CO,113.11999999999998,3,2,2,1,4,59.68000000000001,-0.7442300000000002,1
CC1=NC(N)=NC1=N,110.12,3,2,0,1,4,74.59,-0.24712999999999996,0
N=c1cnc(C=O)n[nH]1,124.103,4,2,1,1,5,82.49000000000001,-0.9033300000000002,0
NC(=O)c1nccn1N,126.119,4,2,1,1,5,86.93,-1.3042000000000002,0
CCc1nc(N)nn1C=O,140.14600000000002,5,1,2,1,5,73.8,-0.5390000000000001,0
COc1cnc(=O)[nH]c1,126.11499999999998,3,1,1,1,4,54.98,-0.2215000000000002,0
N=C1OC(=O)N1CC=O,128.087,4,1,2,1,5,70.46000000000001,-0.42772999999999994,0
N#CCC1=NC(CN)=N1,122.13100000000001,4,1,2,1,4,74.53,-0.33061999999999986,0
O=Cc1nc(CO)no1,128.087,5,1,2,1,5,76.22,-0.6256000000000002,0
N=CN1C=NC(=O)OC1,127.10299999999998,3,1,1,1,5,65.75,0.031470000000000053,0
CN=c1ncnc(C=N)o1,138.13,5,1,1,1,5,75.13,-0.40223000000000025,0
N=C1COC(=N)OCN1,129.119,4,3,0,1,5,78.19,-0.5076600000000002,0
CC1=NC(=N)N=C1O,111.10399999999998,1,2,0,1,4,68.8,0.3521700000000001,0
N=C(O)C1N=COC1=N,127.10299999999998,4,3,1,1,5,89.52000000000001,-0.07395999999999997,1
N=C1N=NC=COCO1,127.10299999999998,4,1,0,1,5,67.03,0.84887,0
C#CCc1nn[nH]c1N,122.13100000000001,3,2,1,1,4,67.59,-0.4374000000000002,0
Nc1oc(C=O)nc1O,128.087,5,2,1,1,5,89.35000000000001,-0.2250999999999999,0
CC(=O)N1N=C(N)C1=N,126.119,4,2,0,1,5,82.53999999999999,-0.9020300000000001,0
N=Cc1ncnc(N)n1,123.11900000000001,5,2,1,1,5,88.54,-0.5485300000000002,0
N=C(N)C1=CC(O)=N1,111.10399999999998,2,3,1,1,4,82.46000000000001,-0.22363000000000005,0
CN1COC(=O)C(=O)N1,130.10299999999998,4,1,0,1,5,58.64,-1.5362999999999996,0
N=CN1C=NCC(=O)O1,127.10299999999998,4,1,1,1,5,65.75,-0.6044300000000002,0
NC(=O)OC1=CN=C1N,127.10300000000001,4,2,1,1,5,90.7,-0.7061,0
CN=C1N=NC(N)=N1,111.108,3,1,0,1,5,75.46,-0.24729999999999996,0
CC(=O)C(=N)N1CO1,114.104,3,1,1,1,4,56.46,-0.24262999999999985,0
N=CN1CC(=O)OC1=O,128.087,4,1,1,1,5,70.46000000000001,-0.42772999999999994,0
N=C1NC(=O)N1C=O,113.076,3,2,1,1,5,73.26,-0.89723,0
N#CC(N)c1cn[nH]n1,123.119,4,2,1,1,5,91.38000000000001,-0.6719200000000003,1
N=Cc1nc(OC=O)n[nH]1,140.102,5,2,3,1,6,91.72,-0.6624300000000003,0
N=C1N=CC(N)=C1CO,125.131,3,3,1,1,4,82.46000000000001,-0.7468300000000003,0
COC1=C(N)N=NC1=N,126.11900000000001,4,2,1,1,5,83.82,0.20367000000000007,0
O=C1CC(=O)OC(=O)O1,130.05499999999998,5,0,0,1,5,69.67,-0.40349999999999997,0
N=c1[nH]c(=O)[nH]c(=O)o1,129.075,4,3,0,1,6,102.71,-1.8643299999999998,0
N=C1NC(=N)C(=O)OCO1,143.102,5,3,0,1,6,95.26000000000002,-0.98106,0
N=CC1NC1C(N)=O,113.12,3,3,2,1,4,88.88,-1.5383300000000004,2
N=C1CNC(=O)NCO1,129.119,3,3,0,1,5,74.21000000000001,-0.7494300000000003,0
NC1(C=O)NCC(=O)O1,130.103,5,2,1,1,5,81.42,-2.0557999999999996,1
Nc1n[nH]c(=O)n1CO,130.107,5,3,1,1,6,96.92999999999999,-1.8966000000000003,0
Nc1cnnc(N)n1,111.10800000000002,5,2,0,1,5,90.71,-0.9640000000000002,0
CC(=N)N1OCOC1=O,130.10299999999998,4,1,0,1,5,62.62000000000001,0.32487000000000005,0
N#CN1CNC(=N)OC1,126.11899999999999,4,2,0,1,5,72.14,-0.7609500000000002,0
N=COC1=NC(C=N)=C1N,138.12999999999997,5,3,2,1,5,95.30999999999999,-0.15796,0
N=CN1C=CNC1N=O,126.11899999999999,4,2,2,1,5,68.55000000000001,0.01987000000000011,1
N=C1NCC(=O)OC1=N,127.103,4,3,0,1,5,86.03,-0.9126600000000002,0
CNC(=O)C1=NC(O)=N1,127.103,3,2,1,1,5,74.05,-0.9415,0
COc1n[nH]c(=N)n1C,128.135,4,2,1,1,5,66.69,-0.7637300000000002,0
N=CC1OC(=N)C(=N)O1,127.103,5,3,1,1,5,90.01,-0.03659000000000001,0
N=COC1=C(C=O)N=C1N,139.11399999999998,5,2,3,1,5,88.53,-0.6086300000000002,0
N=c1[nH]ncc(=O)n1O,128.09099999999998,5,3,0,1,6,94.76,-1.7118299999999997,0
NC(=O)Oc1ncc[nH]1,127.103,3,2,1,1,5,81.0,-0.13279999999999997,0
Cn1nc(C=O)[nH]c1=O,127.10299999999998,4,1,1,1,5,67.75,-1.0791,0
N=CNC1NCC(=O)O1,129.119,4,3,2,1,5,74.21000000000001,-1.3869300000000002,1
COC1=C(NC=O)C(=O)O1,143.09799999999998,4,1,3,1,5,64.63,-0.8953000000000002,0
Nc1noc(N)c1O,115.092,5,3,0,1,5,98.3,-0.4554000000000001,0
N#CCC1=NC(=O)N1,109.088,2,1,1,1,4,65.25,0.02178000000000002,0
N=C1OCC(O)C1=N,114.10399999999998,4,3,0,1,4,77.16,-0.6254600000000001,1
CC1=NC(=O)N=C1N,111.104,2,1,0,1,4,67.81,-0.061899999999999844,0
N=CNC1=CC(=O)N=N1,124.103,3,2,2,1,5,77.67,0.01687000000000005,0
NC(=O)C1=NN=C1N,112.09200000000001,4,2,1,1,5,93.83,-1.8014999999999999,0
N#Cc1coc(C=N)n1,121.09899999999999,4,1,1,1,4,73.67,0.5439499999999999,0
CC1=NC(N)=NC1=O,111.104,3,1,0,1,4,67.81,-0.6978,0
CN=C1OC(=N)C(=O)O1,128.087,5,1,0,1,5,71.74,-0.47713,0
N#CCC1=NN=C1N,108.10400000000001,4,1,1,1,4,74.53,-0.37311999999999984,0
COc1cn[nH]c(=N)n1,126.119,4,2,1,1,5,74.65,-0.70723,0
CNc1n[nH]nc1C#N,123.119,4,2,1,1,5,77.39,-0.2819200000000003,0
N=CN1C(=O)N=C1N,112.092,3,2,1,1,5,82.54,-0.6562300000000001,0
N=C1COC(=N)OCO1,130.103,5,2,0,1,5,75.39,-0.08066000000000012,0
NC=C1N=CNC1=O,111.10399999999998,3,2,0,1,4,67.47999999999999,-1.0554000000000001,0
N=C1NC(N)(C=O)O1,115.092,4,3,1,1,5,88.2,-1.6476299999999997,1
Nc1ncc(=O)oc1N,127.103,5,2,0,1,5,95.14,-0.8008000000000002,0
N=c1nncc(CN)o1,126.119,5,2,1,1,5,88.79,-0.9922300000000008,0
COC1=NNC(=N)C1=O,127.10299999999998,4,2,0,1,5,74.53999999999999,-0.9041300000000003,0
NC1=C(N)C(C=O)=N1,111.10399999999998,4,2,1,1,4,81.47,-1.2735999999999998,0
CC(O)C1=NN=C1N,113.12000000000002,4,2,1,1,4,70.97,-0.9060000000000001,1
N=C1OCOC(=O)CO1,131.087,5,1,0,1,5,68.61,-0.5313300000000001,0
CNC1=NC(=N)N1CO,128.135,3,3,1,1,5,71.71000000000001,-1.2380300000000004,0
NC1=C(CO)N=C1C=O,126.11499999999998,4,2,2,1,4,75.68,-1.1975000000000002,0
CC1(O)COC1=NO,117.104,4,2,0,1,4,62.05,-0.44470000000000004,1
N#CCc1n[nH]c(N)n1,123.11900000000001,4,2,1,1,5,91.38,-0.5470200000000003,0
Nc1cnc(=O)oc1N,127.103,5,2,0,1,5,95.14,-0.8008,0
N=C1NCN=C(CO)CO1,143.146,4,3,1,1,5,77.7,-1.0682300000000002,0
N=CN1CC(=N)N1C=O,126.11899999999999,3,2,2,1,5,71.25,-0.7402600000000001,0
CC(=O)c1nc(N)n[nH]1,126.11900000000001,4,2,1,1,5,84.66,-0.41050000000000025,0
CCc1nn[nH]c(=O)c1N,140.14599999999996,4,2,1,1,5,84.66,-0.6905000000000001,0
N=C1NC=CNC(=O)O1,127.103,3,3,0,1,5,74.21000000000001,-0.27823000000000014,0
Cn1oc(=O)cnc1=N,127.103,5,1,0,1,5,71.88,-1.14723,0
N=CNC1=NC(=O)NC1,126.119,2,3,1,1,5,77.34,-0.69523,0
CC(=O)n1nc(C=N)o1,127.10299999999998,5,1,1,1,5,71.88,0.13387,0
CNC(=O)C1=NOC1=O,128.087,4,1,1,1,5,67.75999999999999,-1.3548000000000002,0
N#Cc1nonc1C=N,122.08699999999999,5,1,1,1,5,86.56,-0.06104999999999999,0
CN=C1N=CN=C1N,110.12,3,1,0,1,4,63.099999999999994,-0.5861999999999998,0
N#CCc1noc(N)n1,124.10300000000001,5,1,1,1,5,88.73,-0.28212000000000004,0
NC1=NC(=O)C(=O)N=C1,125.08699999999997,3,1,0,1,5,84.88,-1.5188,0
N=CC1=NC(=N)C(N)=N1,123.11900000000001,4,3,1,1,5,98.44,-0.6174600000000001,0
O=Cc1nc[nH]c(=O)n1,125.08699999999999,4,1,1,1,5,75.71000000000001,-1.0226,0
Nc1oc(CO)c[n+]1[O-],130.10299999999998,4,2,1,1,5,86.33,-1.0125,0
N=C1C=C(N)NC1=O,111.104,3,3,0,1,4,78.97,-1.0639300000000003,0
CNC1=NC(=O)N=C1N,126.119,3,2,0,1,5,79.84,-0.9049,0
NC(C=O)C1OCC1=O,129.11499999999998,4,1,2,1,4,69.39000000000001,-1.5195000000000007,2
CN=C1N=C(N)C(F)=N1,128.11,2,1,0,1,5,63.099999999999994,-0.28899999999999965,0
N=C(C=O)C1=NOCN1,127.10300000000001,5,2,2,1,5,74.54,-0.9041300000000001,0
CC1(C=N)NOC(=O)O1,130.10299999999998,5,2,1,1,5,71.41,0.02356999999999998,1
N=CC1=NC(=O)N1N,112.09200000000001,3,2,1,1,5,82.54,-0.6562300000000001,0
N=CN1C=NC(=O)NO1,128.09099999999998,3,2,1,1,6,77.78,-0.5064300000000002,0
CN=C1C=NOC1=N,111.10399999999998,4,1,0,1,4,57.800000000000004,0.05046999999999996,0
N=c1nc(CO)c1=N,111.10399999999998,4,3,1,1,4,80.82,-1.5915599999999999,0
O=c1cc[nH]nc1O,112.088,3,2,0,1,4,65.98,-0.5245000000000001,0
N=C1NCNC(=O)CO1,129.119,3,3,0,1,5,74.21000000000001,-1.3853300000000002,0
N=C1OCC(=O)OC1=N,128.087,5,2,0,1,5,83.22999999999999,-0.48566000000000015,0
N=C1OCC(=O)NC1=O,128.087,4,2,0,1,5,79.25,-1.36333,0
CN=C1C=NC(N)=[N+]1[O-],126.119,4,1,0,1,5,76.80999999999999,-1.0758999999999999,0
NC1=C(N)C(=O)N=C1,111.10399999999998,3,2,0,1,4,81.47,-1.2736000000000003,0
NC(=O)c1ncc(N)[nH]1,126.119,3,3,1,1,5,97.78999999999999,-0.9092000000000005,0
N=NC1OCNC1C=O,129.119,5,2,2,1,5,74.53999999999999,-0.5117300000000002,2
N=C1C=NC(C(N)=O)=N1,124.10300000000001,3,2,1,1,5,91.66000000000001,-1.06813,0
N#CC1=NC(N)=NC1=O,122.087,4,1,0,1,5,91.6,-1.19412,0
CNC1=NC(=O)N=C1C,125.13099999999999,2,1,0,1,4,53.82,0.19880000000000003,0
N=C1NC(C=O)OCO1,130.103,4,2,1,1,5,71.41000000000001,-0.9599300000000002,1
NC1=NC(=O)OC1=O,114.05999999999997,4,1,0,1,5,81.75,-0.9796,0
N=C1OC=NC(=O)CO1,128.087,4,1,0,1,5,71.74,-0.47713000000000005,0
CN=C1C=NC(N)=N1,110.12,3,1,0,1,4,63.099999999999994,-0.5862,0
Cc1n[nH]c(=O)n1NC=O,142.118,4,2,2,1,6,79.78,-1.4202800000000004,0
NC1=NC(=O)N=C1O,113.07599999999998,2,2,0,1,5,88.04,-0.5663,0
N=C(N)OC1COC1=N,129.119,4,3,1,1,5,92.18,-0.72746,1
NC(=O)C1=NC(O)=N1,113.076,3,2,1,1,5,88.04,-1.2022000000000002,0
NC1COC(=O)OC1=O,131.087,5,1,0,1,5,78.62,-0.9929000000000001,1
O=C1COC(=O)CN=N1,128.087,4,0,0,1,5,68.09,-0.478,0
N=CC1=NC=NC1=O,109.088,3,1,1,1,4,65.64,-0.35453,0
CN=C1NC(=N)NC1=O,126.11899999999999,3,3,0,1,5,77.34,-1.3311300000000001,0
COC1=NN=C(N)C1=O,127.103,5,1,0,1,5,77.03999999999999,-1.1138000000000001,0
NC1=CC(=O)N=C1N,111.10400000000001,3,2,0,1,4,81.47,-1.2736000000000003,0
N=CNC1OCNC1=O,129.119,3,3,2,1,5,74.21000000000001,-1.3869300000000002,1
N=C1NC=COC(=N)O1,127.103,4,3,0,1,5,78.19000000000001,-0.03646000000000005,0
N=CC1OCOC(=N)O1,130.103,5,2,1,1,5,75.39,-0.08225999999999994,1
CN=C1NC(=O)C(O)O1,130.10299999999998,4,2,0,1,5,70.92,-1.5630000000000002,1
CN=C1N=C(O)N=C1N,126.119,3,2,0,1,5,83.33,-0.7004999999999999,0
C#Cc1nn[nH]c(=N)n1,121.103,4,2,0,1,5,78.31,-1.33953,0
COC1=NOC(=N)C1=O,128.087,5,1,0,1,5,71.74000000000001,-0.47713,0
N=C1COC(=N)OCO1,130.103,5,2,0,1,5,75.39,-0.08066000000000012,0
CNC1=NN=NC1=O,112.092,4,1,0,1,5,66.18,-0.4883000000000001,0
N=CN1CC=NC(=O)C1,125.13099999999999,2,1,1,1,4,56.52,-0.49353000000000025,0
N=C1N=CN=C(N)C1=O,124.103,4,2,0,1,5,91.66,-1.06813,0
CN=C1N=CN=C1N,110.12,3,1,0,1,4,63.099999999999994,-0.5861999999999998,0
NC1=CC(NC=O)=NC1=O,139.114,3,2,1,1,5,84.54999999999998,-1.4863,0
COC(=O)C1=NC(=N)N1,127.10300000000001,3,2,1,1,5,74.53999999999999,-0.9041300000000001,0
N=C1COC(=N)C(N)O1,129.119,5,3,0,1,5,92.18,-0.7274600000000002,1
N=CN1CC(=O)NCO1,129.119,3,2,1,1,5,65.42,-1.0856299999999999,0
Cn1cnc(=O)c(N)n1,126.119,5,1,0,1,5,73.8,-1.2425000000000004,0
COc1cnc(=N)[nH]n1,126.119,4,2,1,1,5,74.65,-0.7072300000000002,0
CC(=O)n1ncc(N)n1,126.119,5,1,0,1,5,73.8,-0.47959999999999997,0
CC1=NN=C(CO)C1=N,125.13099999999999,4,2,1,1,4,68.80000000000001,-0.1710299999999999,0
CN1CC(=O)C(=O)CN1,128.131,4,1,0,1,4,49.410000000000004,-1.4253999999999996,0
COC1=NC(N)=C1C=N,125.131,4,2,1,1,4,71.46000000000001,-0.13522999999999985,0
NC=C1N=NC=C1N,110.11999999999999,4,2,0,1,4,76.75999999999999,0.05240000000000011,0
NCc1noc(=O)n1CO,145.118,6,2,2,1,6,94.28000000000002,-1.7551999999999999,0
N=C1N=C(N)N=C1C=O,124.103,4,2,1,1,5,91.66,-1.06813,0
N=CN1COC1C(N)=O,129.119,3,2,2,1,5,79.41,-1.30543,1
Nc1nc(C=O)oc1N,127.10299999999998,5,2,1,1,5,95.14,-0.3485,0
Nc1cnoc1C=NC=O,139.11399999999998,4,1,2,1,5,81.47999999999999,-0.16789999999999994,0
NC1=C(N=O)C(=O)C=N1,125.08699999999999,5,1,1,1,5,84.88,-0.4659,0
N=C1OCCC(=O)OC1=O,143.09799999999998,5,1,0,1,5,76.44999999999999,-0.5462300000000002,0
N=C1OCC(=O)C(=N)O1,128.087,5,2,0,1,5,83.23,-0.48566000000000015,0
N=C1NCC(=O)NCO1,129.119,3,3,0,1,5,74.21000000000001,-1.3853300000000002,0
N=C1COC(O)N=CO1,130.10299999999998,5,2,0,1,5,74.9,-0.68533,1
CC1=NC(O)=NC1=O,112.08799999999998,2,1,0,1,4,62.02,-0.09850000000000009,0
N=c1[nH]c(=N)oc(=O)o1,129.075,5,3,0,1,6,106.83999999999999,-1.4801600000000006,0
CN=C1N=CC(N)=[N+]1[O-],126.119,3,1,0,1,5,76.80999999999999,-1.0758999999999999,0
CC(=O)n1[nH]c(=N)o1,115.09199999999998,4,2,0,1,5,74.78,-0.4512300000000002,0
N=C1NCNC(=O)CO1,129.119,3,3,0,1,5,74.21000000000001,-1.3853300000000002,0
Nn1cnc([O-])c1C=O,126.09499999999997,5,1,1,1,5,83.97,-1.5170000000000008,0
N=C1NC=NCC(=O)O1,127.103,4,2,0,1,5,74.54,-0.9041300000000001,0
N=C1NC(C=O)C(=N)O1,127.103,4,3,1,1,5,86.03000000000002,-0.9142600000000001,1
N=C1N=C(C=O)N=C1O,125.08699999999997,3,2,1,1,5,85.87,-0.4688299999999999,0
N=Cc1ocnc1N,111.10400000000001,4,2,1,1,4,75.9,0.25447000000000014,0
CN=C1CC(=O)OCO1,129.11499999999998,4,0,0,1,4,47.89,-0.06430000000000002,0
Nc1n[nH]nc1CC=O,126.11899999999999,4,2,2,1,5,84.66,-0.8717000000000006,0
N#Cc1[nH]nnc1C=O,122.08699999999999,4,1,1,1,5,82.43,-0.51112,0
N=C1N=CC(C(N)=O)=N1,124.10300000000001,2,2,1,1,5,91.66000000000001,-1.06813,0
N=C1COC(C(N)=O)N1,129.119,3,3,1,1,5,88.19999999999999,-1.60513,1
N=CC1N=NCN1C=O,126.119,4,1,2,1,5,68.88,-0.1562300000000001,1
N=C1NC=NC(C=O)O1,127.10299999999998,4,2,1,1,5,74.54,-0.9057300000000001,1
CC(=O)n1[nH]cnc1=N,126.11899999999999,4,2,0,1,5,74.53,-0.6492300000000002,0
N=C1N=NC(F)=C1N,114.08300000000001,3,2,0,1,5,74.59,0.5267700000000002,0
O=CC1=NCC(=O)NO1,128.087,4,1,1,1,5,67.76,-1.3548000000000002,0
CC1=NC(=O)N=C1O,112.08799999999998,1,1,0,1,4,62.019999999999996,0.5374000000000001,0
N=C1N=NC(C=O)=N1,110.076,3,1,1,1,5,78.0,-0.015629999999999977,0
COC1=NC(N)=NC1=O,127.10300000000001,4,1,0,1,5,77.03999999999999,-1.1138000000000001,0
CC(=O)Nc1nc1=N,111.104,3,2,1,1,4,65.84,-0.6049300000000002,0
Nc1nocc1C=O,112.08799999999998,4,1,1,1,4,69.12,0.06930000000000003,0
N=CNC1=NN=C1C=O,124.103,4,2,2,1,5,77.67,-0.8499300000000001,0
N=C1OCC(=O)OC1=N,128.087,5,2,0,1,5,83.22999999999999,-0.48566000000000015,0
N=CN1CC(=O)NCN1,128.135,3,3,1,1,5,68.22,-1.5126299999999993,0
CC1=NC(=N)C(OCO)=N1,141.12999999999997,4,2,1,1,5,78.03,-0.23943000000000003,0
CCOC1=NN=C(N)C1=N,140.14600000000002,5,2,1,1,5,83.82,-0.27303,0
COc1cnc(=N)on1,127.103,5,1,1,1,5,72.0,-0.44233000000000006,0
N=COC1=NCC(=N)N1,126.119,4,3,1,1,5,81.32,-0.45346000000000014,0
Nc1ncc(C=O)nn1,124.103,5,1,1,1,5,81.76,-0.7337000000000002,0
N=C1NC(=O)NCO1,115.092,3,3,0,1,5,74.21000000000001,-0.79193,0
N=C1NC(O)C(=O)NCO1,145.118,4,4,0,1,6,94.44000000000001,-2.06693,1
N=CN1C=NC1NC=O,126.11899999999997,3,2,3,1,5,68.55000000000001,-1.0330300000000001,1
N=C1COCOC(=O)N1,130.103,4,2,0,1,5,71.41,-0.32242999999999994,0
N=C(C=O)N1OCC1O,130.103,4,2,1,1,5,73.62,-1.27183,1
NC1=C(O)N=CNC(=O)O1,143.102,5,3,0,1,6,96.94000000000001,-0.6022000000000003,0
N=COC1CNC(C=O)N1,143.14600000000002,5,3,3,1,5,74.21,-1.3460299999999994,2
COc1n[nH]c(=N)n1C=N,141.134,5,3,2,1,6,90.53999999999999,-0.8455599999999999,0
CC1=NC(=O)C(O)=N1,112.08799999999998,2,1,0,1,4,62.019999999999996,-0.09849999999999998,0
N=C1OCC(=O)C(=N)O1,128.087,5,2,0,1,5,83.23,-0.48566000000000015,0
N=c1nc(C=O)c(N)co1,139.11399999999998,5,2,1,1,5,92.97,-0.45123000000000024,0
O=CC1=NC(=O)OCN1,128.087,4,1,1,1,5,67.76,-0.7189000000000001,0
N#CCN=C1N=C(O)O1,125.08699999999997,3,1,1,1,5,77.97,-0.18982000000000004,0
Cc1nc(N)nn1C=O,126.119,5,1,1,1,5,73.8,-0.7929800000000002,0
N=C1N=C(C(=O)CO)N1,127.10299999999998,3,3,2,1,5,85.54,-1.51573,0
N=C1OC(=O)CC(=O)O1,129.071,5,1,0,1,5,76.45,-0.58873,0
NC(=O)C1=CN=NC1=O,125.08699999999999,3,1,1,1,5,84.88,-0.6520000000000001,0
COC1=NNC(=O)C1=N,127.10299999999998,4,2,0,1,5,74.53999999999999,-0.9041300000000001,0
Nc1ncnc(NC=O)n1,139.11799999999997,5,2,2,1,6,93.79,-0.9779000000000002,0
CN=c1c(O)nc1=O,112.08799999999998,4,1,0,1,4,62.550000000000004,-1.4465000000000001,0
COC1=NC(=O)N=C1O,128.087,2,1,0,1,5,71.25,0.12140000000000001,0
CN=C1CNC(=O)C(=O)O1,142.11399999999998,4,1,0,1,5,67.76,-1.3123000000000005,0
Cn1c(N)nnc1C=O,126.11899999999999,5,1,1,1,5,73.80000000000001,-0.7902,0
N=c1occ(O)c(=N)o1,128.087,5,3,0,1,5,94.21,-0.46286,0
N=Cc1occ(N)c1N,125.13100000000001,4,3,1,1,4,89.03,0.44167000000000023,0
Nc1ncc(OC=O)o1,128.087,5,1,2,1,5,78.35000000000001,-0.20800000000000013,0
N=c1occ(O)c(=N)o1,128.087,5,3,0,1,5,94.21,-0.46286,0
N=C1N=C(O)N=C1CO,127.10299999999998,3,3,1,1,5,89.03,-0.67543,0
CNC1=NN=C(N)C1=N,125.135,5,3,0,1,5,86.62,-1.0901299999999996,0
CN=C1OC(=N)N=C1N,126.11900000000001,4,2,0,1,5,83.82,-0.66313,0
N#CNC1=NOC1=N,110.076,5,2,0,1,5,81.25999999999999,-0.62195,0
N=c1oc(=N)oc(=N)o1,129.075,6,3,0,1,6,110.97000000000001,-1.0959900000000002,0
COc1cnc(=O)[nH]n1,127.103,4,1,1,1,5,67.87,-0.8265000000000002,0
NC1=NC(C=O)NCO1,129.119,5,2,1,1,5,76.71,-1.5966,1
Nc1n[nH]c(CC=O)n1,126.11899999999999,4,2,2,1,5,84.66,-0.8717000000000006,0
N=C1N=C(O)OC1=N,113.07599999999998,3,3,0,1,5,89.52000000000001,-0.11485999999999996,0
N=c1nc(CO)nc[nH]1,126.11899999999999,4,3,1,1,5,85.65,-1.2235300000000002,0
N=C1NC(N)=CC1=O,111.104,3,3,0,1,4,78.97,-1.0639299999999998,0
N=CC1OC(=N)C(C=O)O1,142.11399999999998,5,2,2,1,5,83.23,-0.4463600000000001,2
CNC1=NC(=N)N=C1O,126.11899999999999,2,3,0,1,5,80.83,-0.49083000000000016,0
N=C1COC(C=O)NCO1,144.12999999999997,5,2,1,1,5,71.41,-0.91743,1
N=C1NC(=N)C(=O)N1,112.092,3,4,0,1,5,88.83000000000001,-1.3821599999999998,0
COC1=NC(=O)C(N)=N1,127.10300000000001,4,1,0,1,5,77.03999999999999,-1.1138000000000003,0
N=C1COC(=N)NCO1,129.119,4,3,0,1,5,78.19,-0.5076600000000002,0
N=C1OC(=N)N1CC=O,127.103,4,2,2,1,5,77.24000000000001,-0.6129600000000002,0
N=Cc1c(N)cnn1N,125.13500000000002,5,3,1,1,5,93.71,-0.8232300000000001,0
COC1=C(N)N=NC1=N,126.11900000000001,4,2,1,1,5,83.82,0.20367000000000007,0
Nc1cc(OC=O)n[nH]1,127.103,4,2,2,1,5,81.0,-0.47290000000000026,0
NC1=NC(=O)N=C1C=O,125.08699999999997,3,1,1,1,5,84.88,-0.8829,0
Cc1noc(=N)nc1N,126.11900000000001,5,2,0,1,5,88.79,-0.5603100000000001,0
N=CNC1NCOC1=N,128.135,4,4,2,1,5,80.99000000000001,-0.9362599999999999,1
CCN=C1OC(=O)NC1=N,141.13,4,2,1,1,5,74.53999999999999,0.12187000000000014,0
N=C1N=NC=C1NCO,126.11899999999999,4,3,2,1,5,80.83,-0.18973000000000007,0
N=C1C=C(N)C(O)=N1,111.104,2,3,0,1,4,82.46000000000001,-0.22363000000000005,0
N=CN1OC(=O)OCC1=N,143.102,5,2,1,1,6,86.47,-0.04546,0
N=C1N=C(CO)OCN1,129.119,3,3,1,1,5,77.7,-1.1107300000000002,0
N=C1OC(=N)C(=N)O1,113.076,5,3,0,1,5,90.01,-0.07748999999999995,0
CC(=O)C1=NC(=N)O1,112.088,3,1,1,1,4,62.510000000000005,-0.06112999999999996,0
N=C1COC(=O)N=CO1,128.087,4,1,0,1,5,71.74,0.15877000000000002,0
N=CNc1cnc(N)nn1,138.13400000000001,5,3,2,1,6,100.57000000000001,-0.5272300000000003,0
CCN=C1C=NNC1=O,125.13099999999999,3,1,1,1,4,53.82,-0.4371,0
Nc1n[nH]ccc1=NC=O,138.12999999999997,3,2,1,1,5,84.13,-0.9510000000000003,0
Nc1nc(C=O)c(N)o1,127.10299999999998,5,2,1,1,5,95.14,-0.3485,0
N=C1N=NC=C1C=O,109.08799999999998,3,1,1,1,4,65.64,0.51227,0
CC1CN=NC(=O)OC1,128.13099999999997,3,0,0,1,4,51.019999999999996,1.2249,1
CN=C(O)C1=NOC1=N,127.103,4,2,1,1,5,78.03,-0.06382999999999994,0
CNC1=NC(=O)N=C1N,126.119,3,2,0,1,5,79.84,-0.9049,0
N=CN1CC=NC(=O)O1,127.10299999999998,3,1,1,1,5,65.75,0.03146999999999994,0
N#Cc1nc(C=N)n[nH]1,121.103,4,2,1,1,5,89.21000000000001,-0.32595000000000013,0
N=C1NC(=O)C(=O)O1,114.05999999999999,4,2,0,1,5,79.25000000000001,-1.4058300000000001,0
CNC(=N)c1nc1=O,111.104,3,2,1,1,4,65.84,-1.1378300000000001,0
CCC1=NC(=N)N=N1,110.12,2,1,1,1,4,60.93,1.19547,0
Cc1nnc(CO)c(=N)o1,141.13,5,2,1,1,5,83.00000000000001,-0.65021,0
N=C1COC(=N)OCN1,129.119,4,3,0,1,5,78.19,-0.5076600000000002,0
CN=C1N=C(N)C(=O)O1,127.103,4,1,0,1,5,77.04,-1.1138,0
CC(=O)c1n[nH]n[n+]1[O-],128.091,4,1,1,1,6,85.58,-1.3593,0
N=CN1C(=N)CNC1=O,126.11899999999999,3,3,1,1,5,80.04,-0.40406000000000003,0
N=C1C=C(O)N=C1N,111.104,4,3,0,1,4,82.46,-0.22362999999999988,0
CC(=O)C1=C(N)N=N1,111.10400000000001,4,1,1,1,4,67.81,0.16900000000000004,0
NC1=NC(=O)C(=O)C=N1,125.08699999999997,4,1,0,1,5,84.88,-1.5188,0
Cc1nc(N)nn1C=O,126.119,5,1,1,1,5,73.8,-0.7929800000000002,0
COC1=NN=C1C=N,111.10399999999998,4,1,1,1,4,57.800000000000004,0.05046999999999996,0
N=C1OCCNC(=O)[NH+]1[O-],145.118,4,3,0,1,6,89.68,-1.9563299999999995,1
N=c1nc[nH]c(=O)o1,113.07599999999998,4,2,0,1,5,82.74,-1.15763,0
N=CN1C=NC(C=O)O1,127.10299999999997,4,1,2,1,5,65.75,-0.6060300000000001,1
Cc1nc(=O)oc(=O)[nH]1,128.087,4,1,0,1,5,75.96000000000001,-0.96848,0
CC(=O)C1=NC(=O)N1,112.088,2,1,1,1,4,58.53,-0.3028999999999999,0
CC(O)C1=NC(N)=[N+]1[O-],129.11900000000003,4,2,1,1,5,84.67999999999999,-1.3957000000000002,1
N=CN=C1OCOC1=N,127.10299999999998,4,2,1,1,5,78.52000000000001,-0.026460000000000095,0
N=CN1CC(=O)C1=N,111.10399999999998,3,2,1,1,4,68.01,-0.5445599999999999,0
N=C1OCOC1NC=O,130.10299999999998,4,2,2,1,5,71.41,-0.9599300000000002,1
CCc1nn[nH]c(=O)n1,126.11899999999999,4,1,1,1,5,71.53,-0.8777000000000001,0
NN=C1C=NC(O)=N1,112.09199999999998,3,2,0,1,5,83.33,-0.7429999999999999,0
N=C1COC(=O)COC1=N,142.114,5,2,0,1,5,83.22999999999999,-0.44316000000000016,0
N=C1NC(=O)CNCO1,129.119,4,3,0,1,5,74.21000000000001,-1.3853300000000002,0
N=C(N)OC1OC1=O,116.07599999999998,4,2,1,1,5,88.70000000000002,-1.22063,1
O=c1[nH]cnnc1CO,127.103,4,2,1,1,5,78.87,-1.3428000000000002,0
N=C1NC(=O)C(=N)O1,113.076,4,3,0,1,5,86.03000000000002,-0.9551600000000002,0
COC1=NC(=N)N=C1CO,141.13000000000002,3,2,1,1,5,78.03,-0.5870300000000002,0
N=CN1CC(=N)NCO1,128.135,3,3,1,1,5,72.2,-0.6349600000000002,0
Nc1conc1C=O,112.088,4,1,1,1,4,69.12,0.06930000000000014,0
N=C1N=C(CO)N=C1O,127.10299999999998,3,3,1,1,5,89.03,-0.67543,0
Cc1n[nH]c(O)nc1=N,126.11899999999999,4,3,0,1,5,85.65,-0.7018100000000003,0
CNC1=NN=C1C=NC=O,138.13,4,1,2,1,5,66.18,-0.7989000000000002,0
CN=c1cc(N)[nH]nn1,125.13500000000002,4,2,0,1,5,79.95,-1.0826,0
N=C1NCOC(=O)CO1,130.103,4,2,0,1,5,71.41,-0.9583300000000001,0
CN=C1N=CN=C1O,111.10399999999998,2,1,0,1,4,57.31,0.013100000000000056,0
CN=C1NC(=O)C(=N)O1,127.10299999999998,4,2,0,1,5,74.54,-0.9041300000000001,0
Cc1noc(N)nc1=O,127.10300000000001,5,1,0,1,5,82.00999999999999,-0.6795800000000001,0
N=C1N=C(CO)N=C1CO,141.13,4,3,2,1,5,89.03,-1.19863,0
Cc1n[nH]c(=O)n1CO,129.119,4,2,1,1,5,70.91,-1.1703800000000004,0
Nc1cc(OC=O)n[nH]1,127.103,4,2,2,1,5,81.0,-0.47290000000000026,0
N=Cc1noc(=N)n1O,128.091,6,3,1,1,6,98.89,-0.8094600000000003,0
N=C1NC=CNC(=O)O1,127.103,3,3,0,1,5,74.21000000000001,-0.27823000000000014,0
CNc1ncoc(=O)n1,127.10299999999998,5,1,1,1,5,68.02000000000001,-0.5285,0
CN=C1C=NC(N)=N1,110.12,3,1,0,1,4,63.099999999999994,-0.5862,0
N=C1ON=C(N)C1=O,113.076,5,2,0,1,5,88.53,-1.16483,0
O=C1CNCOC(=O)N1,130.103,4,2,0,1,5,67.42999999999999,-1.2001,0
COC1=NN=C1C=NC=N,138.13,4,1,2,1,5,70.16,0.07876999999999995,0
O=C1N=C(CO)NC1=O,128.087,3,2,1,1,5,78.75999999999999,-1.9663999999999997,0
N=C1OCC(=N)C(=O)O1,128.087,5,2,0,1,5,83.23,-0.48566000000000015,0
NC(=O)Nc1ccon1,127.10299999999998,3,2,1,1,5,81.15,0.16520000000000012,0
N=c1oc(N)cnc1CO,141.13000000000002,5,3,1,1,5,96.13000000000001,-0.7714299999999998,0
N=C1COC(=O)OCO1,131.087,5,1,0,1,5,68.61,0.10457,0
N=C1NCC(=O)OCO1,130.103,4,2,0,1,5,71.41000000000001,-0.9583300000000001,0
N=C1OC(N)=NC1=O,113.07600000000001,4,2,0,1,5,88.53,-1.1648300000000003,0
N=C1NCNC(=O)CN1,128.135,2,4,0,1,5,77.01,-1.8123299999999993,0
N=C1OCC(=O)C(=N)O1,128.087,5,2,0,1,5,83.23,-0.48566000000000015,0
CC1(OC=O)C(N)=[N+]1[O-],130.103,4,1,2,1,5,78.39,-1.2433000000000003,1
COc1cnc(N)c(N)n1,140.14600000000002,5,2,1,1,5,87.05,-0.3504000000000002,0
N=C1OC=C(N)C1=O,112.08800000000001,4,2,0,1,4,76.16999999999999,-0.6369300000000002,0
COc1conc1N=O,128.08700000000002,5,0,2,1,5,64.69,1.0810999999999997,0
N#Cc1noc(C=N)n1,122.08699999999999,5,1,1,1,5,86.56,-0.06104999999999999,0
COc1nc(=N)nc[nH]1,126.119,4,2,1,1,5,74.65,-0.7072300000000002,0
CC(=O)N1N=C1C=O,112.08799999999998,3,0,1,1,4,49.51,-0.6391,0
N#CCC1=NC(=N)O1,109.088,3,1,1,1,4,69.23,0.26355,0
CC(=O)C1=NC(=N)N=N1,124.10300000000001,3,1,1,1,5,78.0,0.3744700000000001,0
Nc1cn(N)c(C=O)n1,126.119,5,2,1,1,5,86.92999999999999,-1.0084,0
N=Cc1cn[nH]c(=N)n1,123.119,4,3,1,1,5,89.27,-0.7181600000000001,0
Nc1cc(N)c(=O)on1,127.10300000000001,5,2,0,1,5,95.14,-0.8008,0
N=CCC1=NN=C1N,110.12000000000002,4,2,2,1,4,74.59,-0.24712999999999996,0
NC1=C(C=O)C(=O)C=N1,124.09899999999999,4,1,1,1,4,72.52000000000001,-0.9909000000000001,0
CN=NC1=C(N)OCC1=O,141.13,5,1,1,1,5,77.03999999999999,-0.20450000000000007,0
N=C(N)C1=NC(O)=C1,111.10399999999998,3,3,1,1,4,82.46000000000001,-0.22362999999999983,0
N#Cc1oc(=O)oc1N,126.071,5,1,0,1,5,93.16,-0.31332,0
NC1=NN=C1C=NCO,126.11899999999999,5,2,2,1,5,83.33,-1.2662000000000002,0
N=CN1CC(=O)OC1=N,127.10299999999998,4,2,1,1,5,77.24000000000001,-0.61296,0
N=C1N=NCC(O)CN1,128.135,3,3,0,1,5,80.83,-0.6625300000000001,1
CN=C1NC(=O)C(=O)O1,128.087,4,1,0,1,5,67.76,-1.3548000000000002,0
N=C1CNC(O)OC(=O)O1,146.10199999999998,6,3,0,1,6,91.64,-1.0040300000000004,1
CN=C1N=C(N)C(N)=N1,125.13500000000002,3,2,0,1,5,89.11999999999999,-1.2997999999999994,0
O=Cc1nc(CO)no1,128.087,5,1,2,1,5,76.22,-0.6256000000000002,0
CNC(=O)c1ncno1,127.103,4,1,1,1,5,68.02000000000001,-0.5708000000000002,0
N=C1CNCN(C=O)O1,129.119,4,2,1,1,5,65.42,-1.0856300000000003,0
N=C1N=CN=C(F)C1=O,127.07799999999999,3,1,0,1,5,65.64,-0.05732999999999999,0
Cc1noc(=N)n1C=O,127.103,5,1,1,1,5,71.88,-0.69771,0
CN=C1N=NC=C1N,110.11999999999999,3,1,0,1,4,63.099999999999994,0.28060000000000007,0
CC1=NC(N)=NC1=N,110.12,3,2,0,1,4,74.59,-0.24712999999999996,0
Cn1cnc(=N)n1CO,128.135,5,2,1,1,5,66.83,-1.3491300000000002,0
N=C1N=NN1CC=O,112.09199999999998,3,1,2,1,5,68.88,-0.19713000000000003,0
N=Cn1cc(CN)nn1,125.13500000000002,5,2,2,1,5,80.58,-0.80803,0
O=CNC1=NC=NC1=O,125.08699999999999,3,1,1,1,5,70.89,-1.3006000000000002,0
N=C(CO)c1ncn[nH]1,126.119,4,3,2,1,5,85.65,-0.8351300000000001,0
CC(=O)C1=NC(=O)N1,112.088,2,1,1,1,4,58.53,-0.3028999999999999,0
N=C1COCOC(=N)O1,130.103,5,2,0,1,5,75.39,-0.0806599999999999,0
N=C1N=C(N)C(C=O)=N1,124.103,3,2,1,1,5,91.66000000000001,-1.06813,0
N=C1OCNC(=O)CO1,130.10299999999998,4,2,0,1,5,71.41,-0.9583300000000003,0
CC(=O)n1[nH]cnc1=N,126.11899999999999,4,2,0,1,5,74.53,-0.6492300000000002,0
N=c1[nH]ncn1CC=O,126.11899999999999,4,2,2,1,5,74.53,-1.1104300000000005,0
N#CC1OCOC(=N)O1,128.087,5,1,0,1,5,75.33,-0.20825,1
Nc1cc(N)c(=O)on1,127.10300000000001,5,2,0,1,5,95.14,-0.8008,0
N=CN=C1C=NC(N)=N1,123.119,3,2,1,1,5,86.95,-0.6089300000000002,0
CC1=NN=C(N)C1=O,111.104,4,1,0,1,4,67.81,-0.6978,0
CC(=O)n1ncc(N)n1,126.119,5,1,0,1,5,73.8,-0.47959999999999997,0
Cc1nonc(N)c1=O,127.103,5,1,0,1,5,82.00999999999999,-0.6795800000000001,0
Nn1c(CO)cnc1O,129.119,5,3,1,1,5,84.3,-1.2052000000000003,0
N=c1[nH]c(=O)oc(=O)o1,130.059,5,2,0,1,6,100.05999999999999,-1.59943,0
N=c1nc(C=O)c(N)co1,139.11399999999998,5,2,1,1,5,92.97,-0.45123000000000024,0
CC(=O)N1OCOC1=N,130.103,4,1,0,1,5,62.620000000000005,-0.31102999999999986,0
N=C1NCNC(=O)CO1,129.119,3,3,0,1,5,74.21000000000001,-1.3853300000000002,0
N=C1OCC(C(N)=O)O1,130.103,4,2,1,1,5,85.39999999999999,-1.1781300000000001,1
O=Cc1nnc(CO)o1,128.087,5,1,2,1,5,76.22,-0.6255999999999999,0
O=C1ONCC1=NO,116.076,5,2,0,1,5,70.92,-1.1220000000000003,0
N=C1COC(=O)CN=N1,127.10300000000001,4,1,0,1,5,74.87,-0.027330000000000076,0
N=Cn1cc(C(N)=O)[nH]1,126.119,3,3,2,1,5,87.66,-0.6297300000000001,0
N=C1COC(=O)OC1=N,128.087,5,2,0,1,5,83.22999999999999,0.15023999999999993,0
N#COCCC1=NOC1=O,140.098,5,0,3,1,5,71.68,-0.21302,0
CC1=NC(=N)C(O)=N1,111.10399999999998,2,2,0,1,4,68.8,0.35217,0
N=Cc1cnc(N)nn1,123.11900000000001,5,2,1,1,5,88.54,-0.5485300000000002,0
NC1=NC(C(=O)C=O)=N1,125.08699999999997,5,1,2,1,5,84.88,-1.5188,0
COc1nc(NC=O)c[nH]1,141.13,3,2,3,1,5,67.00999999999999,-0.01340000000000019,0
NCc1nc(=O)onc1N,142.11799999999997,6,2,1,1,6,108.03,-1.5292999999999994,0
Cc1nc(CO)oc1N,128.13099999999997,4,2,1,1,4,72.28,0.05752000000000007,0
N=COC1OCNC1C=O,144.13,5,2,3,1,5,71.41,-0.9190300000000002,2
N=c1[nH]c(=O)oc(=N)o1,129.075,5,3,0,1,6,106.83999999999999,-1.4801599999999997,0
COC1=NN=C(O)C1=N,127.10299999999998,4,2,0,1,5,78.03,-0.06383000000000016,0
N=C1C=NC(=O)CO1,112.088,3,1,0,1,4,62.510000000000005,-0.40873000000000004,0
CC1=NN=C(N)C1=O,111.104,4,1,0,1,4,67.81,-0.6978,0
N#CCc1nc(O)no1,125.08699999999999,5,1,1,1,5,82.94,-0.15872000000000008,0
CC(=O)c1cnoc1N,126.115,4,1,1,1,4,69.12,0.45940000000000014,0
CCc1nn[nH]c(=O)n1,126.11899999999999,4,1,1,1,5,71.53,-0.8777000000000001,0
NC(=O)OC1C=NCN1,129.119,4,2,1,1,5,76.71000000000001,-0.9607000000000001,1
COC1=NNC(=N)C1=O,127.10299999999998,4,2,0,1,5,74.53999999999999,-0.9041300000000003,0
CNc1cnc(=O)[nH]n1,126.119,4,2,1,1,5,70.67,-0.7934000000000003,0
N#CN1CC=NC1=NO,124.103,3,1,0,1,5,71.98,-0.40092,0
COC1=NC=C(N)C1=O,126.115,4,1,0,1,4,64.68,-0.5859000000000001,0
N=C1N=C(C(=N)O)O1,113.07599999999998,3,3,1,1,5,89.52000000000001,-0.11485999999999996,0
CC(=O)C1=NN=C1N,111.10400000000001,4,1,1,1,4,67.81,-0.6978,0
N=C1OC(=N)C(=N)O1,113.076,5,3,0,1,5,90.01,-0.07748999999999995,0
N=C1OC=NC(=O)C1=N,125.08699999999999,4,2,0,1,5,86.36,-0.4314599999999999,0
Nc1cncc(C=O)n1,123.11499999999998,4,1,1,1,4,68.87,-0.12869999999999998,0
OCc1cncc(O)n1,126.11499999999998,4,2,1,1,4,66.24000000000001,-0.32550000000000007,0
CC(O)C1=NOC1=N,114.104,4,2,1,1,4,65.67000000000002,-0.26933000000000007,1
CC(N)C1=NC(=N)O1,113.11999999999999,3,2,1,1,4,71.46,-0.30292999999999987,1
N=C1OC(=O)C(C=O)O1,129.07099999999997,5,1,1,1,5,76.45,-0.9379300000000002,1
Cn1nc(C=N)[nH]c1=O,126.11899999999999,4,2,1,1,5,74.53,-0.8939300000000001,0
N#CCc1noc(N)n1,124.10300000000001,5,1,1,1,5,88.73,-0.28212000000000004,0
O=c1ncoc(=O)o1,115.04399999999998,5,0,0,1,5,73.31,-1.0119999999999998,0
CC1=NC(=N)OC1=O,112.08799999999998,3,1,0,1,4,62.51,-0.06112999999999996,0
Cn1cnc(=O)c(N)n1,126.119,5,1,0,1,5,73.8,-1.2425000000000004,0
N=C1N=CC(NC=O)=N1,124.103,2,2,1,1,5,77.67,-0.8499300000000001,0
O=C1OC=NC1N=CO,128.087,4,1,1,1,5,71.25,-0.5161,1
N#Cc1nncn1C=N,121.10299999999998,5,1,1,1,5,78.35,-0.39504999999999996,0
Cn1nc(N)cc1C=O,125.13099999999999,4,1,1,1,4,60.910000000000004,-0.1852000000000002,0
N=C(O)CC1CC(=N)N1,127.14699999999999,2,4,2,1,4,79.96000000000001,0.25094000000000005,1
CC(O)C1=NC(O)=N1,114.104,3,2,1,1,4,65.18,-0.30670000000000003,1
CCn1cnnc1O,113.11999999999999,4,1,1,1,4,50.94,0.003599999999999881,0
N=C1OC(C=O)OC1=N,128.087,5,2,1,1,5,83.22999999999999,-0.48725999999999997,0
COC1=CN=NC1=N,111.104,3,1,1,1,4,57.800000000000004,0.91727,0
N=C1COC(=O)N=CO1,128.087,4,1,0,1,5,71.74,0.15877000000000002,0
NC1=NC=C(C=O)ON1N,142.11799999999997,6,2,1,1,6,93.93999999999998,-1.5377000000000003,0
NC(=O)C1=NC(=O)N1,113.076,2,2,1,1,5,84.55000000000001,-1.4066,0
CC(=O)c1nn[nH]n1,112.09200000000001,4,1,1,1,5,71.53,-0.5977000000000001,0
N=C1OCC(=O)NC1=O,128.087,4,2,0,1,5,79.25,-1.36333,0
N#CC(=O)n1cn[nH]1,110.076,4,1,0,1,5,74.47,-0.6250200000000001,0
N=C1N=C(F)C=NC1=O,127.07799999999999,2,1,0,1,5,65.64,-0.05732999999999994,0
NC1=CC(N)=NC1=O,111.10400000000001,3,2,0,1,4,81.47,-1.2736000000000003,0
N=C(N)NC1NC1=O,114.10799999999999,2,4,1,1,5,100.91,-2.07463,1
N=CC1OCNC(=N)O1,129.119,4,3,1,1,5,78.19000000000001,-0.5092600000000003,1
NC(=O)C1=NC(N)=N1,112.09200000000001,4,2,1,1,5,93.83,-1.8014999999999999,0
COC1=NNC(=O)C1=O,128.087,4,1,0,1,5,67.75999999999999,-1.3548000000000002,0
CNc1ncc(=O)[nH]n1,126.11899999999999,4,2,1,1,5,70.67,-0.7934000000000003,0
Nc1cnoc(=O)c1O,128.087,5,2,0,1,5,89.35000000000001,-0.6774,0
N=c1nc(N)oc(CO)n1,142.118,6,3,1,1,6,109.02000000000001,-1.37643,0
CNC(=N)N1CC(=O)C1=O,141.13,3,2,0,1,5,73.26,-1.4481300000000004,0
COc1nncc(N)n1,126.119,5,1,1,1,5,73.92,-0.5376000000000003,0
CN=C1OC(=N)OC1=N,127.103,5,2,0,1,5,78.52000000000001,-0.02646000000000004,0
N=CN1CCOC(N)=N1,128.135,4,2,1,1,5,74.7,-0.8446299999999998,0
COC1NC(=O)NC1=N,129.119,3,3,1,1,5,74.21000000000001,-0.7510300000000001,1
N=C1OCOC1=NCO,130.103,5,2,1,1,5,74.9,-0.6837300000000002,0
N=CN1C=NC1OCO,129.119,4,2,3,1,5,68.91000000000001,-0.8126300000000002,1
CC1=CC(=NO)N=N1,111.10400000000001,3,1,0,1,4,57.31,1.1437,0
N#CCC1=NC(=N)N=N1,121.10300000000001,3,1,1,1,5,84.72,0.69915,0
O=CN1CC(=O)OC1=O,129.071,4,0,1,1,5,63.68,-0.8784000000000001,0
C#CC(N)C1=NN=N1,108.10400000000001,4,1,1,1,4,63.099999999999994,-0.27379999999999993,1
N=C1C(=O)OC=C1N,112.088,4,2,0,1,4,76.17,-0.63693,0
NC1=CC(N)=NC1=O,111.10400000000001,3,2,0,1,4,81.47,-1.2736000000000003,0
CNC1=NN=C(O)C1=N,126.11899999999999,4,3,0,1,5,80.83000000000001,-0.49083000000000004,0
N=C1NC(=N)C(=O)CO1,127.103,4,3,0,1,5,86.03000000000002,-0.91266,0
Nc1coc(=O)c(=O)[nH]1,128.087,4,2,0,1,5,89.09,-1.0897000000000001,0
O=C1ON=C(CO)C1=O,129.071,5,1,1,1,5,75.96000000000001,-1.5394,0
CC1=NN=C(N)C1=N,110.12,4,2,0,1,4,74.59,-0.24712999999999996,0
Nc1cnoc(=O)c1N,127.103,5,2,0,1,5,95.14,-0.8008,0
N=C1OC(=O)OC1C=O,129.07099999999997,5,1,1,1,5,76.44999999999999,-0.30203,1
N=C1NC(C=O)C(=O)O1,128.087,4,2,1,1,5,79.25000000000001,-1.3649300000000002,1
N=C1OCC(=O)NC1=O,128.087,4,2,0,1,5,79.25,-1.36333,0
N=C1NCOC(=O)CO1,130.103,4,2,0,1,5,71.41,-0.9583300000000001,0
NC1=NN=C1C(=O)O,113.07599999999998,4,2,1,1,5,88.04,-1.2022,0
Nc1n[nH]c(=O)n1C=O,128.09099999999998,5,2,1,1,6,93.76999999999998,-1.8081000000000003,0
N=C1NC=NC(CO)C1=O,141.13,4,3,1,1,5,85.53999999999999,-1.4748299999999999,1
CN=C(N)C1=NOC1=O,127.10299999999998,4,1,1,1,5,77.03999999999999,-1.1138000000000001,0
N=C1C(=O)NN=C1O,113.076,3,3,0,1,5,85.54,-0.9925299999999999,0
N=c1oc(=N)oc(=O)o1,130.059,6,2,0,1,6,104.19000000000001,-1.21526,0
N=CNC1=NN=C1CN,125.13500000000002,4,3,2,1,5,86.62,-1.09013,0
N=C1OCCC(N)=[N+]1[O-],129.11900000000003,4,2,0,1,5,85.16999999999999,-0.7910300000000001,0
CN1CC(=O)C(=O)O1,115.08799999999998,4,0,0,1,4,46.61,-1.0409000000000002,0
N=CN1CC(=O)NCN1,128.135,3,3,1,1,5,68.22,-1.5126299999999993,0
N=C1COC(=N)N=CO1,127.103,4,2,0,1,5,78.52,-0.026460000000000095,0
C#Cc1nn[nH]c1C=O,121.09899999999998,3,1,1,1,4,58.64,-0.40149999999999997,0
CC1CN(C#N)C(=N)O1,125.13099999999999,3,1,0,1,4,60.11,0.12295000000000006,1
N=C1N=NC(=O)CO1,113.076,3,1,0,1,5,74.87,-0.06983,0
N=c1oc[n+]([O-])c(=N)o1,129.075,5,2,0,1,6,100.92,-1.5350599999999999,0
N=C1OCNC(=O)C1=N,127.10299999999998,4,3,0,1,5,86.03,-0.9126600000000002,0
CC(N)OC1=NOC1=N,129.119,5,2,1,1,5,80.69,-0.3713299999999999,1
N=C1N=C(N)C(CN)=N1,125.13500000000002,3,3,1,1,5,100.61,-1.3083299999999998,0
N=C1N=CN=C1NC=O,124.10299999999998,3,2,1,1,5,77.67,-0.8499300000000003,0
N=C1CC(=NO)C(=O)O1,128.087,5,2,0,1,5,82.74,-0.25923,0
N#CC1COCN1C=N,125.131,3,1,1,1,4,60.11,-0.22464999999999996,1
N=C1N=CNC(=O)CO1,127.10299999999998,3,2,0,1,5,74.54,-0.9041300000000001,0
CC1=NC(=N)NC1=O,111.10399999999998,2,2,0,1,4,65.31,-0.4881300000000001,0
COc1conc1N,114.10400000000001,4,1,1,1,4,61.28,0.26539999999999997,0
N=CN1NCOCC1=N,128.135,4,3,1,1,5,72.20000000000002,-0.6349600000000002,0
N=C1OCC=NC1=NO,127.103,4,2,0,1,5,78.03,-0.1476300000000001,0
N=C1C(N)=NN=C1CO,126.11899999999999,5,3,1,1,5,94.82000000000001,-1.2747300000000004,0
N#CCc1noc(=N)o1,125.08699999999999,5,1,1,1,5,86.81,-0.18685000000000002,0
N=C1OCC(=O)C(=N)O1,128.087,5,2,0,1,5,83.23,-0.48566000000000015,0
Nc1cnc(C=O)n1O,127.10299999999998,5,2,1,1,5,81.14,-0.48490000000000005,0
CC(=O)n1cn[nH]c1=O,127.103,4,1,0,1,5,67.75,-0.7685,0
N=C1OCC(=O)OC1=N,128.087,5,2,0,1,5,83.22999999999999,-0.48566000000000015,0
Cn1cnc(N)nc1=N,125.135,5,2,0,1,5,80.58000000000001,-1.12323,0
N=C1NC(=O)N1CC=O,127.103,3,2,2,1,5,73.26,-0.85473,0
N=C1NC(=O)OCO1,116.076,4,2,0,1,5,71.41000000000001,-0.36493,0
NCc1cnoc(=O)n1,127.10299999999998,5,1,1,1,5,82.01,-1.1115000000000002,0
N=C(C=O)N1OC1C=O,128.087,4,1,2,1,5,73.53,-1.0652300000000001,1
COC1=CN=C(N)C1=N,125.131,4,2,1,1,4,71.46000000000001,-0.13522999999999985,0
CNC1=NNC(=O)C1=O,127.10299999999998,4,2,0,1,5,70.56,-1.7817999999999996,0
N=C1C=NC(=N)N1C=O,124.103,3,2,1,1,5,80.37,-0.5587600000000001,0
C#Cc1n[nH]nc1N,108.104,3,2,0,1,4,67.59,-0.6318000000000001,0
N=C1N=CC(N)=NC1=O,124.10300000000001,3,2,0,1,5,91.66,-1.0681300000000002,0
N=C1NC(=O)C(=N)O1,113.076,4,3,0,1,5,86.03000000000002,-0.9551600000000002,0
CC1C(=O)N1C(=N)O,114.10399999999998,2,2,0,1,4,64.16,-0.29013000000000005,1
NC=C1N=CN=C1N,110.12,4,2,0,1,4,76.75999999999999,-0.8144,0
NC1=CC(N)=NC1=O,111.10400000000001,3,2,0,1,4,81.47,-1.2736000000000003,0
NCC1=NC(=O)C(N)=N1,126.119,4,2,1,1,5,93.83,-1.7589999999999995,0
N#COCc1nocc1N,139.11399999999998,5,1,2,1,5,85.07,0.25448000000000004,0
N=C1COC(=N)OCO1,130.103,5,2,0,1,5,75.39,-0.08066000000000012,0
COC1=NC(=O)C(N)=N1,127.10300000000001,4,1,0,1,5,77.03999999999999,-1.1138000000000003,0
NC1=C(F)C(=O)N=C1,114.079,2,1,0,1,4,55.45,-0.26279999999999987,0
N=c1ocn[c-]1CCO,127.12299999999999,4,2,2,1,4,70.11,-0.59223,0
NC1=NC(C(N)C=O)=N1,126.11899999999999,5,2,2,1,5,93.83,-1.7606000000000004,1
COc1cnoc(=O)n1,128.087,5,0,1,1,5,65.22,-0.5616000000000001,0
COC1=NNC(=N)C1=O,127.10299999999998,4,2,0,1,5,74.53999999999999,-0.9041300000000003,0
O=C1N=C(CO)NC1=O,128.087,3,2,1,1,5,78.75999999999999,-1.9663999999999997,0
N=c1nc(CN)cno1,126.119,5,2,1,1,5,88.79,-0.99223,0
CC1=NC(C=O)=NC1=O,124.09899999999998,3,0,1,1,4,58.86,-0.4151,0
N=C1N=CC(C(N)=O)=N1,124.10300000000001,2,2,1,1,5,91.66000000000001,-1.06813,0
N=C1COCOC(=N)O1,130.103,5,2,0,1,5,75.39,-0.0806599999999999,0
CNC(=O)C1=NC(O)=N1,127.103,3,2,1,1,5,74.05,-0.9415,0
N=CN1C=CNC(=O)O1,127.10299999999998,3,2,1,1,5,65.42,0.021469999999999934,0
N=CN1NCOC1C=O,129.11899999999997,4,2,2,1,5,65.42000000000002,-1.0872300000000001,1
N=C(N)NC1=NC=N1,111.108,3,3,0,1,5,86.62,-1.1326299999999991,0
N=C1OC=NCC(=O)O1,128.087,5,1,0,1,5,71.74,-0.47713000000000005,0
N=CN1CC(=O)OC1=N,127.10299999999998,4,2,1,1,5,77.24000000000001,-0.61296,0
N=C1N=CN=C1C=O,109.08799999999998,3,1,1,1,4,65.64,-0.35453,0
N=C1OC=NC(N)C1C=O,141.13,5,2,1,1,5,88.53,-0.8779300000000001,2
O=C1N=C(CO)NC1=O,128.087,3,2,1,1,5,78.75999999999999,-1.9663999999999997,0
Nc1cnoc1CC=O,126.11499999999998,4,1,2,1,4,69.12,-0.0017999999999999683,0
CC(O)n1cnnc1N,128.135,5,2,1,1,5,76.96,-0.6289000000000002,1
N#CC(N)C1=NC=N1,108.104,4,1,1,1,4,74.53,-0.7223200000000001,1
CC1=NC(=N)N=C1O,111.10399999999998,1,2,0,1,4,68.8,0.3521700000000001,0
N#CC(=O)OC1=CN=N1,123.071,5,0,1,1,5,74.81,0.31787999999999994,0
N=CC(O)C1=NNC1=N,126.11900000000001,4,4,2,1,5,92.32,-1.0666600000000002,1
N=C1NC(C=O)NC(=O)O1,143.102,4,3,1,1,6,91.28000000000002,-1.22443,1
N=Cc1cn(O)c(N)n1,126.119,5,3,1,1,5,87.92,-0.2997300000000002,0
CN=c1ncoc(N)n1,126.119,5,1,0,1,5,77.3,-0.8177000000000003,0
NC1(C=O)COC(=O)N1,130.103,4,2,1,1,5,81.42000000000002,-1.4199,1
CC(=O)n1ncc(=N)o1,127.10299999999998,5,1,0,1,5,71.88,-0.38433,0
C#Cc1nnc(O)n1O,125.08699999999997,5,2,0,1,5,71.17,-0.7977000000000001,0
CC1=NC(N)=NC1=CO,125.13099999999999,4,2,0,1,4,70.97,0.17500000000000032,0
N=C1OCC(=O)C(N)O1,130.103,5,2,0,1,5,85.4,-1.1781300000000001,1
N#CC1=NC(=N)N=C1,106.088,2,1,0,1,4,72.36,-0.029849999999999988,0
N=C1OCNC(=O)CO1,130.10299999999998,4,2,0,1,5,71.41,-0.9583300000000003,0
CC(=O)n1cn[nH]c1=O,127.103,4,1,0,1,5,67.75,-0.7685,0
O=CN1CC(=O)NC1=O,128.087,3,1,1,1,5,66.48,-1.3054000000000001,0
CC1=NC(NC=O)=C1N,125.13099999999999,3,2,2,1,4,67.48,-0.6653,0
N=C1NCOCC(=O)N1,129.119,3,3,0,1,5,74.21,-1.3853300000000002,0
N=C1NCCOC(=O)C1=N,141.13,4,3,0,1,5,86.03,-0.8701600000000003,0
N=C1N=C(N)OC1=O,113.076,4,2,0,1,5,88.53,-1.16483,0
Nc1ocnc1C=O,112.08799999999998,4,1,1,1,4,69.12,0.06930000000000014,0
N=C1ON=C1C(N)=O,113.076,4,2,1,1,5,88.53,-1.1648300000000003,0
N=CN1C=NC1C=NO,126.11899999999997,4,2,2,1,5,72.04,-0.2765300000000001,1
COc1cnc(=N)[nH]n1,126.119,4,2,1,1,5,74.65,-0.7072300000000002,0
COC1=CC(=O)C(N)=N1,126.11500000000001,4,1,1,1,4,64.68,-0.5859000000000001,0
NC(=O)OC1=NC=C1,112.088,3,1,0,1,4,64.68,0.007500000000000173,0
COC1=NC(=N)N=C1O,127.103,2,2,0,1,5,78.03,-0.06383000000000005,0
CN=C1N=NC(N)=N1,111.108,3,1,0,1,5,75.46,-0.24729999999999996,0
N=C1N=CC(F)=NC1=O,127.078,2,1,0,1,5,65.64,-0.05732999999999994,0
O=CC1CNC1=NC(=O)O,142.114,2,2,1,1,5,78.76,-0.5187999999999997,1
N=CC1=NC=NC1=N,108.104,3,2,1,1,4,72.42,0.09614,0
N=C1OC=NC1C(=O)O,128.087,4,2,1,1,5,82.74,-0.5246300000000002,1
CC(=O)C1=NC(N)=N1,111.10400000000001,4,1,1,1,4,67.81,-0.6978,0
N=C1OC=NC(N)OC1=O,143.102,6,2,0,1,6,97.75999999999999,-1.1923300000000001,1
Cc1noc(=O)n1CN,129.119,5,1,1,1,5,74.05,-0.9390799999999999,0
CC(=O)C1=NC(=N)O1,112.088,3,1,1,1,4,62.510000000000005,-0.06112999999999996,0
NC(=O)C1=CC(=O)O1,113.07199999999997,3,1,1,1,4,69.39,-1.0876000000000001,0
N#CC(O)c1nc1=N,109.08800000000001,4,2,1,1,4,80.75999999999999,-1.00635,1
N=CC1=NC(=O)N=C1N,124.10300000000001,3,2,1,1,5,91.66,-0.43223000000000006,0
CC1(CO)N=NN=C1O,129.11900000000003,4,2,1,1,5,77.54,0.07469999999999999,1
N=C1CONC(=O)CO1,130.10299999999998,4,2,0,1,5,71.41,-0.9583300000000003,0
N=C1N=CN1C(N)=O,112.092,2,2,0,1,5,82.53999999999999,-0.6562299999999999,0
N=C1COC(=N)NCO1,129.119,4,3,0,1,5,78.19,-0.5076600000000002,0
N=C1NC(=N)C(C=O)O1,127.10299999999998,4,3,1,1,5,86.03000000000002,-0.9142600000000001,1
O=C1NCNC(=O)C1=O,128.087,3,2,0,1,5,75.27000000000001,-2.2410000000000005,0
N=CN1C(=O)NC1=O,113.07599999999998,3,2,1,1,5,73.26,-0.26133,0
CC1=NC(=N)OC1=O,112.08799999999998,3,1,0,1,4,62.51,-0.06112999999999996,0
N=C1C=NC(N)=C1C=O,123.115,4,2,1,1,4,79.30000000000001,-0.5402300000000002,0
COC1=NOC(=N)C1=N,127.103,5,2,0,1,5,78.52000000000001,-0.02646000000000004,0
N=Cc1cn(N)oc1=O,127.103,5,2,1,1,5,85.00999999999999,-0.8472299999999999,0
Nc1cnc(NC=O)o1,127.10299999999998,4,2,2,1,5,81.14999999999999,-0.17490000000000022,0
N=C1OCNC(=O)CO1,130.10299999999998,4,2,0,1,5,71.41,-0.9583300000000003,0
N=CN1CC(=O)OC1=N,127.10299999999998,4,2,1,1,5,77.24000000000001,-0.61296,0
Nc1[nH]cnc1C=O,111.10399999999998,3,2,1,1,4,71.77000000000001,-0.19559999999999994,0
NC1=CN=NC1=NC=O,124.103,3,1,1,1,5,80.16999999999999,-0.19280000000000003,0
Nc1ncc(F)nc1N,128.11,4,2,0,1,5,77.82,-0.2199000000000001,0
N=c1nc(CN)cno1,126.119,5,2,1,1,5,88.79,-0.99223,0
N=C1CON=COC1=O,128.087,5,1,0,1,5,71.74000000000001,-0.47713000000000005,0
Cc1nc(N)nn1C=O,126.119,5,1,1,1,5,73.8,-0.7929800000000002,0
N=CN1CC(=O)C(=O)N1,127.10299999999998,3,2,1,1,5,73.26,-1.4906300000000001,0
N=C1NC(C(=O)CO)O1,130.103,4,3,2,1,5,82.41000000000001,-1.5715300000000003,1
N=C(N)c1nc[nH]n1,111.108,3,3,1,1,5,91.44000000000001,-0.9112300000000002,0
NC1=NN=C1C(=O)CO,127.10299999999998,5,2,2,1,5,88.04,-1.7254,0
CC1=NC(=O)N=C1O,112.08799999999998,1,1,0,1,4,62.019999999999996,0.5374000000000001,0
CC1=NC(=N)N=C1N,110.12,2,2,0,1,4,74.59,-0.24712999999999996,0
N=C1NCC(=O)OCO1,130.103,4,2,0,1,5,71.41000000000001,-0.9583300000000001,0
N=C1N=COC(=O)CN1,127.103,3,2,0,1,5,74.53999999999999,-0.9041300000000001,0
N=C1OCC(=O)OC1=O,129.071,5,1,0,1,5,76.44999999999999,-0.9363300000000001,0
N=COC1=CC(=O)NC1O,142.11399999999998,4,3,2,1,5,82.41,-1.0578300000000003,1
N=C1NC(=O)COC1=N,127.103,4,3,0,1,5,86.03,-0.9126600000000002,0
CC1=NC(=O)NC1=N,111.10399999999998,2,2,0,1,4,65.31,0.14777000000000007,0
N=C1N=CC(CN)=N1,110.12000000000002,2,2,1,1,4,74.59,-0.5947300000000002,0
COC1=NN=C(O)C1=N,127.10299999999998,4,2,0,1,5,78.03,-0.06383000000000016,0
CC(N)C1=NN=C1C=N,124.14699999999999,4,2,2,1,4,74.59,-0.20622999999999986,1
N#CC(=O)c1ncn[nH]1,122.087,4,1,1,1,5,82.43,-0.48901999999999995,0
C#CC1=NC(O)=NC1=N,121.09899999999999,2,2,0,1,4,68.80000000000001,-0.03452999999999995,0
N=C1C=NC(CO)=C1O,126.11499999999998,4,3,1,1,4,76.67,-0.14752999999999994,0
COC1=NN=C1C=N,111.10399999999998,4,1,1,1,4,57.800000000000004,0.05046999999999996,0
N=C1N=CC(O)=C1N,111.104,3,3,0,1,4,82.46,-0.22362999999999988,0
N=CN=C1ON=C1CO,127.10299999999998,4,2,2,1,5,78.03,-0.6295300000000001,0
[O-][N+]1=CC(CO)=CC1=NO,142.114,4,2,1,1,5,78.89,-0.7125000000000004,0
N=C1N=C(CO)N=C1N,126.119,4,3,1,1,5,94.82,-1.2747300000000001,0
N=COC1=NC(=O)OC1,128.087,4,1,1,1,5,71.74,0.15877000000000002,0
NCC1=NC(=O)C(=O)N1,127.10299999999998,3,2,1,1,5,84.55,-2.0,0
N=CN1CC(=O)C(=O)O1,128.087,4,1,1,1,5,70.46000000000001,-1.06363,0
CNC(=O)C1=NC(N)=N1,126.11900000000001,4,2,1,1,5,79.84,-1.540799999999999,0
CC(=O)N1N=CC1=N,111.10399999999998,3,1,0,1,4,56.52,-0.18842999999999993,0
CC1NC(=N)OC(=O)O1,130.10299999999998,4,2,0,1,5,71.41,0.023570000000000202,1
O=CC(O)c1cn[nH]n1,127.10300000000001,4,2,2,1,5,78.86999999999999,-0.9630000000000003,1
N=COC(=O)C1=NO1,114.05999999999999,5,1,2,1,5,75.03999999999999,-0.51963,0
NC1=CC(=O)C(=O)O1,113.07199999999999,4,1,0,1,4,69.39,-1.0876000000000001,0
N=C1CNC(=O)CN=CN1,140.146,3,3,0,1,5,77.34,-1.2886300000000002,0
N=C1N=C(CO)OC1=N,127.10299999999998,4,3,1,1,5,89.52000000000001,-0.6380600000000003,0
N=C1OC(=N)C(=O)O1,114.05999999999999,5,2,0,1,5,83.23,-0.5281600000000002,0
N=CN1OCCOC1=O,130.103,4,1,1,1,5,62.62000000000001,-0.022729999999999917,0
C#CC1=NN=NC1=N,106.088,3,1,0,1,4,60.93,0.41867000000000004,0
N=COC1=NCOC1=N,127.103,5,2,1,1,5,78.52000000000001,-0.026460000000000095,0
N=CN1C=NCOC1=O,127.10299999999998,4,1,1,1,5,65.75,0.03146999999999994,0
Nc1coc(=O)n1CO,130.103,5,2,1,1,5,81.39,-1.0267000000000002,0
NC1=NC=C1C(N)C=O,125.13099999999999,4,2,2,1,4,81.47,-1.2326999999999997,1
COC1=NC(=N)C(=N)O1,127.103,4,2,0,1,5,78.52,-0.02646000000000004,0
N=C1NCC(=O)N=CO1,127.103,3,2,0,1,5,74.54,-0.9041300000000001,0
NC(=O)C1=NC(N)=N1,112.09200000000001,4,2,1,1,5,93.83,-1.8014999999999999,0
CNCc1c[nH]nnc1=N,139.162,4,3,2,1,5,77.45,-0.9964299999999999,0
CC(=O)NC1=CN=[N+]1[O-],127.103,3,1,1,1,5,67.53,-0.10249999999999998,0
N=C1NC(=O)C(C=O)O1,128.087,4,2,1,1,5,79.25000000000001,-1.3649300000000002,1
O=Cc1nc(CO)n[nH]1,127.103,4,2,2,1,5,78.87,-0.8905000000000003,0
N=CN1C(=N)OCC1=O,127.10299999999998,4,2,1,1,5,77.24000000000001,-0.6129600000000002,0
CN=C1NC(=O)OC1=N,127.10299999999998,4,2,0,1,5,74.53999999999999,-0.2682300000000001,0
N=CN1C=NCC(=O)O1,127.10299999999998,4,1,1,1,5,65.75,-0.6044300000000002,0
COc1n[nH]ncc1=O,127.10299999999998,4,1,1,1,5,67.87,-0.8265,0
CCC1=NC(=O)N=C1N,125.131,2,1,1,1,4,67.81,0.32820000000000016,0
N=COc1coc(=N)[nH]1,127.10299999999998,4,3,2,1,5,85.85999999999999,0.07303999999999988,0
COc1nc(C=O)oc1O,143.09799999999998,5,1,2,1,5,72.56,0.20129999999999987,0
N=C1COCNC(=N)O1,129.119,4,3,0,1,5,78.19000000000001,-0.5076600000000004,0
N=Nc1ncc(C=O)o1,125.08699999999997,5,1,2,1,5,79.31,1.14957,0
CNC1=C(O)C(=O)N=N1,127.103,4,2,1,1,5,74.05,-0.07470000000000021,0
NC1=C(C=O)C(O)=N1,112.088,3,2,1,1,4,75.68,-0.6743000000000001,0
CC1OC(=O)C(=O)OC1=N,143.09799999999998,5,1,0,1,5,76.45000000000002,-0.5478300000000003,1
N=C1N=CN(N)C1=N,111.108,3,3,0,1,5,89.32,-0.8414600000000003,0
N=C1NCOC(N)=CO1,129.119,4,3,0,1,5,80.36,-0.72733,0
N=CN1COC(=O)OC1=N,143.102,5,2,1,1,6,86.47,-0.04546,0
O=CC1NCOC(=O)CN1,144.13,5,2,1,1,5,67.42999999999999,-1.7950999999999988,1
CNC1=NC(=O)C(=N)N1,126.11899999999999,3,3,0,1,5,77.34,-1.3311300000000001,0
CNc1coc(=O)n1N,129.119,5,2,1,1,5,73.19,-0.8032000000000001,0
O=CC1=C(C(=O)O)O1,114.05599999999997,3,1,2,1,4,66.9,-0.4883000000000001,0
N=C1NC(=O)OC1=NO,129.07500000000002,5,3,0,1,6,94.77000000000001,-0.5088300000000001,0
COC1C(=N)N=NC1=O,127.10300000000001,3,1,1,1,5,74.87,-0.028930000000000067,1
Cc1nnc(CO)nc1N,140.146,5,2,1,1,5,84.92,-0.7454800000000001,0
NC(C=O)c1nc1=O,112.088,4,1,2,1,4,73.05000000000001,-1.4839000000000002,1
N=C1N=C(N)N=C1C=O,124.103,4,2,1,1,5,91.66,-1.06813,0
N=C1N=CC=NC1=O,109.088,2,1,0,1,4,65.64,-0.35453,0
N=C1NC(=N)C(=N)O1,112.092,4,4,0,1,5,92.81000000000002,-0.5044900000000001,0
CC1(N)NC(=O)C(=O)O1,130.10299999999998,4,2,0,1,5,81.42,-1.7081999999999997,1
NC1=NC(=O)C(O)=N1,113.07599999999998,3,2,0,1,5,88.03999999999999,-1.2022000000000002,0
N=C1N=C(O)N=C1C=O,125.08699999999997,3,2,1,1,5,85.87,-0.4688300000000001,0
COC1=NC(=O)C(=O)N1,128.087,3,1,0,1,5,67.75999999999999,-1.3548000000000002,0
N=CC1N=C(N)OCO1,129.119,5,2,1,1,5,80.69000000000001,-0.7189300000000001,1
NC1=CC(=O)C(=O)N1,112.088,3,2,0,1,4,72.19,-1.5146,0
NC(=O)c1nc(O)no1,129.075,5,2,1,1,6,102.24000000000001,-1.1259000000000003,0
N=C1OC(=O)NCC1=O,128.087,4,2,0,1,5,79.25,-0.7274300000000002,0
CN=c1[nH]c(=N)cno1,126.11899999999999,4,2,0,1,5,78.03,-0.9873300000000003,0
N=C1OCC(=N)C(=O)O1,128.087,5,2,0,1,5,83.23,-0.48566000000000015,0
N=C1N=C(C=O)N=C1O,125.08699999999997,3,2,1,1,5,85.87,-0.4688299999999999,0
N=C1COC(=N)C(=O)N1,127.103,4,3,0,1,5,86.03,-0.9126600000000002,0
N=CN1C(=O)CNC1=O,127.10299999999998,3,2,1,1,5,73.26,-0.85473,0
N=C1NC(N)=C1C=O,111.104,3,3,1,1,4,78.97,-1.0639299999999998,0
Nc1cnc(N)n1C=O,126.119,5,2,1,1,5,86.92999999999998,-0.9142000000000001,0
Nc1cnn(N)c(=O)c1,126.119,5,2,0,1,5,86.93,-1.4607000000000003,0
N=c1nncc(CO)o1,127.10299999999998,5,2,1,1,5,83.0,-0.9586300000000003,0
COC(=O)c1nc1=O,113.072,4,0,1,1,4,56.26,-0.8959999999999999,0
CCN=C1C=NC(N)=N1,124.147,3,1,1,1,4,63.099999999999994,-0.19609999999999983,0
N=CN=C1NCC(=O)O1,127.10299999999998,3,2,1,1,5,74.54,-0.9041300000000001,0
N=COC1=NOC1=N,113.076,5,2,1,1,5,78.52000000000001,-0.06896000000000002,0
N=C1C=C(N)C(=N)O1,111.104,4,3,0,1,4,82.95,-0.18625999999999998,0
COc1nc(C#N)n[nH]1,124.10300000000001,4,1,1,1,5,74.59,-0.31502000000000024,0
N=C1N=C(N)N=C1O,112.092,3,3,0,1,5,94.82000000000001,-0.7515299999999998,0
Cc1noc(=O)n1CO,130.103,5,1,1,1,5,68.26,-0.9054800000000001,0
OCc1cnoc1O,115.08799999999998,4,2,1,1,4,66.49000000000001,-0.12750000000000006,0
CNc1nc(C=O)c(N)o1,141.13,5,2,2,1,5,81.15,0.11100000000000015,0
N=C1OCC(=O)C(=N)O1,128.087,5,2,0,1,5,83.23,-0.48566000000000015,0
N=CN1CC(=O)NC1=N,126.11899999999999,3,3,1,1,5,80.04,-1.03996,0
CC(O)C1=NN=C1N,113.12000000000002,4,2,1,1,4,70.97,-0.9060000000000001,1
N=C1OC=CNC(=O)O1,128.087,4,2,0,1,5,71.41,0.14876999999999996,0
COC(=O)c1nnc[nH]1,127.10300000000001,4,1,1,1,5,67.87,-0.4087,0
CC1=NC(=N)C(N)=N1,110.12,3,2,0,1,4,74.59,-0.24712999999999996,0
NC1=NC(=O)C(C=O)=N1,125.08699999999997,4,1,1,1,5,84.88,-1.5188,0
CC1=NC(=N)N=C1N,110.12,2,2,0,1,4,74.59,-0.24712999999999996,0
CN=C1OC(=O)NC1=O,128.087,4,1,0,1,5,67.75999999999999,-0.7189000000000001,0
COC1=NOC(=O)C1=N,128.087,5,1,0,1,5,71.74000000000001,-0.47713,0
CC(=O)C1=NC(O)=N1,112.088,3,1,1,1,4,62.019999999999996,-0.09849999999999998,0
CN=c1ncoc(N)n1,126.119,5,1,0,1,5,77.3,-0.8177000000000003,0
N=C1OC(=O)C(C=O)O1,129.07099999999997,5,1,1,1,5,76.45,-0.9379300000000002,1
CNc1noc(=O)n1C=N,142.118,6,2,2,1,6,83.91,-0.66683,0
CC1=NC(=O)N1CO,114.10399999999998,2,1,1,1,4,52.900000000000006,-0.20979999999999993,0
COC1=NC(=N)N=C1N,126.11900000000001,3,2,0,1,5,83.82,-0.66313,0
CC(N)C1=NN=NC1=N,125.135,4,2,1,1,5,86.94999999999999,0.13267000000000023,1
COC1=C(C)N=NC1=N,125.131,3,1,1,1,4,57.800000000000004,1.30737,0
N#CC1NCOC(=N)N1,126.119,4,3,0,1,5,80.93,-1.0622500000000004,1
N#CCc1n[nH]c(N)n1,123.11900000000001,4,2,1,1,5,91.38,-0.5470200000000003,0
N=C1N=C(N)C(=O)N1,112.092,3,3,0,1,5,91.33000000000001,-1.5918299999999999,0
COc1cnoc(=N)n1,127.103,5,1,1,1,5,72.0,-0.44233000000000006,0
NC1=C(C=O)C(=O)N=N1,125.087,4,1,1,1,5,84.88000000000001,-0.6520000000000001,0
O=CN1CCNC(=O)O1,130.103,3,1,1,1,5,58.64,-0.9003999999999999,0
CC1=NC(=O)N=C1N,111.104,2,1,0,1,4,67.81,-0.061899999999999844,0
N=C1NC(O)C(=N)CO1,129.119,4,4,0,1,5,89.19000000000001,-1.1208600000000002,1
N=C1C=NNC1=C=O,109.08799999999998,4,2,0,1,4,65.31,-0.68933,0
N#CC(N)C1=NC(N)=N1,123.11900000000001,5,2,1,1,5,100.55,-1.4359199999999994,1
CN=C(O)c1ncon1,127.103,4,1,1,1,5,71.51,0.00400000000000017,0
NC(=O)C1=NC(N)=N1,112.09200000000001,4,2,1,1,5,93.83,-1.8014999999999999,0
N=CN1CC(=O)NC1=O,127.10299999999998,3,2,1,1,5,73.26,-0.85473,0
N#Cc1n[nH]cnc1=N,121.10299999999998,4,2,0,1,5,89.21000000000001,-0.8441500000000002,0
Cn1nc(C=O)c(=N)o1,127.10299999999998,5,1,1,1,5,71.88,-0.69493,0
O=CC1=NC(O)=NC1=O,126.07099999999998,3,1,1,1,5,79.09,-0.9195,0
Cn1cnnc1NC=O,126.11899999999999,4,1,2,1,5,59.81,-0.6166000000000005,0
N=C1C=C(C=O)C(=O)O1,125.08299999999997,4,1,1,1,4,67.22,-0.35423000000000004,0
N=C1OCOC(=O)C1=N,128.087,5,2,0,1,5,83.23,-0.48566000000000015,0
O=C1COC(=O)N=N1,114.06,3,0,0,1,5,68.09,0.11540000000000009,0
NC(=O)C1=CC(N)=N1,111.104,3,2,1,1,4,81.47,-1.2735999999999998,0
N=CC1NC(=N)OC1=O,127.103,4,3,1,1,5,86.03,-0.9142600000000003,1
N#CCNC1=C(C=N)O1,123.11499999999998,4,2,3,1,4,72.2,-0.051549999999999985,0
N=C1CN=COC(=O)O1,128.087,5,1,0,1,5,71.74,0.15876999999999997,0
N=CN1N=C(N)C1CO,128.135,4,3,2,1,5,85.7,-1.45783,1
N=C1COCNC(=N)O1,129.119,4,3,0,1,5,78.19000000000001,-0.5076600000000004,0
N=C1N=CC(CN)=[N+]1[O-],126.11900000000001,3,2,1,1,5,88.30000000000001,-1.08443,0
N=C1NC(=N)C(=O)O1,113.076,4,3,0,1,5,86.03000000000002,-0.95516,0
CC(=O)n1cnc(N)n1,126.11900000000001,5,1,0,1,5,73.8,-0.47959999999999997,0
N=C1N=CC(N)=NC1=O,124.10300000000001,3,2,0,1,5,91.66,-1.0681300000000002,0
N=CC1=NN=NC1=N,109.092,4,2,1,1,5,84.78,0.43504000000000004,0
O=CC(O)c1cnn[nH]1,127.10300000000001,4,2,2,1,5,78.87,-0.9630000000000003,1
Cn1ncnc1NC=O,126.11899999999999,4,1,2,1,5,59.81,-0.6166,0
CC1C(=N)OC(=O)C1O,129.11499999999998,4,2,0,1,4,70.38,-0.48253000000000024,2
NC1=C(F)C(=O)N=C1,114.079,2,1,0,1,4,55.45,-0.26279999999999987,0
NC1=NC(=O)C(O)=N1,113.07599999999998,3,2,0,1,5,88.03999999999999,-1.2022000000000002,0
CNC1=NC(=O)N=C1F,129.094,2,1,0,1,5,53.82,0.10590000000000005,0
N=Cc1ncnc(N)n1,123.11900000000001,5,2,1,1,5,88.54,-0.5485300000000002,0
COC1=NOC1=NC=O,128.087,4,0,1,1,5,60.25,-0.4686000000000001,0
CN=c1oc(=N)c1=O,112.088,4,1,0,1,4,66.42,-1.47463,0
CN=c1[nH]c(=O)cno1,127.10299999999998,4,1,0,1,5,71.25,-1.1066000000000003,0
N=C1N=CC(=O)N1N,112.09200000000001,3,2,0,1,5,82.54,-1.29213,0
N=C1OC(=O)C(=O)O1,115.04399999999998,5,1,0,1,5,76.45,-0.9788300000000001,0
N=CN1OC(=N)C1CO,129.119,4,3,2,1,5,80.4,-0.8211600000000003,1
NC1=NCC(=O)C(=O)O1,128.087,5,1,0,1,5,81.75,-1.573,0
N=C1N=C(CO)N=C1N,126.119,4,3,1,1,5,94.82,-1.2747300000000001,0
N#CNC1N=NCC1=O,124.103,5,1,1,1,5,77.61,-0.5819200000000002,1
C#CC(O)c1nnno1,125.08700000000002,5,1,1,1,5,72.04,-0.8688000000000002,1
N=CN1C=NC(=O)OC1,127.10299999999998,3,1,1,1,5,65.75,0.031470000000000053,0
N=c1cc(N)on1C=O,127.103,5,2,1,1,5,85.00999999999999,-0.8189300000000002,0
CN=C1NC(=O)N=C1O,127.10299999999998,2,2,0,1,5,74.05,-0.3055999999999999,0
CC(=O)C1=NN=C1N,111.10400000000001,4,1,1,1,4,67.81,-0.6978,0
N=CN1C=NC(O)C1=O,127.10299999999997,4,2,1,1,5,76.75,-1.2176300000000002,1
N=C1OCC(=N)C(=N)O1,127.103,5,3,0,1,5,90.01,-0.034989999999999966,0
N=C1CN=NC(=O)N1,112.09199999999998,3,2,0,1,5,77.67,0.13907000000000003,0
O=COC1N=CN1C=O,128.087,4,0,3,1,5,58.97,-1.0567,1
O=NC1C=NCNC1=O,127.103,4,1,1,1,5,70.89,-0.7205000000000001,1
N=C1N=COCN=CO1,127.103,4,1,0,1,5,67.03,-0.01793,0
N=C1OC(=O)C=C1C=O,125.08299999999997,4,1,1,1,4,67.22,-0.35423000000000004,0
NC1=C(CO)C(=O)N=N1,127.103,4,2,1,1,5,88.04,-0.8586000000000003,0
N=C(O)c1nc(C=O)n[nH]1,140.102,4,3,2,1,6,102.72,-0.49943,0
CC1(C(=N)OCO)C=N1,128.13099999999997,4,2,2,1,4,65.67,-0.22682999999999998,1
N=C1NC(=O)C(=O)CO1,128.087,4,2,0,1,5,79.25000000000001,-1.36333,0
O=CC1N=CN(C=O)O1,128.087,4,0,2,1,5,58.97,-1.0567,1
Nc1ncnc(=O)cn1,124.10299999999998,5,1,0,1,5,81.76,-1.1860000000000002,0
N=C1NCC(=O)C(=O)O1,128.087,4,2,0,1,5,79.25000000000001,-1.36333,0
N=C1NCOC(=O)CN1,129.119,3,3,0,1,5,74.21,-1.3853300000000002,0
O=C1N=CC([N+](=O)[O-])=N1,127.059,3,0,0,1,6,84.92999999999999,-0.134,0
N=C1CNC(=O)C(=N)O1,127.10299999999998,4,3,0,1,5,86.03000000000002,-0.9126600000000002,0
CNC#CC1=NC(N)=N1,122.13100000000001,4,2,0,1,4,62.769999999999996,-1.1064999999999998,0
N=c1[nH]ncnc1C=O,124.10299999999998,4,2,1,1,5,82.49000000000001,-0.9033300000000004,0
N=NC1C=NCOC(=O)O1,143.102,6,1,1,1,6,84.10000000000001,0.53857,1
N=c1nc[nH]c(=O)[nH]1,112.09199999999998,3,3,0,1,5,85.38999999999999,-1.4225299999999999,0
CC1=NC(=O)OC1=O,113.07199999999997,3,0,0,1,4,55.73,0.12410000000000004,0
N=C1OCN1C(N)=O,115.092,3,2,0,1,5,79.41,-0.7104299999999999,0
N=CN1NC(=N)C1CO,128.135,3,4,2,1,5,83.2,-1.2481600000000004,1
COC(=N)C1=NC(N)=N1,126.11900000000001,5,2,1,1,5,83.82,-0.6631300000000002,0
CN=C1N=CC(N)=C1O,125.13099999999999,3,2,0,1,4,70.97,-0.1726000000000001,0
COc1noc(CCN)n1,143.14600000000002,5,1,3,1,5,74.17,-0.42060000000000003,0
NC(=O)c1ncn[nH]1,112.092,3,2,1,1,5,84.66,-1.0964000000000005,0
N=C1C(N)=NN=C1C=O,124.10299999999998,5,2,1,1,5,91.66,-1.0681300000000002,0
COC1=NC(=N)OC1=O,128.087,4,1,0,1,5,71.74000000000001,-0.47713,0
CNC(=O)c1nc[nH]n1,126.119,3,2,1,1,5,70.67,-0.8357000000000003,0
N=C1C=C(N)C(N)=N1,110.12000000000002,3,3,0,1,4,88.25,-0.8229299999999997,0
CN=C1NC(N)C(=N)O1,128.135,4,3,0,1,5,83.49,-1.1459300000000001,1
COC1OC(=N)CC1=NO,144.13000000000002,5,2,1,1,5,74.9,0.18667,1
N#CC(N)C1=NC=[N+]1[O-],124.103,4,1,1,1,5,88.24000000000001,-1.2120199999999999,1
N=C1NC(=N)N1C=O,112.092,3,3,1,1,5,80.04,-1.08246,0
N=C1NC=NCC(=O)O1,127.103,4,2,0,1,5,74.54,-0.9041300000000001,0
COC(=O)c1cnno1,128.08700000000002,5,0,1,1,5,65.22,-0.14380000000000015,0
CC1=NC(=N)NC1=O,111.10399999999998,2,2,0,1,4,65.31,-0.4881300000000001,0
N=CN1CC(=O)OC1=N,127.10299999999998,4,2,1,1,5,77.24000000000001,-0.61296,0
N=C1COC(=N)OCN1,129.119,4,3,0,1,5,78.19,-0.5076600000000002,0
CC(=O)c1nc(N)n[nH]1,126.11900000000001,4,2,1,1,5,84.66,-0.41050000000000025,0
N=C1N=C(CO)OC1=N,127.10299999999998,4,3,1,1,5,89.52000000000001,-0.6380600000000003,0
N=CN1C=C(O)C1=NO,127.10299999999998,4,3,1,1,5,79.91000000000001,0.09617000000000009,0
N=C1N=C(N)NC1=O,112.092,3,3,0,1,5,91.33000000000001,-1.5918300000000003,0
Nc1ncc(C=O)oc1=O,140.09799999999998,5,1,1,1,5,86.19,-0.5705,0
N=Cn1cc(N)nc1N,125.13500000000002,5,3,1,1,5,93.71,-0.49733,0
N=C1COC(=N)OCN1,129.119,4,3,0,1,5,78.19,-0.5076600000000002,0
NC1=CC(=O)N=C1N,111.10400000000001,3,2,0,1,4,81.47,-1.2736000000000003,0
N=C1NC(C=O)C1N,113.12,3,3,1,1,4,78.97,-1.5383299999999995,2
COC1=NC(=N)C(O)=N1,127.103,3,2,0,1,5,78.03,-0.06383000000000005,0
N=Cn1cnc(N)[n+]1[O-],127.107,5,2,1,1,6,94.63,-1.4461299999999997,0
N=C1N=C(O)N1C=O,113.07599999999998,2,2,1,1,5,76.75,-0.6928300000000001,0
N=CN1COCOC1=N,129.119,4,2,1,1,5,69.4,-0.2079600000000001,0
N=C1N=C(N)N=C1C=O,124.103,4,2,1,1,5,91.66,-1.06813,0
N=C1N=C(O)N=C1C=O,125.08699999999997,3,2,1,1,5,85.87,-0.4688300000000001,0
NC1=NC(NC=O)=C1O,127.10299999999997,4,3,2,1,5,87.71,-1.1697,0
CN1C(=N)NC(CO)C1=O,143.146,3,3,1,1,5,76.42000000000002,-1.6563299999999999,1
O=C1OC=NCC1=NO,128.087,5,1,0,1,5,71.25,-0.5983000000000003,0
N#CCC1=NN=C1N,108.10400000000001,4,1,1,1,4,74.53,-0.37311999999999984,0
COC1=NC(N)=NC1=O,127.10300000000001,4,1,0,1,5,77.03999999999999,-1.1138000000000001,0
N=c1[nH]c(=O)occ1O,128.087,4,3,0,1,5,90.08,-0.8470300000000002,0
N=C1N=C(O)C(CO)=N1,127.10299999999998,2,3,1,1,5,89.03,-0.6754300000000002,0
CN=C1C=NN=C1N,110.12,4,1,0,1,4,63.099999999999994,-0.5862,0
CC1(C(N)=O)OC1=N,114.10399999999998,3,2,1,1,4,79.47,-0.7621300000000002,1
Cc1nc(N)nn1C=N,125.135,5,2,1,1,5,80.58,-0.3761100000000001,0
N=C1COCOC(=N)O1,130.103,5,2,0,1,5,75.39,-0.0806599999999999,0
N=C1N=CN=C1CO,111.10399999999998,3,2,1,1,4,68.8,-0.5611300000000001,0
N=C1NC(=N)C(=O)CO1,127.103,4,3,0,1,5,86.03000000000002,-0.91266,0
NC1=CC(=O)C(C=O)=N1,124.09899999999999,4,1,1,1,4,72.52000000000001,-0.9909000000000001,0
Cn1nc(CO)c(=N)o1,129.119,5,2,1,1,5,75.03999999999999,-1.01513,0
CC1=NC(=N)C(=O)O1,112.08799999999998,3,1,0,1,4,62.510000000000005,-0.06113000000000007,0
COC1=NN=C(N)C1=N,126.119,5,2,0,1,5,83.82,-0.66313,0
N=C1OCC(=O)OC1=N,128.087,5,2,0,1,5,83.22999999999999,-0.48566000000000015,0
NC1OC(=O)OCC1=O,131.087,5,1,0,1,5,78.62,-0.9929000000000001,1
CN=C1NC(=O)OC1=N,127.10299999999998,4,2,0,1,5,74.53999999999999,-0.2682300000000001,0
NC(=O)Nc1cnoc1,127.10299999999998,3,2,1,1,5,81.15,0.16520000000000035,0
N=COC1=NN=CC1=N,124.103,5,2,1,1,5,81.65,0.027739999999999987,0
CN=C1NN=C(C=O)C1=N,138.13,4,2,1,1,5,77.67,-0.8074300000000001,0
N=C1CNNN1C=O,114.10799999999999,4,3,1,1,5,68.22,-1.5551300000000003,0
CC1(O)COC(=N)CO1,131.131,4,2,0,1,4,62.540000000000006,-0.2810300000000001,1
N=c1[nH]nc(C=O)n1CO,142.118,5,3,2,1,6,94.76,-1.5470300000000001,0
NC1=CC(=O)N=C1O,112.088,2,2,0,1,4,75.68,-0.6742999999999999,0
CNC1=NC(=O)N=C1N,126.119,3,2,0,1,5,79.84,-0.9049,0
NC1=NC(F)=NC1=O,115.067,3,1,0,1,5,67.81,-0.7907000000000002,0
CC(=N)OC1=NNC1=N,126.119,4,3,0,1,5,81.32,-0.10585999999999995,0
N=CN1C=CNC(=O)N1,126.11899999999999,2,3,1,1,5,68.22,-0.4055300000000001,0
CNc1nc(C=O)n[nH]1,126.11899999999999,4,2,2,1,5,70.67,-0.3411000000000001,0
N#CCC(N)n1cno1,126.119,5,1,2,1,5,80.77,-0.15291999999999983,1
N=C1OCN=NC(C=O)O1,143.10199999999998,6,1,1,1,6,84.10000000000001,-0.09733000000000014,1
COc1nc(C=O)n[nH]1,127.103,4,1,2,1,5,67.87,-0.37420000000000025,0
Nn1nc(F)ncc1=O,130.082,5,1,0,1,6,73.80000000000001,-1.5088000000000001,0
N=C(CO)N1CC(=O)O1,130.103,4,2,1,1,5,73.62,-1.2702300000000002,0
Nc1ncnc(C=O)n1,124.10299999999998,5,1,1,1,5,81.76,-0.7337,0
Nc1nc(=O)c(O)co1,128.08699999999996,5,2,0,1,5,89.35,-0.6774000000000002,0
N=C1N=C(CN)OC1=O,127.103,4,2,1,1,5,88.53,-1.1223299999999998,0
N=C1NC(=O)COC1=N,127.103,4,3,0,1,5,86.03,-0.9126600000000002,0
Nc1nc(C=O)[nH][n+]1[O-],128.09099999999998,4,2,1,1,6,98.71,-1.5622,0
N=C1C=C(O)C(=O)N=N1,125.08699999999999,3,2,0,1,5,85.86999999999999,0.39796999999999993,0
N=CC1NC(=N)NCO1,128.13500000000002,3,4,1,1,5,80.99000000000001,-0.9362600000000003,1
CC1=NC(N)=NC1=O,111.104,3,1,0,1,4,67.81,-0.6978,0
NC(=O)c1cnc(N)o1,127.103,4,2,1,1,5,95.14,-0.6443000000000001,0
N=C1N=NC=C1C(N)=O,124.103,3,2,1,1,5,91.66,-0.2013299999999999,0
Nc1n[nH]c(=O)nc1CO,142.118,5,3,1,1,6,104.89,-1.7606000000000002,0
COC1=NC(=N)C(N)=N1,126.11900000000001,4,2,0,1,5,83.82,-0.6631300000000002,0
COC1=C(N)C(=N)O1,114.104,4,2,1,1,4,68.33,-0.23192999999999986,0
O=CN1CCNC(=O)CN1,143.14600000000002,3,2,1,1,5,61.440000000000005,-1.920799999999999,0
N=C1N=CNCC1=O,111.10399999999998,3,2,0,1,4,65.31,-0.8357300000000001,0
N=c1cn[nH]c(C=O)n1,124.10299999999998,4,2,1,1,5,82.49,-0.9033300000000004,0
COC1=NCC(=N)OCO1,144.13,5,1,0,1,5,63.900000000000006,-0.02962999999999999,0
N=C1OCC(=O)NC1=O,128.087,4,2,0,1,5,79.25,-1.36333,0
N=CN1C=NC(=O)OC1,127.10299999999998,3,1,1,1,5,65.75,0.031470000000000053,0
Cn1cnc(=N)nc1N,125.135,5,2,0,1,5,80.58,-1.12323,0
NC1=NC(O)=C(N)C1=O,127.10299999999998,5,3,0,1,5,101.69999999999999,-1.3878999999999997,0
N#CCC1=NC(N)=N1,108.10400000000001,4,1,1,1,4,74.53,-0.37311999999999984,0
N=c1[nH]c(=N)oc(=O)[nH]1,128.091,4,4,0,1,6,109.48999999999998,-1.7450600000000005,0
CN1CNC(=O)C(=O)CN1,143.146,4,2,0,1,5,61.440000000000005,-1.920799999999999,0
COC1=C(N)C(=N)N=N1,126.11900000000001,4,2,1,1,5,83.82000000000001,0.20367000000000018,0
N#CCc1onnc1N,124.10300000000001,5,1,1,1,5,88.73,-0.28212000000000004,0
CNC1=NC(=N)C(=O)O1,127.10299999999998,4,2,0,1,5,74.54,-0.9041300000000003,0
NC1=C(N)C(=O)N=C1,111.10399999999998,3,2,0,1,4,81.47,-1.2736000000000003,0
CN=c1nc[nH]c(N)n1,125.135,4,2,0,1,5,79.95,-1.0826,0
COc1conc1[O-],114.08,4,0,1,1,4,58.32000000000001,-0.2432000000000002,0
C#CC1N=NN=C1N,108.10400000000001,4,1,0,1,4,63.099999999999994,-0.27379999999999993,1
N=C1N=COC(=N)CN1,126.119,3,3,0,1,5,81.32,-0.45346000000000014,0
N=c1cnc(C=O)n[nH]1,124.103,4,2,1,1,5,82.49000000000001,-0.9033300000000002,0
N#Cc1cnc(F)n1N,126.09400000000001,4,1,0,1,5,67.63,-0.39231999999999995,0
CN=C1N=C(N)C=[N+]1[O-],126.119,3,1,0,1,5,76.80999999999999,-1.0758999999999999,0
N=c1nc(CO)cn[nH]1,126.11899999999999,4,3,1,1,5,85.65,-1.2235300000000002,0
Nc1coc(=O)c(=O)[nH]1,128.087,4,2,0,1,5,89.09,-1.0897000000000001,0
N=c1[nH]c(=O)[nH]c(=N)o1,128.091,4,4,0,1,6,109.49,-1.7450599999999996,0
NC1=C(N)C(=O)C=N1,111.10399999999998,4,2,0,1,4,81.47,-1.2736000000000003,0
N=C1CNC(=O)OCO1,130.10299999999998,4,2,0,1,5,71.41000000000001,-0.3224300000000002,0
Cc1nc(N)nn1C=N,125.135,5,2,1,1,5,80.58,-0.3761100000000001,0
N=C1OC(=N)N1CO,115.092,4,3,1,1,5,80.4,-0.86206,0
COc1cc(=N)nn[nH]1,126.11900000000001,4,2,1,1,5,74.65,-0.7072300000000002,0
CC1=NC(=N)OC1=O,112.08799999999998,3,1,0,1,4,62.51,-0.06112999999999996,0
CC(=O)C1=NOC1=O,113.07199999999999,4,0,1,1,4,55.73,-0.5118,0
N=Cn1oc(=N)[nH]c1=O,128.091,5,3,1,1,6,98.63,-1.2959600000000002,0
COC1NC(O)NC1=O,132.119,4,3,1,1,5,70.59,-2.0457999999999994,2
N=C1CC(N)OC(=O)CO1,144.12999999999997,5,2,0,1,5,85.40000000000002,-0.7880300000000002,1
CC(=O)C1=NC(=N)O1,112.088,3,1,1,1,4,62.510000000000005,-0.06112999999999996,0
CNc1nc(=N)on1C=O,142.118,6,2,2,1,6,83.91,-0.9644300000000003,0
CN=C1N=NC(C=N)=N1,123.11899999999999,3,1,1,1,5,73.28999999999999,0.48607000000000006,0
NC1=NC(C=O)=NC1=O,125.08699999999997,4,1,1,1,5,84.88,-1.5188,0
N=C1NC=NC=C(O)O1,127.10299999999998,4,3,0,1,5,77.7,-0.0738299999999999,0
O=Cc1nn[nH]c1C=O,125.08699999999997,4,1,2,1,5,75.71000000000001,-0.5703000000000003,0
N=c1nc(C=O)nc(N)[nH]1,139.118,5,3,1,1,6,108.50999999999999,-1.3211300000000004,0
C#CC1(O)N=NN=C1O,125.087,4,2,0,1,5,77.54,-0.3545000000000001,1
CC(=O)OC1=NC(N)=N1,127.10300000000002,5,1,0,1,5,77.03999999999999,-0.7662,0
Cc1ncnc(=N)n1O,126.11899999999999,5,2,0,1,5,74.79,-0.6967099999999999,0
CNC(=O)C1=NN=C1N,126.11900000000001,4,2,1,1,5,79.84,-1.5408,0
CN=C1N=CN=C1NC=O,138.13,3,1,1,1,5,66.18,-0.7989000000000002,0
N=C1OC=NCNC1=O,127.103,4,2,0,1,5,74.53999999999999,-0.9041300000000003,0
C#CC(O)c1c[nH]nn1,123.11500000000001,3,2,1,1,4,61.8,-0.5287000000000002,1
N#CC1=NC(=O)C(=O)N1,123.07099999999998,3,1,0,1,5,82.32,-1.4351200000000002,0
N=CN1COCOC1=O,130.10299999999998,4,1,1,1,5,62.62000000000001,-0.022729999999999917,0
Nc1nonc1C=O,113.07599999999998,5,1,1,1,5,82.00999999999999,-0.5357000000000003,0
O=Cn1[nH]cnc1=O,113.076,4,1,1,1,5,67.75,-1.3903,0
N=CN1C=NC(O)OC1,129.11899999999997,4,2,1,1,5,68.91000000000001,-0.8126300000000002,1
N=CN1CCOC(=N)O1,129.119,4,2,1,1,5,69.4,-0.2079600000000001,0
N=C1COC=NC(=N)O1,127.103,4,2,0,1,5,78.52,-0.026460000000000095,0
N#CCc1nc(O)no1,125.08699999999999,5,1,1,1,5,82.94,-0.15872000000000008,0
C#CCc1nonc1N,123.11500000000001,4,1,1,1,4,64.94,-0.1725,0
N=C1NC(=O)OC1=O,114.05999999999999,4,2,0,1,5,79.25,-0.76993,0
N#CCNC1=NC(O)=N1,124.103,4,2,1,1,5,80.77,-0.6168199999999999,0
N#Cc1nnc(OC=N)o1,138.08599999999998,6,1,2,1,6,95.79,-0.07285000000000003,0
CC(=N)C1=NC(=O)N1,111.104,2,2,1,1,4,65.31,0.14777000000000007,0
N=C1OCCNC(=O)C1=O,142.114,4,2,0,1,5,79.25,-1.3208300000000004,0
N=C1N=C(C(=N)N)O1,112.092,3,3,1,1,5,95.31,-0.7141600000000001,0
N=C1COCOC(=N)C1=N,141.13,5,3,0,1,5,90.00999999999999,0.007510000000000017,0
NC1=C(N)C(=O)C=N1,111.10399999999998,4,2,0,1,4,81.47,-1.2736000000000003,0
N=CC1=NC=NC1=N,108.104,3,2,1,1,4,72.42,0.09614,0
NC1=NN=C1C(=O)CO,127.10299999999998,5,2,2,1,5,88.04,-1.7254,0
COc1nc(C#N)n[nH]1,124.10300000000001,4,1,1,1,5,74.59,-0.31502000000000024,0
CC(=O)n1ncc(N)n1,126.119,5,1,0,1,5,73.8,-0.47959999999999997,0
N=C1COC(=N)C(=N)N1,126.119,4,4,0,1,5,92.81,-0.46199000000000007,0
N=C1NC(=O)NC1C=O,127.10299999999998,3,3,1,1,5,82.05000000000001,-1.15603,1
NC(=O)C1=CC(=O)O1,113.07199999999997,3,1,1,1,4,69.39,-1.0876000000000001,0
NOc1cnc(=O)oc1,128.087,5,1,1,1,5,78.35000000000001,-0.7127000000000001,0
N=CC1=NN=C1C(N)=O,124.103,4,2,2,1,5,91.66,-1.0681300000000002,0
CC(O)C1=NN=C1N,113.12000000000002,4,2,1,1,4,70.97,-0.9060000000000001,1
NC1=NC(=O)OCCN1,129.119,4,2,0,1,5,76.71,-0.9591000000000003,0
N#CN(C=N)C1CNC1,124.14699999999999,3,2,2,1,4,62.910000000000004,-0.6516500000000001,0
Cc1noc(=O)n1CCO,144.13000000000002,5,1,2,1,5,68.26,-0.8629800000000001,0
N=C1C(=O)OCC=NC1N,141.12999999999997,5,2,0,1,5,88.53,-1.0814300000000001,1
N=C1NCNC(=O)N1,114.10799999999999,2,4,0,1,5,77.01,-1.2189299999999998,0
CN=C1OC(O)=NC1=N,127.103,3,2,0,1,5,78.03,-0.06383000000000016,0
N=CN1C=NC(C=O)O1,127.10299999999997,4,1,2,1,5,65.75,-0.6060300000000001,1
N=CN1COC(=O)CO1,130.10299999999998,4,1,1,1,5,62.620000000000005,-0.6586300000000003,0
CC(=O)C1=NN=C1O,112.088,3,1,1,1,4,62.019999999999996,-0.09849999999999998,0
N=C1N=C(CCO)OC1=O,142.11399999999998,4,2,2,1,5,82.74000000000001,-0.6986300000000001,0
NC1=NC(CO)=NC1=O,127.10299999999998,4,2,1,1,5,88.03999999999999,-1.7254,0
N=c1[nH]c(=O)oc(=N)o1,129.075,5,3,0,1,6,106.83999999999999,-1.4801599999999997,0
COC1=NC(=O)C(N)=N1,127.10300000000001,4,1,0,1,5,77.03999999999999,-1.1138000000000003,0
N=C1CC(O)NC(=O)N1,129.119,3,4,0,1,5,85.21000000000001,-1.01503,1
CNC1=NC(N)=NC1=N,125.135,4,3,0,1,5,86.62,-1.0901299999999996,0
N=C1OC=NCC(=O)O1,128.087,5,1,0,1,5,71.74,-0.47713000000000005,0
N=C1N=CNC(=O)CO1,127.10299999999998,3,2,0,1,5,74.54,-0.9041300000000001,0
N=C1NCC(O)C(=O)O1,130.10299999999998,4,3,0,1,5,82.41000000000001,-1.5715299999999999,1
N=C1N=C(N)NC1=N,111.108,3,4,0,1,5,98.11000000000001,-1.1411600000000002,0
COC1=NC(=N)C(=N)N1,126.119,3,3,0,1,5,81.32,-0.45346000000000014,0
CC(=O)C1=NN=C1N,111.10400000000001,4,1,1,1,4,67.81,-0.6978,0
COc1cn[nH]c(=N)[n+]1[O-],142.118,4,2,1,1,6,88.7,-1.468829999999999,0
N=C1C=C(N)C(C=O)=N1,123.115,3,2,1,1,4,79.3,-0.5402300000000002,0
N=C1NC=COC(O)C1=N,141.13,4,4,0,1,5,89.19,-0.6071600000000001,1
N=Cc1ncc(N)n1N,125.13500000000002,5,3,1,1,5,93.71,-0.8232300000000001,0
NC1=NN=C1C(=O)CO,127.10299999999998,5,2,2,1,5,88.04,-1.7254,0
N=C1OCNC(=O)CO1,130.10299999999998,4,2,0,1,5,71.41,-0.9583300000000003,0
N=CN1C(=N)OCC1=O,127.10299999999998,4,2,1,1,5,77.24000000000001,-0.6129600000000002,0
N=C1N=NC=C1NC=O,124.10299999999998,3,2,2,1,5,77.67,0.01687000000000005,0
CC(=O)n1cnoc1=N,127.103,5,1,0,1,5,71.88,-0.3843299999999998,0
N=c1ocnc(N)[n+]1[O-],128.091,5,2,0,1,6,102.84,-1.6303299999999998,0
Nc1nc(C=O)oc1N,127.10299999999998,5,2,1,1,5,95.14,-0.3485,0
Cc1n[nH]c(=O)c(=N)o1,127.10299999999998,4,2,0,1,5,82.74,-0.8492100000000002,0
N=Cn1c(N)coc1=N,126.11899999999999,5,3,1,1,5,91.78999999999999,-0.40206000000000003,0
CN=C1N=C(O)C(=N)N1,126.11899999999999,2,3,0,1,5,80.83000000000001,-0.49083000000000004,0
C#CCOc1cnnn1N,138.13,5,1,2,1,5,65.96000000000001,-0.9961,0
N=C1OC(=O)NCC1C=O,142.11399999999998,4,2,1,1,5,79.25,-0.48143000000000025,1
NC1=NC(C=O)=NC1=O,125.08699999999997,4,1,1,1,5,84.88,-1.5188,0
N=C1OC=NCOC1=N,127.103,5,2,0,1,5,78.52000000000001,-0.026460000000000095,0
N=C1OCC(=O)C(=N)O1,128.087,5,2,0,1,5,83.23,-0.48566000000000015,0
CC1=NC(N)=NC1=N,110.12,3,2,0,1,4,74.59,-0.24712999999999996,0
N=c1nc[nH]c(C=O)n1,124.10299999999998,4,2,1,1,5,82.49,-0.90333,0
N#CCc1noc(N)n1,124.10300000000001,5,1,1,1,5,88.73,-0.28212000000000004,0
N=COC(=N)N1CCO1,129.119,4,2,1,1,5,69.4,-0.20796000000000014,0
CC(=O)C1=NN=C1N,111.10400000000001,4,1,1,1,4,67.81,-0.6978,0
Cn1c(=O)nc[nH]c1=N,126.11899999999999,4,2,0,1,5,74.53,-1.4121299999999999,0
CNC1=NOC(=O)C1=N,127.10299999999998,5,2,0,1,5,74.54,-0.9041300000000001,0
NC(=O)c1conc1N,127.103,4,2,1,1,5,95.14,-0.6443000000000001,0
NC1=NN=C1C(=O)C=O,125.08699999999997,5,1,2,1,5,84.88,-1.5188,0
CC1=NC(=N)C=C1O,110.11599999999997,2,2,0,1,3,56.44,0.8800699999999999,0
N=COC1=NCC(N)C1=O,141.13,5,2,1,1,5,88.53,-1.0814300000000001,1
N=C1NC(=O)C(=O)CO1,128.087,4,2,0,1,5,79.25000000000001,-1.36333,0
COC1=C(N)N=NC1=N,126.11900000000001,4,2,1,1,5,83.82,0.20367000000000007,0
N=C1OC=NC(O)C1=N,127.10299999999998,5,3,0,1,5,89.52000000000001,-0.6396600000000001,1
COC1=NC(=N)C(N)=N1,126.11900000000001,4,2,0,1,5,83.82,-0.6631300000000002,0
N=Cn1[nH]c(=O)cc1N,126.11899999999999,4,3,1,1,5,87.66,-0.7862300000000002,0
CNC(=O)c1cn[nH]n1,126.119,3,2,1,1,5,70.67,-0.8357000000000003,0
Nc1cnc(OC=O)[nH]1,127.10299999999998,4,2,2,1,5,81.0,-0.47290000000000004,0
N=C1NCNC(=O)CO1,129.119,3,3,0,1,5,74.21000000000001,-1.3853300000000002,0
N=C1N=C(CO)N=C1N,126.119,4,3,1,1,5,94.82,-1.2747300000000001,0
N=C1OC(=N)C(C=O)O1,128.087,5,2,1,1,5,83.23,-0.48726000000000025,1
N=C1OCC(O)C1=NO,130.103,5,3,0,1,5,85.9,-0.8150300000000004,1
CC1=NC(N)=NC1=N,110.12,3,2,0,1,4,74.59,-0.24712999999999996,0
Cc1n[nH]c(=O)c(=O)[nH]1,127.10299999999998,3,2,0,1,5,78.61,-1.2333800000000001,0
N#CC1CN(C=N)N=CO1,138.13,4,1,1,1,5,72.47,-0.23884999999999995,1
Nc1ncc(C(N)C=O)o1,141.13,5,2,2,1,5,95.14,-0.5445000000000002,1
N=CN1CC(C=O)OC1=N,141.12999999999997,4,2,2,1,5,77.24000000000001,-0.5720600000000002,1
N=CNc1nn[nH]c1C=N,138.13400000000001,4,4,3,1,6,101.30000000000001,-0.17866000000000065,0
O=c1ncc(CO)n[nH]1,127.103,4,2,1,1,5,78.87,-1.3428000000000002,0
N=C1CC(=NO)OCN1,129.119,4,3,0,1,5,77.7,-0.28123000000000026,0
Nc1cnc(=O)n(N)n1,127.10700000000001,6,2,0,1,6,99.82,-2.0656999999999996,0
N=C1COC(=N)OCO1,130.103,5,2,0,1,5,75.39,-0.08066000000000012,0
CCc1nc(C=O)n[nH]1,125.13099999999999,3,1,2,1,4,58.64,0.17960000000000004,0
N=C1OCC(=O)OC1=N,128.087,5,2,0,1,5,83.22999999999999,-0.48566000000000015,0
NC1=CC(=O)N=C1O,112.088,2,2,0,1,4,75.68,-0.6742999999999999,0
N=c1ncc(N)[n+]([O-])[nH]1,127.10700000000001,4,3,0,1,6,105.49000000000001,-1.8952299999999997,0
O=Cc1c[nH]nc1N=O,125.08699999999999,4,1,2,1,5,75.18,0.6201,0
N=CNC1=COC(=O)CN1,141.13,4,3,2,1,5,74.21,-0.8716300000000001,0
CN=C1OC(=O)N=C1N,127.10300000000001,4,1,0,1,5,77.03999999999999,-0.47789999999999994,0
COc1nc(C=O)n[nH]1,127.103,4,1,2,1,5,67.87,-0.37420000000000025,0
N=CN1C(=N)C1C=O,111.10399999999997,3,2,2,1,4,67.78,-0.5461600000000002,1
CN=c1nc(N)c1=N,110.12,4,2,0,1,4,75.12,-1.4506299999999994,0
N=C1OCC(=O)OC1=N,128.087,5,2,0,1,5,83.22999999999999,-0.48566000000000015,0
CNC1=NC(=N)C=[N+]1[O-],126.11899999999999,3,2,0,1,5,74.31,-0.8662300000000003,0
CN=C(N)C1=NC(O)=N1,126.11899999999999,3,2,1,1,5,83.33,-0.7004999999999999,0
CN=C1OC(=N)N=C1O,127.103,3,2,0,1,5,78.03,-0.06383000000000005,0
N=C1OC(=O)OCC1=O,129.071,5,1,0,1,5,76.44999999999999,-0.30043,0
O=Cc1ncnc(CO)n1,139.11399999999998,5,1,2,1,5,75.97,-0.8236000000000001,0
CN1C=NNN=CC1=O,126.11899999999999,4,1,0,1,5,57.059999999999995,-1.0229000000000001,0
COC1=NN=C(N)C1=N,126.119,5,2,0,1,5,83.82,-0.66313,0
N=C1N=COC(=O)CN1,127.103,3,2,0,1,5,74.53999999999999,-0.9041300000000001,0
N=C1CN(C=O)OCO1,130.10299999999998,4,1,1,1,5,62.620000000000005,-0.65863,0
N=C1NCOC(=O)CN1,129.119,3,3,0,1,5,74.21,-1.3853300000000002,0
N=C1OC(=N)C(C=O)O1,128.087,5,2,1,1,5,83.23,-0.48726000000000025,1
NC1=NC(O)=NC1=O,113.07599999999998,3,2,0,1,5,88.03999999999999,-1.2022,0
N=C1OCOC(=O)CO1,131.087,5,1,0,1,5,68.61,-0.5313300000000001,0
COC1=C(O)N=NC1=N,127.103,4,2,1,1,5,78.03,0.80297,0
CC(C#N)n1ncn1N,125.135,5,1,1,1,5,72.56,-0.5170200000000003,1
COC1=NN=C1C=O,112.08799999999998,4,0,1,1,4,51.02,-0.4002000000000001,0
NC(=O)C1=NC(N)=N1,112.09200000000001,4,2,1,1,5,93.83,-1.8014999999999999,0
COC1OC(=N)OC1=N,130.103,5,2,1,1,5,75.39000000000001,-0.08226000000000011,1
CC(=N)n1nc[nH]c1=O,126.11899999999999,4,2,0,1,5,74.53,-0.5833300000000001,0
N=C1COC(=N)NC(=O)O1,143.102,5,3,0,1,6,95.26,-0.3451600000000001,0
CCn1[nH]c(=N)oc1=O,129.119,4,2,1,1,5,74.78,-0.7312299999999998,0
N=C1OCOC1=NCN,129.119,5,2,1,1,5,80.69,-0.71733,0
Nc1cnc(O)c(N)n1,126.119,5,3,0,1,5,98.05,-0.6534000000000002,0
N=C1N=NC(CO)=C1O,127.10299999999998,4,3,1,1,5,89.03,0.19136999999999998,0
N=C1ON=C(N)C1=O,113.076,5,2,0,1,5,88.53,-1.16483,0
N=c1[nH]c(N)c(C=O)o1,127.103,4,3,1,1,5,95.86999999999999,-0.5181300000000002,0
N=NCn1cncc1N,125.13499999999999,5,2,2,1,5,80.05,0.45376999999999995,0
CC(=N)N1C=NC1=N,110.11999999999999,2,2,0,1,4,63.300000000000004,0.26224000000000003,0
CC(=O)C1=NC(=O)O1,113.07199999999999,3,0,1,1,4,55.730000000000004,0.12410000000000004,0
NC(=O)C1=NC(N)=N1,112.09200000000001,4,2,1,1,5,93.83,-1.8014999999999999,0
N=CNc1c[nH]c(=O)o1,127.10299999999998,3,3,2,1,5,81.88000000000001,-0.013130000000000197,0
N=CN1C(=N)NC1=O,112.09199999999998,3,3,1,1,5,80.04,-0.44656,0
COc1ccnc(N)n1,125.13100000000001,4,1,1,1,4,61.03,0.06740000000000002,0
N#CC(O)c1cnn[nH]1,124.10300000000001,4,2,1,1,5,85.59,-0.6383200000000002,1
N=C1OCC(=O)C1=NO,128.087,5,2,0,1,5,82.74,-0.60683,0
N#CC(=O)n1cncn1,122.08699999999999,5,0,0,1,5,71.57,-0.55812,0
NC1=NCC(=O)NO1,115.09199999999998,4,2,0,1,5,76.71,-1.6375000000000002,0
N=C1NCC(=O)OCO1,130.103,4,2,0,1,5,71.41000000000001,-0.9583300000000001,0
Nc1coc(=O)c(O)n1,128.087,5,2,0,1,5,89.35,-0.6774,0
C#CC(=O)n1nc[nH]1,109.088,3,1,0,1,4,50.68,-0.5154000000000001,0
CN=C1C=NC(N)=[N+]1[O-],126.119,4,1,0,1,5,76.80999999999999,-1.0758999999999999,0
CC(=O)n1cnc(N)n1,126.11900000000001,5,1,0,1,5,73.8,-0.47959999999999997,0
CN=C1NCC(=O)ON1,129.119,3,2,0,1,5,62.72,-1.3767999999999998,0
NC(=O)c1cnc(N)o1,127.103,4,2,1,1,5,95.14,-0.6443000000000001,0
Cc1nc(CO)nn1N,128.135,5,2,1,1,5,76.96000000000001,-1.2073800000000001,0
O=CC1N=CONC1=O,128.087,4,1,1,1,5,67.75999999999999,-1.3564000000000003,1
N=Cc1cnc(N)nn1,123.11900000000001,5,2,1,1,5,88.54,-0.5485300000000002,0
Cn1ncnc1C=N,110.11999999999999,4,1,1,1,4,54.56,-0.18722999999999973,0
C#Cc1nnoc(=N)n1,122.08699999999999,5,1,0,1,5,75.66,-1.0746300000000002,0
O=Cc1cnoc(=O)n1,126.07099999999998,5,0,1,1,5,73.06,-0.7577,0
N=C1NCNC(=O)CO1,129.119,3,3,0,1,5,74.21000000000001,-1.3853300000000002,0
C#CC(N)N1N=C1O,111.10399999999998,3,2,1,1,4,61.620000000000005,-0.9510000000000001,1
CN=c1nc(O)c1=N,111.10399999999998,4,2,0,1,4,69.33000000000001,-1.3272300000000004,0
COc1nonc1C=N,127.103,5,1,2,1,5,72.0,0.07586999999999994,0
N=C1OCN=CNC1=O,127.10299999999998,4,2,0,1,5,74.53999999999999,-0.9041300000000003,0
N=C1N=CC(N)=C1O,111.104,3,3,0,1,4,82.46000000000001,-0.22363000000000027,0
N=C1NC(C=O)=NCO1,127.103,4,2,1,1,5,74.54,-0.9041300000000001,0
CN=C1N=CN=C1N,110.12,3,1,0,1,4,63.099999999999994,-0.5861999999999998,0
C#Cc1cnoc(=O)n1,122.08299999999998,4,0,0,1,4,55.99,-0.5889,0
Cc1noc(=O)n1C=N,127.103,5,1,1,1,5,71.88,-0.40011000000000013,0
N=Cc1cnc(N)oc1=N,138.13,5,3,1,1,5,99.75,-0.26605999999999985,0
N=C1NN=C(CO)C1=O,127.10299999999998,4,3,1,1,5,85.53999999999999,-1.5157300000000002,0
N=C1NCOC(=N)O1,115.092,4,3,0,1,5,78.19000000000001,-0.55016,0
N#CC1OCNC(=N)O1,127.103,4,2,0,1,5,78.13000000000001,-0.6352500000000003,1
N#Cn1oc(=N)nc1N,125.09100000000001,6,2,0,1,6,104.62,-1.1330500000000001,0
O=C1OCC(=NCO)O1,131.087,5,1,1,1,5,68.12,-0.4984999999999999,0
N=CN1C=NC1OC=O,127.10299999999997,4,1,3,1,5,65.75,-0.6060300000000001,1
N=C1CC(=O)NC(O)O1,130.10299999999998,4,3,0,1,5,82.41000000000001,-1.2239300000000004,1
COC1=CN=C(N)C1=O,126.115,4,1,1,1,4,64.68,-0.5859000000000001,0
NC1=NC(=O)N=C1CO,127.10299999999998,3,2,1,1,5,88.04,-1.0895000000000001,0
Cc1[nH]c(=N)nnc1N,125.13500000000002,4,3,0,1,5,91.44,-0.82521,0
CN=C(O)C1=NNC1=O,127.103,3,2,1,1,5,74.05000000000001,-0.9415,0
NC1=NN=C1CC[NH3+],113.144,3,2,2,1,4,78.38,-1.654799999999999,0
CN=C1NC(O)=NC1=O,127.10299999999998,2,2,0,1,5,74.05000000000001,-0.9415000000000002,0
CC1=NC(N)=NC1=N,110.12,3,2,0,1,4,74.59,-0.24712999999999996,0
N=C1COCOC1=N,114.104,4,2,0,1,4,66.16,-0.012259999999999882,0
COc1cnoc1N,114.104,4,1,1,1,4,61.28,0.26539999999999997,0
COC1=NC(O)=NC1=N,127.103,3,2,0,1,5,78.03,-0.06383000000000016,0
COC1=CN=C1NC#N,123.115,4,1,1,1,4,57.41,-0.04302,0
N=C1ON=C1CNC=O,127.10299999999998,4,2,3,1,5,74.53999999999999,-0.9041300000000003,0
CNC1=NC(C=O)=C1N,125.13099999999999,4,2,1,1,4,67.48,-1.0129,0
N=C1NC(=O)COC1=N,127.103,4,3,0,1,5,86.03,-0.9126600000000002,0
Nc1[nH]ncc1CN=O,126.11899999999999,4,2,2,1,5,84.13,0.25829999999999986,0
CNC(=O)C1=NN=C1,111.104,3,1,1,1,4,53.82,-0.8272000000000002,0
CN=C1N=CNC1=O,111.10399999999998,2,1,0,1,4,53.82,-0.8272000000000002,0
N=C1COC(=N)CON1,129.119,4,3,0,1,5,78.19,-0.5076600000000002,0
CNC1(C=N)NC(=O)O1,129.119,4,3,2,1,5,74.21000000000001,-0.7510300000000003,1
COC1CNC(=O)C1=N,128.131,3,2,1,1,4,62.18,-0.84903,1
N=c1[nH]c(=O)oc(=N)o1,129.075,5,3,0,1,6,106.83999999999999,-1.4801599999999997,0
N=C1OCCOC(=N)O1,130.103,5,2,0,1,5,75.39,-0.0806599999999999,0
N=C1C=NCOC(=O)O1,128.087,5,1,0,1,5,71.74,0.15876999999999997,0
CN=C1C=NNC1=O,111.10399999999998,3,1,0,1,4,53.82,-0.8272000000000002,0
NC1=NC(C=O)=NC1=O,125.08699999999997,4,1,1,1,5,84.88,-1.5188,0
O=C1CN=NCC(=O)O1,128.087,5,0,0,1,5,68.09,-0.478,0
CN=c1nn[nH]nc1OC,141.134,5,1,1,1,6,76.05,-1.2611999999999999,0
N=COC1CNC1=O,114.104,3,2,2,1,4,62.18,-0.8915300000000002,1
CNC(=O)C1=CN=C1O,126.11499999999998,2,2,1,1,4,61.69,-0.41360000000000025,0
COC1=NC=NC1=NC=O,139.114,3,0,1,1,5,63.38,-0.3719000000000001,0
N=C1N=CN=C1C=NO,124.10299999999998,4,2,1,1,5,81.16,-0.09343000000000007,0
O=CNC1=NC=NC1=O,125.08699999999999,3,1,1,1,5,70.89,-1.3006000000000002,0
COC1=NC(N)=C1C=O,126.115,4,1,1,1,4,64.68,-0.5859000000000001,0
CC(=O)Oc1c[nH]nn1,127.10300000000001,4,1,1,1,5,67.87,-0.2700000000000002,0
N=CC1=NC(=N)C(O)=N1,124.103,3,3,1,1,5,92.65,-0.018159999999999954,0
NC(=O)C1=CC(=O)O1,113.07199999999997,3,1,1,1,4,69.39,-1.0876000000000001,0
NC(=O)C1=CN=[N+]1[O-],113.076,3,1,1,1,5,81.52,-0.7108000000000001,0
CC(=O)c1nc(O)no1,128.087,5,1,1,1,5,76.22,-0.022200000000000053,0
NC(=O)C1N=CN=N1,112.092,4,1,1,1,5,80.17,-0.7081000000000002,1
NCC(=O)C1=NNC1=O,127.103,4,2,2,1,5,84.55000000000001,-2.0,0
NC(=O)N=C1NCCO1,129.119,2,2,0,1,5,76.71000000000001,-0.9590999999999998,0
Nc1cc(CO)o[n+]1[O-],130.103,4,2,1,1,5,86.33,-1.0125,0
COc1nc[nH]c(=O)n1,127.103,4,1,1,1,5,67.87,-0.8265,0
CN1COC(=O)C(=N)N1,129.119,4,2,0,1,5,65.42,-1.08563,0
N=C1N=C(F)OC1=N,115.067,3,2,0,1,5,69.28999999999999,0.29664,0
CN=C1NC(=O)COC1=O,142.11399999999998,4,1,0,1,5,67.75999999999999,-1.3123000000000005,0
N=CN1CC(=O)C(=O)N1,127.10299999999998,3,2,1,1,5,73.26,-1.4906300000000001,0
CC1=NN=C(N)C1=N,110.12,4,2,0,1,4,74.59,-0.24712999999999996,0
N=Cc1oncc1N,111.104,4,2,1,1,4,75.9,0.25447000000000003,0
NC(C=O)c1c[nH]nn1,126.119,4,2,2,1,5,84.66000000000001,-0.9966000000000002,1
CN=C1OC(=O)N1N,115.09200000000001,4,1,0,1,5,67.92,-0.7019,0
O=Cc1nn[nH]c1C=O,125.08699999999997,4,1,2,1,5,75.71000000000001,-0.5703000000000003,0
CN=C1NN=C1N=O,112.092,4,1,0,1,5,66.18,-0.3022000000000001,0
N=C1NC=NCC(=O)O1,127.103,4,2,0,1,5,74.54,-0.9041300000000001,0
N=C1CNC(=O)OC=N1,127.10299999999998,3,2,0,1,5,74.54,-0.26823000000000013,0
CN=C1N=C(N)OC1=O,127.103,4,1,0,1,5,77.03999999999999,-1.1138,0
N=CN1C(=O)COC1=O,128.087,4,1,1,1,5,70.46000000000001,-0.42772999999999994,0
CC1=NC(=N)C(=O)O1,112.08799999999998,3,1,0,1,4,62.510000000000005,-0.06113000000000007,0
NCc1noc(C=O)n1,127.10299999999998,5,1,2,1,5,82.01,-0.6592000000000002,0
CN=C1NC(=O)OC1=O,128.087,4,1,0,1,5,67.75999999999999,-0.7189000000000001,0
CN=C1CNC(=O)C(=N)O1,141.12999999999997,4,2,0,1,5,74.54,-0.8616300000000001,0
Nc1nc(CC=O)n[nH]1,126.11899999999999,4,2,2,1,5,84.66,-0.8717000000000004,0
N=C1CON(C=O)CO1,130.10299999999998,4,1,1,1,5,62.620000000000005,-0.6586300000000003,0
N=c1[nH]c(C(=O)O)co1,128.087,3,3,1,1,5,90.08,-0.21463000000000038,0
O=CC1=NC(=NO)CN1,127.103,4,2,1,1,5,74.05,-1.0253,0
CC1=C(OC=O)N=C1N,126.11500000000001,4,1,2,1,4,64.67999999999999,-0.23829999999999985,0
COC1=NC(=O)C(N)=N1,127.10300000000001,4,1,0,1,5,77.03999999999999,-1.1138000000000003,0
N=C1C=C(N)N=C1C=O,123.115,4,2,1,1,4,79.30000000000001,-0.5402300000000002,0
N=C(O)C1=NN=C1N,112.09200000000001,4,3,1,1,5,94.82,-0.75153,0
COC1=NC(=O)C(CO)=N1,142.114,4,1,1,1,5,71.25,-1.0377,0
N=C1N=COCC(O)O1,130.10299999999998,4,2,0,1,5,74.9,-0.68533,1
N#CCC1=NC(N)=N1,108.10400000000001,4,1,1,1,4,74.53,-0.37311999999999984,0
COc1ncoc(=N)n1,127.103,5,1,1,1,5,72.0,-0.44233000000000006,0
Nc1nc(C=O)[nH]c1N,126.11899999999999,4,3,1,1,5,97.78999999999999,-0.6134000000000002,0
CC(O)c1cnnn1N,128.13500000000002,5,2,1,1,5,76.96000000000001,-0.9548000000000001,1
N=CN1OC(=N)C1=O,113.076,4,2,1,1,5,77.24000000000001,-0.6554600000000002,0
Cc1n[nH]c(NC=O)n1,126.11899999999999,3,2,2,1,5,70.67,-0.31858000000000025,0
COc1coc(=O)n1O,131.08700000000002,5,1,1,1,5,64.6,-0.31280000000000013,0
N=CC1=C(O)C(=N)N=C1,123.11499999999998,3,3,1,1,4,80.29,0.5097400000000001,0
N=C1N=CC(N)=NC1=O,124.10300000000001,3,2,0,1,5,91.66,-1.0681300000000002,0
Cc1nonc(N)c1=O,127.103,5,1,0,1,5,82.00999999999999,-0.6795800000000001,0
NC(=O)C1=NN=C1C=O,125.08699999999999,4,1,2,1,5,84.88,-1.5188,0
N=c1onc(N)n1C=O,128.091,6,2,1,1,6,97.9,-1.4239300000000001,0
NC1=NOC=NCC1=O,127.103,5,1,0,1,5,77.03999999999999,-1.1138000000000001,0
N=C1NC(=O)C(CN)O1,129.119,4,3,1,1,5,88.2,-1.60513,1
Nc1ocnc1C=O,112.08799999999998,4,1,1,1,4,69.12,0.06930000000000014,0
N=C1N=C(C(=O)CN)O1,127.103,4,2,2,1,5,88.53,-1.1223299999999998,0
COc1nc(C=O)no1,128.087,5,0,2,1,5,65.22,-0.10930000000000017,0
Nc1oc(O)nc1C=O,128.087,5,2,1,1,5,89.35,-0.2250999999999999,0
N=C1OC(=N)C(=N)O1,113.076,5,3,0,1,5,90.01,-0.07748999999999995,0
Cc1cnc(N)c(O)n1,125.131,4,2,0,1,4,72.03,0.07281999999999983,0
N=C1NC(=O)C(=O)OCO1,144.08599999999998,5,2,0,1,6,88.48000000000002,-1.43173,0
N=C1OCC(O)C(=N)O1,130.10299999999998,5,3,0,1,5,86.39,-0.6938600000000001,1
NC1=NC(=O)C(=O)C=N1,125.08699999999997,4,1,0,1,5,84.88,-1.5188,0
N#CC(O)C1=CN=N1,109.08800000000001,4,1,1,1,4,68.74,0.17807999999999996,1
N=Cn1ccc(=N)nn1,123.119,5,2,1,1,5,78.41000000000001,-0.7872600000000001,0
COC1=CN=NC1=NC#N,136.114,4,0,1,1,5,70.1,0.81958,0
NC1=C(CO)C(=O)N=N1,127.103,4,2,1,1,5,88.04,-0.8586000000000003,0
N=CN1OC(=O)OC1N,131.09099999999998,5,2,1,1,6,88.64,-0.78043,1
N=C1CNC(=O)OCO1,130.10299999999998,4,2,0,1,5,71.41000000000001,-0.3224300000000002,0
Nc1c[nH]c(=O)c(O)n1,127.103,4,3,0,1,5,92.0,-0.9423000000000001,0
Nc1coc(=O)n1CO,130.103,5,2,1,1,5,81.39,-1.0267000000000002,0
CNC(=O)c1nc1=O,112.088,3,1,1,1,4,59.06,-1.323,0
COC1=NC(N)=NC1=O,127.10300000000001,4,1,0,1,5,77.03999999999999,-1.1138000000000001,0
N#COCc1[nH]ncc1N,138.13,4,2,2,1,5,87.72,-0.010419999999999985,0
N=C(N)C1=NC=NC1=O,124.103,3,2,1,1,5,91.66,-1.06813,0
CC(N)c1noc(O)n1,129.11899999999997,5,2,1,1,5,85.17,-0.2050999999999999,1
CC1=NC(=N)N=C1N,110.12,2,2,0,1,4,74.59,-0.24712999999999996,0
N=C1OCOCC1C=O,129.11499999999998,4,1,1,1,4,59.38,-0.21693000000000007,1
NC1=NC(=O)C(CO)=N1,127.10299999999998,4,2,1,1,5,88.03999999999999,-1.7253999999999996,0
N=COC1=NOC1=O,114.05999999999999,5,1,1,1,5,71.74000000000001,-0.51963,0
CN=C1C=C(C=N)N=N1,122.131,3,1,1,1,4,60.93,1.01397,0
CC(=N)N=NC1OC1O,129.119,4,2,1,1,5,81.33,0.11047000000000001,2
O=Cc1n[nH]c(CO)n1,127.10299999999998,4,2,2,1,5,78.87,-0.8905000000000001,0
Nn1ncc(O)c1C=O,127.10299999999998,5,2,1,1,5,81.14000000000001,-0.8850000000000002,0
N=C1N=NC=C1C=O,109.08799999999998,3,1,1,1,4,65.64,0.51227,0
CC1=NC(=NCO)N=N1,126.119,3,1,1,1,5,69.67,0.17640000000000006,0
Nc1coc(=O)n1CO,130.103,5,2,1,1,5,81.39,-1.0267000000000002,0
N#CCc1nncn1N,123.11900000000001,5,1,1,1,5,80.52,-0.9420200000000001,0
N=CN1C=NC(=O)NC1,126.11899999999999,2,2,1,1,5,68.55,-0.39553000000000016,0
CN=C1N=C(N)C(O)=N1,126.119,2,2,0,1,5,83.33,-0.7004999999999999,0
N=CN1C(=N)OCC1CO,143.146,4,3,2,1,5,80.4,-0.7786600000000004,1
CNc1cnoc(=N)n1,126.119,5,2,1,1,5,74.80000000000001,-0.40923000000000037,0
COc1ncnnc1N,126.11900000000001,5,1,1,1,5,73.92,-0.5376000000000001,0
O=Cc1n[nH]nc1CO,127.10299999999998,4,2,2,1,5,78.87,-0.8905000000000001,0
Nc1cn(C(N)C=O)o1,129.119,5,2,2,1,5,87.17999999999999,-0.6804999999999999,1
CN=C(O)C1=NC(=N)O1,127.103,3,2,1,1,5,78.03000000000002,-0.06382999999999994,0
CC1=NC(=N)N=C1N,110.12,2,2,0,1,4,74.59,-0.24712999999999996,0
N=C1OC=NC1C(=O)O,128.087,4,2,1,1,5,82.74,-0.5246300000000002,1
N=C1OCC(=O)N1C=O,128.087,4,1,1,1,5,70.46000000000001,-1.06363,0
N=C1NC(=O)C(=O)CO1,128.087,4,2,0,1,5,79.25000000000001,-1.36333,0
CC(=O)C1=NC(O)=N1,112.088,3,1,1,1,4,62.019999999999996,-0.09849999999999998,0
N=C1COC(=N)C(=O)N1,127.103,4,3,0,1,5,86.03,-0.9126600000000002,0
NN=C1CN=C1OCO,129.119,5,2,1,1,5,80.2,-1.3204000000000002,0
O=CC1N=CNC(=O)O1,128.087,4,1,1,1,5,67.76,-0.7205000000000001,1
N=c1ncc(N)c(O)o1,127.103,5,3,0,1,5,96.13000000000001,-0.5581300000000001,0
CNc1noc(C=O)n1,127.10299999999998,5,1,2,1,5,68.02000000000001,-0.07619999999999999,0
N=Cc1onc(N)c1N,126.11900000000001,5,3,1,1,5,101.92,-0.1633300000000001,0
CN=c1[nH]c(C=O)no1,127.10299999999998,4,1,1,1,5,71.25,-0.6543000000000003,0
CCNC1=CN=NC1=O,125.13099999999999,3,1,2,1,4,53.82,0.4297,0
Cc1nnc(N)c(=N)o1,126.119,5,2,0,1,5,88.79,-0.5603100000000003,0
CNC(C#N)n1nco1,126.119,5,1,2,1,5,66.78,-0.28232000000000035,1
N=C1CNC(=O)OCO1,130.10299999999998,4,2,0,1,5,71.41000000000001,-0.3224300000000002,0
NC(=O)N1C=NC(C=O)O1,143.10199999999998,4,1,1,1,6,84.99000000000001,-1.1344,1
N=c1[nH]c(=O)[nH]c(=O)o1,129.075,4,3,0,1,6,102.71,-1.8643299999999998,0
CC(N)C1=C(O)N=N1,113.11999999999999,4,2,1,1,4,70.97,0.5265,1
C#CCc1nnoc1N,123.11500000000001,4,1,1,1,4,64.94,-0.1725,0
N=C1OC1OC(N)=O,116.07600000000001,4,2,1,1,5,88.69999999999999,-0.58473,1
COC1=NC(=N)N=C1N,126.11900000000001,3,2,0,1,5,83.82,-0.66313,0
CNC1=NC(N)=NC1=O,126.119,4,2,0,1,5,79.84,-1.5408,0
O=Cc1cnn[nH]c1=O,125.08699999999999,4,1,1,1,5,75.71000000000001,-1.0226,0
N=C1NCC(=O)OCO1,130.103,4,2,0,1,5,71.41000000000001,-0.9583300000000001,0
NC(=O)C1C=NC(N)=N1,126.11900000000001,4,2,1,1,5,93.83,-1.7605999999999993,1
N=CC1OC(=O)C(N)O1,130.103,5,2,1,1,5,85.4,-1.1797300000000004,2
CN=C1NC(C#N)N1,110.11999999999999,2,2,0,1,4,60.21,-0.9853200000000002,0
NC1=NC(=O)C(N)=N1,112.092,4,2,0,1,5,93.83,-1.8014999999999999,0
N#Cc1ncc(N)cn1,120.115,4,1,0,1,4,75.59,-0.06951999999999992,0
Nc1nc(C=O)no1,113.07599999999998,5,1,1,1,5,82.01,-0.5357000000000001,0
N=c1[nH]c(N)nnc1C=O,139.11800000000002,5,3,1,1,6,108.50999999999999,-1.3211300000000004,0
N=Cc1[nH]nnc1CO,126.119,4,3,2,1,5,85.65,-0.7053300000000002,0
N=C1OC(=N)C(CO)O1,130.10299999999998,5,3,1,1,5,86.39,-0.6938600000000001,1
NC1=NC(=O)N=C1N,112.092,3,2,0,1,5,93.83,-1.1656,0
N=C(N)OC1OCC1=N,129.119,4,3,1,1,5,92.18,-0.72746,1
N=C1OCNC(=O)CO1,130.10299999999998,4,2,0,1,5,71.41,-0.9583300000000003,0
N#CNC1=C(N)C=NC1=O,136.114,4,2,1,1,5,91.27000000000001,-1.16162,0
O=CC1=NN=C(F)C1=O,128.06199999999998,4,0,1,1,5,58.86,-0.508,0
N=C1OCOC(=N)C1=O,128.087,5,2,0,1,5,83.22999999999999,-0.48566000000000015,0
Cc1cnoc(=N)[n+]1[O-],127.103,4,1,0,1,5,76.82000000000001,-0.9041100000000002,0
Nc1cncn1C=NC=O,138.13,4,1,2,1,5,73.27,-0.5019,0
COC1=NNC(=N)C1=O,127.10299999999998,4,2,0,1,5,74.53999999999999,-0.9041300000000003,0
N=CN1CC(=O)NCO1,129.119,3,2,1,1,5,65.42,-1.0856299999999999,0
N=C1OCOC(=N)C1=N,127.103,5,3,0,1,5,90.00999999999999,-0.034989999999999966,0
Nc1nc(C=O)nn1N,127.107,6,2,1,1,6,99.82000000000001,-1.6134000000000004,0
N=C1COCN(C(N)=O)N1,144.13400000000004,3,3,0,1,6,91.44,-1.1633299999999998,0
CC(O)C1=NC(N)=[N+]1[O-],129.11900000000003,4,2,1,1,5,84.67999999999999,-1.3957000000000002,1
NC1=NC(C=O)=C1O,112.08799999999997,4,2,1,1,4,75.67999999999999,-0.6742999999999999,0
N=C1OC=NCNC1=O,127.103,4,2,0,1,5,74.53999999999999,-0.9041300000000003,0
Cc1nc(N)nn1C=N,125.135,5,2,1,1,5,80.58,-0.3761100000000001,0
Nc1cnc(CO)n1C=O,141.13,5,2,2,1,5,81.13999999999999,-1.0041,0
COC1=NC(N)=C1N,113.12000000000002,4,2,0,1,4,73.63,-0.8686,0
N=C1C(=O)ONCC1C=O,142.11399999999998,5,2,1,1,5,79.25,-1.11733,1
CC1COC(=N)OC=N1,128.13099999999997,4,1,0,1,4,54.67,0.38477,1
N=C1N=CC(N)=NC1=O,124.10300000000001,3,2,0,1,5,91.66,-1.0681300000000002,0
N=CCc1nonc1N,126.11900000000001,5,2,2,1,5,88.79,-0.15613,0
NC(=O)OC1=CN=C1N,127.10300000000001,4,2,1,1,5,90.7,-0.7061,0
NC1=CC(N)=C(O)C1=O,126.115,4,3,0,1,4,89.34,-0.8599999999999997,0
N=Cc1nc(N)co1,111.104,4,2,1,1,4,75.9,0.25447000000000003,0
N=C1CNC(=O)N=CO1,127.10299999999998,3,2,0,1,5,74.54,-0.26823000000000013,0
N=C1OC(=CN)N=C1O,127.103,4,3,0,1,5,91.69,-0.2920300000000003,0
N=C1NC(C(=O)O)CO1,130.103,3,3,1,1,5,82.41000000000001,-1.0058300000000002,1
CNC1=NOC(=O)C1=O,128.087,5,1,0,1,5,67.76,-1.3548000000000002,0
COc1n[nH]c(=N)c(=N)o1,142.118,5,3,1,1,6,98.75,-1.0297600000000002,0
CN=C1N=C(N)C(=O)O1,127.103,4,1,0,1,5,77.04,-1.1138,0
NC1=NC=C(O)C1=NCO,141.13,5,3,1,1,5,91.2,-0.8526,0
N=c1cc(N)ncn1N,125.13500000000002,5,3,0,1,5,93.71,-1.3414300000000001,0
N=CN1CNC(=O)OC1,129.11899999999997,3,2,1,1,5,65.42,-0.44972999999999996,0
CC1=NC(N)=NC1=O,111.104,3,1,0,1,4,67.81,-0.6978,0
CNC1=NN=C([O-])C1=N,125.11099999999999,5,2,0,1,5,83.66,-1.6885299999999992,0
COc1nc(C#N)no1,125.087,5,0,1,1,5,71.94,-0.050120000000000164,0
N=C1OC(=O)NCC1=O,128.087,4,2,0,1,5,79.25,-0.7274300000000002,0
CN=C1OC(CO)=NC1=O,142.114,4,1,1,1,5,71.25,-1.0377000000000003,0
CC(=O)C1=NC(N)=N1,111.10400000000001,4,1,1,1,4,67.81,-0.6978,0
NC(=O)C1=NC(C=O)=N1,125.08699999999999,4,1,2,1,5,84.88000000000001,-1.5188,0
CN=C1NC(=O)OCO1,130.10299999999998,4,1,0,1,5,59.92,-0.31390000000000007,0
N=c1ncc(N)c(O)[nH]1,126.119,4,4,0,1,5,98.78,-0.8230300000000004,0
COc1cnc(=N)[nH]n1,126.119,4,2,1,1,5,74.65,-0.7072300000000002,0
N=Cn1[nH]c(=O)[nH]c1=O,128.09099999999998,4,3,1,1,6,94.5,-1.6801300000000001,0
N=C1COC(C(=N)O)O1,130.10299999999998,4,3,1,1,5,86.39,-0.12816000000000005,1
CN(C=N)C1NC(=N)O1,128.135,3,3,2,1,5,72.2,-0.63656,1
N=C1COC(=O)N=CO1,128.087,4,1,0,1,5,71.74,0.15877000000000002,0
N=C1CN(C=O)OCN1,129.119,3,2,1,1,5,65.42,-1.0856300000000003,0
N=COC1OCNC1=N,129.119,4,3,2,1,5,78.19,-0.5092600000000003,1
N=C1CC(=O)NC1=O,112.08799999999998,3,2,0,1,4,70.02000000000001,-0.9473300000000002,0
N=C1CN=COC(=N)O1,127.10299999999998,5,2,0,1,5,78.52,-0.026460000000000095,0
N=CN1CC(=O)C(=N)O1,127.10299999999998,4,2,1,1,5,77.24000000000001,-0.61296,0
N=CC1=NC(=N)C(=O)O1,125.08699999999999,4,2,1,1,5,86.36,-0.4314600000000001,0
N=Cn1ccc(=O)oc1=O,140.09799999999998,5,1,1,1,5,76.06,-0.7433299999999998,0
Nc1ocnc1NC=O,127.10299999999998,4,2,2,1,5,81.15,-0.1749,0
COC1=CC(N)=NC1=O,126.11500000000001,3,1,1,1,4,64.68,-0.5859000000000001,0
N=C1OCC(=N)C(=O)O1,128.087,5,2,0,1,5,83.23,-0.48566000000000015,0
CC1=NC(=N)N=C1C=O,123.11499999999998,2,1,1,1,4,65.64,0.035569999999999935,0
CN=C1N=C(N)C(=O)O1,127.103,4,1,0,1,5,77.04,-1.1138,0
NC1=NC(=O)C(=O)O1,114.05999999999997,4,1,0,1,5,81.75,-1.6155,0
N=C(N)C1=NC(=O)C=N1,124.103,3,2,1,1,5,91.66000000000001,-1.06813,0
NC1=NC(C=O)=NC1=O,125.08699999999997,4,1,1,1,5,84.88,-1.5188,0
NC(=O)NC1=CN=N1,112.092,3,2,1,1,5,79.84,-0.0805999999999999,0
N=CNC1=NC(=O)NC1,126.119,2,3,1,1,5,77.34,-0.69523,0
N=COC1=NCOC(=N)O1,143.102,6,2,1,1,6,87.75000000000001,-0.09486000000000011,0
N=CN1CC(=O)NCO1,129.119,3,2,1,1,5,65.42,-1.0856299999999999,0
N=C1C(=O)NC1C=O,112.08799999999998,3,2,1,1,4,70.02000000000001,-1.2965300000000002,1
N=C1OCOC(=[NH2+])CO1,131.11100000000002,4,2,0,1,5,77.13000000000001,-1.9003299999999996,0
CN=c1nc[nH]c(=N)o1,126.11899999999999,4,2,0,1,5,78.03,-0.9873300000000003,0
N=CN1COC(C=O)N1,129.11899999999997,4,2,2,1,5,65.42,-1.0872300000000001,1
CC1=NC(=O)C(=N)O1,112.08799999999998,3,1,0,1,4,62.510000000000005,-0.06112999999999996,0
CC1=NC(=N)OC1=O,112.08799999999998,3,1,0,1,4,62.51,-0.06112999999999996,0
N=CN1C=NC(=O)OC1,127.10299999999998,3,1,1,1,5,65.75,0.031470000000000053,0
N=C1OC(=O)C(C=O)O1,129.07099999999997,5,1,1,1,5,76.45,-0.9379300000000002,1
N=C1COC(=N)OCO1,130.103,5,2,0,1,5,75.39,-0.08066000000000012,0
N=COC1OCC1=NO,130.103,5,2,2,1,5,74.9,-0.20342999999999994,1
N=C1COC(=O)NC1=O,128.087,4,2,0,1,5,79.25,-0.7274300000000002,0
N=C(N)C1N=CON=N1,127.107,5,2,1,1,6,96.18,-0.32583000000000006,1
NC1=NC(=NCO)C=N1,126.11899999999999,4,2,1,1,5,83.33,-1.2662000000000002,0
CN=C1N=C(CO)N=C1O,141.13,3,2,1,1,5,77.54,-0.6243999999999998,0
CN=C1N=CNC1=O,111.10399999999998,2,1,0,1,4,53.82,-0.8272000000000002,0
Cc1nc(C=O)c(O)o1,127.09899999999996,4,1,1,1,4,63.33,0.50112,0
C#Cc1nnc(N)n1C=N,135.13,5,2,1,1,5,80.58,-0.7032300000000005,0
CN=C1N=COC1=NO,127.10299999999998,4,1,0,1,5,66.54,-0.13909999999999995,0
Cc1nc(NC=O)no1,127.10299999999998,4,1,2,1,5,68.02000000000001,-0.053680000000000117,0
NC1=CN=C(N)C1=O,111.104,4,2,0,1,4,81.47,-1.2735999999999998,0
N=C1OC(=N)C(C=O)O1,128.087,5,2,1,1,5,83.23,-0.48726000000000025,1
Cc1nc(=O)c(N)no1,127.103,5,1,0,1,5,82.01,-0.6795800000000001,0
N=C1COC(=O)OCN1,130.103,4,2,0,1,5,71.41,-0.32243000000000016,0
NC(=O)C1=NC(=O)N=C1,125.08699999999999,2,1,1,1,5,84.88000000000001,-0.8829,0
CNc1n[nH]c(=O)n1C=O,142.118,5,2,2,1,6,79.78,-1.3485999999999998,0
N=C1C=C(CO)C(=O)O1,127.09899999999998,4,2,1,1,4,70.38,-0.5608300000000002,0
N=CN1C(=N)NC1=O,112.09199999999998,3,3,1,1,5,80.04,-0.44656,0
CNc1nc[nH]c(=O)n1,126.11899999999999,4,2,1,1,5,70.67,-0.7934000000000001,0
CC(=O)NC1=C(O)C=N1,126.11499999999998,3,2,1,1,4,61.69,-0.06600000000000006,0
CC(=O)C1=NC(N)=N1,111.10400000000001,4,1,1,1,4,67.81,-0.6978,0
N=C(N)N1CC(=O)CO1,129.119,3,2,0,1,5,79.41000000000001,-1.30383,0
N=C1NC(=O)OCCO1,130.103,4,2,0,1,5,71.41000000000001,-0.32243,0
Nc1nncnc1C=O,124.10299999999998,5,1,1,1,5,81.75999999999999,-0.7337000000000002,0
N=C1OC(=N)C(=O)O1,114.05999999999999,5,2,0,1,5,83.23,-0.5281600000000002,0
N=C1OCC(=N)C(=N)O1,127.103,5,3,0,1,5,90.01,-0.034989999999999966,0
CC(=O)c1noc(N)n1,127.10300000000001,5,1,1,1,5,82.01,-0.14560000000000006,0
Cc1nc(=N)[nH]c[n+]1[O-],126.11899999999999,3,2,0,1,5,79.47,-1.16901,0
N=CN1C=NC(=N)OC1,126.11899999999999,3,2,1,1,5,72.53,-0.15376000000000006,0
N=c1nnc(C=O)n[nH]1,125.091,5,2,1,1,6,95.38,-1.5083300000000002,0
CNC(=N)c1cnn[nH]1,125.135,3,3,1,1,5,77.45,-0.6505300000000005,0
N=C1C=C(F)C(=O)O1,115.06299999999999,3,1,0,1,4,50.150000000000006,0.37387000000000004,0
CC1=NC(=N)N=C1C=N,122.13099999999999,2,2,1,1,4,72.42,0.48624,0
Cc1cnnc(=O)n1N,126.11900000000001,5,1,0,1,5,73.8,-1.3394799999999996,0
N=C1COC(=O)NC=N1,127.103,3,2,0,1,5,74.53999999999999,-0.26823000000000013,0
NC1=NN=C(C=O)C1=O,125.08699999999997,5,1,1,1,5,84.88,-1.5188,0
COc1nn[nH]c1C#N,124.103,4,1,1,1,5,74.59,-0.31502000000000013,0
O=C1C=NC(NCO)=C1,126.11499999999998,4,2,2,1,4,61.69,-0.9793000000000003,0
N=C1C(CO)=CN=C1N,125.131,4,3,1,1,4,82.46,-0.7468300000000001,0
N=CC1CN=NC(=O)O1,127.103,4,1,1,1,5,74.87,0.60697,1
NC(=O)N1C=NC1=O,113.076,2,1,0,1,5,75.76,-0.47099999999999986,0
N=C1OCC(=O)OC1=N,128.087,5,2,0,1,5,83.22999999999999,-0.48566000000000015,0
CNc1nncc(N)n1,125.135,5,2,1,1,5,76.72,-0.5045000000000002,0
N=C1OC(=O)C(=O)O1,115.04399999999998,5,1,0,1,5,76.45,-0.9788300000000001,0
N=C(O)C1=NC(N)=N1,112.09200000000001,4,3,1,1,5,94.82,-0.75153,0
CC(=O)C1=NNC1=N,111.104,3,2,1,1,4,65.31,-0.4881300000000001,0
N#CC(N)C1=CN=N1,108.104,4,1,1,1,4,74.53,0.14448000000000005,1
NCC1=NC(=O)N=C1N,126.119,3,2,1,1,5,93.83,-1.1231,0
NC1=CN=C(C=O)C1=NO,139.114,5,2,1,1,5,88.04,-0.7298,0
COC1=NNC(=O)C1=O,128.087,4,1,0,1,5,67.75999999999999,-1.3548000000000002,0
CC(=N)n1ncnc1O,126.11899999999999,5,2,0,1,5,74.79,-0.17103000000000013,0
CC(=O)NC1OC1=O,115.08799999999998,3,1,1,1,4,58.7,-0.9946000000000002,1
N=C1OCN=NCC1=O,127.103,5,1,0,1,5,74.87,-0.027330000000000076,0
Nc1cc(C=O)nn1N,126.11900000000001,5,2,1,1,5,86.93,-1.0084000000000004,0
COC1=NN=C(N)C1=N,126.119,5,2,0,1,5,83.82,-0.66313,0
N=C1OCOC(=O)C1=N,128.087,5,2,0,1,5,83.23,-0.48566000000000015,0
NC(=O)OC1C=NC=N1,127.103,4,1,1,1,5,77.04,-0.47950000000000004,1
N=C1OCNC(=O)CO1,130.10299999999998,4,2,0,1,5,71.41,-0.9583300000000003,0
N=C1NN(C=O)C=NCO1,142.118,4,2,1,1,6,77.78000000000002,-1.0998299999999999,0
NC(=O)OC1=CN=C1N,127.10300000000001,4,2,1,1,5,90.7,-0.7061,0
CNC1NC(=N)C(=O)O1,129.119,4,3,1,1,5,74.21,-1.3869299999999998,1
CC(=N)c1noc(=N)o1,127.103,5,2,1,1,5,86.87,0.13484000000000007,0
N=C1NC(=O)OC1=N,113.076,4,3,0,1,5,86.03,-0.3192599999999998,0
CC(O)C1=NN=C1N,113.12000000000002,4,2,1,1,4,70.97,-0.9060000000000001,1
N=C1CC(=O)OC(=N)O1,128.087,5,2,0,1,5,83.23,-0.13806000000000002,0
N=C1NC(CN)=NC1=O,126.11900000000001,3,3,1,1,5,91.33000000000001,-1.5493299999999997,0
N=c1[nH]occc1=O,112.08799999999998,3,2,0,1,4,69.85,-0.55263,0
O=C1NC(=NO)C(=O)O1,130.059,5,2,0,1,6,87.99,-0.9595000000000002,0
N#Cn1[nH]c(=N)oc1=N,125.091,5,3,0,1,6,105.35,-1.3026799999999996,0
CC1=C(N)N=NC1=N,110.12,3,2,0,1,4,74.59,0.6196700000000002,0
N=CN=C1NCOC1=N,126.11899999999999,3,3,1,1,5,81.32,-0.4534599999999999,0
N=C1OC1(N)C(=O)O,116.076,4,3,1,1,5,99.7,-1.26653,1
CN(O)C1=NC(=N)N=N1,127.10700000000001,4,2,0,1,6,84.39999999999999,0.0639700000000002,0
CN=C1NC(=N)OCO1,129.119,4,2,0,1,5,66.7,-0.4991300000000003,0
CC1=NC(=N)C(C=O)=N1,123.11499999999998,3,1,1,1,4,65.64,0.035569999999999935,0
Nc1[nH]ncc1C=O,111.10399999999997,3,2,1,1,4,71.77000000000001,-0.19560000000000038,0
Cc1nnc(N)n1C=O,126.119,5,1,1,1,5,73.8,-0.7929800000000002,0
Cc1n[nH]c(=N)c(=O)o1,127.10299999999998,4,2,0,1,5,82.74,-0.84921,0
CC1=NC(CO)=NC1=O,126.11499999999998,3,1,1,1,4,62.02,-0.6217000000000001,0
CNC1=NC(=O)OCC1=N,141.13,4,2,0,1,5,74.53999999999999,-0.22573000000000015,0
N=C1NC=CNC(O)O1,129.119,4,4,0,1,5,77.37,-1.1223300000000005,1
CCc1nnc(=O)[nH]n1,126.11899999999999,4,1,1,1,5,71.53,-0.8777000000000001,0
Cc1[nH]nnc1NC=O,126.11899999999999,3,2,2,1,5,70.67,-0.31858000000000025,0
CN=NC1=NC=NC1=N,123.119,4,1,0,1,5,73.28999999999999,0.48607000000000006,0
COc1coc(=N)nn1,127.10300000000001,5,1,1,1,5,72.0,-0.44233000000000006,0
CN1C(=O)NCNC1=O,129.119,2,2,0,1,5,61.440000000000005,-0.6915,0
O=C1NC(CO)OC1=O,131.087,4,2,1,1,5,75.63,-2.0222000000000007,1
N=c1[nH]cnc(=O)n1N,127.10700000000001,5,3,0,1,6,100.55,-2.2353299999999994,0
CN=C1N=NC(CO)=N1,126.11899999999999,3,1,1,1,5,69.67,-0.17119999999999996,0
CN=C1NCNC(=O)O1,129.119,3,2,0,1,5,62.72,-0.7409000000000003,0
N=C1OC(N)=NC1=O,113.07600000000001,4,2,0,1,5,88.53,-1.1648300000000003,0
CN=C(N)C1=NOC1=O,127.10299999999998,4,1,1,1,5,77.03999999999999,-1.1138000000000001,0
Cc1noc(=N)n1CO,129.11900000000003,5,2,1,1,5,75.04,-0.7862100000000003,0
O=c1ocnn1CCO,130.103,5,1,2,1,5,68.26,-1.1714000000000004,0
Nc1cc(C=O)nn1O,127.103,5,2,1,1,5,81.14,-0.48490000000000005,0
NC(=O)OC1=NCOC1,130.103,4,1,0,1,5,73.91000000000001,-0.5321,0
CC(=O)n1cnnc1N,126.11900000000001,5,1,0,1,5,73.8,-0.47959999999999997,0
CN=C1C=NOC1=N,111.10399999999998,4,1,0,1,4,57.800000000000004,0.05046999999999996,0
N=CN1OC(=O)C1=N,113.076,4,2,1,1,5,77.24000000000001,-0.6554599999999999,0
N=C1N=COCC(=O)N1,127.103,3,2,0,1,5,74.53999999999999,-0.9041300000000001,0
CN1C=NNC(=N)N1C=O,141.134,4,2,1,1,6,71.79,-1.2271299999999996,0
CNC(=O)C1=NNC1=O,127.103,3,2,1,1,5,70.56,-1.7817999999999996,0
N=Cc1cnnc(N)n1,123.11900000000001,5,2,1,1,5,88.54,-0.5485300000000002,0
N=C1COC(=N)OCN1,129.119,4,3,0,1,5,78.19,-0.5076600000000002,0
CC(=O)N1NC(=O)CO1,130.10299999999998,3,1,0,1,5,58.64,-1.1887,0
N#CC(=N)n1cn[nH]1,109.092,4,2,0,1,5,81.25,-0.43985,0
N=COC1CON(C=N)C1,143.146,4,2,3,1,5,69.4,-0.16705999999999993,1
N=C1OCCOC(=N)O1,130.103,5,2,0,1,5,75.39,-0.0806599999999999,0
N=C1C=NC(C=O)=N1,109.088,3,1,1,1,4,65.64,-0.35453,0
N=C1OCC(C=O)CO1,129.11499999999998,4,1,1,1,4,59.379999999999995,-0.21693000000000007,0
N#CCOc1ncno1,125.08699999999999,5,0,2,1,5,71.94,-0.028020000000000045,0
N=C1N=C(O)OCCN1,129.119,2,3,0,1,5,77.7,-0.5450300000000001,0
CC1=C(CO)N=NC1=O,126.115,3,1,1,1,4,62.02,0.24510000000000004,0
N=C1NC(=N)C(=O)CO1,127.103,4,3,0,1,5,86.03000000000002,-0.91266,0
N=NC1CC(=O)OCO1,130.103,5,1,1,1,5,71.74000000000001,0.2644699999999999,1
CC(O)C1=NC(O)=N1,114.104,3,2,1,1,4,65.18,-0.30670000000000003,1
N=C1OCC(C=O)OC1=N,142.11399999999998,5,2,1,1,5,83.22999999999999,-0.44476,1
CNC(=O)N1C=NC1=O,127.103,2,1,0,1,5,61.77,-0.21029999999999988,0
N=C1N=C(C=O)N=C1N,124.103,4,2,1,1,5,91.66,-1.06813,0
N=C1NC(=O)COC1=N,127.103,4,3,0,1,5,86.03,-0.9126600000000002,0
N=C1N=C(N)N=C1C=O,124.103,4,2,1,1,5,91.66,-1.06813,0
CCn1nc(N)c(N)n1,127.15100000000001,5,2,1,1,5,82.75,-0.5376000000000001,0
CC(=O)N1COC(=N)O1,130.103,4,1,0,1,5,62.620000000000005,-0.31102999999999986,0
N=Cc1n[nH]c(O)n1,112.09199999999998,4,3,1,1,5,85.65,-0.4920300000000001,0
CC1=NC(N)=NC1=N,110.12,3,2,0,1,4,74.59,-0.24712999999999996,0
Nc1cnc(C=O)nc1O,139.114,5,2,1,1,5,89.10000000000001,-0.4230999999999999,0
CNC(=O)C1=NC(N)=N1,126.11900000000001,4,2,1,1,5,79.84,-1.540799999999999,0
CC(=O)C1=NN=C1N,111.10400000000001,4,1,1,1,4,67.81,-0.6978,0
NC1=CC(=O)C(=O)O1,113.07199999999999,4,1,0,1,4,69.39,-1.0876000000000001,0
CC1=NC(C(N)=O)=N1,111.104,3,1,1,1,4,67.81,-0.6978,0
N=CNC1=NN=CC1=N,123.119,4,3,1,1,5,84.45,-0.3992599999999999,0
NC1=NC(CO)=NC1=O,127.10299999999998,4,2,1,1,5,88.03999999999999,-1.7254,0
CC(O)C1=NC(N)=N1,113.12000000000002,4,2,1,1,4,70.97,-0.9060000000000001,1
N=C1OC(=N)C(C=O)O1,128.087,5,2,1,1,5,83.23,-0.48726000000000025,1
N=C1COC(=N)C(=O)OC1,142.11399999999998,5,2,0,1,5,83.23,-0.4431600000000002,0
Cc1n[nH]c(=N)n1CO,128.135,4,3,1,1,5,77.69,-1.0511100000000002,0
N=Cc1nc(=N)n(O)[nH]1,127.107,5,4,1,1,6,101.54000000000002,-1.0743600000000002,0
N=C1COCNC(=N)O1,129.119,4,3,0,1,5,78.19000000000001,-0.5076600000000004,0
CN=c1onc(C=N)o1,127.10299999999998,5,1,1,1,5,75.38,-0.20423000000000008,0
COC1=NC(=N)C(N)=N1,126.11900000000001,4,2,0,1,5,83.82,-0.6631300000000002,0
N=C1COC(=N)CON1,129.119,4,3,0,1,5,78.19,-0.5076600000000002,0
N=C1C=NC(CO)=N1,111.104,3,2,1,1,4,68.8,-0.5611300000000001,0
CN=C1CC(=NOC)O1,128.131,4,0,1,1,4,43.18000000000001,0.39490000000000003,0
CNC1=NN=C1C=NO,126.11899999999999,5,2,1,1,5,69.34,-0.5661,0
N=CN1NC(=O)C1=O,113.07599999999998,3,2,1,1,5,73.26,-1.53313,0
N#CC1NC(=N)OC1=O,125.08699999999999,4,2,0,1,5,85.97,-1.0402500000000003,1
CC1NC(=O)N=C1O,114.10399999999998,1,2,0,1,4,61.69,0.05460000000000009,1
N=C1C(=O)NC1CO,114.10399999999998,3,3,1,1,4,73.18,-1.5031300000000003,1
N=C1NC(=N)C(=O)OCO1,143.102,5,3,0,1,6,95.26000000000002,-0.98106,0
NC(=O)N1COC(=O)C1,130.10299999999998,3,1,0,1,5,72.63,-1.1185999999999998,0
N=C1OC(=O)OC1C=O,129.07099999999997,5,1,1,1,5,76.44999999999999,-0.30203,1
N=C1N=C(CN)C(=O)N1,126.119,3,3,1,1,5,91.33000000000001,-1.5493299999999994,0
Cc1n[nH]nc1COC=N,140.146,4,2,3,1,5,74.65,0.23679000000000006,0
CNC(=O)c1cnon1,127.103,4,1,1,1,5,68.02000000000001,-0.5708000000000002,0
CNc1nnc(=N)on1,127.107,6,2,1,1,6,87.69000000000001,-1.0142300000000004,0
CCC1=NN=C(N)C1=O,125.13099999999999,4,1,1,1,4,67.81,-0.30770000000000003,0
CNc1c(O)cnn1N,128.135,5,3,1,1,5,76.1,-0.6558000000000002,0
N=C1CN=C1NCO,113.11999999999999,4,3,1,1,4,68.47,-1.0423300000000002,0
N#Cn1[nH]c(=O)oc1=N,126.07499999999999,5,2,0,1,6,98.57,-1.4219499999999998,0
COc1cnoc(=N)n1,127.103,5,1,1,1,5,72.0,-0.44233000000000006,0
NC1=CNC(=O)C1=O,112.088,3,2,0,1,4,72.19,-1.5146000000000004,0
CNc1ncnc(N)n1,125.135,5,2,1,1,5,76.72,-0.5045000000000002,0
COC1=NN=C1C=NCO,141.13,5,1,2,1,5,66.54,-0.5785,0
NC(=O)C1=CC(CO)=N1,126.11499999999998,3,2,2,1,4,75.68,-1.1975000000000002,0
COC1=NC(=O)C(CO)=N1,142.114,4,1,1,1,5,71.25,-1.0377,0
Nc1conc1C=NC=O,139.114,4,1,2,1,5,81.47999999999999,-0.16789999999999994,0
CC1(C(=O)O)N=CO1,115.088,3,1,1,1,4,58.89,-0.15430000000000005,1
N=C1OCC(O)NC1=O,130.10299999999998,4,3,0,1,5,82.41,-1.5715299999999999,1
Nc1conc1C=NC=O,139.114,4,1,2,1,5,81.47999999999999,-0.16789999999999994,0
COc1ncn[nH]c1=N,126.119,4,2,1,1,5,74.65,-0.70723,0
N=CN1CC(=O)C1=NO,127.10299999999998,4,2,1,1,5,76.75,-0.7341300000000002,0
CC1=NC(=O)N=C1N,111.104,2,1,0,1,4,67.81,-0.061899999999999844,0
CNC#CC1=NC(=N)N=N1,135.13,3,2,0,1,5,72.96000000000001,-0.034230000000000094,0
N#CCC1=NC(=N)N=N1,121.10300000000001,3,1,1,1,5,84.72,0.69915,0
N=C1NC(C=O)OC1=O,128.087,4,2,1,1,5,79.25,-1.3649300000000002,1
COC1(C(N)O)NC1=N,131.135,4,4,2,1,5,101.27000000000001,-1.8133299999999992,2
Nc1oncc(=O)c1O,128.087,5,2,0,1,5,89.35000000000001,-0.6774,0
N=C1OC=NCNC1=O,127.103,4,2,0,1,5,74.53999999999999,-0.9041300000000003,0
Cc1nc[n+]([O-])n1O,115.09199999999998,4,1,0,1,5,64.99,-0.9377800000000001,0
N=C1COC(=N)C(=N)O1,127.103,5,3,0,1,5,90.01,-0.034989999999999966,0
CC(=O)c1n[nH]c(=N)o1,127.103,4,2,1,1,5,82.74,-0.31523000000000007,0
N=C1CN=COC(=O)O1,128.087,5,1,0,1,5,71.74,0.15876999999999997,0
Nc1nocc1COCO,144.13,5,2,3,1,5,81.51,-0.2768000000000001,0
CC(=NCN)C1=NN=N1,125.135,5,1,2,1,5,75.46,0.14280000000000015,0
CC1=C(N)C(=O)N=N1,111.104,3,1,0,1,4,67.81,0.16900000000000015,0
Nc1nc(C=O)[nH]c1N,126.11899999999999,4,3,1,1,5,97.78999999999999,-0.6134000000000002,0
CN=C1N=NC(=O)O1,113.07599999999998,3,0,0,1,5,63.379999999999995,0.5746,0
Cc1nnc(=O)[nH]n1,112.092,4,1,0,1,5,71.53,-1.1316800000000002,0
Cc1n[nH]c(=N)n1C=N,125.13499999999999,4,3,1,1,5,81.31,-0.5457400000000003,0
C#CC1=NC(N)=NC1=O,121.099,3,1,0,1,4,67.81,-1.0845,0
O=CNC1COC(=O)N1,130.103,3,2,2,1,5,67.42999999999999,-1.2017000000000002,1
Cc1nc(OC=N)no1,127.10299999999998,5,1,2,1,5,72.0,0.36388999999999994,0
Cn1nc(N)nc1C=N,125.135,5,2,1,1,5,80.58000000000001,-0.6050300000000002,0
Nc1cnc(N)[n+]([O-])c1,126.119,4,2,0,1,5,91.86999999999999,-1.1206,0
N#Cc1n[nH]c(N)[n+]1[O-],125.091,4,2,0,1,6,105.42999999999999,-1.5030200000000002,0
N=C1NC(=O)C(C=O)O1,128.087,4,2,1,1,5,79.25000000000001,-1.3649300000000002,1
N=C1OCC(=O)CNC1=O,142.114,4,2,0,1,5,79.25,-1.3208300000000004,0
O=CN1CNC(=O)CN1,129.119,3,2,1,1,5,61.440000000000005,-1.9632999999999994,0
N=C1OC=NCOC1=N,127.103,5,2,0,1,5,78.52000000000001,-0.026460000000000095,0
CN=c1nc(N)c1=N,110.12,4,2,0,1,4,75.12,-1.4506299999999994,0
Cc1ncoc(=N)c1O,126.11499999999998,4,2,0,1,4,70.11,0.16808999999999996,0
N=c1[nH]cnc(N)[n+]1[O-],127.10700000000001,4,3,0,1,6,105.49,-1.8952299999999997,0
N=CN1COC(=O)CN1,129.119,4,2,1,1,5,65.42,-1.0856300000000003,0
COC1=C(OC#N)N=C1,124.09899999999999,4,0,2,1,4,54.61,0.38398,0
N=c1ncc(C=O)no1,125.08699999999999,5,1,1,1,5,79.84,-0.63843,0
N=C1COC(=N)OCO1,130.103,5,2,0,1,5,75.39,-0.08066000000000012,0
N#CCc1nc(CO)no1,139.114,5,1,2,1,5,82.94,-0.37201999999999996,0
N=c1[nH]c(=O)n(C=O)o1,129.075,5,2,1,1,6,91.85000000000001,-1.7128299999999996,0
C#Cc1nonc1N,109.08800000000001,4,1,0,1,4,64.94,-0.36689999999999995,0
N=c1ncoc(=O)[nH]1,113.076,4,2,0,1,5,82.74000000000001,-1.1576300000000002,0
N=C1N=CC(=N)C(N)=N1,123.11900000000001,3,3,0,1,5,98.44,-0.6174600000000001,0
N=C1NCNC(=O)CO1,129.119,3,3,0,1,5,74.21000000000001,-1.3853300000000002,0
NCc1n[nH]c(C=O)n1,126.11899999999997,4,2,2,1,5,84.66,-0.9241000000000004,0
N=COC1CC(=O)C1O,129.115,4,2,2,1,4,70.38,-0.6876300000000002,2
N=Cn1[nH]c(=O)oc1=O,129.075,5,2,1,1,6,91.85,-1.4152300000000002,0
CC1OC(=N)OC(=O)O1,131.087,5,1,0,1,5,68.61,0.4505699999999999,1
N=C1CC(=O)NC1=O,112.08799999999998,3,2,0,1,4,70.02000000000001,-0.9473300000000002,0
N=C1C(=O)NN=C1N,112.09200000000001,4,3,0,1,5,91.33,-1.5918299999999999,0
N=C1OCC(=O)C(=N)O1,128.087,5,2,0,1,5,83.23,-0.48566000000000015,0
N=C1OCOC(=O)C1=N,128.087,5,2,0,1,5,83.23,-0.48566000000000015,0
O=C1N=C(O)C(=O)N1,114.05999999999997,2,2,0,1,5,78.75999999999999,-0.8072999999999999,0
O=CC1=NC(CO)=N1,112.088,4,1,2,1,4,62.019999999999996,-1.0118,0
CNC(=O)N1NCC1=O,129.119,3,2,0,1,5,61.440000000000005,-1.3273999999999995,0
CNC1=NC(=N)N=C1C=O,138.13,3,2,1,1,5,77.67,-0.8074300000000003,0
CC1=NC(C(=N)O)OC1,128.13099999999997,3,2,1,1,4,65.67,0.33887,1
COc1n[nH]c(=N)n1C=O,142.118,5,2,2,1,6,83.75999999999999,-1.26243,0
N=C1CNC(=O)OC(=O)N1,143.102,4,3,0,1,6,91.28,-0.5869300000000002,0
CN=C1C=NN=C1N,110.12,4,1,0,1,4,63.099999999999994,-0.5862,0
N=C1C=C(CO)N=N1,111.104,3,2,1,1,4,68.8,0.30567000000000005,0
N=c1ccc(O)nn1N,126.11900000000001,5,3,0,1,5,87.92,-1.2180300000000002,0
N=C1CC(=O)NOC=N1,127.10299999999998,3,2,0,1,5,74.54,-0.5565300000000002,0
CNC1=CC(N)=NC1=O,125.13100000000001,3,2,1,1,4,67.47999999999999,-1.0129,0
N=C1OCOC(=O)CO1,131.087,5,1,0,1,5,68.61,-0.5313300000000001,0
CNc1ncoc(=O)n1,127.10299999999998,5,1,1,1,5,68.02000000000001,-0.5285,0
Cc1n[nH]c(=O)c(N)n1,126.119,4,2,0,1,5,84.66,-0.9444800000000002,0
CC1=NC(N)=NC1=N,110.12,3,2,0,1,4,74.59,-0.24712999999999996,0
Cn1[nH]c(=O)c(=N)o1,115.09199999999998,4,2,0,1,5,74.78,-1.2141299999999997,0
N=C1OCC(=O)C(=N)O1,128.087,5,2,0,1,5,83.23,-0.48566000000000015,0
CC(=O)N1N=CNN1N,129.123,5,2,0,1,6,73.96000000000001,-1.612899999999999,0
N=C1NC=NC(N)CO1,128.13500000000002,4,3,0,1,5,83.49000000000001,-1.1459300000000003,1
COc1cnc(=O)[nH]n1,127.103,4,1,1,1,5,67.87,-0.8265000000000002,0
CN=C1OC(=N)C(=O)O1,128.087,5,1,0,1,5,71.74,-0.47713,0
N=C1OC(=O)N=C1N,113.07600000000001,4,2,0,1,5,88.53,-0.5289300000000001,0
Cn1cnn1C(=N)N,113.12400000000001,4,2,0,1,5,72.62,-1.03683,0
COC1=NNC(=O)C1=N,127.10299999999998,4,2,0,1,5,74.53999999999999,-0.9041300000000001,0
COc1cnnoc1=N,127.103,5,1,1,1,5,72.0,-0.44233000000000006,0
O=Cc1n[nH]nc1CO,127.10299999999998,4,2,2,1,5,78.87,-0.8905000000000001,0
N=C1OCOC(=O)CO1,131.087,5,1,0,1,5,68.61,-0.5313300000000001,0
N=C1N=C(N)C(C=O)=N1,124.103,3,2,1,1,5,91.66000000000001,-1.06813,0
CC(O)C1=NN=CC1=N,125.131,4,2,1,1,4,68.80000000000001,-0.17263,1
NC(=O)c1coc(=O)o1,129.07099999999997,4,1,1,1,5,86.44000000000001,-0.6683000000000001,0
C#Cc1n[nH]nc1N,108.104,3,2,0,1,4,67.59,-0.6318000000000001,0
Nc1oncc1C=O,112.08799999999998,4,1,1,1,4,69.12,0.06930000000000003,0
NC1=NC(N)C(=O)CO1,129.119,5,2,0,1,5,90.7,-1.8147999999999995,1
N=C1NCC(=O)C(O)O1,130.10299999999998,4,3,0,1,5,82.41000000000001,-1.5715300000000003,1
CC(O)C1=C(N)N=[N+]1[O-],129.11900000000003,4,2,1,1,5,84.67999999999999,-0.5289000000000001,1
Cc1noc(=N)n1C,113.12,4,1,0,1,4,54.81,-0.19901000000000013,0
N=Cc1n[nH]nc1C=O,124.10299999999998,4,2,2,1,5,82.49000000000001,-0.38513,0
COC1=NC(=N)C(CO)=N1,141.13,4,2,1,1,5,78.03,-0.5870299999999999,0
N=c1nc(C=O)nc[nH]1,124.10299999999998,4,2,1,1,5,82.49000000000001,-0.9033300000000004,0
COC1COC=NN=C1N,143.146,5,1,1,1,5,69.2,-0.6679000000000002,1
N=C1NC(=O)OCCO1,130.103,4,2,0,1,5,71.41000000000001,-0.32243,0
C[N+](=O)C1=NC(=O)O1,115.068,3,0,0,1,5,58.739999999999995,-0.09870000000000007,0
Nc1oncc1C=O,112.08799999999998,4,1,1,1,4,69.12,0.06930000000000003,0
CC(=O)C1=NC(O)=N1,112.088,3,1,1,1,4,62.019999999999996,-0.09849999999999998,0
Cc1nnc(C=N)n1N,125.135,5,2,1,1,5,80.58,-0.70201,0
N=C1ON=C(F)C1=N,115.067,4,2,0,1,5,69.28999999999999,0.29664,0
COc1nc(C=N)n[nH]1,126.119,4,2,2,1,5,74.65,-0.18903000000000014,0
N=C1OC(=N)C(=O)O1,114.05999999999999,5,2,0,1,5,83.23,-0.5281600000000002,0
COC1=NOC1=NC=O,128.087,4,0,1,1,5,60.25,-0.4686000000000001,0
CC1=NNN=C(N)N1C=O,141.13400000000001,5,2,1,1,6,83.07999999999998,-1.3888999999999998,0
N=c1[nH]c(=N)oc(=O)[nH]1,128.091,4,4,0,1,6,109.48999999999998,-1.7450600000000005,0
N=C1NC(=O)OCC1=O,128.087,4,2,0,1,5,79.25,-0.72743,0
CC(=O)n1cnc(=N)o1,127.103,5,1,0,1,5,71.88,-0.38433,0
O=C1CNC(=O)C(=O)O1,129.071,4,1,0,1,5,72.47,-1.814,0
N=C1OC=NC1CO,114.10399999999998,4,2,1,1,4,65.67,-0.61693,1
N=C1NCNCC(=O)O1,129.119,4,3,0,1,5,74.21000000000001,-1.3853299999999997,0
CC(=O)C1=NN=C1N,111.10400000000001,4,1,1,1,4,67.81,-0.6978,0
N=CNOC1COC1=O,130.10299999999998,4,2,3,1,5,71.41,-0.9599300000000002,1
NC(=O)C1=NC(N)=N1,112.09200000000001,4,2,1,1,5,93.83,-1.8014999999999999,0
N=C1OC(=O)C(=O)O1,115.04399999999998,5,1,0,1,5,76.45,-0.9788300000000001,0
CN=C1OCOC(=N)O1,130.103,5,1,0,1,5,63.900000000000006,-0.07212999999999997,0
CN=c1nc(N)c1=O,111.104,4,1,0,1,4,68.34,-1.5698999999999999,0
N=c1[nH]c(=N)oc(=O)o1,129.075,5,3,0,1,6,106.83999999999999,-1.4801600000000006,0
CNc1n[nH]c(=O)n1C=N,141.134,5,3,2,1,6,86.56,-0.93173,0
N=C1N=CNC1C=NO,126.11899999999997,4,3,1,1,5,80.83,-0.57623,1
Cc1nnn[nH]c1=NCO,141.13400000000001,5,2,1,1,6,87.05,-1.6413800000000003,0
Nc1coc(=O)nc1N,127.10300000000001,5,2,0,1,5,95.14,-0.8008,0
N=COC1C(=N)OC1=O,128.087,5,2,2,1,5,83.22999999999999,-0.48725999999999997,1
N=CN1C=NCC(=O)O1,127.10299999999998,4,1,1,1,5,65.75,-0.6044300000000002,0
CC1=NC(=N)N=C1C=N,122.13099999999999,2,2,1,1,4,72.42,0.48624,0
N=C1CC(=O)C(=O)N1,112.08799999999998,3,2,0,1,4,70.02,-0.9473300000000002,0
N=C1C=NOC1CC=O,126.11499999999998,4,1,2,1,4,62.51,-0.02022999999999997,1
NC1=CC(N)=NC1=O,111.10400000000001,3,2,0,1,4,81.47,-1.2736000000000003,0
N=C1OCC(=O)C(=N)O1,128.087,5,2,0,1,5,83.23,-0.48566000000000015,0
N=C1OCC(=O)OC1=N,128.087,5,2,0,1,5,83.22999999999999,-0.48566000000000015,0
CC1=NN=C(N)C1=NCO,140.14600000000002,5,2,1,1,5,83.33,-0.8760999999999999,0
N=C(N)C1=NC(=O)N=C1,124.103,2,2,1,1,5,91.66000000000001,-0.4322299999999999,0
NC1=CC(=O)C(=O)N1,112.088,3,2,0,1,4,72.19,-1.5146,0
N=C1N=CC(N)=C1O,111.104,3,3,0,1,4,82.46000000000001,-0.22363000000000027,0
O=C1CC(=O)NC(=O)N1,128.087,3,2,0,1,5,75.27,-1.2575,0
NC(=O)C1=NC(O)=N1,113.076,3,2,1,1,5,88.04,-1.2022000000000002,0
N=CN1CNC(=O)OC1,129.11899999999997,3,2,1,1,5,65.42,-0.44972999999999996,0
COC1=NN=C1CO,114.10399999999998,4,1,1,1,4,54.18000000000001,-0.6068,0
N=c1cn[nH]nc1C=O,124.10299999999998,4,2,1,1,5,82.49000000000001,-0.9033300000000004,0
N=CC1=NC(=N)C=C1N,122.131,3,3,1,1,4,86.08,-0.08955999999999997,0
N=CC1=NCNC1=NO,126.119,4,3,1,1,5,80.83,-0.5746300000000002,0
Nc1ncnc(C=O)n1,124.10299999999998,5,1,1,1,5,81.76,-0.7337,0
Nc1nc(C=O)nn1N,127.107,6,2,1,1,6,99.82000000000001,-1.6134000000000004,0
NCC(=O)C1=NC(N)=N1,126.11900000000001,5,2,2,1,5,93.83,-1.7589999999999995,0
N=CN1C(=N)NCC1=O,126.11899999999999,3,3,1,1,5,80.04,-1.03996,0
COc1ncc(=O)[nH]n1,127.103,4,1,1,1,5,67.87,-0.8265000000000002,0
N=COC1C(=N)OC1=N,127.103,5,3,2,1,5,90.00999999999999,-0.03658999999999979,0
N=C1CC(=N)OCCO1,128.131,4,2,0,1,4,66.16000000000001,0.37784,0
N=CN1CN=COC1=O,127.10299999999997,4,1,1,1,5,65.75,0.03146999999999994,0
N#CCc1nc(N)no1,124.10300000000001,5,1,1,1,5,88.73,-0.28212000000000004,0
Nn1c(CO)n[nH]c1=O,130.107,5,3,1,1,6,96.92999999999998,-2.2225000000000006,0
N=c1nc(C=O)cn[nH]1,124.10299999999998,4,2,1,1,5,82.49000000000001,-0.9033300000000002,0
N=C1OC(=N)C(=NO)O1,129.075,6,3,0,1,6,98.75,-0.26705999999999996,0
COC1=CC(=O)N=C1N,126.11500000000001,3,1,1,1,4,64.67999999999999,-0.5859000000000001,0
NC1=CC(=O)C(=O)O1,113.07199999999999,4,1,0,1,4,69.39,-1.0876000000000001,0
CN=c1nnn(C=N)[nH]1,126.12299999999999,5,2,1,1,6,82.71000000000001,-1.4081300000000003,0
CN=C1C=NC(N)=[N+]1[O-],126.119,4,1,0,1,5,76.80999999999999,-1.0758999999999999,0
N=C1N=CN=C(N)C1=O,124.103,4,2,0,1,5,91.66,-1.06813,0
N=C1COC(=N)OCO1,130.103,5,2,0,1,5,75.39,-0.08066000000000012,0
CN=c1cnoc(N)n1,126.119,5,1,0,1,5,77.3,-0.8177000000000001,0
CC(O)C1=NC(=N)N1,113.12,2,3,1,1,4,68.47,-0.6963300000000001,1
CCC(=O)N1N=NC1=O,127.103,3,0,1,1,5,62.1,0.7258,0
N=c1[nH]c(=O)oc(=N)o1,129.075,5,3,0,1,6,106.83999999999999,-1.4801599999999997,0
N=C1CC(C(=N)O)CO1,128.131,3,3,1,1,4,77.16000000000001,0.5354399999999999,1
N=C1CC(=O)OC=CO1,127.09899999999996,4,1,0,1,4,59.38000000000001,0.39837000000000006,0
CC1=NN=C(N)C1=O,111.104,4,1,0,1,4,67.81,-0.6978,0
COC1=NN=C1NC=O,127.10299999999998,4,1,1,1,5,63.050000000000004,-0.8956000000000002,0
COC1=C(N)C=NC1=O,126.115,3,1,1,1,4,64.68,-0.5859000000000001,0
N=C1N=C(N)C=C1N,110.12,3,3,0,1,4,88.25,-0.8229299999999997,0
C#CC(O)C1=NN=C1N,123.11500000000002,4,2,1,1,4,70.97,-1.2927,1
O=Cc1cc(=O)[nH]nn1,125.087,4,1,1,1,5,75.71000000000001,-1.0226000000000002,0
N=COC1=CN=C(N)C1=O,139.114,5,2,2,1,5,88.53,-0.6086300000000002,0
N#CN=Cc1nocc1N,136.11399999999998,5,1,1,1,5,88.2,0.15678000000000003,0
N=C1OCC(C=O)OC1=N,142.11399999999998,5,2,1,1,5,83.22999999999999,-0.44476,1
CN=C1OC(O)=NC1=N,127.103,3,2,0,1,5,78.03,-0.06383000000000016,0
N=C1OCC(=N)C(=N)O1,127.103,5,3,0,1,5,90.01,-0.034989999999999966,0
NC1=NC(=O)N=C1O,113.07599999999998,2,2,0,1,5,88.04,-0.5663,0
N=CN=C1OCOC1C=N,141.12999999999997,4,2,2,1,5,78.52000000000001,0.014439999999999842,1
N=C1CNC(=N)OCO1,129.119,4,3,0,1,5,78.19000000000001,-0.5076600000000004,0
Cc1nc(=O)cn[nH]1,111.10399999999998,3,1,0,1,4,58.64,-0.5266800000000003,0
N#CC1CN(C=N)NCO1,140.146,4,2,1,1,5,72.14,-0.7200500000000001,1
COC1=NC(=O)C(N)=N1,127.10300000000001,4,1,0,1,5,77.03999999999999,-1.1138000000000003,0
CC1OC(=O)NC(=O)O1,131.087,4,1,0,1,5,64.63,0.20879999999999999,0
N=C1OC(C(N)=O)O1,116.07600000000001,4,2,1,1,5,85.39999999999999,-1.22063,0
N=C1NCOC1C(N)=O,129.119,3,3,1,1,5,88.19999999999999,-1.60513,1
CC(=O)C1=NC(=N)O1,112.088,3,1,1,1,4,62.510000000000005,-0.06112999999999996,0
CN=c1cnonc1N,126.119,5,1,0,1,5,77.3,-0.8177000000000001,0
N=CN1C=NC(=O)OC1,127.10299999999998,3,1,1,1,5,65.75,0.031470000000000053,0
N=C1NCC(=O)C(N)O1,129.119,4,3,0,1,5,88.2,-1.60513,1
CNC(=O)C1=NC(=O)O1,128.087,3,1,1,1,5,67.76,-0.7189000000000001,0
N=c1cc(O)nc(N)o1,127.103,5,3,0,1,5,96.13,-0.5581300000000002,0
N=C1OC(=N)C(=N)O1,113.076,5,3,0,1,5,90.01,-0.07748999999999995,0
N=C1NCOC(=N)O1,115.092,4,3,0,1,5,78.19000000000001,-0.55016,0
N=C(N)c1nccn1O,126.11899999999999,4,3,1,1,5,87.92,-0.5955300000000001,0
Cc1n[nH]c(=N)n1CN,127.15100000000001,4,3,1,1,5,83.48,-1.0847099999999998,0
Cc1c[nH]nc(N)c1=O,125.131,3,2,0,1,4,71.77000000000001,-0.33948000000000017,0
N=C1N=C(F)N=C1C=O,127.07799999999999,3,1,1,1,5,65.64,-0.05732999999999999,0
N#CCc1[nH]nnc1C=O,136.114,4,1,2,1,5,82.43,-0.31672000000000006,0
N=C1OC(=O)C1C(=O)O,129.071,4,2,1,1,5,87.45,-0.7787300000000001,1
N=C1CNC(=O)C(=N)O1,127.10299999999998,4,3,0,1,5,86.03000000000002,-0.9126600000000002,0
N=C1OCC(=N)C(=O)O1,128.087,5,2,0,1,5,83.23,-0.48566000000000015,0
N=c1cnc(O)cn1N,126.119,5,3,0,1,5,87.92,-1.2180300000000002,0
N#CNC1=CN=NC1=N,121.103,4,2,1,1,5,84.39,0.3415500000000001,0
N=C1OCC(=O)OC1=O,129.071,5,1,0,1,5,76.44999999999999,-0.9363300000000001,0
N=Cc1n[nH]nc1C=O,124.10299999999998,4,2,2,1,5,82.49000000000001,-0.38513,0
CCC1=NC(=O)NC1=N,125.13099999999999,2,2,1,1,4,65.31,0.5378700000000001,0
N=C1COC(=N)OCO1,130.103,5,2,0,1,5,75.39,-0.08066000000000012,0
NC(=O)OC1=NC=C1N,127.10300000000001,4,2,0,1,5,90.7,-0.7061,0
NC1=NC(=O)C(F)=N1,115.067,3,1,0,1,5,67.81,-0.7907,0
CCc1n[nH]c(N)[n+]1[O-],128.135,3,2,1,1,5,81.64,-0.8122999999999998,0
N=C1OC=NCOC1=N,127.103,5,2,0,1,5,78.52000000000001,-0.026460000000000095,0
N=CC1=NC(N)=NC1=O,124.10300000000001,4,2,1,1,5,91.66,-1.0681300000000002,0
NC1=CC(=O)C(N)=N1,111.10400000000001,4,2,0,1,4,81.47,-1.2735999999999998,0
N=C1NOCC1OC=O,130.10299999999998,4,2,2,1,5,71.41,-0.9599300000000002,1
N=Cn1[nH]c(=N)oc1=O,128.09099999999998,5,3,1,1,6,98.63,-1.2959600000000002,0
N=C1OC=NCNC1=O,127.103,4,2,0,1,5,74.53999999999999,-0.9041300000000003,0
N=C1N=C(CO)C(=N)N1,126.11899999999999,3,4,1,1,5,92.32,-1.0650600000000003,0
N=C1N=CN=C1N,96.093,3,2,0,1,4,74.59,-0.63723,0
N=CN1CC(=O)OCO1,130.10299999999998,4,1,1,1,5,62.620000000000005,-0.65863,0
O=CC(=O)OC1NC1=O,129.071,4,1,2,1,5,82.38,-1.8155999999999999,1
Cc1nc(=N)oc(=O)o1,128.087,5,1,0,1,5,80.09,-0.5843100000000001,0
CC1=NC(=O)N=C1N,111.104,2,1,0,1,4,67.81,-0.061899999999999844,0
N=C1OCC(=O)C(N)O1,130.103,5,2,0,1,5,85.4,-1.1781300000000001,1
CC(N)C1=NN=NC1=N,125.135,4,2,1,1,5,86.94999999999999,0.13267000000000023,1
NC1=NC(=O)C(CO)=N1,127.10299999999998,4,2,1,1,5,88.03999999999999,-1.7253999999999996,0
Nc1c[nH]n[n+]([O-])c1=O,128.091,4,2,0,1,6,98.71000000000001,-2.0145,0
NC1=CC(=O)N=C1N,111.10400000000001,3,2,0,1,4,81.47,-1.2736000000000003,0
CN=C(N)C1=NC(=O)O1,127.10299999999998,3,1,1,1,5,77.04,-0.47789999999999994,0
N=C1COC=NC(=N)O1,127.103,4,2,0,1,5,78.52,-0.026460000000000095,0
N=Cc1ncn[nH]c1=O,124.103,4,2,1,1,5,82.49000000000001,-0.8374300000000001,0
N=C1CNCOC(=N)O1,129.119,5,3,0,1,5,78.19000000000001,-0.5076600000000004,0
N=CC1COCOC(=N)O1,144.13,5,2,1,1,5,75.39,-0.039760000000000184,1
CN=c1nc(N)c1=N,110.12,4,2,0,1,4,75.12,-1.4506299999999994,0
CC1=C(N)N=NC1=N,110.12,3,2,0,1,4,74.59,0.6196700000000002,0
CNc1nc(C=O)no1,127.10299999999998,5,1,2,1,5,68.02000000000001,-0.07619999999999999,0
CNC(=O)C1=NC(O)=N1,127.103,3,2,1,1,5,74.05,-0.9415,0
CN=C1N=CN=C1N,110.12,3,1,0,1,4,63.099999999999994,-0.5861999999999998,0
Nc1c[n-]c(=O)oc1=O,127.07899999999998,4,1,0,1,5,87.4,-1.4606000000000001,0
N=C1OCNC(=O)CO1,130.10299999999998,4,2,0,1,5,71.41,-0.9583300000000003,0
NC(=O)C1=CC(=O)O1,113.07199999999997,3,1,1,1,4,69.39,-1.0876000000000001,0
NC(=O)n1ccnc1N,126.119,4,2,0,1,5,86.93,-0.6079000000000001,0
CN=C1N=C(N)OC1=O,127.103,4,1,0,1,5,77.03999999999999,-1.1138,0
CC(O)C1=CN=NC1=N,125.131,3,2,1,1,4,68.80000000000001,0.6941700000000001,1
NC1=C(OCO)C(=O)N=C1,142.114,4,2,2,1,5,84.91000000000001,-1.2659000000000002,0
NC1=C(N)C(=O)C=N1,111.10399999999998,4,2,0,1,4,81.47,-1.2736000000000003,0
N=COc1cnoc1N,127.103,5,2,2,1,5,85.13,0.24267,0
O=C1CN=C(CO)CO1,129.11499999999998,4,1,1,1,4,58.89,-1.0235,0
CN=C1OC(C=N)NC1=O,141.13,4,2,1,1,5,74.53999999999999,-0.8632300000000002,1
N=c1[nH]c(=O)occ1N,127.103,4,3,0,1,5,95.86999999999999,-0.9704300000000001,0
CNc1ncnc(=O)[nH]1,126.11899999999999,4,2,1,1,5,70.67,-0.7934000000000001,0
Cc1nc(N)nn1C=O,126.119,5,1,1,1,5,73.8,-0.7929800000000002,0
N=C1C=NC=C1NC=O,123.11499999999998,3,2,2,1,4,65.31,-0.3220300000000002,0
CNC1=NC(=N)C(=N)N1,125.13499999999999,3,4,0,1,5,84.12,-0.8804600000000005,0
CC(O)C1=NN=C1N,113.12000000000002,4,2,1,1,4,70.97,-0.9060000000000001,1
N=CC1=NC(N)=NC1=O,124.10300000000001,4,2,1,1,5,91.66,-1.0681300000000002,0
CN=C1OC(=N)N=C1O,127.103,3,2,0,1,5,78.03,-0.06383000000000005,0
NC1=C(C=O)NCN=N1,126.11900000000001,5,2,1,1,5,79.84,-0.6740000000000002,0
N=c1nc(CO)nc[nH]1,126.11899999999999,4,3,1,1,5,85.65,-1.2235300000000002,0
N=C1COC(=N)N=CO1,127.103,4,2,0,1,5,78.52,-0.026460000000000095,0
N#CCC1=NC(=N)N=N1,121.10300000000001,3,1,1,1,5,84.72,0.69915,0
N=CC1=NN=CC1=O,109.08799999999998,4,1,1,1,4,65.64,-0.35453,0
N#CCc1noc(N)n1,124.10300000000001,5,1,1,1,5,88.73,-0.28212000000000004,0
Nc1n[nH]c(=O)cc1O,127.10299999999997,4,3,0,1,5,92.0,-0.9423000000000006,0
CC1(C(=N)O)NC1=O,114.10399999999998,2,3,1,1,4,83.09,-0.5898300000000001,1
N=CN1C=COC(=O)O1,128.087,4,1,1,1,5,62.620000000000005,0.44847000000000004,0
N=C1OCNC(=O)CO1,130.10299999999998,4,2,0,1,5,71.41,-0.9583300000000003,0
N=CN1CNC(=N)C1=O,126.11899999999997,3,3,1,1,5,80.04,-1.03996,0
CNC1=NC(OC#N)=N1,124.103,5,1,0,1,5,69.77000000000001,-0.5709200000000001,0
N=c1nc[nH]nc1C=O,124.10299999999998,4,2,1,1,5,82.49000000000001,-0.90333,0
NC=C1CNC(=O)NC1,127.14699999999998,2,3,0,1,4,67.14999999999999,-0.8582000000000003,0
C#CC(=O)c1cnn[nH]1,121.099,3,1,1,1,4,58.64,-0.3794000000000001,0
Nc1cc(OC=O)n[nH]1,127.103,4,2,2,1,5,81.0,-0.47290000000000026,0
NC1=NC(=O)N1C=O,113.07599999999998,3,1,1,1,5,75.75999999999999,-1.1069,0
CN=C1NC(=O)COC1=O,142.11399999999998,4,1,0,1,5,67.75999999999999,-1.3123000000000005,0
Nc1nc(N)c(C=O)o1,127.10299999999998,5,2,1,1,5,95.14,-0.3485,0
N=C1CC(O)OC(=O)O1,131.087,5,2,0,1,5,79.61,-0.16102999999999995,1
COC1=NC(=O)C(=N)O1,128.087,4,1,0,1,5,71.74,-0.47713,0
NC=C1NC(=O)N1CO,129.119,3,3,1,1,5,78.59,-1.281,0
CN=C1C=NC(N)=[N+]1[O-],126.119,4,1,0,1,5,76.80999999999999,-1.0758999999999999,0
N#CC(=O)NC1CNC1,125.13099999999999,3,2,1,1,4,64.92,-1.4020200000000003,0
N=C1N=CN=C1NC=O,124.10299999999998,3,2,1,1,5,77.67,-0.8499300000000003,0
N=c1cnnc(C=O)o1,125.08699999999997,5,1,1,1,5,79.84,-0.6384300000000003,0
Cc1cnc(N)n[n+]1[O-],126.11900000000001,4,1,0,1,5,78.74,-0.9993800000000002,0
CNC1=NC(=N)N=C1O,126.11899999999999,2,3,0,1,5,80.83,-0.49083000000000016,0
N=C1N=C(N)C(=O)O1,113.076,4,2,0,1,5,88.53000000000002,-1.16483,0
N=C1NCC(=O)OCO1,130.103,4,2,0,1,5,71.41000000000001,-0.9583300000000001,0
C#CCC1=NC(=N)N=N1,120.11500000000001,2,1,1,1,4,60.93,0.80877,0
CNC1(C=O)ONC1=O,130.103,4,2,2,1,5,67.43,-1.8376000000000001,1
COC1=NC(=O)C(N)=N1,127.10300000000001,4,1,0,1,5,77.03999999999999,-1.1138000000000003,0
N=C1N=C(O)C(CO)=N1,127.10299999999998,2,3,1,1,5,89.03,-0.6754300000000002,0
CN=C1N=CC(CO)=N1,125.13099999999999,2,1,1,1,4,57.31,-0.5101,0
NC(=O)C1=NNC1=O,113.076,3,2,1,1,5,84.55000000000001,-2.0425,0
N#CNC1=NC=NC1=N,121.103,4,2,0,1,5,84.39,-0.52525,0
CN=C1N=CNC1=O,111.10399999999998,2,1,0,1,4,53.82,-0.8272000000000002,0
Cc1n[nH]c(=O)nc1N,126.119,4,2,0,1,5,84.66,-0.9444800000000002,0
N#CCc1nocc1N,123.115,4,1,1,1,4,75.84,0.32288000000000006,0
CN=c1oncnc1N,126.119,5,1,0,1,5,77.3,-0.8177000000000001,0
N=CN1OC=COC1=O,128.087,4,1,1,1,5,62.62000000000001,0.44847000000000004,0
N=Cc1nnc(O)n1C=O,140.10199999999998,6,2,2,1,6,91.85999999999999,-0.9803300000000001,0
Cc1nc(CO)nc(=O)[nH]1,141.13,4,2,1,1,5,78.87,-1.03438,0
CC1NCC(=N)OC(=O)O1,144.13,5,2,0,1,5,71.41,0.06606999999999996,1
N=C1N=C(N)C(CO)=N1,126.119,3,3,1,1,5,94.82000000000001,-1.2747300000000001,0
O=Cc1nc(CO)n[nH]1,127.103,4,2,2,1,5,78.87,-0.8905000000000003,0
N=COC1C(CO)=[N+]1[O-],130.103,4,2,3,1,5,79.38,-1.10663,1
N=C1C(N)=NN=C1C=O,124.10299999999998,5,2,1,1,5,91.66,-1.0681300000000002,0
CC(=O)c1cn[nH]c1N,125.131,3,2,1,1,4,71.77,0.19450000000000006,0
N=C1NCCOC(=O)O1,130.103,4,2,0,1,5,71.41,-0.32243,0
COc1cnnoc1=N,127.103,5,1,1,1,5,72.0,-0.44233000000000006,0
NC=C1C=C(N)N=[N+]1[O-],126.11900000000001,4,2,0,1,5,90.47000000000001,-0.43729999999999997,0
CC(=O)n1ncnc1N,126.119,5,1,0,1,5,73.8,-0.47959999999999997,0
N=C1N=C(CN)C(=O)N1,126.119,3,3,1,1,5,91.33000000000001,-1.5493299999999994,0
N=C1CN=COCOCO1,144.12999999999997,5,1,0,1,5,63.900000000000006,-0.029630000000000045,0
CC1=NC(N)=NC1=N,110.12,3,2,0,1,4,74.59,-0.24712999999999996,0
N=C1OCC(=N)C(=O)O1,128.087,5,2,0,1,5,83.23,-0.48566000000000015,0
NC1=NC(=O)C(N)=N1,112.092,4,2,0,1,5,93.83,-1.8014999999999999,0
Nc1nc(NC=O)co1,127.10299999999997,4,2,2,1,5,81.14999999999999,-0.17490000000000044,0
NC1=CC(N)=NC1=O,111.10400000000001,3,2,0,1,4,81.47,-1.2736000000000003,0
COC1=NC(=N)C(O)=C1,126.11499999999998,3,2,0,1,4,65.67,0.46407,0
NC(=O)C1=NC=[N+]1[O-],113.076,3,1,1,1,5,81.52,-1.5776000000000001,0
N#CCc1[nH]nnc1N,123.11900000000001,4,2,1,1,5,91.38,-0.5470200000000003,0
Cn1oc(=O)nc1C=N,127.103,5,1,1,1,5,71.88,-0.6290300000000002,0
N=C1N=C(N)N=CC1=O,124.103,4,2,0,1,5,91.66,-1.06813,0
CC1=NC(=O)N=C1N,111.104,2,1,0,1,4,67.81,-0.061899999999999844,0
N=CC1=NC(=N)C(N)=N1,123.11900000000001,4,3,1,1,5,98.44,-0.6174600000000001,0
N=C1N=C(N)C(CO)=N1,126.119,3,3,1,1,5,94.82000000000001,-1.2747300000000001,0
N=CC1NCOC(=N)N1,128.13500000000002,4,4,1,1,5,80.99000000000001,-0.9362600000000003,1
NC(=O)N1COC(=O)C1,130.10299999999998,3,1,0,1,5,72.63,-1.1185999999999998,0
Cc1nc(=N)[nH]n1CO,128.135,4,3,1,1,5,77.69,-1.0511100000000002,0
N=C1OC(=O)N1C=O,114.05999999999999,4,1,1,1,5,70.46000000000001,-0.47023000000000015,0
N#CCOc1cn[nH]n1,124.103,4,1,2,1,5,74.59,-0.29292,0
CN=C(N)c1cnco1,125.13099999999997,3,1,1,1,4,64.41,0.009699999999999709,0
N=c1[nH]ncnc1C=O,124.10299999999998,4,2,1,1,5,82.49000000000001,-0.9033300000000004,0
CC1(O)N=CN=C1N,113.12,4,2,0,1,4,70.97,-0.9060000000000001,1
N=CC1OC(=N)C(=CN)O1,141.13,5,3,1,1,5,92.18,-0.21375999999999984,1
Cc1noc(=O)n1CO,130.103,5,1,1,1,5,68.26,-0.9054800000000001,0
NC1=NC(CO)=C1N,113.11999999999999,4,3,1,1,4,84.63,-1.4802,0
N=C1NC(=N)C(=O)CO1,127.103,4,3,0,1,5,86.03000000000002,-0.91266,0
N=C1COC(=N)C(=O)N1,127.103,4,3,0,1,5,86.03,-0.9126600000000002,0
COc1cn[nH]c(=O)c1N,141.12999999999997,4,2,1,1,5,81.0,-0.6393,0
CN=c1onc(C#N)o1,125.08699999999999,5,0,0,1,5,75.32,-0.33022000000000007,0
N#CC(N)c1ncon1,124.103,5,1,1,1,5,88.73,-0.40701999999999994,1
N=CN1NCOC1=O,115.09199999999998,4,2,1,1,5,65.42000000000002,-0.49222999999999995,0
N=Cn1nc[nH]c1=N,111.10799999999999,4,3,1,1,5,81.31,-0.8541600000000003,0
CN=C1NC(=O)NC1=O,127.10299999999998,3,2,0,1,5,70.56,-1.1459000000000001,0
Cc1nc(N)noc1=O,127.103,5,1,0,1,5,82.00999999999999,-0.6795800000000001,0
NC(=O)C1=NC=NC1=O,125.08699999999999,3,1,1,1,5,84.88,-1.5188,0
CN=C1C=NN=C1CO,125.13099999999999,4,1,1,1,4,57.31,-0.5101,0
N=C1C=C(O)OC1=O,113.07199999999997,4,2,0,1,4,70.38,-0.03763000000000005,0
C#CC(N)n1cnnn1,123.119,5,1,1,1,5,69.62,-1.2364000000000004,1
N=C1OCC(=N)C(=O)O1,128.087,5,2,0,1,5,83.23,-0.48566000000000015,0
CC(=O)n1[nH]c(=N)o1,115.09199999999998,4,2,0,1,5,74.78,-0.4512300000000002,0
CN=c1c(O)c1NC=N,125.13099999999997,3,3,2,1,4,68.47,-0.18273000000000023,0
NC(=O)C1=CN=C1N,111.104,3,2,1,1,4,81.47,-1.2736000000000003,0
N=C1CONC(=O)CO1,130.10299999999998,4,2,0,1,5,71.41,-0.9583300000000003,0
N=c1oc(N)coc1=O,128.087,5,2,0,1,5,93.22,-0.70553,0
CNC1=NN=C1C=N,110.11999999999999,4,2,1,1,4,60.6,-0.3765300000000002,0
COC1=NNC(=O)C1=N,127.10299999999998,4,2,0,1,5,74.53999999999999,-0.9041300000000001,0
COc1n[nH]c(=O)n1N,130.10699999999997,5,2,1,1,6,85.92999999999999,-1.7062,0
COC1=NC(=N)C(=N)N=C1,138.13000000000002,3,2,0,1,5,81.64999999999999,0.07023999999999997,0
Cc1n[nH]nc1C=NC=N,137.146,3,2,2,1,5,77.78,0.13908999999999994,0
C#CC1(C(=N)N)NCN1,124.147,3,4,1,1,4,73.93,-1.5978300000000005,0
Nc1cc(O)nnc1O,127.103,5,3,0,1,5,92.26,-0.53,0
CC1=NC(=N)OC1=O,112.08799999999998,3,1,0,1,4,62.51,-0.06112999999999996,0
O=CN1CC(=O)C(=O)N1,128.087,3,1,1,1,5,66.48,-1.9413,0
N=CC1N=COC(=N)O1,127.10299999999998,5,2,1,1,5,78.52,-0.02805999999999992,1
Cc1coc(=O)n1N,114.10400000000001,4,1,0,1,4,61.16,-0.5364800000000001,0
NC1=CC(=O)C(=O)O1,113.07199999999999,4,1,0,1,4,69.39,-1.0876000000000001,0
COC1=NC(N)=NC1=O,127.10300000000001,4,1,0,1,5,77.03999999999999,-1.1138000000000001,0
N=C1NC(=N)C(O)CO1,129.119,4,4,0,1,5,89.19000000000001,-1.1208600000000002,1
CC(=O)C1=NC(=N)O1,112.088,3,1,1,1,4,62.510000000000005,-0.06112999999999996,0
COC1=NN=C1OC=N,127.10299999999998,5,1,1,1,5,67.03,-0.017930000000000057,0
CN1C=NC(CO)NC1=O,143.146,3,2,1,1,5,64.93,-1.0118999999999998,1
N=C1N=C(CO)C(=O)O1,128.087,4,2,1,1,5,82.74,-1.0887300000000002,0
COC1=NC(=N)N=C1,111.104,2,1,0,1,4,57.8,0.05046999999999996,0
N=C1COCOC(=N)C1=N,141.13,5,3,0,1,5,90.00999999999999,0.007510000000000017,0
N=C1N=C(F)C(=N)O1,115.067,3,2,0,1,5,69.29,0.29664,0
NC(=O)C1=NC(N)=N1,112.09200000000001,4,2,1,1,5,93.83,-1.8014999999999999,0
COC1NC(=N)C(=O)O1,130.103,4,2,1,1,5,71.41,-0.9599300000000002,1
O=C1COC(=O)N=CN1,128.087,3,1,0,1,5,67.76,-0.7188999999999999,0
N=C1C=NC(N)=C1C=O,123.115,4,2,1,1,4,79.30000000000001,-0.5402300000000002,0
Cc1nc(N)nc(=O)o1,127.103,5,1,0,1,5,82.01,-0.6795800000000001,0
N#CCC1=NC(=N)N=C1,120.115,2,1,1,1,4,72.36,0.36025000000000007,0
CNC(=O)C1=NN=C1N,126.11900000000001,4,2,1,1,5,79.84,-1.5408,0
CN=NC1CN=C(O)O1,129.119,4,1,1,1,5,66.54,0.33870000000000006,1
COC1=NC(O)=C1NC=N,141.13,4,3,2,1,5,77.7,-0.03132999999999997,0
Cc1nc(=N)[nH]c(=O)o1,127.10299999999998,4,2,0,1,5,82.74,-0.84921,0
COC1=C(N)C(=O)N=C1,126.115,3,1,1,1,4,64.68,-0.5859000000000001,0
Cn1[nH]c(C=O)nc1=N,126.11899999999999,4,2,1,1,5,74.53,-0.9598300000000002,0
NCC1=NC(=O)C(N)=N1,126.119,4,2,1,1,5,93.83,-1.7589999999999995,0
C#Cc1nc(N)n[nH]1,108.10400000000001,3,2,0,1,4,67.59,-0.6318000000000001,0
Cc1noc(=N)n1CO,129.11900000000003,5,2,1,1,5,75.04,-0.7862100000000003,0
COc1nn[nH]c1N,114.108,4,2,1,1,5,76.82000000000001,-0.6045000000000003,0
NC1=NC(=CO)NC1=O,127.10299999999997,4,3,0,1,5,87.71000000000001,-1.1697000000000004,0
NC(=O)C1=C(N)N=N1,112.09200000000001,4,2,1,1,5,93.83,-0.9346999999999999,0
N=C1CC(=O)OC(=O)O1,129.07099999999997,5,1,0,1,5,76.45,0.047170000000000045,0
N=C1C=C(N)N=C1N,110.12000000000002,4,3,0,1,4,88.25,-0.8229300000000002,0
N=CN1C=NC1CC=O,125.13099999999997,3,1,3,1,4,56.52,-0.14752999999999994,1
CN=CN1CC(=O)OC1=N,141.13,4,1,1,1,5,65.75,-0.5619300000000003,0
CN=C1N=C(N)C(=O)O1,127.103,4,1,0,1,5,77.04,-1.1138,0
N=C1C=NC(N)=C1N,110.12000000000002,4,3,0,1,4,88.25,-0.8229300000000002,0
O=CNC1=NC=NC1=O,125.08699999999999,3,1,1,1,5,70.89,-1.3006000000000002,0
CC(=O)C1=NC(=O)O1,113.07199999999999,3,0,1,1,4,55.730000000000004,0.12410000000000004,0
N#CCC1=NC(=N)N1O,124.103,3,2,1,1,5,83.47,-0.06184999999999996,0
N=c1ncocnc1=O,125.08699999999999,5,1,0,1,5,79.84,-1.09073,0
NC1CC(=O)C(=O)CO1,129.11499999999998,4,1,0,1,4,69.39,-1.1703000000000003,1
CC(=O)n1cnc(N)n1,126.11900000000001,5,1,0,1,5,73.8,-0.47959999999999997,0
N=CN=C1C=NC(N)=C1,122.13099999999999,3,2,1,1,4,74.59,-0.08103000000000005,0
N=C1NCOC(=O)CO1,130.103,4,2,0,1,5,71.41,-0.9583300000000001,0
N=C1N=NC=C1C(N)=O,124.103,3,2,1,1,5,91.66,-0.2013299999999999,0
C#CC1=NC(=N)OC1=N,121.09899999999999,3,2,0,1,4,69.28999999999999,0.0028400000000000647,0
COC1=NN=C1CO,114.10399999999998,4,1,1,1,4,54.18000000000001,-0.6068,0
N=C1OC=NCC1=O,112.088,4,1,0,1,4,62.51,-0.40873000000000004,0
NC1=C(N)C(=O)N=C1,111.10399999999998,3,2,0,1,4,81.47,-1.2736000000000003,0
NC1=NC(C(O)C=O)=N1,127.10299999999997,5,2,2,1,5,88.04,-1.7269999999999999,1
N=CN1C(=N)NC1=O,112.09199999999998,3,3,1,1,5,80.04,-0.44656,0
COC1=NC(=N)OC1=O,128.087,4,1,0,1,5,71.74000000000001,-0.47713,0
N=c1oc(=N)oc(=N)o1,129.075,6,3,0,1,6,110.97000000000001,-1.0959900000000002,0
NC1=C(NC=O)C(=O)N=N1,140.10199999999998,4,2,2,1,6,96.91,-1.1474000000000002,0
N#CCOCc1cnn[nH]1,138.13,4,1,3,1,5,74.59,-0.1551200000000001,0
N#CCC1N=CN=C1N,122.131,4,1,1,1,4,74.53,-0.3322199999999999,1
N=C1N=NC=C1N,96.093,3,2,0,1,4,74.59,0.2295700000000001,0
N=CN1CC(=O)OC1=N,127.10299999999998,4,2,1,1,5,77.24000000000001,-0.61296,0
N=CN1CC(=N)NC1=O,126.11899999999999,3,3,1,1,5,80.04,-0.40406000000000003,0
N=C1COC(=O)OCN1,130.103,4,2,0,1,5,71.41,-0.32243000000000016,0
CC(=O)C1=NN=C1N,111.10400000000001,4,1,1,1,4,67.81,-0.6978,0
N#CC1=CN=NC1=O,107.07199999999999,3,0,0,1,4,65.58,0.3862799999999999,0
N=Cn1cc(F)n[n+]1[O-],130.08200000000002,4,1,1,1,6,68.61,-0.88923,0
N=C1OCNC(=O)CO1,130.10299999999998,4,2,0,1,5,71.41,-0.9583300000000003,0
N=C1OC=NCOC1=N,127.103,5,2,0,1,5,78.52000000000001,-0.026460000000000095,0
CCc1nc(NC=O)no1,141.13,4,1,3,1,5,68.02000000000001,0.20029999999999976,0
N=C1OCNC(=O)CO1,130.10299999999998,4,2,0,1,5,71.41,-0.9583300000000003,0
N=C(N)C1=NC(N)=N1,111.10800000000002,4,3,1,1,5,100.61,-1.3508299999999998,0
N=C1OC(=N)C(C=O)O1,128.087,5,2,1,1,5,83.23,-0.48726000000000025,1
N#CC(N)C1(O)N=N1,112.092,5,2,1,1,5,94.76,-1.05082,1
O=c1nc[nH]nc1CO,127.10299999999998,4,2,1,1,5,78.87,-1.3428000000000002,0
N=CC1=C(O)N=C1C=O,124.09899999999998,4,2,2,1,4,73.50999999999999,0.059069999999999956,0
NC1=CC(=O)C(N)=N1,111.10400000000001,4,2,0,1,4,81.47,-1.2735999999999998,0
N=C1COC(=N)N=CN1,126.119,3,3,0,1,5,81.32,-0.45346000000000014,0
CC(N)n1cncn1,112.136,4,1,1,1,4,56.730000000000004,-0.24470000000000008,1
CC1=NC(=O)N=C1N,111.104,2,1,0,1,4,67.81,-0.061899999999999844,0
N=C1OCN=NC1C=O,127.10299999999998,5,1,1,1,5,74.87,-0.028930000000000122,1
CC1=NC(N)=NC1=O,111.104,3,1,0,1,4,67.81,-0.6978,0
Cc1nc(N)noc1=N,126.119,5,2,0,1,5,88.78999999999999,-0.5603100000000001,0
CC(N)n1ncc(=O)o1,129.11899999999997,5,1,1,1,5,74.05000000000001,-0.6865000000000003,1
N#CCN1COC(=O)C1=O,140.09799999999998,4,0,1,1,5,70.4,-1.1471200000000001,0
CNC1CC(=O)OC1=O,129.11499999999998,4,1,1,1,4,55.4,-0.9521000000000004,1
N=C1COC(=O)NC=N1,127.103,3,2,0,1,5,74.53999999999999,-0.26823000000000013,0
N=C1N=C(CN)C(=N)O1,126.119,4,3,1,1,5,95.31000000000002,-0.6716600000000001,0
NC(=O)C1NCC(=O)N1,129.119,3,3,1,1,5,84.22,-2.4828,1
NC1=CC(N)=NC1=O,111.10400000000001,3,2,0,1,4,81.47,-1.2736000000000003,0
N=C1COC(=N)NCO1,129.119,4,3,0,1,5,78.19,-0.5076600000000002,0
N=Nc1[nH]ncc1C=O,124.10299999999998,4,2,2,1,5,81.96000000000001,0.88467,0
NC1=NOC=NNC1=O,128.091,5,2,0,1,6,89.07,-1.6517000000000002,0
Nc1nocc1C=O,112.08799999999998,4,1,1,1,4,69.12,0.06930000000000003,0
N=C1NC(=O)C(=O)CO1,128.087,4,2,0,1,5,79.25000000000001,-1.36333,0
N=C1C=NN=C1C(N)=O,124.103,4,2,1,1,5,91.66,-1.0681300000000002,0
COC1=CN=NC(=N)C1=O,139.114,4,1,1,1,5,74.87,0.48637,0
N=C1NCC(=O)C(C=O)O1,142.11399999999998,4,2,1,1,5,79.25000000000001,-1.3224300000000002,1
COc1n[nH]c(CN)[n+]1[O-],144.134,4,2,2,1,6,90.86999999999999,-1.4895999999999996,0
N=C1OCC(=N)C(=N)O1,127.103,5,3,0,1,5,90.01,-0.034989999999999966,0
N=C1NCCOC(=N)N1,128.13500000000002,3,4,0,1,5,80.99000000000001,-0.93466,0
N=c1ncnc(C=O)[nH]1,124.10299999999998,4,2,1,1,5,82.49000000000001,-0.90333,0
N=CN1C(=O)OC1=O,114.05999999999997,4,1,1,1,5,70.46000000000001,0.16566999999999998,0
NC(=O)n1cc[nH]c1=O,127.10299999999998,3,2,0,1,5,80.88,-0.8968,0
CN=C(N)C1=NN=C1O,126.11899999999999,3,2,1,1,5,83.33,-0.7005000000000001,0
N=Cn1cnc(N)c1C=O,138.13,5,2,2,1,5,84.75999999999999,-0.2670299999999998,0
Nc1cnoc(=O)n1,113.076,5,1,0,1,5,82.01,-0.988,0
CN=C1C=NN=C1N,110.12,4,1,0,1,4,63.099999999999994,-0.5862,0
N=C1C=NCOC(=N)O1,127.103,5,2,0,1,5,78.52,-0.026460000000000095,0
N=C1NC(=O)C(=O)CO1,128.087,4,2,0,1,5,79.25000000000001,-1.36333,0
N=C1NC(=N)C(C=O)O1,127.10299999999998,4,3,1,1,5,86.03000000000002,-0.9142600000000001,1
CN=C1C=NN=C1N,110.12,4,1,0,1,4,63.099999999999994,-0.5862,0
N=CN1COC(=O)C1=O,128.087,4,1,1,1,5,70.46000000000001,-1.0636300000000003,0
NC1=C(CO)OC1=O,115.08799999999998,4,2,1,1,4,72.55000000000001,-1.2942000000000002,0
N=C1OC(=O)NC1=O,114.05999999999999,4,2,0,1,5,79.25,-0.7699300000000002,0
NC(C=O)c1cnon1,127.103,5,1,2,1,5,82.01,-0.7317000000000002,1
N=C1N=CN=C1CO,111.10399999999998,3,2,1,1,4,68.8,-0.5611300000000001,0
CN=C1N=C(N)C(=O)O1,127.103,4,1,0,1,5,77.04,-1.1138,0
Nc1coc(=O)nc1N,127.10300000000001,5,2,0,1,5,95.14,-0.8008,0
N=C1NCC(=O)NC1C=O,141.13,3,3,1,1,5,82.05000000000001,-1.7494299999999998,1
CNc1noc(C=N)n1,126.11899999999999,5,2,2,1,5,74.80000000000001,0.1089699999999999,0
Cc1nc(C(=N)[O-])n[nH]1,125.11099999999999,4,2,1,1,5,88.47999999999999,-1.2012100000000003,0
N=C1COC(=N)OCO1,130.103,5,2,0,1,5,75.39,-0.08066000000000012,0
N=CC1OCOC(=N)O1,130.103,5,2,1,1,5,75.39,-0.08225999999999994,1
NC(=O)c1ncc(N)o1,127.103,4,2,1,1,5,95.14,-0.6443000000000003,0
N=CC1OC(=O)OC1=O,129.071,5,1,1,1,5,76.44999999999999,-0.30203,1
N=Cn1cc[nH]c1=O,111.10399999999998,3,2,1,1,4,61.64,-0.36843,0
NC1=NC(C=O)OCN1,129.119,5,2,1,1,5,76.71,-1.5966,1
CC(=O)n1ncc(=O)[nH]1,127.10299999999998,4,1,0,1,5,67.75,-0.7685000000000002,0
NC(=O)C1=NOC1=O,114.05999999999999,4,1,1,1,5,81.75,-1.6155,0
NC1=NC(CC(=O)O)N1,129.119,4,3,2,1,5,87.71,-1.2949000000000006,1
CC(C)c1nc(N)n[nH]1,126.16300000000001,3,2,1,1,4,67.59,0.5103,0
OCC1=NC(O)=C1O,115.08799999999998,4,3,1,1,4,73.05000000000001,-0.2815999999999999,0
CC(O)C1=NOC1=N,114.104,4,2,1,1,4,65.67000000000002,-0.26933000000000007,1
Cn1cnc(=N)c(=O)[nH]1,126.11899999999999,4,2,0,1,5,74.53,-1.4121299999999999,0
N=CN1OC(=N)COC1=O,143.102,5,2,1,1,6,86.47,-0.04546,0
N=C1OCC(=N)C(O)CO1,144.12999999999997,5,3,0,1,5,86.39,-0.6513600000000002,1
CN=C1N=NNC1=N,111.10799999999999,3,2,0,1,5,72.96000000000001,-0.03762999999999994,0
Nc1nc(C=O)oc1N,127.10299999999998,5,2,1,1,5,95.14,-0.3485,0
CC1=NC(=O)N=C1N,111.104,2,1,0,1,4,67.81,-0.061899999999999844,0
CCC1=NC(=O)N=N1,111.104,2,0,1,1,4,54.15,1.3807,0
N=c1nc(N)n(C=O)o1,128.091,6,2,1,1,6,97.89999999999999,-1.4239299999999997,0
C#Cc1nc(C#N)n[nH]1,118.099,3,1,0,1,4,65.36,-0.3423200000000001,0
NC(=O)c1cn[nH]n1,112.092,3,2,1,1,5,84.66000000000001,-1.0964000000000003,0
N=Cc1nnc(N)n1CO,141.13400000000001,6,3,2,1,6,100.81000000000002,-1.1922300000000001,0
O=Cc1noc(C=O)n1,126.07099999999998,5,0,2,1,5,73.06,-0.3054,0
C#Cc1cnoc(=N)n1,121.09899999999999,4,1,0,1,4,62.77,-0.46962999999999994,0
N=CN1CC(=N)OCO1,129.119,4,2,1,1,5,69.4,-0.2079600000000001,0
CN=C1N=CN=C1C=N,122.13099999999999,3,1,1,1,4,60.93,0.14717000000000008,0
N#CCc1nc(O)no1,125.08699999999999,5,1,1,1,5,82.94,-0.15872000000000008,0
N=C1OCC(=N)C(=O)O1,128.087,5,2,0,1,5,83.23,-0.48566000000000015,0
N=c1occoc1=NO,128.087,5,2,0,1,5,82.72,-0.35803,0
N=Cn1c(N)noc1=N,127.107,6,3,1,1,6,104.68,-1.0070600000000003,0
O=CC1=C(O)N=C1O,113.07199999999997,3,2,1,1,4,69.89,-0.07500000000000007,0
Cc1nc(N)nn1C=O,126.119,5,1,1,1,5,73.8,-0.7929800000000002,0
NC1NC(=O)C(C=O)O1,130.10299999999998,4,2,1,1,5,81.42,-2.0573999999999995,2
N=C1C=C(C(N)=O)O1,112.088,3,2,1,1,4,76.17,-0.6369300000000002,0
N=C1COC(=N)OCO1,130.103,5,2,0,1,5,75.39,-0.08066000000000012,0
N=C1OCNC(=O)CO1,130.10299999999998,4,2,0,1,5,71.41,-0.9583300000000003,0
NC1=NC(=O)C(C=O)=N1,125.08699999999997,4,1,1,1,5,84.88,-1.5188,0
CC1=NC(=N)N=C1N,110.12,2,2,0,1,4,74.59,-0.24712999999999996,0
COC1=NC(=N)N=C1O,127.103,2,2,0,1,5,78.03,-0.06383000000000005,0
NC1=NC=C(O)C1=O,112.08799999999998,4,2,0,1,4,75.68,-0.6743000000000001,0
N=C1N=C(N)C(C=O)=N1,124.103,3,2,1,1,5,91.66000000000001,-1.06813,0
COc1ncn[nH]c1=O,127.103,4,1,1,1,5,67.87,-0.8265,0
Cc1cnc(CO)nn1,125.131,4,1,1,1,4,58.900000000000006,-0.32768000000000014,0
N=Cc1nnnoc1=N,125.091,6,2,1,1,6,99.50999999999999,-1.05826,0
N=C1COCOC(=N)N1,129.119,4,3,0,1,5,78.19,-0.50766,0
N=c1nc(C=O)c(N)no1,140.102,6,2,1,1,6,105.86,-1.0562300000000002,0
N=C1OCNC(C=O)O1,130.10299999999998,5,2,1,1,5,71.41,-0.9599300000000004,1
N=C1COC(=N)OCO1,130.103,5,2,0,1,5,75.39,-0.08066000000000012,0
COc1cnc(=N)[nH]n1,126.119,4,2,1,1,5,74.65,-0.7072300000000002,0
N#CCc1ncoc(=O)n1,137.09799999999998,5,0,1,1,5,79.78,-0.5041200000000001,0
COC1=NC(=N)NC1=N,126.119,3,3,0,1,5,81.32,-0.45346000000000036,0
CN1C(=O)N1C(=O)C=O,128.087,3,0,1,1,5,57.23,-1.0057,0
Nc1cnc(=O)[nH]c1O,127.10299999999998,4,3,0,1,5,92.0,-0.9423000000000001,0
N=CNc1n[nH]nc1C=O,139.118,4,3,3,1,6,94.52000000000001,-0.3638300000000005,0
N=Cn1c(N)ncnc1=N,138.13400000000001,6,3,1,1,6,104.43,-1.20506,0
COc1nc(=N)cn[nH]1,126.119,4,2,1,1,5,74.65,-0.70723,0
N=C1NC(=O)C(=O)CO1,128.087,4,2,0,1,5,79.25000000000001,-1.36333,0
N=CNC1=C(N)OCO1,129.119,4,3,2,1,5,80.36000000000001,-0.72733,0
N=C1OCC(CO)=[N+]1[O-],130.103,4,2,1,1,5,79.38,-1.1050300000000002,0
COc1n[nH]c(=O)n1C,129.11899999999997,4,1,1,1,5,59.91,-0.8830000000000002,0
CC(O)C1=NC=NC1=N,125.131,3,2,1,1,4,68.80000000000001,-0.17263,1
COC1COC(=N)C1=N,128.131,4,2,1,1,4,66.16,0.028639999999999888,1
N=C1NN=C1C(N)=O,112.092,3,3,1,1,5,91.33000000000001,-1.5918300000000003,0
CC1=NC(=N)N=C1N,110.12,2,2,0,1,4,74.59,-0.24712999999999996,0
N=Cn1cc[nH]ocn1,126.11899999999999,4,2,1,1,5,70.6,0.38376999999999994,0
NC1=NC(=O)C(C=O)=N1,125.08699999999997,4,1,1,1,5,84.88,-1.5188,0
COC1=NC(=N)C(N)=N1,126.11900000000001,4,2,0,1,5,83.82,-0.6631300000000002,0
COc1cnnc(O)c1N,141.12999999999997,5,2,1,1,5,81.26,-0.22699999999999998,0
N#CCC1=NC(=N)N=N1,121.10300000000001,3,1,1,1,5,84.72,0.69915,0
N=C1OC(=O)OCC1=O,129.071,5,1,0,1,5,76.44999999999999,-0.30043,0
N=C1CC(=NO)CO1,114.10399999999998,4,2,0,1,4,65.67,0.21416999999999997,0
N=Cn1[nH]c(=N)oc1=O,128.09099999999998,5,3,1,1,6,98.63,-1.2959600000000002,0
N=C1N=CC(N)=C1N,110.12000000000002,3,3,0,1,4,88.25,-0.8229300000000002,0
COc1onc(N)[n+]1[O-],131.091,5,1,1,1,6,88.22,-1.1012,0
N=C1C=NN=C(N)C1=O,124.103,5,2,0,1,5,91.66,-1.06813,0
NC1=NC(N)=C1C=O,111.10399999999998,4,2,1,1,4,81.47,-1.2735999999999998,0
CC1=NC(=O)C(=O)O1,113.07199999999997,3,0,0,1,4,55.730000000000004,-0.5118,0
N=CC1NC(=N)OCO1,129.119,4,3,1,1,5,78.19000000000001,-0.5092600000000003,1
N=C1OCC(=O)OC1=N,128.087,5,2,0,1,5,83.22999999999999,-0.48566000000000015,0
NC1=C(O)N=C1C=O,112.088,4,2,1,1,4,75.68,-0.6743000000000001,0
COC1=CC(=O)N=N1,112.08800000000001,3,0,1,1,4,51.019999999999996,0.4666,0
N=CN1NCC(=O)C1O,129.119,4,3,1,1,5,76.42,-1.6988300000000003,1
COC1=NC(N)=NC1=N,126.11900000000001,4,2,0,1,5,83.82,-0.66313,0
CC(=O)n1ncc(O)n1,127.10299999999998,5,1,0,1,5,68.01,-0.3562,0
N=C(N)C1=NC(O)=N1,112.092,3,3,1,1,5,94.82000000000001,-0.75153,0
N=CN1C(=N)OC1C=O,127.10299999999997,4,2,2,1,5,77.24000000000001,-0.6145600000000002,1
N=C1NC(=O)OC1=N,113.076,4,3,0,1,5,86.03,-0.3192599999999998,0
N=C1COC(=O)C(=N)N1,127.103,4,3,0,1,5,86.03,-0.9126600000000002,0
NC(C=O)C1=NC(=O)N1,127.103,3,2,2,1,5,84.55000000000001,-1.3657,1
N=C1OOCC(=O)C1=N,128.087,5,2,0,1,5,83.23,-0.48566000000000015,0
CC(=O)C1=NN=C1N,111.10400000000001,4,1,1,1,4,67.81,-0.6978,0
NC(=O)C1=NC(O)=N1,113.076,3,2,1,1,5,88.04,-1.2022000000000002,0
N=C1NC(=N)OCCO1,129.119,4,3,0,1,5,78.19000000000001,-0.50766,0
CC(=O)C1=NN=C1N,111.10400000000001,4,1,1,1,4,67.81,-0.6978,0
N=C1ON=C1CC=O,112.08799999999998,4,1,2,1,4,62.51,-0.06113000000000007,0
O=NC1C=NC(=O)OC1,128.087,4,0,1,1,5,68.09,0.34240000000000004,1
C#CC1(N)C(=N)OC1=O,124.09899999999998,4,2,0,1,4,76.17000000000002,-1.1488300000000002,1
CC1=NC(N)=NC1=O,111.104,3,1,0,1,4,67.81,-0.6978,0
N=C1NC(=O)NC1=O,113.076,3,3,0,1,5,82.05000000000001,-1.19693,0
N=C1NC(=O)OC1=N,113.076,4,3,0,1,5,86.03,-0.3192599999999998,0
Cc1nnc(C=N)nn1,123.119,5,1,1,1,5,75.41,-0.42731,0
CN=C1C=NN=C1N,110.12,4,1,0,1,4,63.099999999999994,-0.5862,0
Nc1cnoc1C=NCO,141.13,5,2,2,1,5,84.64,-0.3745,0
Nc1[nH]oc(=O)c1C=O,128.087,4,2,1,1,5,89.09,-0.6374000000000002,0
N=CNC1=CN=NC1=N,123.119,3,3,2,1,5,84.45,0.46754,0
N=c1[nH]n(C=O)c(=N)o1,128.09099999999998,5,3,1,1,6,98.63000000000001,-1.5935600000000003,0
NC(=O)C1=NC(O)=N1,113.076,3,2,1,1,5,88.04,-1.2022000000000002,0
N=CN1CC(=O)NCO1,129.119,3,2,1,1,5,65.42,-1.0856299999999999,0
COc1cnoc(=N)n1,127.103,5,1,1,1,5,72.0,-0.44233000000000006,0
COC(=O)c1nc1=O,113.072,4,0,1,1,4,56.26,-0.8959999999999999,0
N=CN1C(=O)NC1=O,113.07599999999998,3,2,1,1,5,73.26,-0.26133,0
N=C(N)C1=NC=NC1=N,123.119,3,3,1,1,5,98.44,-0.6174600000000001,0
NC(=O)C1=NC(O)=N1,113.076,3,2,1,1,5,88.04,-1.2022000000000002,0
N=C1CNC(=N)OCN1,128.135,3,4,0,1,5,80.99000000000001,-0.9346600000000005,0
Nc1cnc(C=O)c(O)n1,139.11399999999998,5,2,1,1,5,89.1,-0.4230999999999999,0
CC(=O)c1nnc(N)o1,127.10300000000001,5,1,1,1,5,82.01,-0.14559999999999984,0
C#CC1=NC(=O)N=C1N,121.099,2,1,0,1,4,67.81,-0.44859999999999983,0
CN=C1C=NC(O)=N1,111.10399999999998,2,1,0,1,4,57.31,0.013099999999999945,0
N=c1cnc(CO)n[nH]1,126.119,4,3,1,1,5,85.65,-1.2235300000000005,0
N=CC1NCOC(=O)N1,129.119,4,3,1,1,5,74.21,-0.7510300000000001,1
COc1connc1=O,128.08700000000002,5,0,1,1,5,65.22,-0.5616000000000001,0
COC1=NC(=O)N=C1N,127.10300000000001,3,1,0,1,5,77.03999999999999,-0.47789999999999994,0
Cc1ncc(C=N)nn1,122.131,4,1,1,1,4,62.52,0.17768999999999996,0
CC1=NC(=N)N1NC=O,126.11899999999999,2,2,2,1,5,68.55000000000001,-0.6838300000000002,0
N#CCOC1=NN=C1N,124.10300000000001,5,1,1,1,5,83.75999999999999,-0.78912,0
CC1=NN=C(CO)C1=N,125.13099999999999,4,2,1,1,4,68.80000000000001,-0.1710299999999999,0
CC(=O)n1cnc(=N)[nH]1,126.119,4,2,0,1,5,74.53,-0.6492300000000002,0
CC(=O)c1nnc(N)o1,127.10300000000001,5,1,1,1,5,82.01,-0.14559999999999984,0
N=C1N=C(O)C=C1N,111.10399999999998,2,3,0,1,4,82.46,-0.22362999999999988,0
N=C1N=C(CO)N=C1N,126.119,4,3,1,1,5,94.82,-1.2747300000000001,0
CN1COC(=O)C(=O)O1,131.087,5,0,0,1,5,55.84,-1.1093000000000002,0
N=C1OCC(=O)C(=N)O1,128.087,5,2,0,1,5,83.23,-0.48566000000000015,0
N#CCC1=NN=NC1=N,121.10300000000001,4,1,1,1,5,84.72,0.69915,0
CC1(CO)N=NNC1=O,129.119,4,2,1,1,5,74.05000000000001,-0.7656000000000003,1
N=C1C=NC(N)=N1,96.09300000000002,3,2,0,1,4,74.59,-0.6372300000000002,0
CC(=O)Nc1nc1=O,112.088,3,1,1,1,4,59.06,-0.7242000000000002,0
Cc1nnc(CO)c(N)n1,140.146,5,2,1,1,5,84.92,-0.7454800000000001,0
N#CC(=N)n1ccnc1,120.11499999999998,4,1,0,1,4,65.46000000000001,0.23205000000000003,0
CC1(O)OC(=O)C1=NO,131.08700000000002,5,2,0,1,5,79.12,-0.9181000000000001,1
N=C1COC(=O)OC1=N,128.087,5,2,0,1,5,83.22999999999999,0.15023999999999993,0
CC(=O)C1=NC(N)=N1,111.10400000000001,4,1,1,1,4,67.81,-0.6978,0
NC(=O)C1=NC(=O)N1,113.076,2,2,1,1,5,84.55000000000001,-1.4066,0
Nc1nc(C=O)no1,113.07599999999998,5,1,1,1,5,82.01,-0.5357000000000001,0
NC1=CC(=O)OC1=O,113.07199999999999,4,1,0,1,4,69.39000000000001,-1.0876000000000001,0
CC(=N)N1COC(=O)O1,130.10299999999998,4,1,0,1,5,62.620000000000005,0.32487000000000005,0
N#CCc1n[nH]nnc1=N,136.11800000000002,5,2,1,1,6,102.1,-1.25475,0
N=C1OC(N)(F)N1C=O,133.08200000000002,4,2,1,1,6,79.41,-1.05073,1
N=c1[nH]c(=N)oc(=O)o1,129.075,5,3,0,1,6,106.83999999999999,-1.4801600000000006,0
N=C1OCC(=N)C(O)CO1,144.12999999999997,5,3,0,1,5,86.39,-0.6513600000000002,1
COC(=O)C1=NC(=N)O1,128.08700000000002,4,1,1,1,5,71.74,-0.47713,0
CNC1=NC(=O)C(=O)O1,128.087,4,1,0,1,5,67.76,-1.3548000000000002,0
CC(=O)C1=NC(=O)N1,112.088,2,1,1,1,4,58.53,-0.3028999999999999,0
N#CCC1=NC(=N)N=N1,121.10300000000001,3,1,1,1,5,84.72,0.69915,0
N=CC([O-])C1=C(C=O)O1,126.09099999999998,4,1,3,1,4,76.50999999999999,-1.19443,1
N=C1NN=C(CO)C1=N,126.11899999999999,4,4,1,1,5,92.32,-1.0650600000000003,0
COC1=NC(=N)N=C1N,126.11900000000001,3,2,0,1,5,83.82,-0.66313,0
O=Cc1n[nH]nc1C=O,125.08699999999997,4,1,2,1,5,75.71000000000001,-0.5703000000000003,0
N=CN1C=NC(CO)O1,129.11899999999997,4,2,2,1,5,68.91000000000001,-0.8126300000000002,1
N=C1COC(=O)OCO1,131.087,5,1,0,1,5,68.61,0.10457,0
CCC1=NC(=N)N=C1O,125.13099999999999,1,2,1,1,4,68.8,0.74227,0
CNc1nnoc(=O)n1,128.09099999999998,6,1,1,1,6,80.91000000000001,-1.1335000000000002,0
Cc1n[nH]c(NC=O)n1,126.11899999999999,3,2,2,1,5,70.67,-0.31858000000000025,0
Cc1nc(=N)nc(N)o1,126.119,5,2,0,1,5,88.79,-0.5603100000000001,0
COC1=NN=C(N)C1=N,126.119,5,2,0,1,5,83.82,-0.66313,0
CC(O)C1=C(O)N=N1,114.104,4,2,1,1,4,65.18,0.5601,1
C#Cc1nn[nH]c1N,108.104,3,2,0,1,4,67.59,-0.6318000000000001,0
N=CNC1=NC=NC1=O,124.103,3,2,1,1,5,77.67,-0.8499300000000001,0
N=C1OC=NCOC1=N,127.103,5,2,0,1,5,78.52000000000001,-0.026460000000000095,0
N=C1OC(C=O)NC1=O,128.087,4,2,1,1,5,79.25,-1.3649300000000002,1
Cc1cnnc(CO)n1,125.131,4,1,1,1,4,58.900000000000006,-0.32768000000000014,0
N=C1C=C(N)C(N)=N1,110.12000000000002,3,3,0,1,4,88.25,-0.8229299999999997,0
NC(=O)C(=O)N1COC1,130.10299999999998,3,1,0,1,5,72.63000000000001,-1.7544999999999997,0
N=C1CNNC(=N)OC1,128.135,4,4,0,1,5,80.99000000000001,-0.9346600000000005,0
N=C1N=COC(=O)CO1,128.087,4,1,0,1,5,71.74,-0.47713000000000005,0
CN=C1N=C(N)C(O)=N1,126.119,2,2,0,1,5,83.33,-0.7004999999999999,0
N=C1CC(=O)C(=N)O1,112.08799999999998,4,2,0,1,4,74.00000000000001,-0.06966,0
O=CC1C(=O)C1CNO,129.115,4,2,3,1,4,66.4,-1.0208000000000002,2
N=C1OCC(=O)NC1=O,128.087,4,2,0,1,5,79.25,-1.36333,0
N=c1nc[nH]c(=N)o1,112.09199999999998,4,3,0,1,5,89.52,-1.03836,0
N=C(O)C1C(=N)OC1=O,128.087,4,3,1,1,5,94.23000000000002,-0.32805999999999996,1
NC1=NN=C1NCC=O,126.11899999999999,5,2,2,1,5,79.84,-1.5408000000000002,0
N=C1NC(C(=O)O)O1,116.076,3,3,1,1,5,82.41000000000001,-1.0483300000000002,1
N=C1CN=C(O)NCO1,129.119,4,3,0,1,5,77.7,-0.5450300000000001,0
O=CC(O)c1cnn[nH]1,127.10300000000001,4,2,2,1,5,78.87,-0.9630000000000003,1
CN=C1C=C(N)C(=O)O1,126.115,4,1,0,1,4,64.67999999999999,-0.5859000000000001,0
N=c1c[n+]([O-])c(N)no1,128.091,5,2,0,1,6,102.84,-1.6303299999999998,0
N=C1N=C(O)N=C1N,112.092,3,3,0,1,5,94.82,-0.75153,0
N#CC(=N)C1=CN=[N+]1[O-],122.08699999999999,4,1,1,1,5,86.07,0.34725000000000006,0
CNC1=NC(N)=NC1=O,126.119,4,2,0,1,5,79.84,-1.5408,0
N=c1[nH]c(=O)nco1,113.076,4,2,0,1,5,82.74,-1.15763,0
N#CCc1nocc1N,123.115,4,1,1,1,4,75.84,0.32288000000000006,0
O=CNC1=NC=NC1=O,125.08699999999999,3,1,1,1,5,70.89,-1.3006000000000002,0
N=c1cnc(N)n[nH]1,111.10800000000002,4,3,0,1,5,91.44,-1.1336300000000004,0
N#Cc1nc(C=O)oc1N,137.09799999999996,5,1,1,1,5,92.91,-0.05901999999999996,0
N=C1OCC(=O)OC1=O,129.071,5,1,0,1,5,76.44999999999999,-0.9363300000000001,0
CN=NC1ON(CO)C1=O,145.118,5,1,2,1,6,74.49000000000001,-0.8818999999999999,1
N#CCOc1nc[nH]n1,124.103,4,1,2,1,5,74.59,-0.29292,0
N=C1ON=C1OC=O,114.05999999999997,5,1,1,1,5,71.74000000000001,-0.51963,0
CC1=NC(=N)OC1=O,112.08799999999998,3,1,0,1,4,62.51,-0.06112999999999996,0
CN=C1OC(=N)N1C=O,127.103,4,1,1,1,5,65.75,-0.6044300000000002,0
CC1=NC(=N)N=C1O,111.10399999999998,1,2,0,1,4,68.8,0.3521700000000001,0
N=CN1NC(=O)C1CO,129.119,3,3,2,1,5,76.42,-1.6988300000000003,1
N=C1OCC(=O)C1=NO,128.087,5,2,0,1,5,82.74,-0.60683,0
N=CC1NC(=O)C(=N)O1,127.103,4,3,1,1,5,86.03000000000002,-0.9142600000000001,1
N=C1NC(=N)C(=O)O1,113.076,4,3,0,1,5,86.03000000000002,-0.95516,0
N=C1OC(O)C(=N)C1O,130.103,5,4,0,1,5,97.39,-1.3070600000000003,2
Nc1cnc(=O)[nH]c1N,126.119,4,3,0,1,5,97.78999999999999,-1.0656999999999999,0
CC(O)C1=NN=C1N,113.12000000000002,4,2,1,1,4,70.97,-0.9060000000000001,1
N=C1OCN(C=O)C(=N)O1,143.10199999999998,5,2,1,1,6,86.47000000000001,-0.6813600000000004,0
N=C1N=CC(CO)=N1,111.104,2,2,1,1,4,68.8,-0.5611300000000001,0
COC1=NC(=N)N=C1N,126.11900000000001,3,2,0,1,5,83.82,-0.66313,0
N=C1N=NC=C1CO,111.10399999999998,3,2,1,1,4,68.8,0.30566999999999994,0
N=CN1OC(=N)OC1CO,145.118,5,3,2,1,6,89.63000000000001,-0.8895600000000004,1
N=Cc1ncc(N)c(=O)o1,139.114,5,2,1,1,5,92.97000000000001,-0.3853300000000001,0
CN1CN(C=O)C(=N)O1,129.11899999999997,4,1,1,1,5,56.63000000000001,-0.78593,0
Cc1nnc(N)n1C=O,126.119,5,1,1,1,5,73.8,-0.7929800000000002,0
N=C1COC(=O)C(O)O1,131.087,5,2,0,1,5,79.61,-1.1445300000000003,1
Nc1ocnc1C=O,112.08799999999998,4,1,1,1,4,69.12,0.06930000000000014,0
Nc1coc(=O)c(N)n1,127.10300000000001,5,2,0,1,5,95.14,-0.8008,0
N=C(O)C1=NN=C1CO,127.103,4,3,2,1,5,89.03,-0.67543,0
CC(=O)c1n[nH]c(O)n1,127.103,4,2,1,1,5,78.87,-0.2871,0
N#Cc1n[nH]nc1C=O,122.08699999999997,4,1,1,1,5,82.43,-0.51112,0
N=C1NC(=O)C(=O)CO1,128.087,4,2,0,1,5,79.25000000000001,-1.36333,0
N#CC(=O)n1cno1,111.05999999999999,5,0,0,1,5,71.82,-0.36012,0
N=C1NCC(=O)NCO1,129.119,3,3,0,1,5,74.21000000000001,-1.3853300000000002,0
N=c1cnncn1C=O,124.10299999999998,5,1,1,1,5,71.63,-1.2041300000000004,0
CC(=O)c1nc(N)n[nH]1,126.11900000000001,4,2,1,1,5,84.66,-0.41050000000000025,0
COC1=NC(=N)C(O)=N1,127.103,3,2,0,1,5,78.03,-0.06383000000000005,0
N=C1N=CC(N)=C1O,111.104,3,3,0,1,4,82.46000000000001,-0.22363000000000027,0
N=CN1C=NC(=O)CN1,126.11899999999999,3,2,1,1,5,68.55,-1.03143,0
O=C1CNC=NC(=O)O1,128.087,4,1,0,1,5,67.76,-0.7188999999999999,0
NCc1n[nH]ncc1=O,126.11899999999997,4,2,1,1,5,84.66,-1.3764000000000005,0
N=C1COC(=N)NCO1,129.119,4,3,0,1,5,78.19,-0.5076600000000002,0
NC1=NN=C1CCO,113.11999999999999,4,2,2,1,4,70.97,-0.9043999999999999,0
NC1=CC(=O)N=C1N,111.10400000000001,3,2,0,1,4,81.47,-1.2736000000000003,0
COC1OC(=N)C(=O)O1,131.087,5,1,1,1,5,68.61,-0.5329300000000001,1
N=CC1NCN=CC(=N)O1,140.14600000000002,5,3,1,1,5,81.32000000000001,-0.4125600000000002,1
N=CN1C(=O)NC1=O,113.07599999999998,3,2,1,1,5,73.26,-0.26133,0
NC1=C(O)N=C1C=O,112.088,4,2,1,1,4,75.68,-0.6743000000000001,0
NC1=NCNC(=O)COC1,143.14599999999996,4,2,0,1,5,76.71,-1.5524999999999993,0
CN=c1c(O)nc1=N,111.10399999999998,4,2,0,1,4,69.33000000000001,-1.3272300000000004,0
CNC1=NN=C(CO)C1=O,141.13,5,2,1,1,5,74.05000000000001,-1.4647,0
COC1=NC(N)=NC1=N,126.11900000000001,4,2,0,1,5,83.82,-0.66313,0
N=C1CNC(=O)OCO1,130.10299999999998,4,2,0,1,5,71.41000000000001,-0.3224300000000002,0
N=c1nc(C=O)cn[nH]1,124.10299999999998,4,2,1,1,5,82.49000000000001,-0.9033300000000002,0
COc1noc(CO)n1,130.10299999999998,5,1,2,1,5,68.38000000000001,-0.42950000000000016,0
COc1n[nH]nc1CO,129.119,4,2,2,1,5,71.03,-0.6944000000000001,0
CN=C1C=NNC1=N,110.11999999999999,3,2,0,1,4,60.6,-0.3765300000000002,0
Cc1n[nH]c(=O)c(N)n1,126.119,4,2,0,1,5,84.66,-0.9444800000000002,0
Nc1cnc(=O)oc1N,127.103,5,2,0,1,5,95.14,-0.8008,0
N=C1N=C(N)N=C1C=O,124.103,4,2,1,1,5,91.66,-1.06813,0
N=C1COC(=N)NCN1,128.13500000000002,3,4,0,1,5,80.99,-0.93466,0
N=CC1(C(N)=O)NC1=O,127.103,3,3,2,1,5,105.94999999999999,-2.01013,1
NC1CC(OO)NC1=O,132.119,4,3,1,1,5,84.58000000000001,-1.3507000000000002,2
N=Cc1nnc(N)nn1,124.10700000000001,6,2,1,1,6,101.43,-1.1535300000000002,0
CNC1=C(N)C(=O)N=N1,126.11900000000001,4,2,1,1,5,79.83999999999999,-0.6740000000000002,0
N=C1NC(=O)C(=N)CO1,127.103,4,3,0,1,5,86.03000000000002,-0.9126600000000002,0
Nc1ncoc(=O)n1,113.076,5,1,0,1,5,82.01,-0.988,0
CC(=O)c1n[nH]c(O)n1,127.103,4,2,1,1,5,78.87,-0.2871,0
NC1=NOC(=O)C1=O,114.05999999999999,5,1,0,1,5,81.75,-1.6155,0
CCC1=NC(=O)N=C1O,126.11499999999998,1,1,1,1,4,62.019999999999996,0.9275,0
Cc1nc(CO)nnc1N,140.146,5,2,1,1,5,84.92,-0.7454800000000001,0
N=C1OCNC=C1CN,127.14699999999999,4,3,1,1,4,71.13,-0.6164300000000005,0
Nc1cnc(CO)n1N,128.135,5,3,1,1,5,90.08999999999999,-1.3286,0
CNC(=N)c1nc1=O,111.104,3,2,1,1,4,65.84,-1.1378300000000001,0
Nc1conc1C=O,112.088,4,1,1,1,4,69.12,0.06930000000000014,0
N=C1N=C(O)N=C1N,112.092,3,3,0,1,5,94.82,-0.75153,0
N=CC1=NC=NC1=O,109.088,3,1,1,1,4,65.64,-0.35453,0
O=Cc1[nH]nnc1CO,127.103,4,2,2,1,5,78.87,-0.8905000000000001,0
COc1conc1N=O,128.08700000000002,5,0,2,1,5,64.69,1.0810999999999997,0
N=CN1CC(=O)NC1=O,127.10299999999998,3,2,1,1,5,73.26,-0.85473,0
COc1ncc(N)nn1,126.11900000000001,5,1,1,1,5,73.92,-0.5376000000000003,0
N=C1CNC(=N)OCO1,129.119,4,3,0,1,5,78.19000000000001,-0.5076600000000004,0
N=C(C=O)C(=O)N1CN1,127.10300000000001,4,2,2,1,5,82.94,-1.4906300000000001,0
N=CN1C=NCC(=O)N1,126.11899999999999,3,2,1,1,5,68.55,-1.0314300000000003,0
N=C1OCC(=O)C(=O)O1,129.071,5,1,0,1,5,76.45,-0.9363300000000001,0
N=C1OC(=O)N=C1N,113.07600000000001,4,2,0,1,5,88.53,-0.5289300000000001,0
CNc1coc(=O)nn1,127.10300000000001,5,1,1,1,5,68.02000000000001,-0.5285000000000002,0
CNC1=NN=C1C=NCO,140.14600000000002,5,2,2,1,5,69.34,-1.0055,0
Cc1nnc[nH]c1=NC=O,138.13,3,1,1,1,5,71.0,-0.8297800000000002,0
COC1=NC(=O)N=C1N,127.10300000000001,3,1,0,1,5,77.03999999999999,-0.47789999999999994,0
N=C1COC(=N)NCN1,128.13500000000002,3,4,0,1,5,80.99,-0.93466,0
N=CC1OCOC(=N)O1,130.103,5,2,1,1,5,75.39,-0.08225999999999994,1
CC(=O)C1=NC(N)=N1,111.10400000000001,4,1,1,1,4,67.81,-0.6978,0
N=C1C(F)=CN=C1N,113.095,3,2,0,1,4,62.230000000000004,0.18787000000000015,0
N=C1N=CC(CO)=[N+]1[O-],127.103,3,2,1,1,5,82.50999999999999,-1.0508300000000002,0
N=C1COC(=N)OCO1,130.103,5,2,0,1,5,75.39,-0.08066000000000012,0
CNC1=NC(=O)N1O,115.09199999999998,3,2,0,1,5,64.93,-0.6134000000000002,0
Cc1ncc(NC=O)nn1,138.13,4,1,2,1,5,67.77000000000001,-0.25168000000000007,0
COc1cnnc(=O)[nH]1,127.103,4,1,1,1,5,67.87,-0.8265,0
NC1=CC(=O)C(O)=N1,112.088,3,2,0,1,4,75.68,-0.6743000000000001,0
N=C1OC(CO)=C1N,114.104,4,3,1,1,4,79.33,-0.8435300000000001,0
CNC1NCC(=O)C1=N,127.14699999999999,4,3,1,1,4,64.97999999999999,-1.2760299999999993,1
N=CC1OC(=N)C1O,114.10399999999998,4,3,1,1,4,77.16,-0.6270599999999998,2
N=CN1C=NC(=O)OC1,127.10299999999998,3,1,1,1,5,65.75,0.031470000000000053,0
N=C1N=C(O)C(=O)CO1,128.087,3,2,0,1,5,82.74,-0.5230300000000001,0
N=C1NCC(=NO)CO1,129.119,4,3,0,1,5,77.7,-0.6288300000000002,0
CN=C1OC(=O)N=C1N,127.10300000000001,4,1,0,1,5,77.03999999999999,-0.47789999999999994,0
N=C1NCOC(=O)CO1,130.103,4,2,0,1,5,71.41,-0.9583300000000001,0
N=C1N=C(N)C(C=O)=N1,124.103,3,2,1,1,5,91.66000000000001,-1.06813,0
N=C1NC(=CO)C(=N)O1,127.10299999999998,4,4,0,1,5,89.19000000000001,-0.08236000000000021,0
CC1=NC(=O)OC(=N)CN1,141.13,4,2,0,1,5,74.53999999999999,0.12187000000000003,0
O=Cc1cn[nH]c1O,112.08799999999998,3,2,1,1,4,65.98,-0.07220000000000004,0
N=CC1=NC(O)=NC1=N,124.103,3,3,1,1,5,92.65,-0.018159999999999954,0
CC1=NC(=N)N1CO,113.11999999999999,2,2,1,1,4,59.68000000000001,-0.39503,0
COC1=NC(=N)C(N)=N1,126.11900000000001,4,2,0,1,5,83.82,-0.6631300000000002,0
CC(=O)C1=C(C=O)N=N1,124.09899999999999,4,0,2,1,4,58.86,0.4517,0
N=C1OC(=N)C(=O)O1,114.05999999999999,5,2,0,1,5,83.23,-0.5281600000000002,0
N=c1cnncn1N,111.108,5,2,0,1,5,80.58,-1.52863,0
N=C1N=C(C=O)NCO1,127.10299999999998,4,2,1,1,5,74.54,-0.9041300000000001,0
CC1=NC(=N)N=NC1N,125.135,3,2,0,1,5,86.95,0.13267000000000023,1
Nc1ncc(=O)n(N)n1,127.10700000000001,6,2,0,1,6,99.82,-2.0657000000000005,0
N=C1N=C(C(=N)O)O1,113.07599999999998,3,3,1,1,5,89.52000000000001,-0.11485999999999996,0
N=c1[nH]c(=O)n(C=O)o1,129.075,5,2,1,1,6,91.85000000000001,-1.7128299999999996,0
CC1=NC(=N)N=C1N,110.12,2,2,0,1,4,74.59,-0.24712999999999996,0
CC(O)C1=NC(O)=N1,114.104,3,2,1,1,4,65.18,-0.30670000000000003,1
COC1=NC(=N)N=C1N,126.11900000000001,3,2,0,1,5,83.82,-0.66313,0
Cc1nnc(CCO)nn1,140.146,5,1,2,1,5,71.79,-0.8901800000000002,0
CC(=O)C1=NC(N)=N1,111.10400000000001,4,1,1,1,4,67.81,-0.6978,0
CC1=NC(=O)N=C1N,111.104,2,1,0,1,4,67.81,-0.061899999999999844,0
N=C1N=C(C=O)NCO1,127.10299999999998,4,2,1,1,5,74.54,-0.9041300000000001,0
NC1=CC(=O)N=C1N,111.10400000000001,3,2,0,1,4,81.47,-1.2736000000000003,0
CC(=O)NC1NC(=O)O1,130.10299999999998,3,2,1,1,5,67.43,-0.8541000000000001,1
COC(O)c1cnno1,130.103,5,1,2,1,5,68.38,-0.2931000000000001,1
CCn1cnc(=O)oc1=N,141.13,5,1,1,1,5,71.88,-0.6643300000000001,0
COC1=NC(=O)C(N)=N1,127.10300000000001,4,1,0,1,5,77.03999999999999,-1.1138000000000003,0
N#CC1OC(=NC=N)O1,125.08699999999999,4,1,1,1,5,78.46,-0.15405000000000008,0
N=C1NC(C=O)C(=N)O1,127.103,4,3,1,1,5,86.03000000000002,-0.9142600000000001,1
N=c1o[nH]c(N)c1C=O,127.103,4,3,1,1,5,95.87,-0.51813,0
N=C1COC(=N)C(=N)O1,127.103,5,3,0,1,5,90.01,-0.034989999999999966,0
CN=C1N=CN=C1N,110.12,3,1,0,1,4,63.099999999999994,-0.5861999999999998,0
N=c1[nH]c(=O)cc(O)o1,128.087,4,3,0,1,5,90.08,-0.8470300000000002,0
NC1=CC(N)=C1C=O,110.116,3,2,1,1,3,69.11,-0.7457,0
N=CN1OCNC1C=O,129.119,4,2,2,1,5,65.42000000000002,-1.0872300000000001,1
N=CNC1=NC(C=O)O1,127.10299999999998,4,2,2,1,5,74.54,-0.9057300000000001,1
N=C1N=C(C=O)C(=N)O1,125.08699999999997,4,2,1,1,5,86.36,-0.4314599999999999,0
C#CCc1[nH]nnc1N,122.13100000000001,3,2,1,1,4,67.59,-0.4374000000000002,0
CN(C#N)c1ncno1,124.103,5,0,1,1,5,65.95,-0.01312000000000002,0
COc1[nH]nnc1N,114.10800000000002,4,2,1,1,5,76.82,-0.6045000000000003,0
N=C1N=CC(N)=NC1=N,123.11900000000001,3,3,0,1,5,98.44,-0.6174600000000001,0
N=C1NC(=O)C(=N)O1,113.076,4,3,0,1,5,86.03000000000002,-0.9551600000000002,0
N=CCc1nonc1N,126.11900000000001,5,2,2,1,5,88.79,-0.15613,0
O=CN1CC(=O)NCO1,130.103,3,1,1,1,5,58.64,-1.5363000000000004,0
N=C1N=CN1C=NCO,126.11899999999999,3,2,2,1,5,72.04,-0.7568300000000001,0
N=C1COCNC(=O)N1,129.119,3,3,0,1,5,74.21,-0.7494300000000003,0
COc1n[nH]c(=N)n1C=O,142.118,5,2,2,1,6,83.75999999999999,-1.26243,0
N=C1OCC(=O)OC1=N,128.087,5,2,0,1,5,83.22999999999999,-0.48566000000000015,0
CC1=NC(=O)OC1=N,112.08799999999998,3,1,0,1,4,62.51,0.57477,0
CN=C1N=CC(=O)OCN1,141.13,3,1,0,1,5,63.05,-0.8531,0
N=C1N=C(N)N=C1O,112.092,3,3,0,1,5,94.82000000000001,-0.7515299999999998,0
CNC1=NC(=O)N=C1N,126.119,3,2,0,1,5,79.84,-0.9049,0
Cc1noc(=N)oc1=O,128.087,5,1,0,1,5,80.09,-0.5843099999999999,0
CNC(=O)c1ncc(N)o1,141.13,4,2,1,1,5,81.15,-0.3836000000000001,0
N=Cc1ncc(N)nn1,123.11900000000001,5,2,1,1,5,88.54,-0.5485300000000002,0
N=CC1=NN=C1C(=N)O,124.10299999999998,4,3,2,1,5,92.65,-0.018159999999999954,0
N=C1COC(=N)C(=N)O1,127.103,5,3,0,1,5,90.01,-0.034989999999999966,0
N=CN1CC(O)C(=O)CO1,144.12999999999997,4,2,1,1,5,73.62000000000002,-1.2293300000000003,1
CC(=N)OC1=CC(=O)N1,126.11499999999998,3,2,1,1,4,62.18,-0.028630000000000044,0
N=c1ncc(C=O)n[nH]1,124.103,4,2,1,1,5,82.49000000000001,-0.9033300000000002,0
NC1=NC=NC1=O,97.07699999999998,3,1,0,1,4,67.81,-1.0879,0
N=C1N=COC(=N)C1=O,125.08699999999999,4,2,0,1,5,86.35999999999999,-0.4314600000000001,0
N=C1NC(C=O)C(=O)O1,128.087,4,2,1,1,5,79.25000000000001,-1.3649300000000002,1
NC(=O)C1=NC(N)=N1,112.09200000000001,4,2,1,1,5,93.83,-1.8014999999999999,0
COc1n[nH]nc1C#N,124.103,4,1,1,1,5,74.59,-0.31502000000000013,0
N=C1OCC(OC=O)C1=O,143.09799999999998,5,1,2,1,5,76.45,-0.8954300000000002,1
CC(=O)C1=NN=C1N,111.10400000000001,4,1,1,1,4,67.81,-0.6978,0
N=C1N=CNC1=NCO,126.11899999999999,3,3,1,1,5,80.83,-1.0565300000000002,0
CC1=C(O)N=NC1=N,111.10400000000001,3,2,0,1,4,68.80000000000001,1.2189699999999999,0
Cc1n[nH]cnc(=N)c1=O,138.13,4,2,0,1,5,82.49000000000001,-1.04721,0
CN=C1N=C(N)C(O)=N1,126.119,2,2,0,1,5,83.33,-0.7004999999999999,0
N=C1OCC(=O)N1CO,130.103,4,2,1,1,5,73.62,-1.2702300000000002,0
N=CN1CC(=O)OCO1,130.10299999999998,4,1,1,1,5,62.620000000000005,-0.65863,0
N=C1OCCOC(=N)O1,130.103,5,2,0,1,5,75.39,-0.0806599999999999,0
CC1=NC(=N)N=C1N,110.12,2,2,0,1,4,74.59,-0.24712999999999996,0
COC1=NOC(=O)C1=O,129.071,5,0,0,1,5,64.96000000000001,-0.9278000000000002,0
N=CN1CNCC1=NO,128.135,4,3,1,1,5,71.71000000000001,-0.75613,0
N=CC1=NN=C(N)C1=O,124.103,5,2,1,1,5,91.66,-1.06813,0
CC1CC(=O)NC(=O)N1,128.131,2,2,0,1,4,58.2,-0.3955999999999999,1
NN=C1NC(=O)OC1=O,129.075,5,2,0,1,6,93.78,-1.475,0
N=Cc1coc(CO)n1,126.115,4,2,2,1,4,70.11,0.16457000000000005,0
Nc1nncc(C=O)n1,124.10299999999998,5,1,1,1,5,81.76,-0.7337000000000005,0
Cn1cnc(=O)c(N)n1,126.119,5,1,0,1,5,73.8,-1.2425000000000004,0
N=C1C(=NO)OC1C=O,128.08699999999996,5,2,1,1,5,82.74000000000001,-0.6084300000000002,1
N#CCNc1ncon1,124.103,5,1,2,1,5,74.74000000000001,0.005080000000000029,0
Nc1c[nH]c(=O)c(N)n1,126.11900000000001,4,3,0,1,5,97.79,-1.0656999999999999,0
N=C1CNC(=O)OC=N1,127.10299999999998,3,2,0,1,5,74.54,-0.26823000000000013,0
CCn1cnoc(=N)c1=O,141.13,5,1,1,1,5,71.88,-0.6643299999999999,0
Cc1noc(=N)c(=O)[nH]1,127.103,4,2,0,1,5,82.74000000000001,-0.8492100000000002,0
N=C1N=C(N)C(CO)=N1,126.119,3,3,1,1,5,94.82000000000001,-1.2747300000000001,0
N=CN1CC(=O)OC=N1,127.10299999999998,4,1,1,1,5,65.75,-0.60443,0
N=c1[nH]cnoc1=O,113.076,4,2,0,1,5,82.74000000000001,-1.15763,0
N=C1OCC(=O)C(=N)O1,128.087,5,2,0,1,5,83.23,-0.48566000000000015,0
N=CN1OCC(=O)C(=N)O1,143.102,5,2,1,1,6,86.47000000000001,-0.6813600000000004,0
Cn1[nH]c(=O)nc1N,114.108,4,2,0,1,5,76.7,-1.3093999999999995,0
N=C1N=C(N)C=C1O,111.10399999999998,3,3,0,1,4,82.46000000000001,-0.22362999999999983,0
N=C(O)c1coc(=N)[nH]1,127.10299999999998,3,4,1,1,5,96.85999999999999,-0.02945999999999993,0
N=C1OC(=O)C(C=O)O1,129.07099999999997,5,1,1,1,5,76.45,-0.9379300000000002,1
Cn1ncnc1C(N)=O,126.119,4,1,1,1,5,73.80000000000001,-1.0860000000000003,0
O=Cc1nn[nH]c1CO,127.10299999999998,4,2,2,1,5,78.87,-0.8905000000000001,0
Nc1cnnoc1=NCO,142.11800000000002,6,2,1,1,6,97.53,-1.4977000000000003,0
NC1=NC(=O)C(N)=N1,112.092,4,2,0,1,5,93.83,-1.8014999999999999,0
N=CC1=NC(=N)C(N)=N1,123.11900000000001,4,3,1,1,5,98.44,-0.6174600000000001,0
N=CC1=NC(N)=NC1=N,123.11900000000001,4,3,1,1,5,98.44,-0.6174600000000001,0
CN=C1N=C(O)N=C1N,126.119,3,2,0,1,5,83.33,-0.7004999999999999,0
N=C1C=C(N)C(=O)O1,112.088,4,2,0,1,4,76.17,-0.6369300000000002,0
N=C1N=C(CO)C(=O)N1,127.10299999999998,3,3,1,1,5,85.53999999999999,-1.5157300000000002,0
O=Cc1nc[nH]c1O,112.08799999999998,3,2,1,1,4,65.98,-0.07220000000000004,0
N=C(N)Oc1nc[nH]n1,127.107,4,3,1,1,6,100.67,-0.9230300000000002,0
CC(=O)OC1=NNC1=N,127.10300000000001,4,2,0,1,5,74.53999999999999,-0.5565300000000002,0
Cn1cnc(NC=O)c1,125.13099999999997,3,1,2,1,4,46.92,-0.01160000000000011,0
CN=C1N=NC(=O)N1,112.09199999999998,2,1,0,1,5,66.17999999999999,0.14760000000000006,0
CC1=NC(N)=NC1=N,110.12,3,2,0,1,4,74.59,-0.24712999999999996,0
CC(O)C1=NN=C1C=N,125.131,4,2,2,1,4,68.80000000000001,-0.17263,1
N=CN1CC(=O)OCO1,130.10299999999998,4,1,1,1,5,62.620000000000005,-0.65863,0
N=C1ON=CC1=NCO,127.10299999999998,5,2,1,1,5,78.03,-0.6295300000000001,0
NC(=O)C1N=NC=C1N,126.119,4,2,1,1,5,93.83,-0.8938000000000001,1
N=c1nc[nH]c(N)c1N,125.135,4,4,0,1,5,104.57,-0.9464300000000003,0
Nc1ncc(C=O)n1N,126.119,5,2,1,1,5,86.92999999999999,-1.0084000000000004,0
CNC1=NN=C1C=O,111.10399999999998,4,1,1,1,4,53.82,-0.8272000000000002,0
CNC1(N)C(=N)C1=O,113.11999999999999,4,3,1,1,4,78.97,-1.5367299999999995,1
Cc1noc(=N)nc1O,127.103,5,2,0,1,5,83.0,-0.43691,0
COC1=NC(N)=CC1=O,126.115,4,1,0,1,4,64.68,-0.5859000000000001,0
N=C(N)C1=NC(=O)O1,113.076,3,2,1,1,5,88.53000000000002,-0.5289299999999999,0
N=CN1CC(=O)OCO1,130.10299999999998,4,1,1,1,5,62.620000000000005,-0.65863,0
CNC1OC(=N)OC1=N,129.119,5,3,1,1,5,78.19,-0.5092600000000003,1
CNC1=NC=NC1=O,111.10399999999998,3,1,0,1,4,53.82,-0.8272000000000002,0
C#CC1=NC(O)=NC1=N,121.09899999999999,2,2,0,1,4,68.80000000000001,-0.03452999999999995,0
CN=C1N=CN=C1N,110.12,3,1,0,1,4,63.099999999999994,-0.5861999999999998,0
N=CCn1ncnc1N,125.135,5,2,2,1,5,80.58,-0.4901300000000001,0
N=C1NC(=N)C(=O)CO1,127.103,4,3,0,1,5,86.03000000000002,-0.91266,0
N=C1CC(O)C(=O)CO1,129.11499999999998,4,2,0,1,4,70.38,-0.6860300000000001,1
NC(=O)n1nc[nH]c1=O,128.09099999999998,4,2,0,1,6,93.77000000000001,-1.5018000000000005,0
CC(=O)C1=NN=C1N,111.10400000000001,4,1,1,1,4,67.81,-0.6978,0
N=CN1N=CNC(N)=N1,126.123,5,3,1,1,6,89.86,-1.3283299999999996,0
CCc1noc(=N)n1C=O,141.13,5,1,2,1,5,71.88,-0.4437300000000002,0
N=C1OC=NC(=O)C1=N,125.08699999999999,4,2,0,1,5,86.36,-0.4314599999999999,0
N=C1C=NN=C1C=O,109.08799999999998,4,1,1,1,4,65.64,-0.35453,0
Nc1noc(C=O)n1,113.076,5,1,1,1,5,82.01,-0.5357000000000001,0
Cn1nc(N)nc1C=N,125.135,5,2,1,1,5,80.58000000000001,-0.6050300000000002,0
N=CN1CC(=N)OC1=O,127.10299999999998,4,2,1,1,5,77.24000000000001,0.022940000000000016,0
N=C1OCC(=O)C(=N)O1,128.087,5,2,0,1,5,83.23,-0.48566000000000015,0
N=C1C=C(N)C(C=O)=N1,123.115,3,2,1,1,4,79.3,-0.5402300000000002,0
CC(=O)C1=NC(=N)O1,112.088,3,1,1,1,4,62.510000000000005,-0.06112999999999996,0
N=CN1C=COC(=N)O1,127.10299999999998,4,2,1,1,5,69.4,0.26324000000000003,0
CC1=NC(=O)N=C1N,111.104,2,1,0,1,4,67.81,-0.061899999999999844,0
N#CCOc1c[nH]nn1,124.103,4,1,2,1,5,74.59,-0.29292,0
C#CCNc1nn[nH]n1,123.11900000000001,4,2,2,1,5,66.49000000000001,-0.7552000000000005,0
N=CN1COC(=N)OC1=O,143.10199999999998,5,2,1,1,6,86.47,-0.04546,0
NOC1=CC(=O)N=C1O,128.087,3,2,1,1,5,84.91000000000001,-0.7426999999999999,0
NC1=CN=C1OCO,114.10399999999998,4,2,1,1,4,67.84,-0.8350000000000002,0
CN=C1N=C(N)C(=O)O1,127.103,4,1,0,1,5,77.04,-1.1138,0
N=CC1OC(=N)OC(=N)O1,143.102,6,3,1,1,6,99.24,-0.1049899999999998,0
NC(=O)C1=NC(N)=N1,112.09200000000001,4,2,1,1,5,93.83,-1.8014999999999999,0
COc1conc1N=O,128.08700000000002,5,0,2,1,5,64.69,1.0810999999999997,0
Cc1nnc(C=N)n1CO,140.14600000000002,5,2,2,1,5,74.79,-0.4660099999999999,0
N=CN1CC(=O)OC1=N,127.10299999999998,4,2,1,1,5,77.24000000000001,-0.61296,0
CC(=O)C1=NC(=N)N1,111.104,2,2,1,1,4,65.31,-0.4881300000000001,0
COC1=NC(N)=NC1=N,126.11900000000001,4,2,0,1,5,83.82,-0.66313,0
N=C(N)C1=CN=NC1=O,124.103,3,2,1,1,5,91.66,-0.20132999999999995,0
N#Cc1nc(CO)no1,125.08699999999999,5,1,1,1,5,82.94,-0.5664200000000001,0
N=CN1COC(=N)OC1,129.11899999999997,4,2,1,1,5,69.4,-0.2079600000000001,0
Cn1c(O)c(N)n1C=O,129.119,5,2,1,1,5,73.18,-0.8473000000000002,0
N=C1NC(C=O)OC1=O,128.087,4,2,1,1,5,79.25,-1.3649300000000002,1
NC1=NN=C1C=NCO,126.11899999999999,5,2,2,1,5,83.33,-1.2662000000000002,0
NC1=CN=C(N)C1=O,111.104,4,2,0,1,4,81.47,-1.2735999999999998,0
N=C1OCNC(=O)CO1,130.10299999999998,4,2,0,1,5,71.41,-0.9583300000000003,0
N=C1N=C(CO)OC1=N,127.10299999999998,4,3,1,1,5,89.52000000000001,-0.6380600000000003,0
NC1=NNC(=O)C1=O,113.07599999999998,4,2,0,1,5,84.54999999999998,-2.0425,0
N=C1OCC(=O)C(=N)O1,128.087,5,2,0,1,5,83.23,-0.48566000000000015,0
N=C1NC(=N)C(=N)O1,112.092,4,4,0,1,5,92.81000000000002,-0.5044900000000001,0
C#CC1NCNC(=O)O1,126.115,3,2,0,1,4,50.36,-0.7674000000000001,1
N=CN1CC(C(=O)O)O1,130.10299999999998,3,2,2,1,5,73.62,-0.7061299999999999,1
CN=C(N)c1ncn[nH]1,125.13499999999999,3,2,1,1,5,79.94999999999999,-0.8602000000000005,0
N=CN1NCOC1C=O,129.11899999999997,4,2,2,1,5,65.42000000000002,-1.0872300000000001,1
N=CCC1=NN=C1N,110.12000000000002,4,2,2,1,4,74.59,-0.24712999999999996,0
N=C1OC=NCOC1=N,127.103,5,2,0,1,5,78.52000000000001,-0.026460000000000095,0
N=C1NC(=O)C(=O)O1,114.05999999999999,4,2,0,1,5,79.25000000000001,-1.4058300000000001,0
N=C1C=NC(N)=C1CO,125.131,4,3,1,1,4,82.46000000000001,-0.7468300000000003,0
N=C1OC(=N)C(=N)O1,113.076,5,3,0,1,5,90.01,-0.07748999999999995,0
NC(=O)C1=NC(=O)C=N1,125.08699999999999,3,1,1,1,5,84.88000000000001,-1.5188,0
CN=C1N=NC=C1O,111.10399999999997,3,1,0,1,4,57.31,0.8799000000000001,0
N=C1NCC(=O)OC1=N,127.103,4,3,0,1,5,86.03,-0.9126600000000002,0
COC1=CC(=N)NC1=O,126.115,3,2,1,1,4,62.18,-0.37623,0
N=C1NOC(C=O)C1=O,128.087,4,2,1,1,5,79.25,-1.3649300000000002,1
O=CC1=CN=NC1=O,110.07199999999999,3,0,1,1,4,58.86,0.06159999999999996,0
NC1=NC(O)=C1C=O,112.08799999999997,4,2,1,1,4,75.68,-0.6743000000000001,0
CC1=NC(N)=NC1=N,110.12,3,2,0,1,4,74.59,-0.24712999999999996,0
Nc1conc1NC=O,127.103,4,2,2,1,5,81.15,-0.1749,0
CC(=O)C1=NC(O)=N1,112.088,3,1,1,1,4,62.019999999999996,-0.09849999999999998,0
CN=c1nnc(C=N)no1,139.118,6,1,1,1,6,88.02,-1.0072300000000005,0
N=C1NC(=O)OC1=O,114.05999999999999,4,2,0,1,5,79.25,-0.76993,0
Nc1occ(C=O)[n+]1[O-],128.087,4,1,1,1,5,83.17,-0.6922999999999999,0
N=CN1CC(=NO)CO1,129.119,4,2,1,1,5,68.91000000000001,-0.32913000000000014,0
Cc1cnc(=N)oc1N,125.131,4,2,0,1,4,75.9,0.04468999999999984,0
N=C1CNC(=O)C(=N)O1,127.10299999999998,4,3,0,1,5,86.03000000000002,-0.9126600000000002,0
CCOC1=NC(=N)N=C1,125.131,2,1,1,1,4,57.8,0.4405700000000001,0
N=C1N=NN=C1C#CCO,136.114,4,2,0,1,5,81.16,-0.2188299999999999,0
N=C1OCNC(=O)CO1,130.10299999999998,4,2,0,1,5,71.41,-0.9583300000000003,0
COC1=NC(C=N)=C1O,126.11499999999998,4,2,1,1,4,65.67,0.46407,0
COC1=NC(=O)C(N)=N1,127.10300000000001,4,1,0,1,5,77.03999999999999,-1.1138000000000003,0
CNC1=NC(C=O)NN1,128.135,5,3,1,1,5,65.52,-1.8053999999999997,1
O=Cc1nc(CO)n[nH]1,127.103,4,2,2,1,5,78.87,-0.8905000000000003,0
O=C1N=NC=C1CO,112.08799999999998,3,1,1,1,4,62.019999999999996,-0.145,0
COC1OC(=O)C1=NO,131.08700000000002,5,1,1,1,5,68.12,-0.6541000000000001,1
N=c1onc(F)cc1N,129.094,4,2,0,1,5,75.9,-0.12462999999999991,0
Cc1nc(C=N)nn1O,126.11899999999999,5,2,1,1,5,74.79,-0.17851000000000006,0
CC(O)C1=CN=NC1=N,125.131,3,2,1,1,4,68.80000000000001,0.6941700000000001,1
N=C1N=CN=C1NC=O,124.10299999999998,3,2,1,1,5,77.67,-0.8499300000000003,0
O=CNc1oncc1O,128.087,4,2,2,1,5,75.36,-0.0515000000000001,0
CC1(C=N)N=NC1=O,111.104,3,1,1,1,4,65.64,0.38707,1
COC1=CN=C1NC#N,123.115,4,1,1,1,4,57.41,-0.04302,0
Cc1n[nH]c(N)nc1=N,125.135,4,3,0,1,5,91.44,-0.82521,0
NC1=NC=NC1=NC=O,124.10299999999998,3,1,1,1,5,80.16999999999999,-1.0596,0
O=CN1CC(=O)C(=O)N1,128.087,3,1,1,1,5,66.48,-1.9413,0
CN=C1OC(N)=NC1=O,127.10300000000001,4,1,0,1,5,77.03999999999999,-1.1138000000000001,0
CN=C1N=C(N)OC1=O,127.103,4,1,0,1,5,77.03999999999999,-1.1138,0
Nc1ncoc1N=C=O,125.08699999999999,5,1,1,1,5,81.47999999999999,0.22410000000000002,0
N=COC1CNC(=O)O1,130.103,4,2,2,1,5,71.41,-0.32403,1
Nc1cnc(C=O)nn1,124.103,5,1,1,1,5,81.76,-0.7337,0
N=C1CCNOC(=O)O1,130.10299999999998,5,2,0,1,5,71.41,0.02516999999999997,0
N=C1CONC(=O)CO1,130.10299999999998,4,2,0,1,5,71.41,-0.9583300000000003,0
N=C1NCCOC(=N)O1,129.119,4,3,0,1,5,78.19000000000001,-0.50766,0
N=C1NCC(=O)OCO1,130.103,4,2,0,1,5,71.41000000000001,-0.9583300000000001,0
N=C1OCC(=O)OC1=N,128.087,5,2,0,1,5,83.22999999999999,-0.48566000000000015,0
N=C1OC=NCC(=O)O1,128.087,5,1,0,1,5,71.74,-0.47713000000000005,0
N=C1N=C(CO)OC1=O,128.087,4,2,1,1,5,82.74000000000001,-1.0887300000000002,0
CC1=NC(=N)N=C1N,110.12,2,2,0,1,4,74.59,-0.24712999999999996,0
N=CN1CCN=COC=N1,140.146,4,1,1,1,5,61.040000000000006,-0.10272999999999999,0
N#CCC1=NC(=N)N=C1,120.115,2,1,1,1,4,72.36,0.36025000000000007,0
N=C1OCCOC(=N)O1,130.103,5,2,0,1,5,75.39,-0.0806599999999999,0
CNC1=NN=C([O-])C1=N,125.11099999999999,5,2,0,1,5,83.66,-1.6885299999999992,0
Cc1cnnc(N)[n+]1[O-],126.11900000000001,4,1,0,1,5,78.74,-0.9993799999999999,0
Nc1[nH]cnc(=O)c1N,126.119,4,3,0,1,5,97.79,-1.0656999999999999,0
N=CC1=C(O)N=NC1=N,124.103,4,3,1,1,5,92.65,0.8486400000000001,0
Cc1nonc1N=O,113.076,5,0,1,1,5,68.35,0.7759199999999999,0
N=c1cc(N)c(N)no1,126.11900000000001,5,3,0,1,5,101.92,-0.68153,0
N#CC1N=CN(C=N)O1,124.10299999999998,4,1,1,1,5,72.47,-0.28135000000000004,1
NC(=O)C1=NC(O)=C1,112.08799999999998,3,2,1,1,4,75.68,-0.6742999999999999,0
N=C1COC(=N)C(=N)O1,127.103,5,3,0,1,5,90.01,-0.034989999999999966,0
CC1=NC=NC1=NCO,125.13099999999999,3,1,1,1,4,57.31,-0.16249999999999992,0
N=C1N=NC(CO)=N1,112.092,3,2,1,1,5,81.16,-0.22222999999999993,0
O=CC1CN=C(CO)N1,128.131,4,2,2,1,4,61.69,-1.4521000000000004,1
N#CC(=N)OCN1CO1,127.103,5,1,2,1,5,72.41,-0.33394999999999997,1
N=C1NCCOC(=O)O1,130.103,4,2,0,1,5,71.41,-0.32243,0
Nc1[nH]nnc1C=O,112.09199999999998,4,2,1,1,5,84.66,-0.8006000000000004,0
CC1=C(N)OC(=O)C1=O,127.09899999999998,4,1,0,1,4,69.39,-0.6975,0
N=C1CNC(=O)OCO1,130.10299999999998,4,2,0,1,5,71.41000000000001,-0.3224300000000002,0
N=C1N=CCOC(=O)N1,127.103,3,2,0,1,5,74.53999999999999,-0.26823000000000013,0
N=C(N)C1=NN=C1F,114.08300000000001,3,2,1,1,5,74.59,-0.3400299999999998,0
N=C1OCC(=O)C(=O)O1,129.071,5,1,0,1,5,76.45,-0.9363300000000001,0
N#CCC1=NN=C1O,109.088,3,1,1,1,4,68.74,0.22618,0
N#CCn1ncnc1N,123.119,5,1,1,1,5,80.52,-0.61612,0
CC(O)C1=NN=C1N,113.12000000000002,4,2,1,1,4,70.97,-0.9060000000000001,1
COc1nc(=N)[nH]n1C=O,142.118,5,2,2,1,6,83.75999999999999,-1.26243,0
O=C1OC=NC(CO)C1=O,143.09799999999998,5,1,1,1,5,75.96000000000001,-1.4985000000000002,1
COc1noc(N)[n+]1[O-],131.091,5,1,1,1,6,88.22,-1.1012,0
N=C1C=C(N)C(=O)O1,112.088,4,2,0,1,4,76.17,-0.6369300000000002,0
NC1=C(OC=O)C(=O)O1,129.071,5,1,2,1,5,78.62,-1.1560000000000001,0
N=C1COC(=N)N=CO1,127.103,4,2,0,1,5,78.52,-0.026460000000000095,0
CC1=NC(=N)OC1=N,111.10399999999998,3,2,0,1,4,69.28999999999999,0.38954000000000005,0
COC1=NN=C(N)C1=O,127.103,5,1,0,1,5,77.03999999999999,-1.1138000000000001,0
N=C1CC(=NO)C(=N)N1,126.11899999999999,4,4,0,1,5,92.32,-0.2355600000000001,0
Nc1cnc(C=O)nn1,124.103,5,1,1,1,5,81.76,-0.7337,0
N=CN=C1N=NC=C1N,123.119,3,2,1,1,5,86.95,0.2578700000000001,0
N=C1COC(=N)N=CO1,127.103,4,2,0,1,5,78.52,-0.026460000000000095,0
N=C1NC(O)C(=O)C1=N,127.103,4,4,0,1,5,97.03,-1.52586,1
NC1=CN=C(N)C1=O,111.104,4,2,0,1,4,81.47,-1.2735999999999998,0
N=C1COC(=N)OCO1,130.103,5,2,0,1,5,75.39,-0.08066000000000012,0
N=C1NC(=O)C(=N)O1,113.076,4,3,0,1,5,86.03000000000002,-0.9551600000000002,0
N=C1NC(=N)C(=O)CO1,127.103,4,3,0,1,5,86.03000000000002,-0.91266,0
Cc1nc(C=O)nn1O,127.10299999999998,5,1,1,1,5,68.01,-0.36367999999999995,0
N=C1COC(=N)NCO1,129.119,4,3,0,1,5,78.19,-0.5076600000000002,0
NC(=O)Oc1ncc[nH]1,127.103,3,2,1,1,5,81.0,-0.13279999999999997,0
Cc1nnc(CO)n1N,128.135,5,2,1,1,5,76.96000000000001,-1.2073800000000001,0
NCc1nn[nH]c1C=O,126.11899999999997,4,2,2,1,5,84.66,-0.9241000000000006,0
N=CC1=NN=CC1=O,109.08799999999998,4,1,1,1,4,65.64,-0.35453,0
NC1=CN=C(N)C1=NC=O,138.13,4,2,1,1,5,93.82999999999998,-1.2452999999999999,0
CC(=O)C1=C(N)C=N1,110.116,3,1,1,1,3,55.45,-0.16989999999999988,0
N#CCc1nncc(N)n1,135.13,5,1,1,1,5,88.48,-0.48012000000000005,0
CN1N=C(NC=O)N=CN1,141.134,5,2,1,1,6,69.09,-1.5182999999999995,0
N=C1NC(=O)OCC1=O,128.087,4,2,0,1,5,79.25,-0.72743,0
N=C1N=C(C(=N)O)O1,113.07599999999998,3,3,1,1,5,89.52000000000001,-0.11485999999999996,0
CNC1=C(CO)C(=N)N=N1,140.146,4,3,2,1,5,80.83,-0.14723000000000003,0
N=C1OC(=N)C(C=O)O1,128.087,5,2,1,1,5,83.23,-0.48726000000000025,1
COc1cnc(N)n1O,129.11900000000003,5,2,1,1,5,73.3,-0.2888000000000001,0
COC#Cc1conn1,124.09899999999999,4,0,0,1,4,48.150000000000006,0.02499999999999991,0
N=C1OCNC(=O)CO1,130.10299999999998,4,2,0,1,5,71.41,-0.9583300000000003,0
N=C1CC(O)C(=O)CO1,129.11499999999998,4,2,0,1,4,70.38,-0.6860300000000001,1
COC1=NC=NC1=N,111.104,3,1,0,1,4,57.800000000000004,0.05046999999999996,0
NC1=NC(=NO)C=N1,112.09199999999998,4,2,0,1,5,83.33,-0.8268000000000002,0
O=C1NCC(=O)C(=O)O1,129.071,4,1,0,1,5,72.47,-1.1781000000000001,0
CC1=NC(N)=NC1=NC=O,138.13,3,1,1,1,5,80.16999999999999,-0.6695,0
CNc1nc(=O)nco1,127.10299999999998,5,1,1,1,5,68.02000000000001,-0.5285000000000002,0
CC(=O)n1[nH]nc1N,114.108,4,2,0,1,5,76.7,-0.5465000000000002,0
CC(N)OC1=NN=C1N,128.13500000000002,5,2,1,1,5,85.99,-1.0079999999999996,1
NC(=O)OC1=CNC1=O,128.087,3,2,1,1,5,81.42000000000002,-0.9471,0
N=C1ON=C(N)[NH+]1C=O,129.099,5,3,1,1,6,92.97,-2.7776300000000003,1
CC(O)C1=C(N)N=[N+]1[O-],129.11900000000003,4,2,1,1,5,84.67999999999999,-0.5289000000000001,1
N=Cc1nc(=N)n(O)[nH]1,127.107,5,4,1,1,6,101.54000000000002,-1.0743600000000002,0
N=C1NC(=O)OCC(=O)O1,144.08599999999998,5,2,0,1,6,88.48,-0.79583,0
N#CC(N)c1cnon1,124.103,5,1,1,1,5,88.73,-0.40702000000000016,1
COC1=NC(N)=C1N,113.12000000000002,4,2,0,1,4,73.63,-0.8686,0
N=c1nc[nH]c(=O)n1O,128.09099999999998,5,3,0,1,6,94.76,-1.71183,0
N=C1NCNC(=O)CO1,129.119,3,3,0,1,5,74.21000000000001,-1.3853300000000002,0
CNC(=O)C1=NC=[N+]1[O-],127.103,3,1,1,1,5,67.53,-1.3169,0
CC1=NNC(=O)C1=N,111.10399999999998,3,2,0,1,4,65.31,-0.4881300000000001,0
N=CN=C1NCC(=O)O1,127.10299999999998,3,2,1,1,5,74.54,-0.9041300000000001,0
O=C1ON=C1COCO,131.08700000000002,5,1,3,1,5,68.12,-1.1343999999999999,0
Nc1cnc(=O)oc1N,127.103,5,2,0,1,5,95.14,-0.8008,0
N=C1COC(=O)C(=N)O1,128.087,5,2,0,1,5,83.23,-0.48566000000000015,0
N=c1cnc(CO)no1,127.103,5,2,1,1,5,83.0,-0.9586300000000003,0
CCn1cnc(N)[n+]1[O-],128.13500000000002,4,1,1,1,5,70.78,-0.8813999999999997,0
N=c1[nH]nncc1CO,126.11899999999999,4,3,1,1,5,85.65,-1.2235300000000005,0
N=C1OCC(=O)C(=N)O1,128.087,5,2,0,1,5,83.23,-0.48566000000000015,0
Nc1n[nH]nc1C=O,112.09199999999998,4,2,1,1,5,84.66,-0.8006000000000004,0
NC1=NC(C(N)C=O)=N1,126.11899999999999,5,2,2,1,5,93.83,-1.7606000000000004,1
CN=C1C=NOC1=N,111.10399999999998,4,1,0,1,4,57.800000000000004,0.05046999999999996,0
N=C1CNC(=O)OC=N1,127.10299999999998,3,2,0,1,5,74.54,-0.26823000000000013,0
N=C1N=C(CO)C(=O)O1,128.087,4,2,1,1,5,82.74,-1.0887300000000002,0
N=C1NC(C=O)NCO1,129.119,4,3,1,1,5,74.21000000000001,-1.38693,1
N=C1CNC(=O)C(=O)O1,128.087,4,2,0,1,5,79.25000000000001,-1.3633300000000004,0
N=C1OC=NC(C=O)O1,128.087,5,1,1,1,5,71.74,-0.4787300000000001,1
CC1=NC(N)=NC1=O,111.104,3,1,0,1,4,67.81,-0.6978,0
CNC(=O)c1c[nH]cn1,125.13099999999999,2,2,1,1,4,57.78,-0.23070000000000007,0
CNC(=O)c1ncon1,127.103,4,1,1,1,5,68.02000000000001,-0.5708000000000002,0
N=C1COC(=N)C(=O)N1,127.103,4,3,0,1,5,86.03,-0.9126600000000002,0
N=Cc1nc(=N)cno1,124.103,5,2,1,1,5,86.62,-0.45326,0
NC1=NC(CO)=NC1=O,127.10299999999998,4,2,1,1,5,88.03999999999999,-1.7254,0
N=C1OC=NC1C=O,112.08799999999998,4,1,1,1,4,62.51,-0.4103300000000001,1
C#CC1=NC(=O)N=N1,107.072,2,0,0,1,4,54.15,0.6039000000000001,0
COC1=NC(=O)N=C1N,127.10300000000001,3,1,0,1,5,77.03999999999999,-0.47789999999999994,0
Cc1nc(OC#N)no1,125.08699999999999,5,0,1,1,5,71.94,0.23789999999999994,0
COC1=NC(CO)=NC1=O,142.114,4,1,1,1,5,71.25,-1.0377000000000003,0
O=Cc1oc(=O)[nH]c1O,129.071,4,2,1,1,5,83.3,-0.5140000000000001,0
COc1ncc(=N)[nH]n1,126.119,4,2,1,1,5,74.65,-0.7072300000000002,0
N#CC(N)C1=NN=C1,108.104,4,1,1,1,4,74.53,-0.7223200000000001,1
CC1=NC(N)=NC1=NO,126.119,4,2,0,1,5,83.33,-0.4366999999999998,0
COC1OC(=N)C(=O)O1,131.087,5,1,1,1,5,68.61,-0.5329300000000001,1
N=CC1OC(=O)N1C=N,127.103,4,2,2,1,5,77.24000000000001,0.021340000000000192,1
NC1=CN=C(N)C1=O,111.104,4,2,0,1,4,81.47,-1.2735999999999998,0
N=C1OCNC(=O)CO1,130.10299999999998,4,2,0,1,5,71.41,-0.9583300000000003,0
CNc1nc(C#N)n[nH]1,123.119,4,2,1,1,5,77.39,-0.28192000000000006,0
Nc1cnc(C=O)n1CO,141.13,5,2,2,1,5,81.14,-0.7724000000000002,0
CN=C1C(N)=NC=[N+]1[O-],126.119,4,1,0,1,5,76.80999999999999,-1.0758999999999999,0
N=C1N=COCOC1=N,127.103,4,2,0,1,5,78.52000000000001,-0.026460000000000095,0
N=c1[nH]c(=N)oc(=O)o1,129.075,5,3,0,1,6,106.83999999999999,-1.4801600000000006,0
COc1n[nH]c(=O)cc1O,142.11399999999998,4,2,1,1,5,75.21,-0.5159000000000001,0
NC1=C(O)N=CC1=O,112.088,4,2,0,1,4,75.68,-0.6743000000000001,0
N=C1OCN=CNC1=O,127.10299999999998,4,2,0,1,5,74.53999999999999,-0.9041300000000003,0
C#CC1=NC(=N)N=C1O,121.09899999999999,1,2,0,1,4,68.8,-0.03452999999999995,0
Cc1nnc(COC#N)[nH]1,138.13,4,1,2,1,5,74.59,0.11079999999999984,0
Nc1c[nH]c(=O)n1CO,129.11900000000003,4,3,1,1,5,84.04,-1.2916,0
N#CC(O)C1=CC(N)=N1,123.11500000000001,4,2,1,1,4,82.39999999999999,-0.87442,1
CN=C(O)C1=NN=C1N,126.11900000000001,4,2,1,1,5,83.33,-0.7004999999999999,0
C#CC(=N)n1nc[nH]1,108.104,3,2,0,1,4,57.46,-0.33022999999999997,0
N=c1[nH]ncnc1C=O,124.10299999999998,4,2,1,1,5,82.49000000000001,-0.9033300000000004,0
C[N+]([O-])(C#N)C1=NO1,113.07600000000001,4,0,0,1,5,71.74,-0.28692000000000006,1
COc1c[nH]nnc1=N,126.119,4,2,1,1,5,74.65,-0.70723,0
CC1=NC(N)=NC1=N,110.12,3,2,0,1,4,74.59,-0.24712999999999996,0
N=c1cn[nH]nc1C=O,124.10299999999998,4,2,1,1,5,82.49000000000001,-0.9033300000000004,0
COC1=NC(=N)C(N)=N1,126.11900000000001,4,2,0,1,5,83.82,-0.6631300000000002,0
N=C1N=C(N)N1C=O,112.092,3,2,1,1,5,82.53999999999999,-1.29213,0
N=C1N=C(CO)C(=N)O1,127.10299999999998,4,3,1,1,5,89.52,-0.6380600000000001,0
O=C1C=NC(C=NO)=N1,125.08699999999999,4,1,1,1,5,74.38,-0.5441,0
C#Cc1nonc1N=N,122.087,5,1,1,1,5,75.13,0.7133699999999998,0
COC1OC(=N)OC1=N,130.103,5,2,1,1,5,75.39000000000001,-0.08226000000000011,1
N=C1NC(C(=N)CO)O1,129.119,4,4,2,1,5,89.19000000000001,-1.1208600000000002,1
N=NC1=NC(=O)C=N1,110.076,4,1,0,1,5,78.0,-0.015629999999999977,0
C#Cc1nnc(O)n1N,124.103,5,2,0,1,5,76.96000000000001,-1.3212000000000002,0
O=CNC1=NOC1=O,114.05999999999999,4,1,1,1,5,67.75999999999999,-1.3973000000000002,0
CN=C1ON=C1OC=N,127.10299999999998,5,1,1,1,5,67.03,-0.017929999999999946,0
CC1=NC(N)=NC1=N,110.12,3,2,0,1,4,74.59,-0.24712999999999996,0
Cn1c(CN)noc1=N,128.135,5,2,1,1,5,80.83000000000001,-1.0487299999999997,0
Nc1c(O)n[nH]c1C=O,127.103,4,3,1,1,5,92.0,-0.4900000000000002,0
Cc1nc(OC=N)n[nH]1,126.11899999999999,4,2,2,1,5,74.65,0.09898999999999991,0
NCc1noc(C=O)n1,127.10299999999998,5,1,2,1,5,82.01,-0.6592000000000002,0
N=C1OC=NC=C(N)O1,127.103,5,2,0,1,5,80.69,-0.24613000000000007,0
N=CN1C(=N)C=C1N,110.11999999999999,3,3,1,1,4,76.96000000000001,-0.31356,0
CC(O)C1=NC(=N)O1,114.104,3,2,1,1,4,65.67,-0.26933000000000007,1
N=C1C(N)=CN=C1N,110.12,4,3,0,1,4,88.25,-0.8229300000000002,0
N=CC1=CC(=O)N1O,112.088,3,2,1,1,4,64.39,-0.24873000000000006,0
N=C1OCC(=O)OC1=N,128.087,5,2,0,1,5,83.22999999999999,-0.48566000000000015,0
NC(=O)C1CNC(=O)O1,130.103,3,2,1,1,5,81.42,-1.4199000000000004,1
N#CN=C1ON=CC1=N,122.08699999999999,5,1,0,1,5,81.59,-0.09825,0
N=C1OCNCN=C1C=O,141.13,5,2,1,1,5,74.53999999999999,-0.8616300000000003,0
N=CN1C(=N)COC1=O,127.10299999999998,4,2,1,1,5,77.24000000000001,0.022940000000000016,0
COc1cnc(=O)[nH]n1,127.103,4,1,1,1,5,67.87,-0.8265000000000002,0
CNC(=O)C1=NC(N)=N1,126.11900000000001,4,2,1,1,5,79.84,-1.540799999999999,0
NC1=NC(=O)C(O)=N1,113.07599999999998,3,2,0,1,5,88.03999999999999,-1.2022000000000002,0
N=C1NC(C=O)NC1=O,127.103,3,3,1,1,5,82.05000000000001,-1.7919299999999998,1
N=c1nc[nH]nc1CO,126.11899999999999,4,3,1,1,5,85.65,-1.22353,0
CC(=O)OC1=CC(N)=N1,126.11500000000001,4,1,1,1,4,64.68,-0.23829999999999985,0
Cn1ncnc1NC#N,123.119,5,1,1,1,5,66.53,-0.2919199999999999,0
N=C1OC(=O)OC1=N,114.05999999999999,5,2,0,1,5,83.22999999999999,0.10774,0
N=c1[nH]cnc(=O)[nH]1,112.092,3,3,0,1,5,85.38999999999999,-1.4225299999999999,0
CC(=O)C1=NC(=N)N1N,126.11900000000001,3,2,1,1,5,82.54,-0.9020300000000001,0
N=c1cc(N)[nH]n1C=O,126.119,4,3,1,1,5,87.66,-1.0838299999999998,0
CNC1=NC(=O)N=C1O,127.10299999999998,2,2,0,1,5,74.05,-0.3055999999999999,0
Nc1cnc(=O)on1,113.076,5,1,0,1,5,82.01,-0.988,0
COc1n[nH]c(=N)n1CO,144.13400000000001,5,3,2,1,6,86.92,-1.3509300000000004,0
COC1=NC(=N)N=C1N,126.11900000000001,3,2,0,1,5,83.82,-0.66313,0
N=C1OC(=N)C(=N)O1,113.076,5,3,0,1,5,90.01,-0.07748999999999995,0
N=c1ccn(C(N)=O)[nH]1,126.119,3,3,0,1,5,87.66,-0.7775299999999998,0
N=C(N)C1(C=O)OCO1,130.10299999999998,4,2,2,1,5,85.4,-1.1781300000000001,0
COC1=C(N)C(=N)N=N1,126.11900000000001,4,2,1,1,5,83.82000000000001,0.20367000000000018,0
N=CN1N=CNC1C=O,126.11899999999997,4,2,2,1,5,68.55000000000001,-1.0330300000000001,1
N#CCc1nonc1N,124.10300000000001,5,1,1,1,5,88.73,-0.28212000000000004,0
N=C1C(N)=NN=C1C=O,124.10299999999998,5,2,1,1,5,91.66,-1.0681300000000002,0
CC1=NC(N)=NC1=N,110.12,3,2,0,1,4,74.59,-0.24712999999999996,0
N=C1CNN=NC=C1N,125.135,5,3,0,1,5,86.62,-0.22333000000000014,0
Nc1cnc(C=O)n1N,126.119,5,2,1,1,5,86.92999999999999,-1.0084,0
N=C1NCC(=O)N=CO1,127.103,3,2,0,1,5,74.54,-0.9041300000000001,0
NC1=NC(CO)=NC1=O,127.10299999999998,4,2,1,1,5,88.03999999999999,-1.7254,0
N=C1OCOC(=O)CO1,131.087,5,1,0,1,5,68.61,-0.5313300000000001,0
COC1=CN=NC1=N,111.104,3,1,1,1,4,57.800000000000004,0.91727,0
Nc1cc(=O)on1CO,130.103,5,2,1,1,5,81.39,-1.0267000000000002,0
N=c1[nH]c(=N)n(C=O)o1,128.091,5,3,1,1,6,98.63000000000001,-1.5935599999999994,0
N=CN1CC(=O)OCO1,130.10299999999998,4,1,1,1,5,62.620000000000005,-0.65863,0
NC1=NN=C1C=O,97.07699999999998,4,1,1,1,4,67.81,-1.0879,0
N#CNc1nn[nH]c1C=O,137.102,5,2,2,1,6,94.46000000000001,-0.48982000000000037,0
CC1N=C(O)C(=O)O1,115.08799999999998,3,1,0,1,4,58.89,-0.15429999999999994,1
N=C1NC(=N)OC(C=O)O1,143.10199999999998,5,3,1,1,6,95.26,-0.9826600000000001,0
N=CN1CC(=O)C(=O)N1,127.10299999999998,3,2,1,1,5,73.26,-1.4906300000000001,0
CC(=O)c1cnoc1N,126.115,4,1,1,1,4,69.12,0.45940000000000014,0
O=CC(=O)N1N=CCO1,128.087,4,0,1,1,5,58.97,-1.0551000000000001,0
N=C1COC(=O)C(=N)N1,127.103,4,3,0,1,5,86.03,-0.9126600000000002,0
N#CC1=NC(N)=NC1=O,122.087,4,1,0,1,5,91.6,-1.19412,0
CC1=C(O)C(=N)N=N1,111.10400000000001,3,2,0,1,4,68.8,1.21897,0
COC1=NC(N)=NC1=O,127.10300000000001,4,1,0,1,5,77.03999999999999,-1.1138000000000001,0
Cn1oc(CO)nc1=N,129.119,5,2,1,1,5,75.03999999999999,-1.0151300000000003,0
CN=C1ON=CC1=N,111.10399999999998,4,1,0,1,4,57.800000000000004,0.05047000000000007,0
COc1noc(=O)n1C,130.10299999999998,5,0,1,1,5,57.260000000000005,-0.6181000000000001,0
COC1=NC(=O)C(CO)=N1,142.114,4,1,1,1,5,71.25,-1.0377,0
N=C1C=C(N)OC1=O,112.088,4,2,0,1,4,76.17000000000002,-0.6369300000000002,0
N=C1COC(=N)OCO1,130.103,5,2,0,1,5,75.39,-0.08066000000000012,0
NC(=O)c1cnc(N)o1,127.103,4,2,1,1,5,95.14,-0.6443000000000001,0
CN=C1N=CN=C1N,110.12,3,1,0,1,4,63.099999999999994,-0.5861999999999998,0
COc1c[nH]nnc1=N,126.119,4,2,1,1,5,74.65,-0.70723,0
NC(=O)Oc1cnc[nH]1,127.103,3,2,1,1,5,81.0,-0.13279999999999997,0
COC1=NN=C1NC=N,126.11899999999999,4,2,1,1,5,69.83000000000001,-0.4449300000000002,0
CC(O)c1cn[nH][n+]1[O-],129.119,3,2,1,1,5,75.85000000000001,-0.9036000000000002,1
CNC(=N)OC1=NCO1,129.119,4,2,0,1,5,66.7,-0.4991300000000003,0
NC=C1N=CN=C1N,110.12,4,2,0,1,4,76.75999999999999,-0.8144,0
N=C1N=C(C=O)OC1=N,125.08699999999997,4,2,1,1,5,86.36000000000001,-0.4314599999999999,0
N=C1CNC(=N)OCO1,129.119,4,3,0,1,5,78.19000000000001,-0.5076600000000004,0
COC1=NC(=O)N1CO,130.103,3,1,1,1,5,62.129999999999995,-0.6257999999999999,0
CC1=NN=C(CO)C1=N,125.13099999999999,4,2,1,1,4,68.80000000000001,-0.1710299999999999,0
N=Cn1cc(O)[nH]c1=O,127.10299999999998,4,3,1,1,5,81.87,-0.66283,0
N=COc1cc(N)no1,127.103,5,2,2,1,5,85.13,0.2426700000000001,0
N=C1OCNC(=O)CO1,130.10299999999998,4,2,0,1,5,71.41,-0.9583300000000003,0
N=C1N=C(CO)C(=O)N1,127.10299999999998,3,3,1,1,5,85.53999999999999,-1.5157300000000002,0
Cc1nnc(CO)nc1N,140.146,5,2,1,1,5,84.92,-0.7454800000000001,0
N=C1OCOC(=O)C1=N,128.087,5,2,0,1,5,83.23,-0.48566000000000015,0
N=C1N=C(C=O)NC1=O,125.08699999999997,3,2,1,1,5,82.38,-1.3091300000000001,0
Nc1oncc(=O)c1N,127.103,5,2,0,1,5,95.14,-0.8008,0
O=CC1NC(=O)C1=NO,128.087,4,2,1,1,5,78.76,-1.4861000000000006,1
Cc1nnc(N)n1C=O,126.119,5,1,1,1,5,73.8,-0.7929800000000002,0
O=C1N=NC=C1CO,112.08799999999998,3,1,1,1,4,62.019999999999996,-0.145,0
N=C1N=NC(CO)=N1,112.092,3,2,1,1,5,81.16,-0.22222999999999993,0
CN=C1C=NC(N)=[N+]1[O-],126.119,4,1,0,1,5,76.80999999999999,-1.0758999999999999,0
N=C1OCCOC(=O)C1=O,143.09799999999998,5,1,0,1,5,76.45,-0.8938300000000001,0
N=C1NCOCC(=O)O1,130.103,4,2,0,1,5,71.41,-0.9583300000000001,0
N=CN1C(=N)OCC1C=O,141.12999999999997,4,2,2,1,5,77.24000000000001,-0.5720600000000002,1
N=CC1OC(=O)OC1=N,128.087,5,2,1,1,5,83.22999999999999,0.1486400000000001,1
N=c1nc(C=O)[nH]n1O,128.09099999999998,5,3,1,1,6,94.76,-1.2595300000000005,0
NC1=C(N)C(=O)N=C1,111.10399999999998,3,2,0,1,4,81.47,-1.2736000000000003,0
CN1NCN=NC1=O,114.10799999999999,3,1,0,1,5,57.059999999999995,-0.033899999999999986,0
N=CN1CC(=O)C(=O)O1,128.087,4,1,1,1,5,70.46000000000001,-1.06363,0
N=C1CN=CNC1=O,111.10399999999998,3,2,0,1,4,65.31,-0.8357300000000003,0
COC1=NC(=N)C(O)=N1,127.103,3,2,0,1,5,78.03,-0.06383000000000005,0
N=C1NCC=NC(=O)N1,126.119,2,3,0,1,5,77.34,-0.69523,0
COC1=NC(=N)N=C1O,127.103,2,2,0,1,5,78.03,-0.06383000000000005,0
COC1=NOC(=N)C1=O,128.087,5,1,0,1,5,71.74000000000001,-0.47713,0
CC1=NC(=O)N=C1NCO,141.13,3,2,1,1,5,74.05,-0.48119999999999996,0
N#CCc1nc(N)n[n-]1,122.11100000000002,4,1,1,1,5,89.69,-0.9179200000000001,0
N=C1OC(N=O)COC1=O,144.08599999999998,6,1,1,1,6,88.81,-0.37043000000000004,1
COC1=NN=C1C=N,111.10399999999998,4,1,1,1,4,57.800000000000004,0.05046999999999996,0
CN=C1NCOC(=O)N1,129.119,3,2,0,1,5,62.720000000000006,-0.7409000000000001,0
N=C1OC(C=O)OC1=N,128.087,5,2,1,1,5,83.22999999999999,-0.48725999999999997,0
CC(=O)C1=NN=C1N,111.10400000000001,4,1,1,1,4,67.81,-0.6978,0
O=C1N=C([O-])N=C1CO,127.07899999999998,4,1,1,1,5,85.08,-2.3238,0
N=C1N=C(CO)C(=O)O1,128.087,4,2,1,1,5,82.74,-1.0887300000000002,0
CN=C1C=NC(CO)=N1,125.13099999999999,3,1,1,1,4,57.31,-0.5101000000000002,0
N=CC1OCON1C=N,129.119,4,2,2,1,5,69.4,-0.2095599999999999,1
N=Cc1nonc1C=O,125.08699999999999,5,1,2,1,5,79.84,-0.12023,0
N=C1NC(=N)C(=O)O1,113.076,4,3,0,1,5,86.03000000000002,-0.95516,0
CC1=NC(CN)=NC1=O,125.131,3,1,1,1,4,67.81,-0.6553,0
N#CCC1=CN=NC1=N,120.115,3,1,1,1,4,72.36,1.2270499999999998,0
N=COc1cnnc(N)c1,138.13000000000002,5,2,2,1,5,84.88,0.0446700000000001,0
Nc1ncc(C=O)n1O,127.10299999999998,5,2,1,1,5,81.14,-0.48490000000000005,0
CC(=O)C1=NC(=N)O1,112.088,3,1,1,1,4,62.510000000000005,-0.06112999999999996,0
Nc1cnc(N)n1C=O,126.119,5,2,1,1,5,86.92999999999998,-0.9142000000000001,0
O=C1CONC(=O)C1,115.088,3,1,0,1,4,55.4,-0.9929999999999999,0
N=C1OC(CO)=C1NO,130.103,5,4,2,1,5,85.57000000000001,-0.8234300000000001,0
N=C1CC(N)OC(=N)N1,128.135,4,4,0,1,5,94.98000000000002,-0.8068600000000001,1
CC(N)C1=NC(=O)O1,114.10399999999998,3,1,1,1,4,64.67999999999999,-0.1176999999999998,1
CC1(N)OC(=O)C1=O,115.08799999999998,4,1,0,1,4,69.39,-1.2127999999999999,1
CC(=O)C1=NC(O)=N1,112.088,3,1,1,1,4,62.019999999999996,-0.09849999999999998,0
COC1C(=N)[N+]1([O-])O,118.092,4,2,1,1,5,76.37,-0.34642999999999996,2
COc1nc(CO)n[nH]1,129.119,4,2,2,1,5,71.03,-0.6944000000000004,0
NC(=O)OC1=CN=C1,112.088,3,1,1,1,4,64.68,0.007500000000000173,0
N#CC1N=CNC(=N)O1,124.10299999999998,4,2,0,1,5,81.26,-0.5810500000000003,1
CC1=C(N)N=NC1=N,110.12,3,2,0,1,4,74.59,0.6196700000000002,0
COC1=NC(=O)C(=N)O1,128.087,4,1,0,1,5,71.74,-0.47713,0
N=C1OCN1C(N)C=O,129.119,4,2,2,1,5,79.41,-1.30543,1
CC1=NC(=N)N=C1O,111.10399999999998,1,2,0,1,4,68.8,0.3521700000000001,0
N=C1OC(=O)CC1=NO,128.087,5,2,0,1,5,82.74,-0.25923,0
CC1(OC=O)OC(=N)O1,131.087,5,1,2,1,5,68.61,-0.18533000000000005,0
NC(=O)C1=NNC1=O,113.076,3,2,1,1,5,84.55000000000001,-2.0425,0
CC(=O)C1=NN=C1N,111.10400000000001,4,1,1,1,4,67.81,-0.6978,0
N=C1NC(=O)C(=N)O1,113.076,4,3,0,1,5,86.03000000000002,-0.9551600000000002,0
NC(=O)C1=NC(=O)O1,114.05999999999999,3,1,1,1,5,81.75000000000001,-0.9796,0
N=C1N=CC(CO)=C1N,125.131,3,3,1,1,4,82.46,-0.7468300000000001,0
Cc1nc(NC=N)no1,126.11899999999999,4,2,2,1,5,74.80000000000001,0.39698999999999984,0
Nc1n[nH]cc1C=O,111.10399999999997,3,2,1,1,4,71.77,-0.19560000000000038,0
O=C1CC(=NO)C(=O)O1,129.071,5,1,0,1,5,75.96,-0.7099,0
CCC1=NC(N)=NC1=O,125.131,3,1,1,1,4,67.81,-0.30770000000000003,0
CC1=NC(=O)C(O)=N1,112.08799999999998,2,1,0,1,4,62.019999999999996,-0.09849999999999998,0
N=C1OCC(=O)C(=N)O1,128.087,5,2,0,1,5,83.23,-0.48566000000000015,0
CC1=NOC(N)=NN1C=O,142.11800000000002,5,1,1,1,6,80.28,-0.9619,0
N=C1N=NC=C(N)C1=O,124.103,4,2,0,1,5,91.66,-0.2013299999999999,0
N=C1NC(=N)C(O)CO1,129.119,4,4,0,1,5,89.19000000000001,-1.1208600000000002,1
CN=C1N=C(N)C(=O)O1,127.103,4,1,0,1,5,77.04,-1.1138,0
Nc1cnoc1C=NCO,141.13,5,2,2,1,5,84.64,-0.3745,0
Nc1cnc(N)c(O)n1,126.119,5,3,0,1,5,98.05,-0.6534000000000001,0
COC1=NC(=N)C(O)=C1,126.11499999999998,3,2,0,1,4,65.67,0.46407,0
N#CCn1oc(=N)[nH]c1=N,139.118,5,3,1,1,6,105.35,-1.1082800000000002,0
N=Cc1nncoc1=N,124.10299999999998,5,2,1,1,5,86.62,-0.45326000000000016,0
Nc1nncc(C=O)n1,124.10299999999998,5,1,1,1,5,81.76,-0.7337000000000005,0
N=CC1=NN=C(N)C1=O,124.103,5,2,1,1,5,91.66,-1.06813,0
NC1=NN=CC1=O,97.07699999999998,4,1,0,1,4,67.81,-1.0879,0
COC1=CN=C(N)C1=O,126.115,4,1,1,1,4,64.68,-0.5859000000000001,0
N=c1nncc(C=O)o1,125.08699999999997,5,1,1,1,5,79.84,-0.6384300000000003,0
N=c1[nH]cnc(=O)[nH]1,112.092,3,3,0,1,5,85.38999999999999,-1.4225299999999999,0
N#CCC1=NOC1=N,109.088,4,1,1,1,4,69.22999999999999,0.26355,0
N=C1OC(N)CNC1C=O,143.146,5,3,1,1,5,88.19999999999999,-1.5642299999999998,2
N=CN1C=CNOC1=O,127.10299999999998,4,2,1,1,5,65.42000000000002,0.021469999999999934,0
CC(=O)c1nnc(N)o1,127.10300000000001,5,1,1,1,5,82.01,-0.14559999999999984,0
COC1=NNC(=O)C1=N,127.10299999999998,4,2,0,1,5,74.53999999999999,-0.9041300000000001,0
CNc1n[nH]c(=O)n1C=O,142.118,5,2,2,1,6,79.78,-1.3485999999999998,0
N=CNC1CC(=O)C(=O)O1,142.114,4,2,2,1,5,79.25000000000001,-0.9748300000000001,1
NC(=O)C1N=CN=N1,112.092,4,1,1,1,5,80.17,-0.7081000000000002,1
CNC1=NC(=O)C(N)=N1,126.119,4,2,0,1,5,79.84,-1.540799999999999,0
N=Cc1ncncc1N,122.131,4,2,1,1,4,75.65,0.05647000000000013,0
N=C1OCNC(C=O)O1,130.10299999999998,5,2,1,1,5,71.41,-0.9599300000000004,1
N=C1CN(CO)C(=O)O1,130.10299999999998,4,2,1,1,5,73.62000000000002,-0.6343300000000001,0
CN=C1NC(=O)NC1=N,126.11899999999999,3,3,0,1,5,77.34,-0.6952300000000002,0
N=c1ncoc(=N)n1N,127.10700000000001,6,3,0,1,6,104.67999999999999,-1.8511600000000001,0
N=C1N=C(CO)NCO1,129.119,4,3,1,1,5,77.7,-1.1107300000000002,0
NC1=NC(=O)C(CO)=N1,127.10299999999998,4,2,1,1,5,88.03999999999999,-1.7253999999999996,0
Nc1cnc(C=O)n1N,126.119,5,2,1,1,5,86.92999999999999,-1.0084,0
N=C1NN=C1C(N)=O,112.092,3,3,1,1,5,91.33000000000001,-1.5918300000000003,0
N=C1COCNC(=O)O1,130.103,4,2,0,1,5,71.41,-0.32243000000000016,0
N=C1CC(=O)OC(=O)N1,128.087,4,2,0,1,5,79.25,-0.37983000000000006,0
CC(=O)c1n[nH]c(=O)o1,128.087,4,1,1,1,5,75.96000000000001,-0.43450000000000005,0
CN=C(N)C1OC(=O)O1,130.10299999999998,4,1,1,1,5,73.91000000000001,-0.5337000000000001,0
CN1N=C(C=N)OC=C1N,140.14599999999996,5,2,1,1,5,74.7,-0.3309300000000001,0
N=C1C=NN=C1CO,111.10399999999998,4,2,1,1,4,68.8,-0.5611300000000001,0
COC1=CN=C(N)C1=N,125.131,4,2,1,1,4,71.46000000000001,-0.13522999999999985,0
Nc1cncc(=O)n1N,126.119,5,2,0,1,5,86.92999999999999,-1.4607000000000003,0
Nc1ncn(C=O)n1,112.09199999999998,5,1,1,1,5,73.8,-1.1014000000000002,0
N=C1N=C(C=O)OC1=O,126.07099999999997,4,1,1,1,5,79.58000000000001,-0.8821300000000001,0
CC1=NC(CO)=NC1=N,125.13099999999999,3,2,1,1,4,68.80000000000001,-0.17103000000000002,0
CNC(=O)c1nc[nH]n1,126.119,3,2,1,1,5,70.67,-0.8357000000000003,0
N=C1NC(=O)NCCO1,129.119,3,3,0,1,5,74.21000000000001,-0.74943,0
CN=C1N=C(O)N=C1N,126.119,3,2,0,1,5,83.33,-0.7004999999999999,0
N=C1NC(=N)C(=O)CO1,127.103,4,3,0,1,5,86.03000000000002,-0.91266,0
NC1=NC(C=O)=C1N,111.10399999999998,4,2,1,1,4,81.47,-1.2736000000000003,0
COC1=NC(N)=NC1=N,126.11900000000001,4,2,0,1,5,83.82,-0.66313,0
N=C1N=COC(=O)CO1,128.087,4,1,0,1,5,71.74,-0.47713000000000005,0
CC(=O)C1=NC(O)=N1,112.088,3,1,1,1,4,62.019999999999996,-0.09849999999999998,0
NC1=CC(=O)N=C1O,112.088,2,2,0,1,4,75.68,-0.6742999999999999,0
CN=C1NN=C1CN,112.13600000000001,3,2,1,1,4,62.769999999999996,-1.0674,0
CC(O)C1=NN=C1O,114.104,3,2,1,1,4,65.18,-0.30670000000000003,1
CC1(O)CNC(=N)O1,116.11999999999999,3,3,0,1,4,65.34,-0.7505300000000001,1
CNC1=NC(C=O)NC1=O,141.12999999999997,4,2,1,1,5,70.56,-1.7409000000000001,1
CC1OC(=N)OC(=O)O1,131.087,5,1,0,1,5,68.61,0.4505699999999999,1
Cc1nc(=O)[nH]nc1N,126.119,4,2,0,1,5,84.66,-0.9444800000000002,0
Cc1nc(N)nn1C=O,126.119,5,1,1,1,5,73.8,-0.7929800000000002,0
N=C1NC(=NO)C(=N)O1,128.091,5,4,0,1,6,101.55,-0.6940600000000003,0
N=CNc1ncnc(N)n1,138.13400000000001,5,3,2,1,6,100.57000000000001,-0.5272300000000003,0
N=C(C=O)OCC1CO1,129.115,4,1,3,1,4,62.68000000000001,-0.4220300000000001,1
N=C(O)C1=NNC1=O,113.076,3,3,1,1,5,85.53999999999999,-0.9925300000000001,0
CN=C1C=NNC1=O,111.10399999999998,3,1,0,1,4,53.82,-0.8272000000000002,0
Cn1nncc1NC=O,126.11899999999997,4,1,2,1,5,59.81,-0.6166000000000003,0
COC1=CC(=N)C(CO)=N1,140.142,4,2,2,1,4,65.67,-0.059130000000000016,0
Nc1n[nH]nc1CC=O,126.11899999999999,4,2,2,1,5,84.66,-0.8717000000000006,0
O=C(O)C1CNCN1,116.12000000000002,3,3,1,1,4,61.36,-1.4100999999999995,1
C#CC(=O)NC1=CN=N1,121.09899999999999,3,1,1,1,4,53.82,0.0005000000000000004,0
Nc1nncc(C=O)c1O,139.11399999999998,5,2,1,1,5,89.10000000000001,-0.42310000000000036,0
CN=C1N=COC1=N,111.10399999999998,3,1,0,1,4,57.800000000000004,0.05047000000000007,0
C#CC1=NN=C(N)C1=O,121.09899999999999,4,1,0,1,4,67.81,-1.0845,0
Cn1cnc(N)nc1=N,125.135,5,2,0,1,5,80.58000000000001,-1.12323,0
N=CNC1=NC(OC=O)=N1,140.10199999999998,5,2,2,1,6,86.89999999999999,-0.9183300000000001,0
CN=c1nc[nH]c(O)n1,126.11899999999999,4,2,0,1,5,74.16,-0.9592000000000005,0
N=Cc1cc(N)nc(=O)o1,139.114,5,2,1,1,5,92.97000000000001,-0.3853299999999999,0
N=C1OCNC(=O)CO1,130.10299999999998,4,2,0,1,5,71.41,-0.9583300000000003,0
CC1=NC(=O)N=C1N,111.104,2,1,0,1,4,67.81,-0.061899999999999844,0
N=C1N=C(O)C(=O)CO1,128.087,3,2,0,1,5,82.74,-0.5230300000000001,0
COC1=NN=C(F)C1=N,129.094,4,1,0,1,5,57.800000000000004,0.34767,0
NC(=O)c1cnc(O)o1,128.087,4,2,1,1,5,89.35000000000001,-0.5209,0
Nc1nocc1NC=O,127.10299999999998,4,2,2,1,5,81.15,-0.17490000000000022,0
N=C(CO)C1=CC(N)=N1,125.131,4,3,2,1,4,82.46,-0.7468300000000001,0
Nc1nncnc1O,112.09199999999998,5,2,0,1,5,84.92,-0.8406000000000005,0
CC1=NC(=N)N=C1N,110.12,2,2,0,1,4,74.59,-0.24712999999999996,0
N=C1NC=C(N)OCO1,129.11900000000003,4,3,0,1,5,80.36000000000001,-0.72733,0
COC1=C(N)N=NC1=N,126.11900000000001,4,2,1,1,5,83.82,0.20367000000000007,0
CN=C1C=NC(O)=N1,111.10399999999998,2,1,0,1,4,57.31,0.013099999999999945,0
N=C1N=C(CN)C(=O)N1,126.119,3,3,1,1,5,91.33000000000001,-1.5493299999999994,0
O=Cc1nn[nH]c1O,113.07599999999998,4,2,1,1,5,78.87,-0.6772000000000001,0
CC1=NC(=O)C(CO)=N1,126.11499999999998,3,1,1,1,4,62.019999999999996,-0.6217000000000001,0
NC1=CC(N)=NC1=O,111.10400000000001,3,2,0,1,4,81.47,-1.2736000000000003,0
CC1(C#N)NC(=O)N1,111.10399999999998,2,2,0,1,4,64.92,-0.46101999999999993,0
N=C1OC=NCOC1=N,127.103,5,2,0,1,5,78.52000000000001,-0.026460000000000095,0
N=CCc1nc(N)no1,126.11900000000001,5,2,2,1,5,88.79,-0.15613,0
N=C1OCNCC(=O)O1,130.10299999999998,5,2,0,1,5,71.41,-0.9583300000000003,0
N=Cn1cc[nH]c1=NO,126.11899999999999,4,3,1,1,5,77.16,-0.43873000000000023,0
NC1=C(O)N=C1CO,114.104,4,3,1,1,4,78.84,-0.8809,0
O=C1C=NN=C1CO,112.088,4,1,1,1,4,62.019999999999996,-1.0118000000000003,0
CC(=O)C1=NC(=N)N1,111.104,2,2,1,1,4,65.31,-0.4881300000000001,0
N=C1NC(=O)C(=O)O1,114.05999999999999,4,2,0,1,5,79.25000000000001,-1.4058300000000001,0
N=CNc1cnc(N)o1,126.119,4,3,2,1,5,87.93,0.27577,0
N=C1N=C(C(N)=O)O1,113.076,3,2,1,1,5,88.53000000000002,-1.1648300000000003,0
Cc1nnc(N)n1CO,128.13500000000002,5,2,1,1,5,76.96,-0.8814800000000005,0
N=CN1COCOC1=N,129.119,4,2,1,1,5,69.4,-0.2079600000000001,0
CC1=NC(NC=O)=C1N,125.13099999999999,3,2,2,1,4,67.48,-0.6653,0
CC1=NC(=N)NC1=O,111.10399999999998,2,2,0,1,4,65.31,-0.4881300000000001,0
N=C1OC=NCC(=O)O1,128.087,5,1,0,1,5,71.74,-0.47713000000000005,0
CC1=NN=C(N)C1=O,111.104,4,1,0,1,4,67.81,-0.6978,0
N=CN1CC(=O)OCO1,130.10299999999998,4,1,1,1,5,62.620000000000005,-0.65863,0
N=CN1CC(=O)OC=N1,127.10299999999998,4,1,1,1,5,65.75,-0.60443,0
CC1=NC(=N)OC1=O,112.08799999999998,3,1,0,1,4,62.51,-0.06112999999999996,0
Nc1noccc1=O,112.08799999999998,4,1,0,1,4,69.12,-0.383,0
N#CC1NN(C=N)C(=N)O1,139.118,5,3,1,1,6,95.99000000000001,-0.7852800000000002,1
COC1=C(N)C(=O)N=N1,127.10300000000001,4,1,1,1,5,77.04,-0.247,0
N=C1NC(O)C(=O)CO1,130.103,4,3,0,1,5,82.41000000000001,-1.5715299999999999,1
N=C1OC(C=O)OC1=N,128.087,5,2,1,1,5,83.22999999999999,-0.48725999999999997,0
NC(C=O)c1ncno1,127.103,5,1,2,1,5,82.01,-0.7317000000000002,1
N=CN1CONC(=O)C1,129.11899999999997,3,2,1,1,5,65.42000000000002,-1.0856299999999999,0
N=C1C=NN1C(N)C=O,126.11899999999999,4,2,2,1,5,82.53999999999999,-1.2512299999999998,1
N=C1N=CC(NC=O)=N1,124.103,2,2,1,1,5,77.67,-0.8499300000000001,0
CN=C1C=NN=C1N,110.12,4,1,0,1,4,63.099999999999994,-0.5862,0
CC(=O)C1=NC(=N)O1,112.088,3,1,1,1,4,62.510000000000005,-0.06112999999999996,0
N=C1OCNC(=O)CO1,130.10299999999998,4,2,0,1,5,71.41,-0.9583300000000003,0
N=C1COC(=O)C(=O)O1,129.071,5,1,0,1,5,76.45,-0.9363300000000001,0
CC1=NC(=N)N=C1N,110.12,2,2,0,1,4,74.59,-0.24712999999999996,0
N=COc1ncc(O)[nH]1,127.10299999999998,4,3,2,1,5,81.99000000000001,0.10116999999999987,0
N=CN1CC(=O)OC1=N,127.10299999999998,4,2,1,1,5,77.24000000000001,-0.61296,0
N=C1OCNCC(=O)O1,130.10299999999998,5,2,0,1,5,71.41,-0.9583300000000003,0
NC(=O)C1=NN=C1N,112.09200000000001,4,2,1,1,5,93.83,-1.8014999999999999,0
COC1=NC(=O)N=C1O,128.087,2,1,0,1,5,71.25,0.12140000000000001,0
NC1=NN=C(C=O)C1=O,125.08699999999997,5,1,1,1,5,84.88,-1.5188,0
Cn1ncnc1CCO,127.14699999999999,4,1,2,1,4,50.94,-0.6501000000000001,0
CC(=N)N1COCOC1=N,143.14600000000002,4,2,0,1,5,69.4,0.1821399999999998,0
O=C1N=C(O)C(CO)=N1,128.08699999999996,2,2,1,1,5,82.25,-0.49019999999999997,0
COc1c[nH]c(=O)n1N,129.119,4,2,1,1,5,73.04,-1.1012000000000002,0
CN=C1C(=N)NCC1=O,125.13099999999999,3,2,0,1,4,65.31,-0.7932300000000003,0
N=CN1NC(=O)C1C=O,127.10299999999997,3,2,2,1,5,73.26,-1.4922300000000004,1
N=C1NC(=N)C(=O)N1,112.092,3,4,0,1,5,88.83000000000001,-1.3821599999999998,0
CC1=NC(=N)N=C1O,111.10399999999998,1,2,0,1,4,68.8,0.3521700000000001,0
N=Cc1ncn[nH]c1=N,123.119,4,3,1,1,5,89.27000000000001,-0.7181600000000001,0
N=C1OC(=N)C(=O)O1,114.05999999999999,5,2,0,1,5,83.23,-0.5281600000000002,0
N=CN1CCOC1=O,114.10399999999998,3,1,1,1,4,53.39000000000001,0.04566999999999988,0
COC1=NC(=N)N=C1N,126.11900000000001,3,2,0,1,5,83.82,-0.66313,0
O=CC1NC(=O)C(=O)O1,129.071,4,1,1,1,5,72.47,-1.8155999999999999,1
Nc1cc(N)n(C=O)n1,126.11900000000001,5,2,1,1,5,86.92999999999999,-0.9142000000000001,0
N=C1CN=CC(=O)OCO1,142.11399999999998,5,1,0,1,5,71.74000000000001,-0.43463000000000007,0
N=Cc1nn[nH]c1C=O,124.10299999999998,4,2,2,1,5,82.49000000000001,-0.38513,0
NC1=C(O)C=NC1=O,112.088,3,2,0,1,4,75.68,-0.6742999999999999,0
CCC1=NOC(=O)C1=O,127.09899999999998,4,0,1,1,4,55.73,-0.12169999999999992,0
N=c1ncc(C=O)no1,125.08699999999999,5,1,1,1,5,79.84,-0.63843,0
N#CCC1=NC(C#N)=N1,118.099,4,0,1,1,4,72.3,0.23426000000000005,0
N#CC1=NC(N)=NC1=O,122.087,4,1,0,1,5,91.6,-1.19412,0
CC(=O)N1N=CC1=O,112.08799999999998,3,0,0,1,4,49.74,-0.6391,0
CC1=NN=C1CN=O,111.104,4,0,2,1,4,54.15,0.5833,0
CC1(C#N)NCC(=O)N1,125.13099999999999,3,2,0,1,4,64.92,-1.0544200000000001,1
CC1=C(CO)N=NC1=O,126.115,3,1,1,1,4,62.02,0.24510000000000004,0
NC1=NC(=O)N=C1C=O,125.08699999999997,3,1,1,1,5,84.88,-0.8829,0
COC1=NC(=N)C=[N+]1[O-],127.103,3,1,0,1,5,71.50999999999999,-0.43923,0
Cc1n[nH]c(=O)c(=O)o1,128.087,4,1,0,1,5,75.96000000000001,-0.96848,0
N=C1N=C(N)C(CO)=N1,126.119,3,3,1,1,5,94.82000000000001,-1.2747300000000001,0
CN1CC(=N)OC(=O)O1,130.10299999999998,5,1,0,1,5,62.620000000000005,-0.022730000000000083,0
N#CC1CC(=N)OCN1,125.131,4,2,0,1,4,68.9,-0.17675000000000013,1
CC(=O)c1nnc(N)[nH]1,126.11900000000001,4,2,1,1,5,84.66,-0.41050000000000003,0
N=C(N)n1cc[nH]c1=O,126.11899999999997,3,3,0,1,5,87.66,-1.0820300000000005,0
N=C1OCNC(=O)C1=N,127.10299999999998,4,3,0,1,5,86.03,-0.9126600000000002,0
N=C1OCC(=O)C(=N)O1,128.087,5,2,0,1,5,83.23,-0.48566000000000015,0
NC(=O)C1=NC(O)=N1,113.076,3,2,1,1,5,88.04,-1.2022000000000002,0
COc1c[nH]c(=O)nc1N,141.12999999999997,4,2,1,1,5,81.0,-0.6393000000000002,0
N=c1nco[nH]c1=NCO,142.11800000000002,5,3,1,1,6,98.26,-1.66733,0
CCc1nn[nH]c(=N)n1,125.13499999999999,4,2,1,1,5,78.31,-0.7584300000000004,0
N#CN=C1C=NN=C1N,121.10300000000001,5,1,0,1,5,86.89,-0.73492,0
NCC1=CN=C(N)C1=O,125.13099999999999,4,2,1,1,4,81.47,-1.2310999999999999,0
CN=C1NCC(=O)OC1=N,141.13,4,2,0,1,5,74.53999999999999,-0.8616300000000001,0
N=C1COC(=N)N=CO1,127.103,4,2,0,1,5,78.52,-0.026460000000000095,0
N=Cc1conc1N,111.10400000000001,4,2,1,1,4,75.9,0.25447000000000014,0
Cn1cnnc1C=O,111.10399999999998,4,0,1,1,4,47.78,-0.3724000000000003,0
Nc1cnc(NC=O)o1,127.10299999999998,4,2,2,1,5,81.14999999999999,-0.17490000000000022,0
N=C1COC(=N)OCO1,130.103,5,2,0,1,5,75.39,-0.08066000000000012,0
Cc1nc(N)nn1C=N,125.135,5,2,1,1,5,80.58,-0.3761100000000001,0
N=C1OCC(=O)C(=N)O1,128.087,5,2,0,1,5,83.23,-0.48566000000000015,0
N=C1OC(=N)N1CC=O,127.103,4,2,2,1,5,77.24000000000001,-0.6129600000000002,0
Cc1n[nH]c(=O)nc1O,127.10299999999998,4,2,0,1,5,78.87,-0.8210800000000003,0
COC1=NC(N)=CC1=O,126.115,4,1,0,1,4,64.68,-0.5859000000000001,0
N=C1N=C(N)C(C=O)=N1,124.103,3,2,1,1,5,91.66000000000001,-1.06813,0
CN=C1CC(=N)OC1=O,126.11499999999998,4,1,0,1,4,62.51,-0.01863000000000009,0
N=C1COC(=O)OC1=N,128.087,5,2,0,1,5,83.22999999999999,0.15023999999999993,0
N=Cn1cc(CO)oc1=N,141.13,5,3,2,1,5,86.0,-0.4919600000000001,0
CNC1=NC(O)=NC1=N,126.11899999999999,3,3,0,1,5,80.83000000000001,-0.49083000000000004,0
COc1n[nH]c(=O)n1C=N,142.118,5,2,2,1,6,83.75999999999999,-0.9648300000000001,0
CN=c1ncoc(=O)o1,128.087,5,0,0,1,5,68.6,-0.8417000000000001,0
COc1coc(N=O)n1,128.087,5,0,2,1,5,64.69,1.0811,0
N=C1N=CC(N)=NC1=O,124.10300000000001,3,2,0,1,5,91.66,-1.0681300000000002,0
COc1n[nH]c(=O)n1C=N,142.118,5,2,2,1,6,83.75999999999999,-0.9648300000000001,0
N=COCC1=NCN=C1N,140.146,5,2,3,1,5,83.82,-0.62063,0
CC1COCOC(=N)O1,131.131,4,1,0,1,4,51.540000000000006,0.33057,1
NC1=CC(=O)C(=O)N1,112.088,3,2,0,1,4,72.19,-1.5146,0
CN=C1N=CN=C1O,111.10399999999998,2,1,0,1,4,57.31,0.013100000000000056,0
Cc1n[nH]c(=N)n1CO,128.135,4,3,1,1,5,77.69,-1.0511100000000002,0
N=C1OC=NCC(=CN)O1,141.13,5,2,0,1,5,80.69,-0.20362999999999987,0
N=C1OC=CNC(=O)O1,128.087,4,2,0,1,5,71.41,0.14876999999999996,0
NC(=NO)C1=COC1=O,128.087,4,2,1,1,5,84.91,-0.8265000000000002,0
CCc1ncc(N)nn1,124.147,4,1,1,1,4,64.69,0.01619999999999988,0
CC(=O)c1nnc(C=N)o1,139.114,5,1,2,1,5,79.84,0.26987,0
N=CNC1C(=O)NC1=O,127.103,3,3,2,1,5,82.05000000000001,-1.7919299999999998,0
COc1conc1N,114.10400000000001,4,1,1,1,4,61.28,0.26539999999999997,0
NC1=CC(=O)N=C1N,111.10400000000001,3,2,0,1,4,81.47,-1.2736000000000003,0
N=c1nc[nH]cc1N=O,124.10299999999998,4,2,1,1,5,81.96000000000001,0.28706999999999994,0
CC(O)C1=NC(=O)O1,115.088,3,1,1,1,4,58.89,-0.08410000000000006,1
N=C(NC1CO1)C(N)=O,129.11900000000003,3,3,1,1,5,91.5,-1.60513,1
CN=c1cc(CO)nn[nH]1,140.14600000000002,4,2,1,1,5,74.16,-1.1725000000000003,0
CC1NC=NNC1=N,112.136,3,3,0,1,4,60.27,-0.5117300000000002,1
NC1=CC(=NCO)C=C1,124.14299999999999,3,2,1,1,3,58.61,-0.2104000000000001,0
CC(O)n1cnnc1N,128.135,5,2,1,1,5,76.96,-0.6289000000000002,1
N=C1NCC(C=O)C(=N)O1,141.13,4,3,1,1,5,86.03000000000002,-0.6666600000000003,1
COC1=NC(N)=NC1=O,127.10300000000001,4,1,0,1,5,77.03999999999999,-1.1138000000000001,0
NC1=NC(=O)C(C=O)=N1,125.08699999999997,4,1,1,1,5,84.88,-1.5188,0
N#Cc1cc(=O)on1N,125.087,5,1,0,1,5,84.95,-0.97322,0
Cc1nc(N)c(C=O)[nH]1,125.13099999999999,3,2,1,1,4,71.77,0.11282000000000009,0
Cn1cnc(N)nc1=N,125.135,5,2,0,1,5,80.58000000000001,-1.12323,0
N=C1NC(C=O)OC1=O,128.087,4,2,1,1,5,79.25,-1.3649300000000002,1
N=CC(N)C1=NNC1=O,126.119,4,3,2,1,5,91.33000000000001,-1.5509300000000001,1
N#CC1(CO)NN1C=N,126.11899999999999,4,3,2,1,5,92.82,-1.37415,1
N=C1CC(C=O)NCO1,128.131,4,2,1,1,4,62.18000000000001,-0.5014300000000003,1
N=C1OCC(=O)C(=N)O1,128.087,5,2,0,1,5,83.23,-0.48566000000000015,0
CC(O)C1=NN=NC1=N,126.11900000000001,4,2,1,1,5,81.16,0.16626999999999992,1
CC(=O)C1=NN=C1N,111.10400000000001,4,1,1,1,4,67.81,-0.6978,0
O=Cc1nc(CO)co1,127.09899999999998,4,1,2,1,4,63.33,-0.020600000000000007,0
N=C1NC(=O)OC1=O,114.05999999999999,4,2,0,1,5,79.25,-0.76993,0
N#CCc1ncnc(CO)n1,150.14100000000002,5,1,2,1,5,82.69,-0.5700200000000002,0
Nc1nc(OC=O)n[nH]1,128.09099999999998,5,2,2,1,6,93.89000000000001,-1.0779000000000003,0
N=CN1CCC(=N)OCO1,143.146,4,2,1,1,5,69.4,0.18214000000000002,0
NC1=NN=C(C=O)C1=O,125.08699999999997,5,1,1,1,5,84.88,-1.5188,0
N=Cc1nncoc1=N,124.10299999999998,5,2,1,1,5,86.62,-0.45326000000000016,0
N=C1COC(O)=NCO1,130.103,4,2,0,1,5,74.9,-0.11803000000000013,0
CN=C1N=C(N)C=[N+]1[O-],126.119,3,1,0,1,5,76.80999999999999,-1.0758999999999999,0
N=C1OC(=N)C(=O)O1,114.05999999999999,5,2,0,1,5,83.23,-0.5281600000000002,0
Cc1nc(C=N)oc1N,125.13099999999999,4,2,1,1,4,75.9,0.5628900000000001,0
N=C1N=C(N)C(=O)O1,113.076,4,2,0,1,5,88.53000000000002,-1.16483,0
CC(=O)C1=NC(O)=N1,112.088,3,1,1,1,4,62.019999999999996,-0.09849999999999998,0
N=CC1NCNC(=N)O1,128.13500000000002,4,4,1,1,5,80.99000000000001,-0.9362600000000003,1
N=C1CNC(C=O)OC1,128.13099999999997,4,2,1,1,4,62.18000000000001,-0.8490300000000004,1
N#Cc1nc(CN)no1,124.10300000000001,5,1,1,1,5,88.73,-0.60002,0
CC(O)C1=NC(N)=N1,113.12000000000002,4,2,1,1,4,70.97,-0.9060000000000001,1
CC(O)C1=NC(=N)N=N1,126.11900000000001,3,2,1,1,5,81.16000000000001,0.16626999999999992,1
CC1=NC(=N)N=C1O,111.10399999999998,1,2,0,1,4,68.8,0.3521700000000001,0
N=CN1NCOC1C=O,129.11899999999997,4,2,2,1,5,65.42000000000002,-1.0872300000000001,1
CN=C1N=NC(O)=C1N,126.11899999999999,4,2,0,1,5,83.33,0.16630000000000017,0
N=C1N=CC(F)=NC1=O,127.078,2,1,0,1,5,65.64,-0.05732999999999994,0
N=C(O)C1=NOC1=O,114.05999999999999,4,2,1,1,5,82.74000000000001,-0.5655300000000001,0
N=C(O)OC1NC1=O,116.076,3,3,1,1,5,92.32,-1.0483300000000002,1
N=C1C=C(CN)N=N1,110.12000000000002,3,2,1,1,4,74.59,0.2720699999999999,0
N=c1nc([O-])nco1,112.06799999999998,5,1,0,1,5,85.83,-1.3773300000000004,0
N=CC1=C(N)C(=N)N=N1,123.11900000000001,4,3,1,1,5,98.44,0.24934000000000006,0
CN=C1C=NN=C1O,111.10399999999998,3,1,0,1,4,57.31,0.013099999999999945,0
CN=c1nc[nH]c(=O)o1,127.10299999999998,4,1,0,1,5,71.25,-1.1066000000000003,0
N=C1NC=COC(=N)O1,127.103,4,3,0,1,5,78.19000000000001,-0.03646000000000005,0
Nc1coc(=O)c(=O)o1,129.071,5,1,0,1,5,86.44,-0.8248,0
N=C1OCOC(C=O)O1,131.087,5,1,1,1,5,68.61,-0.5329300000000001,1
N=C1N=NC(C=O)=N1,110.076,3,1,1,1,5,78.0,-0.015629999999999977,0
Nc1coc(=O)n1C=O,128.087,5,1,1,1,5,78.22999999999999,-0.9381999999999999,0
N=CN1COC(=O)C(=N)N1,142.118,4,3,1,1,6,89.27000000000001,-1.1083600000000005,0
CN=C1OC(O)=NC1=O,128.087,3,1,0,1,5,71.25,-0.5145000000000002,0
N=C1OCC(=O)C(=N)O1,128.087,5,2,0,1,5,83.23,-0.48566000000000015,0
NC1=CC(O)=NC1=O,112.088,2,2,0,1,4,75.68,-0.6742999999999999,0
NCC1=NC(=O)N=C1N,126.119,3,2,1,1,5,93.83,-1.1231,0
CN=c1oc(=O)c1=NO,128.087,5,1,0,1,5,75.16,-1.6642000000000003,0
NC1=C(N)C(=O)C=N1,111.10399999999998,4,2,0,1,4,81.47,-1.2736000000000003,0
N=C1CCOC(=O)O1,115.08799999999998,4,1,0,1,4,59.379999999999995,0.52057,0
N=C1COC(=O)NCO1,130.103,4,2,0,1,5,71.41,-0.3224300000000002,0
N=C1C=NC(N)=C1C=O,123.115,4,2,1,1,4,79.30000000000001,-0.5402300000000002,0
N=COC1(CO)NC1=O,130.10299999999998,4,3,3,1,5,92.32,-1.5715299999999999,1
C#Cc1nnc(C=N)[nH]1,120.11499999999998,3,2,1,1,4,65.42,-0.21633000000000002,0
COC1=NN=C1C=N,111.10399999999998,4,1,1,1,4,57.800000000000004,0.05046999999999996,0
N=C1N=C(CO)C(=O)O1,128.087,4,2,1,1,5,82.74,-1.0887300000000002,0
COc1noc(=N)n1C=N,142.118,6,2,2,1,6,87.89000000000001,-0.58066,0
CN=C(N)C1=NC(=N)O1,126.11899999999999,3,2,1,1,5,83.82000000000001,-0.66313,0
N=C1COC(=N)OCO1,130.103,5,2,0,1,5,75.39,-0.08066000000000012,0
N#CC(=O)n1cn[nH]1,110.076,4,1,0,1,5,74.47,-0.6250200000000001,0
COC1=NC(O)=NC1=N,127.103,3,2,0,1,5,78.03,-0.06383000000000016,0
N=C1N=C(F)N=C1N,114.08300000000001,3,2,0,1,5,74.59,-0.34003,0
NC1=NC(CO)=NC1=O,127.10299999999998,4,2,1,1,5,88.03999999999999,-1.7254,0
N=C1CNC(=NO)C1=O,127.10299999999998,4,3,0,1,5,85.53999999999999,-1.0338300000000002,0
N=C1CCNC(=NO)O1,129.11899999999997,4,3,0,1,5,77.7,-0.2812300000000002,0
N=CN1OCC1C(N)=O,129.119,3,2,2,1,5,79.41,-1.30543,1
COC1=NC(=N)N=C1O,127.103,2,2,0,1,5,78.03,-0.06383000000000005,0
CC(=O)C1=NC(=O)O1,113.07199999999999,3,0,1,1,4,55.730000000000004,0.12410000000000004,0
Cc1onc(O)c1O,115.08799999999998,4,2,0,1,4,66.49000000000001,0.39421999999999985,0
N=c1nc(C=O)cno1,125.08699999999997,5,1,1,1,5,79.84,-0.63843,0
NC1=NC(=O)C(N)=N1,112.092,4,2,0,1,5,93.83,-1.8014999999999999,0
N=C(O)C1(N)CN1C=O,129.119,3,3,2,1,5,90.18,-1.3513300000000001,1
N=CC1=NC(N)=NC1=N,123.11900000000001,4,3,1,1,5,98.44,-0.6174600000000001,0
N=C1NC=NC1C=O,111.10399999999998,3,2,1,1,4,65.31,-0.8373300000000001,1
O=CC1=CC(NO)=N1,112.088,4,2,1,1,4,61.69,-0.5399,0
N=COC(=O)C1NCO1,130.10299999999998,5,2,2,1,5,71.41,-0.9599300000000002,1
COC1=NC(=N)N1C=N,126.119,3,2,1,1,5,72.53,-0.15376,0
N=C1C=NC(F)=NC1=O,127.078,3,1,0,1,5,65.64,-0.05732999999999994,0
O=C(CO)c1cnoc1,127.09899999999999,4,1,2,1,4,63.33,-0.15039999999999992,0
N=C1OCNC(=O)CO1,130.10299999999998,4,2,0,1,5,71.41,-0.9583300000000003,0
O=CC1N=COC(=O)N1,128.087,4,1,1,1,5,67.75999999999999,-0.7204999999999999,1
O=c1nc(CO)cn[nH]1,127.10299999999998,4,2,1,1,5,78.87,-1.3428000000000004,0
CC1=NC(=NO)C(N)=N1,126.119,4,2,0,1,5,83.33,-0.43670000000000003,0
N#CCc1noc(N)n1,124.10300000000001,5,1,1,1,5,88.73,-0.28212000000000004,0
CCn1ncnc1N=N,125.13499999999999,5,1,2,1,5,66.92,0.9604699999999999,0
COC1=NC(=O)C(N)=N1,127.10300000000001,4,1,0,1,5,77.03999999999999,-1.1138000000000003,0
NC1=NC(=O)N=C1O,113.07599999999998,2,2,0,1,5,88.04,-0.5663,0
CC(CO)C1=NC(=O)N1,128.131,2,2,2,1,4,61.690000000000005,-0.26349999999999996,1
N=C1OC(=O)C(=NO)O1,130.059,6,2,0,1,6,91.97,-0.71773,0
CC1=NC(=N)OC1=N,111.10399999999998,3,2,0,1,4,69.28999999999999,0.38954000000000005,0
NC1=NC(O)=C1C=O,112.08799999999997,4,2,1,1,4,75.68,-0.6743000000000001,0
N=C1OC(C=O)OC1=N,128.087,5,2,1,1,5,83.22999999999999,-0.48725999999999997,0
N=C1OC(=O)N1NC=O,129.075,4,2,2,1,6,82.49000000000001,-0.9656300000000002,0
COc1cc(OC#N)no1,140.098,5,0,2,1,5,68.28,0.54308,0
N=C1OC(CO)=NC1=O,128.087,4,2,1,1,5,82.74000000000001,-1.0887300000000002,0
N=C1NCOC(=N)O1,115.092,4,3,0,1,5,78.19000000000001,-0.55016,0
N=C1C=C(N)OC1=O,112.088,4,2,0,1,4,76.17000000000002,-0.6369300000000002,0
N=C1NC(N)=CC1=O,111.104,3,3,0,1,4,78.97,-1.0639299999999998,0
NC1=C(O)N=CC1=O,112.088,4,2,0,1,4,75.68,-0.6743000000000001,0
O=CC(=O)Nc1nc1=O,126.07099999999998,4,1,2,1,5,76.13,-1.5452000000000004,0
CC(=O)n1ncc(N)n1,126.119,5,1,0,1,5,73.8,-0.47959999999999997,0
CNC(=O)C1=CN=C1N,125.131,3,2,1,1,4,67.48,-1.0129,0
N=C1NC(=N)C(=O)CO1,127.103,4,3,0,1,5,86.03000000000002,-0.91266,0
NC(=O)C1=NC(N)=N1,112.09200000000001,4,2,1,1,5,93.83,-1.8014999999999999,0
CC(=N)C1=NC(=N)N1,110.12,2,3,1,1,4,72.09,-0.03745999999999988,0
CC(=O)NC1=NC(=O)O1,128.087,3,1,0,1,5,67.76,-0.3712999999999999,0
CN=C(N)c1nnco1,126.11899999999999,4,1,1,1,5,77.3,-0.5953000000000004,0
N=C1NCCNC(=N)O1,128.13500000000002,3,4,0,1,5,80.99000000000001,-0.9346599999999996,0
CN=C1C=NN=C1N,110.12,4,1,0,1,4,63.099999999999994,-0.5862,0
Cn1ncc(=N)n1CO,128.13500000000002,5,2,1,1,5,66.83,-1.3491300000000002,0
O=Cc1n[nH]c(C=O)n1,125.08699999999997,4,1,2,1,5,75.71000000000001,-0.5703,0
N=C1N=CN=C1C=O,109.08799999999998,3,1,1,1,4,65.64,-0.35453,0
N=CC1=NN=C1C(N)=O,124.103,4,2,2,1,5,91.66,-1.0681300000000002,0
COC1=NOC1=NC#N,125.087,5,0,0,1,5,66.97,-0.14392000000000005,0
O=CN1CC(=O)C(=O)N1,128.087,3,1,1,1,5,66.48,-1.9413,0
N=C1OC=COC(=N)O1,128.087,5,2,0,1,5,75.39,0.39053999999999994,0
NC1=C(NC=O)C(=O)N=C1,139.114,3,2,2,1,5,84.55,-1.4863000000000004,0
CN=C1N=C(N)C(=N)O1,126.119,4,2,0,1,5,83.82000000000001,-0.66313,0
Cc1nc(N)n(CO)n1,128.135,5,2,1,1,5,76.96,-0.8814800000000005,0
NC(=O)C1=NC(=O)O1,114.05999999999999,3,1,1,1,5,81.75000000000001,-0.9796,0
N=C(O)C1=NC=NC1=N,124.103,3,3,1,1,5,92.65,-0.018159999999999954,0
CC1NC(=O)OC1=N,114.10399999999998,3,2,0,1,4,62.18,0.09197000000000011,1
N=C1C=C(O)C(=O)O1,113.07199999999997,4,2,0,1,4,70.38,-0.03763000000000005,0
NC1=NC(=O)C(N)=N1,112.092,4,2,0,1,5,93.83,-1.8014999999999999,0
CC1=NC(=O)OC1=O,113.07199999999997,3,0,0,1,4,55.73,0.12410000000000004,0
N=Cc1nncnc1O,124.10299999999998,5,2,1,1,5,82.75,-0.4251300000000001,0
N#CCC1=NNC=NN1O,139.11800000000002,6,2,1,1,6,84.01,-0.5487200000000001,0
N=C1OC(=N)C(=O)O1,114.05999999999999,5,2,0,1,5,83.23,-0.5281600000000002,0
N=C1OC(=O)NC1=NO,129.07500000000002,5,3,0,1,6,94.77,-0.5088300000000001,0
N#Cc1nonc1C=N,122.08699999999999,5,1,1,1,5,86.56,-0.06104999999999999,0
Cc1nc(=O)oc(=N)[nH]1,127.10299999999998,4,2,0,1,5,82.74000000000001,-0.84921,0
N=CC1=NC(N)=NC1=O,124.10300000000001,4,2,1,1,5,91.66,-1.0681300000000002,0
N=Cn1cc(N)n1C=O,126.119,5,2,2,1,5,76.8,-0.63473,0
N=CC1=NC(N)=NC1=O,124.10300000000001,4,2,1,1,5,91.66,-1.0681300000000002,0
N=Cc1ncc(N)n1CO,140.14600000000002,5,3,2,1,5,87.92,-0.5872300000000004,0
CC1OC(=N)OC(=N)O1,130.10299999999998,5,2,0,1,5,75.39,0.2653399999999999,0
N=C1OC(=O)N=C1O,114.05999999999999,3,2,0,1,5,82.74,0.07037000000000004,0
N=C1OCC(=N)C(=O)O1,128.087,5,2,0,1,5,83.23,-0.48566000000000015,0
N=C1CNC(=O)OC=N1,127.10299999999998,3,2,0,1,5,74.54,-0.26823000000000013,0
N=C1OCOC(C=O)O1,131.087,5,1,1,1,5,68.61,-0.5329300000000001,1
N=c1onc(N)oc1=O,129.075,6,2,0,1,6,106.11000000000001,-1.3105299999999998,0
N=C1OCC=NNC1=O,127.103,4,2,0,1,5,74.53999999999999,-0.9041300000000003,0
N=CN1OC(=O)C1C=O,128.087,4,1,2,1,5,70.46000000000001,-1.0652300000000001,1
CC1=NC(N)=NC1=O,111.104,3,1,0,1,4,67.81,-0.6978,0
N#CCc1nc(O)n[nH]1,124.103,4,2,1,1,5,85.59,-0.42362000000000005,0
C#Cc1n[nH]c(=O)n1N,124.103,4,2,0,1,5,76.7,-1.7335000000000003,0
N=c1onccc1N,111.10399999999998,4,2,0,1,4,75.9,-0.2637299999999999,0
N=c1ncoc(=O)[nH]1,113.076,4,2,0,1,5,82.74000000000001,-1.1576300000000002,0
N=CNN1C(=O)C=C1O,127.10299999999997,3,3,2,1,5,76.42,-0.6603300000000001,0
CC1=NC(=N)OC1=N,111.10399999999998,3,2,0,1,4,69.28999999999999,0.38954000000000005,0
N=C1CNC(=O)OCN1,129.119,3,3,0,1,5,74.21000000000001,-0.7494300000000003,0
CCC1=NC(=O)C(O)=N1,126.11499999999998,2,1,1,1,4,62.019999999999996,0.2916,0
N=C1OC(=O)NC1C=O,128.087,4,2,1,1,5,79.25,-0.7290300000000003,1
N#CN=C1C=NC(N)=N1,121.10300000000001,4,1,0,1,5,86.89,-0.73492,0
N=Cc1cnc(N)n1O,126.119,5,3,1,1,5,87.92,-0.2997300000000002,0
N=CN1C(=N)N1C=O,112.09199999999998,3,2,2,1,5,70.78999999999999,-0.7827600000000001,0
N=C1N=C(C=O)NC1=O,125.08699999999997,3,2,1,1,5,82.38,-1.3091300000000001,0
COC1=NNC(=O)C1=N,127.10299999999998,4,2,0,1,5,74.53999999999999,-0.9041300000000001,0
CC(=O)OC1=NC(N)=N1,127.10300000000002,5,1,0,1,5,77.03999999999999,-0.7662,0
N=C1NCOC(=O)CO1,130.103,4,2,0,1,5,71.41,-0.9583300000000001,0
Nc1nc(C=O)c(O)o1,128.08699999999996,5,2,1,1,5,89.35,-0.2250999999999999,0
N=COC1=NC(N)CO1,129.119,5,2,1,1,5,80.69,-0.7189300000000001,1
Cc1noc(=N)nc1N,126.11900000000001,5,2,0,1,5,88.79,-0.5603100000000001,0
CNC1=NC(=O)C=N1,111.10399999999998,3,1,0,1,4,53.82,-0.8272000000000002,0
N=C1COC(=N)OCO1,130.103,5,2,0,1,5,75.39,-0.08066000000000012,0
Nc1ncc(CO)nc1N,140.146,5,3,1,1,5,98.05,-0.8667000000000002,0
Nc1ncc(CO)nn1,126.119,5,2,1,1,5,84.92,-1.0539000000000003,0
N=C1OCC(=O)C(=O)O1,129.071,5,1,0,1,5,76.45,-0.9363300000000001,0
CC(N)n1cnc(N)n1,127.15100000000001,5,2,1,1,5,82.75,-0.6624999999999996,1
COC1=NC(=O)N=C1N,127.10300000000001,3,1,0,1,5,77.03999999999999,-0.47789999999999994,0
N=C(CN)c1nnc[nH]1,125.13499999999999,4,3,2,1,5,91.44,-0.86873,0
N=C1N=CNC(C=O)N1,126.11899999999997,3,3,1,1,5,77.34,-1.3327300000000002,1
Nc1nocc1C=O,112.08799999999998,4,1,1,1,4,69.12,0.06930000000000003,0
N=C1NCOC(=O)CO1,130.103,4,2,0,1,5,71.41,-0.9583300000000001,0
NCc1cn[nH]c(=O)n1,126.11899999999999,4,2,1,1,5,84.66,-1.3764000000000005,0
N=C1OCC(=N)C(=O)O1,128.087,5,2,0,1,5,83.23,-0.48566000000000015,0
N=CN1COC(=N)C(=N)O1,142.118,5,3,1,1,6,93.25000000000001,-0.23069000000000017,0
COC1=NC(=N)N=N1,112.09200000000001,3,1,0,1,5,70.16,0.38937,0
N=C1CNC(=O)NCO1,129.119,3,3,0,1,5,74.21000000000001,-0.7494300000000003,0
N=C1NCCC(=NO)O1,129.119,4,3,0,1,5,77.7,-0.28123000000000026,0
CN=C1C=NN=C1N,110.12,4,1,0,1,4,63.099999999999994,-0.5862,0
CCn1cnnc1N,112.13600000000001,4,1,1,1,4,56.730000000000004,-0.11980000000000002,0
COC1=NN=C1CO,114.10399999999998,4,1,1,1,4,54.18000000000001,-0.6068,0
N=CN1C(=N)OCC1=O,127.10299999999998,4,2,1,1,5,77.24000000000001,-0.6129600000000002,0
N=CN1C=NC(=O)OC1,127.10299999999998,3,1,1,1,5,65.75,0.031470000000000053,0
N=C1NC(=N)C(=O)O1,113.076,4,3,0,1,5,86.03000000000002,-0.95516,0
N=CN1CC(=O)OCO1,130.10299999999998,4,1,1,1,5,62.620000000000005,-0.65863,0
CN=C1N=CN=C1N,110.12,3,1,0,1,4,63.099999999999994,-0.5861999999999998,0
N=C1OCNC(=O)CO1,130.10299999999998,4,2,0,1,5,71.41,-0.9583300000000003,0
CC(=N)Nc1cn[nH]n1,125.135,3,3,1,1,5,77.45,0.21376999999999974,0
N=c1nc(CO)cno1,127.10299999999998,5,2,1,1,5,83.0,-0.9586300000000001,0
CCN1N=C(N)C1=O,113.11999999999999,3,1,1,1,4,58.69,-0.8793000000000002,0
CC1=C(N)N=NC1=N,110.12,3,2,0,1,4,74.59,0.6196700000000002,0
N=C1OC=NC(=CN)O1,127.103,5,2,0,1,5,80.69,-0.24613000000000007,0
CN=C1OC(=O)N=C1N,127.10300000000001,4,1,0,1,5,77.03999999999999,-0.47789999999999994,0
N=C1COC(=N)NCO1,129.119,4,3,0,1,5,78.19,-0.5076600000000002,0
Cn1cc(OC#N)cn1,123.115,4,0,1,1,4,50.84,0.2799799999999999,0
N#CCC1=[N+]([O-])C(=N)O1,125.08699999999999,4,1,1,1,5,82.94000000000001,-0.22615000000000002,0
N=C1NC(=O)OC1C=O,128.087,4,2,1,1,5,79.25,-0.7290300000000001,1
N=CN1CC(=O)OCN1,129.119,4,2,1,1,5,65.42,-1.0856300000000003,0
CN=C1ON=C1N,99.093,4,1,0,1,4,59.97,-0.6828999999999998,0
Nc1ncc(C=O)n1O,127.10299999999998,5,2,1,1,5,81.14,-0.48490000000000005,0
N=CN1N=COC1C=O,127.10299999999997,4,1,2,1,5,65.75,-0.6060300000000001,1
N=CN1OC(=O)C1CO,130.103,4,2,2,1,5,73.62,-1.27183,1
N=c1cc(O)nc(N)o1,127.103,5,3,0,1,5,96.13,-0.5581300000000002,0
N=C1OCOC(=O)CO1,131.087,5,1,0,1,5,68.61,-0.5313300000000001,0
N=C1N=NC1COC=O,127.10299999999998,4,1,3,1,5,74.87,-0.028930000000000122,1
CC1=NC(N)=NC1=O,111.104,3,1,0,1,4,67.81,-0.6978,0
COC1=NN=C1C=O,112.08799999999998,4,0,1,1,4,51.02,-0.4002000000000001,0
CC1=NN=C(N)C1=O,111.104,4,1,0,1,4,67.81,-0.6978,0
NC(=O)C1=CC=NC1=O,124.09899999999998,2,1,1,1,4,72.52000000000001,-0.9909000000000001,0
NC1=CC(=O)C(N)=N1,111.10400000000001,4,2,0,1,4,81.47,-1.2735999999999998,0
N=CN1C(=O)OC1=NO,129.075,5,2,1,1,6,85.98,-0.20912999999999998,0
CN=C1N=CN=C1N,110.12,3,1,0,1,4,63.099999999999994,-0.5861999999999998,0
N=C1N=C(N)C(=O)N1O,128.091,4,3,0,1,6,102.77000000000001,-1.49023,0
Cc1noc(=N)[nH]c1=N,126.119,4,3,0,1,5,89.52000000000001,-0.7299400000000003,0
CC(=O)C1=NC(O)=N1,112.088,3,1,1,1,4,62.019999999999996,-0.09849999999999998,0
N=CC1OC(=N)OC1=N,127.103,5,3,1,1,5,90.00999999999999,-0.03658999999999979,1
N=C1NCC(=O)OC1=N,127.103,4,3,0,1,5,86.03,-0.9126600000000002,0
NC(=O)n1cc[nH]c1=O,127.10299999999998,3,2,0,1,5,80.88,-0.8968,0
CN=C1C=NN=C1N,110.12,4,1,0,1,4,63.099999999999994,-0.5862,0
CC(=O)n1cnc(N)n1,126.11900000000001,5,1,0,1,5,73.8,-0.47959999999999997,0
N=CN=C1OCC(=O)O1,128.087,4,1,1,1,5,71.74,-0.47713000000000005,0
N=CN1CNCOC1=O,129.11899999999997,4,2,1,1,5,65.42000000000002,-0.44972999999999996,0
CC1OC(=N)OC1=O,115.08799999999998,4,1,0,1,4,59.38,-0.11693000000000014,1
COc1n[nH]c(=O)n1C=N,142.118,5,2,2,1,6,83.75999999999999,-0.9648300000000001,0
CC1=NC(=O)C(N)=N1,111.104,3,1,0,1,4,67.81,-0.6978,0
N=Cn1oc(=N)oc1=O,129.075,6,2,1,1,6,95.98000000000002,-1.0310599999999999,0
N=C1NC=NC=NCO1,126.119,4,2,0,1,5,69.83,-0.44493000000000005,0
NC(=O)C1=CC(=O)O1,113.07199999999997,3,1,1,1,4,69.39,-1.0876000000000001,0
N=CN1NCCOC1=O,129.119,4,2,1,1,5,65.42000000000002,-0.44972999999999996,0
N=C(O)C1=NNC1=O,113.076,3,3,1,1,5,85.53999999999999,-0.9925300000000001,0
N=C1OCOC(=O)C1O,131.087,5,2,0,1,5,79.61,-1.1445300000000003,1
N=C1NC=COC(=N)N1,126.119,3,4,0,1,5,80.99000000000001,-0.46346000000000015,0
CNc1nc(=O)oc(=O)[nH]1,143.102,5,2,1,1,6,87.99000000000001,-1.2352,0
Cc1nncc(=N)n1N,125.135,5,2,0,1,5,80.58,-1.2202099999999994,0
N=CNc1nnoc1CO,142.11800000000002,5,3,3,1,6,95.03000000000002,-0.4191300000000001,0
N=CN1C(=N)C1OC=O,127.10299999999997,4,2,3,1,5,77.00999999999999,-0.6145600000000002,1
CC(O)C1=NN=C1N,113.12000000000002,4,2,1,1,4,70.97,-0.9060000000000001,1
CC1CC1=NOC(=O)O,129.115,3,1,1,1,4,58.89,1.0768,1
COC1=NN=C1CC#N,123.115,4,0,1,1,4,57.74,0.3145799999999999,0
CN=C1N=C(N)N1C=O,126.119,3,1,1,1,5,71.05,-1.2411,0
COc1n[nH]c(=N)n1C=O,142.118,5,2,2,1,6,83.75999999999999,-1.26243,0
NC1=NC(=O)C(C=O)=N1,125.08699999999997,4,1,1,1,5,84.88,-1.5188,0
CC(=O)C1=NC(O)=N1,112.088,3,1,1,1,4,62.019999999999996,-0.09849999999999998,0
N=Cc1ncnc(N)n1,123.11900000000001,5,2,1,1,5,88.54,-0.5485300000000002,0
CN=c1nc(N)c1=O,111.104,4,1,0,1,4,68.34,-1.5698999999999999,0
N=C1OCC(O)=[N+]1[O-],116.076,3,2,0,1,5,79.38,-0.5818300000000001,0
CC1=NC(F)=NC1=O,114.079,2,0,0,1,4,41.79,0.31300000000000006,0
Cc1nc(N)nn1C=N,125.135,5,2,1,1,5,80.58,-0.3761100000000001,0
CC(=O)Nc1cnn[nH]1,126.119,3,2,1,1,5,70.67,-0.23690000000000028,0
N=C1NC(=O)NC1=O,113.076,3,3,0,1,5,82.05000000000001,-1.19693,0
N=CN1C=NC(=O)CN1,126.11899999999999,3,2,1,1,5,68.55,-1.03143,0
N=CN1OCC(=O)C1CO,144.13,4,2,2,1,5,73.62,-1.2293300000000005,1
CNC1=NN=C1C=O,111.10399999999998,4,1,1,1,4,53.82,-0.8272000000000002,0
N=CN1C=CNC(=O)O1,127.10299999999998,3,2,1,1,5,65.42,0.021469999999999934,0
N=CN1C(=O)C1C(=O)O,128.08699999999996,3,2,2,1,5,81.23,-1.1111300000000002,1
NC1=C(CO)C(=O)N=C1,126.11499999999998,3,2,1,1,4,75.68,-1.1975000000000002,0
N#CC(N)C1=NC(=O)O1,125.08699999999999,4,1,1,1,5,88.47000000000001,-0.61402,1
COC1=NC(N)=NC1=N,126.11900000000001,4,2,0,1,5,83.82,-0.66313,0
N=C1N=C(N)N1C=CO,126.11899999999999,3,3,1,1,5,85.7,-0.41933000000000004,0
N=C1COC(=N)C(=N)O1,127.103,5,3,0,1,5,90.01,-0.034989999999999966,0
N=C(O)c1coc(=N)o1,128.087,4,3,1,1,5,94.21,0.23544000000000004,0
CN=C1C=NC(N)=[N+]1[O-],126.119,4,1,0,1,5,76.80999999999999,-1.0758999999999999,0
N=CC1=NC=NC1=N,108.104,3,2,1,1,4,72.42,0.09614,0
N=Cc1ncnc(N)n1,123.11900000000001,5,2,1,1,5,88.54,-0.5485300000000002,0
COc1[nH]nnc1C#N,124.10300000000001,4,1,1,1,5,74.59,-0.31502000000000013,0
N=C1OCC(O)=NC1=O,128.087,3,2,0,1,5,82.74000000000001,-0.5230300000000001,0
COc1nnc(C=O)[nH]1,127.10299999999998,4,1,2,1,5,67.87,-0.37420000000000003,0
N#CCC1=NC(=N)N=N1,121.10300000000001,3,1,1,1,5,84.72,0.69915,0
N=C1OCC(C(N)=O)O1,130.103,4,2,1,1,5,85.39999999999999,-1.1781300000000001,1
N=C1COCC(=O)NO1,130.103,4,2,0,1,5,71.41,-0.9583300000000001,0
N=CC1CNC(=N)OCO1,143.146,4,3,1,1,5,78.19000000000001,-0.4667600000000003,1
N=C1N=C(N)C(CO)=N1,126.119,3,3,1,1,5,94.82000000000001,-1.2747300000000001,0
CC1=NC(=O)C(N)=N1,111.104,3,1,0,1,4,67.81,-0.6978,0
COC(=O)C1=NN=C1N,127.10300000000002,5,1,1,1,5,77.03999999999999,-1.1138000000000001,0
NC1=NC(=O)C(C=O)=N1,125.08699999999997,4,1,1,1,5,84.88,-1.5188,0
N=C1NC(=O)COC1=N,127.103,4,3,0,1,5,86.03,-0.9126600000000002,0
N=CNc1cnc(N)nn1,138.13400000000001,5,3,2,1,6,100.57000000000001,-0.5272300000000003,0
N=C1ON=C(N)C1=O,113.076,5,2,0,1,5,88.53,-1.16483,0
Cn1oc(=O)cc1N,114.104,4,1,0,1,4,61.16,-0.43949999999999995,0
N=C1OCC(=NO)O1,116.076,5,2,0,1,5,74.9,-0.2443300000000001,0
N=C1OC(C=NO)C1=N,127.103,5,3,1,1,5,89.52000000000001,-0.15776,1
CC(=O)C1=NOC1=N,112.088,4,1,1,1,4,62.51,-0.06112999999999996,0
Cn1nncc1CC#N,122.13099999999999,4,0,1,1,4,54.5,-0.11882000000000004,0
N=C(N)C1=NC=NC1=N,123.119,3,3,1,1,5,98.44,-0.6174600000000001,0
N=C1CCNC(=N)OCN1,142.16199999999998,3,4,0,1,5,80.99000000000001,-0.5445600000000002,0
Cn1cn[n-]c1=NCN,126.14300000000001,4,1,1,1,5,70.3,-1.8057999999999987,0
N=c1nc(CO)c1=O,112.08799999999998,4,2,1,1,4,74.03999999999999,-1.7108299999999999,0
NC1=NC(C=O)=N1,97.07699999999998,4,1,1,1,4,67.81,-1.0879,0
Nc1cc(N)c(C=O)o1,126.115,4,2,1,1,4,82.25,0.2565000000000001,0
N=CCn1cnnc1N,125.135,5,2,2,1,5,80.58,-0.4901300000000001,0
Nc1ncc(=O)oc1N,127.103,5,2,0,1,5,95.14,-0.8008000000000002,0
N=C1COC(=O)N=CO1,128.087,4,1,0,1,5,71.74,0.15877000000000002,0
N=CN1N=NCC1=O,112.09199999999998,4,1,1,1,5,68.88,-0.19713000000000003,0
N=Cc1cnnc(N)n1,123.11900000000001,5,2,1,1,5,88.54,-0.5485300000000002,0
N=C1N=C(CO)C(=N)O1,127.10299999999998,4,3,1,1,5,89.52,-0.6380600000000001,0
NC1=NC(C=O)OCO1,130.10299999999998,5,1,1,1,5,73.91,-1.1696,1
N=C1NCNC(=O)CO1,129.119,3,3,0,1,5,74.21000000000001,-1.3853300000000002,0
CNC(=O)C1=NC(=N)O1,127.103,3,2,1,1,5,74.54,-0.9041300000000001,0
N=C1OC(=O)N=C1N,113.07600000000001,4,2,0,1,5,88.53,-0.5289300000000001,0
CN=C1N=NC(N)=N1,111.108,3,1,0,1,5,75.46,-0.24729999999999996,0
N=C1OCC(N)C(=O)O1,130.103,5,2,0,1,5,85.39999999999999,-1.1781300000000001,1
Nc1cnc(N)n1C=O,126.119,5,2,1,1,5,86.92999999999998,-0.9142000000000001,0
Cn1ncc(=N)c(=O)[nH]1,126.119,4,2,0,1,5,74.53,-1.4121299999999999,0
N=COC1=C(CO)N=C1N,141.12999999999997,5,3,3,1,5,91.69,-0.8152300000000001,0
N=C1CN=NCC(=O)O1,127.10299999999998,5,1,0,1,5,74.87,-0.027330000000000076,0
N=C1OCC(=O)OC1=N,128.087,5,2,0,1,5,83.22999999999999,-0.48566000000000015,0
N=CN1COC(=N)CO1,129.119,4,2,1,1,5,69.4,-0.2079600000000001,0
CC1=NN=C(N)C1=N,110.12,4,2,0,1,4,74.59,-0.24712999999999996,0
N=c1nc(CO)c1=O,112.08799999999998,4,2,1,1,4,74.03999999999999,-1.7108299999999999,0
N#CCc1noc(=O)[nH]1,125.08699999999999,4,1,1,1,5,82.68,-0.5710200000000001,0
NC(=O)C1=NC(O)=N1,113.076,3,2,1,1,5,88.04,-1.2022000000000002,0
N=C1COC(=N)C(=N)O1,127.103,5,3,0,1,5,90.01,-0.034989999999999966,0
Nc1nc[n+]([O-])n1C=O,128.09099999999998,5,1,1,1,6,87.85,-1.8629999999999995,0
CNC1=NC(=N)N1C=N,125.13499999999999,3,3,1,1,5,75.33000000000001,-0.5807600000000002,0
N=C1OCC(=O)OC1=N,128.087,5,2,0,1,5,83.22999999999999,-0.48566000000000015,0
NC1=NC(=O)N=C1N,112.092,3,2,0,1,5,93.83,-1.1656,0
CC(=O)n1ncnc1N,126.119,5,1,0,1,5,73.8,-0.47959999999999997,0
COC1=NC(=O)COC1,129.11499999999998,3,0,0,1,4,47.89,-0.41190000000000015,0
O=Cc1nocc1CO,127.09899999999998,4,1,2,1,4,63.33,-0.020600000000000007,0
N=C1COC(=N)C(=N)O1,127.103,5,3,0,1,5,90.01,-0.034989999999999966,0
N=C1C=C(N)OC1=N,111.104,4,3,0,1,4,82.95000000000002,-0.18625999999999998,0
CC(O)C1=NN=C1O,114.104,3,2,1,1,4,65.18,-0.30670000000000003,1
CN=C1N=CN=C1N,110.12,3,1,0,1,4,63.099999999999994,-0.5861999999999998,0
N=C1COC(=N)OCO1,130.103,5,2,0,1,5,75.39,-0.08066000000000012,0
O=C1N=C(O)C(=O)N1,114.05999999999997,2,2,0,1,5,78.75999999999999,-0.8072999999999999,0
Nc1noc(=O)nc1N,128.091,6,2,0,1,6,108.03,-1.4058000000000002,0
N=C1COC(=N)C(=N)O1,127.103,5,3,0,1,5,90.01,-0.034989999999999966,0
C#CC1(C=O)OC(=N)O1,125.08299999999998,4,1,1,1,4,59.38000000000001,-0.50363,0
NC1=NC(C=O)=NC1=O,125.08699999999997,4,1,1,1,5,84.88,-1.5188,0
N=c1ccc(=O)n(N)[nH]1,126.11900000000001,4,3,0,1,5,87.66,-1.6303299999999998,0
NC1=CC(N)=NC1=O,111.10400000000001,3,2,0,1,4,81.47,-1.2736000000000003,0
CC1=C(N)C(=O)C(N)=N1,125.131,4,2,0,1,4,81.47,-0.8834999999999995,0
CN=C1C=NC(C[N-])=N1,122.131,2,0,1,1,4,59.379999999999995,0.3355999999999999,0
N=CN1C=NCNOC1,128.135,4,2,1,1,5,60.71000000000001,-0.62643,0
CNC(=O)C(=N)C1CO1,128.131,3,2,2,1,4,65.48,-0.84903,1
N=Cc1nc(CN)no1,126.11900000000001,5,2,2,1,5,88.79,-0.4740300000000001,0
NC(=O)C1=NN=CC1=O,125.08699999999999,4,1,1,1,5,84.88,-1.5188,0
CC(=O)c1cnn(N)n1,126.11900000000001,5,1,1,1,5,73.8,-0.8055000000000001,0
CC(=O)C1=NC(=N)O1,112.088,3,1,1,1,4,62.510000000000005,-0.06112999999999996,0
N=C1CCC(=O)OCN1,128.131,3,2,0,1,4,62.18000000000001,-0.15223000000000003,0
N=C1NC(C=O)N=CO1,127.103,4,2,1,1,5,74.54,-0.9057300000000001,1
N=C1OC(=N)C(CO)O1,130.10299999999998,5,3,1,1,5,86.39,-0.6938600000000001,1
NC(=O)OC1=NCC1=O,128.08700000000002,4,1,0,1,5,81.75,-0.9371,0
CC1OC(=N)OC(=O)O1,131.087,5,1,0,1,5,68.61,0.4505699999999999,1
N=C1OC(=N)C(=O)O1,114.05999999999999,5,2,0,1,5,83.23,-0.5281600000000002,0
N=Cn1cnc(=O)o1,113.07599999999998,5,1,1,1,5,71.88,-0.7085299999999999,0
Cc1nnc(CO)n1N,128.135,5,2,1,1,5,76.96000000000001,-1.2073800000000001,0
N=CN1OC(=N)C1=O,113.076,4,2,1,1,5,77.24000000000001,-0.6554600000000002,0
N=C1CN=NCC(=O)N1,126.11899999999999,4,2,0,1,5,77.67,-0.45433000000000007,0
N=CC1=NC=NC1=N,108.104,3,2,1,1,4,72.42,0.09614,0
N#Cc1nc(=O)[nH]o1,111.05999999999999,4,1,0,1,5,82.67999999999999,-0.7654200000000002,0
N=C1OC=CON=C1CO,142.114,5,2,1,1,5,74.9,-0.17003000000000001,0
N=C1OC(=O)N=C1CO,128.087,4,2,1,1,5,82.74,-0.45282999999999995,0
N=C1CC(=O)COCO1,129.11499999999998,4,1,0,1,4,59.38000000000001,-0.07282999999999995,0
N=C(N)C1CNC(=O)O1,129.119,3,3,1,1,5,88.2,-0.9692299999999998,1
N=C1C=C(CN)N=N1,110.12000000000002,3,2,1,1,4,74.59,0.2720699999999999,0
N=CN1CC(=N)OCO1,129.119,4,2,1,1,5,69.4,-0.2079600000000001,0
CC1=NC(CO)=NC1=N,125.13099999999999,3,2,1,1,4,68.80000000000001,-0.17103000000000002,0
N=CN1C=NC(=O)OC1,127.10299999999998,3,1,1,1,5,65.75,0.031470000000000053,0
N=c1nc[nH]c(CN)c1O,140.14600000000002,4,4,1,1,5,98.78,-0.9465299999999999,0
Nc1cnc(NC=O)o1,127.10299999999998,4,2,2,1,5,81.14999999999999,-0.17490000000000022,0
NCn1cn[nH]c1=O,114.10799999999999,4,2,1,1,5,76.7,-1.5124000000000006,0
N=C1C=C(N)N=C1O,111.104,3,3,0,1,4,82.46000000000001,-0.22363000000000027,0
NC(=O)n1ccnc1N,126.119,4,2,0,1,5,86.93,-0.6079000000000001,0
N=COC1OCOC1C=N,144.13000000000002,5,2,3,1,5,75.39000000000001,-0.04136000000000001,2
N=C1OC(O)=NC1=O,114.05999999999999,3,2,0,1,5,82.74000000000001,-0.5655300000000001,0
N=Cn1c(N)nncc1=N,138.13400000000001,6,3,1,1,6,104.43,-1.20506,0
NC1=NC(O)=NC1=O,113.07599999999998,3,2,0,1,5,88.03999999999999,-1.2022,0
N=CC1OC(=N)OC1=O,128.087,5,2,1,1,5,83.22999999999999,-0.48725999999999997,1
CCc1coc(=O)nn1,126.115,4,0,1,1,4,55.99,-0.007800000000000029,0
CNc1noc(=O)n1O,131.091,6,2,1,1,6,80.29,-0.8847000000000003,0
Nc1coc(=O)n1CO,130.103,5,2,1,1,5,81.39,-1.0267000000000002,0
Cc1noc(=O)n1CO,130.103,5,1,1,1,5,68.26,-0.9054800000000001,0
Cc1n[nH]c(=O)c(CN)n1,140.146,4,2,1,1,5,84.66,-1.0679800000000002,0
N=C1OC=NC(C=O)O1,128.087,5,1,1,1,5,71.74,-0.4787300000000001,1
N=C1OCC(=O)OC1=N,128.087,5,2,0,1,5,83.22999999999999,-0.48566000000000015,0
N=CN1C=NC(=O)CN1,126.11899999999999,3,2,1,1,5,68.55,-1.03143,0
C#CC(O)C1=NN=C1O,124.099,3,2,1,1,4,65.18,-0.6934,1
Nc1ncc(C=O)n1N,126.119,5,2,1,1,5,86.92999999999999,-1.0084000000000004,0
Nc1noc(C=O)c1N,127.103,5,2,1,1,5,95.14,-0.3485000000000002,0
CNC1N=COC(=O)O1,130.10299999999998,5,1,1,1,5,59.92,-0.3155000000000001,1
CC1=NC(=N)C(N)=N1,110.12,3,2,0,1,4,74.59,-0.24712999999999996,0
N#Cc1nncn1C=N,121.10299999999998,5,1,1,1,5,78.35,-0.39504999999999996,0
N=c1[nH]c(=N)oc(=O)o1,129.075,5,3,0,1,6,106.83999999999999,-1.4801600000000006,0
CC1=NC(=O)C(O)=N1,112.08799999999998,2,1,0,1,4,62.019999999999996,-0.09849999999999998,0
CC(=O)c1c[nH]n[n+]1[O-],127.103,3,1,1,1,5,72.69,-0.7543,0
N#Cc1coc(=O)n1N,125.087,5,1,0,1,5,84.95,-0.9732200000000002,0
Nc1coc(=O)c(O)n1,128.087,5,2,0,1,5,89.35,-0.6774,0
NC(C=O)c1ncn[nH]1,126.119,4,2,2,1,5,84.66,-0.9966000000000002,1
CC(=O)C1=NC(O)=N1,112.088,3,1,1,1,4,62.019999999999996,-0.09849999999999998,0
NC1=NC(=O)C(C=O)=N1,125.08699999999997,4,1,1,1,5,84.88,-1.5188,0
CN=c1cc(N)c1=N,109.132,3,2,0,1,3,62.23,-0.8456299999999999,0
N=CC1OC(=N)C(=O)O1,128.087,5,2,1,1,5,83.23,-0.48725999999999997,1
N=CN1C=CNC(=N)N1,125.13499999999999,2,4,1,1,5,75.0,-0.5907600000000002,0
N#Cc1n[nH]c(C=O)n1,122.08699999999997,4,1,1,1,5,82.42999999999999,-0.51112,0
N=C1NCNCC(=O)O1,129.119,4,3,0,1,5,74.21000000000001,-1.3853299999999997,0
NC1=CC(N)=NC1=O,111.10400000000001,3,2,0,1,4,81.47,-1.2736000000000003,0
O=CC(=O)c1cnn[nH]1,125.087,4,1,2,1,5,75.71000000000001,-0.8137000000000003,0
COc1cnnc(=N)o1,127.103,5,1,1,1,5,72.0,-0.44232999999999983,0
O=CC(=O)c1cn[nH]n1,125.087,4,1,2,1,5,75.71000000000001,-0.8137000000000003,0
CC1=NC(=O)C(CO)=N1,126.11499999999998,3,1,1,1,4,62.019999999999996,-0.6217000000000001,0
Nc1cnc(N)[n+]([O-])c1,126.119,4,2,0,1,5,91.86999999999999,-1.1206,0
N=C1C=C(N)C(=N)O1,111.104,4,3,0,1,4,82.95,-0.18625999999999998,0
N=C1NC(=N)C(=O)O1,113.076,4,3,0,1,5,86.03000000000002,-0.95516,0
N=CN1CC(=O)NC1=N,126.11899999999999,3,3,1,1,5,80.04,-1.03996,0
N=C1CNC(=N)OCO1,129.119,4,3,0,1,5,78.19000000000001,-0.5076600000000004,0
Nc1nc(C=O)oc1N,127.10299999999998,5,2,1,1,5,95.14,-0.3485,0
Nc1c[n+]([O-])c(N)cn1,126.119,4,2,0,1,5,91.86999999999999,-1.1206,0
NN=C1N=COC(C=O)O1,143.10199999999998,5,1,1,1,6,86.27,-1.1838000000000002,1
N#CCc1nc(O)no1,125.08699999999999,5,1,1,1,5,82.94,-0.15872000000000008,0
CNc1conc1C=O,126.115,4,1,2,1,4,55.13,0.5287999999999999,0
N=C1NCC(C(=N)O)O1,129.119,3,4,1,1,5,89.19000000000001,-0.5551600000000001,1
N=C1OC(=O)CC(N)O1,130.103,5,2,0,1,5,85.4,-0.83053,1
C#CC1=NN=C1NC=N,120.11499999999998,3,2,1,1,4,60.6,-0.4156300000000001,0
Cn1cnc(=O)n1O,115.09199999999998,5,1,0,1,5,60.05,-1.1809000000000003,0
Nc1ccnc(=O)n1N,126.11900000000001,5,2,0,1,5,86.92999999999999,-1.4607000000000003,0
N=C1N=CN=C1CO,111.10399999999998,3,2,1,1,4,68.8,-0.5611300000000001,0
NC(=O)C1=NC(N)=N1,112.09200000000001,4,2,1,1,5,93.83,-1.8014999999999999,0
CCn1[nH]c(=O)nc1CN,142.16199999999998,4,2,2,1,5,76.7,-0.9499999999999993,0
N=C1N=CN=C1CN,110.12,3,2,1,1,4,74.59,-0.59473,0
NC(=O)C1=NN=C1N,112.09200000000001,4,2,1,1,5,93.83,-1.8014999999999999,0
COC1=NC(O)=C1N,114.104,4,2,0,1,4,67.84,-0.2693,0
N=c1nncc(CN)[nH]1,125.135,4,3,1,1,5,91.44,-1.2571300000000003,0
NCc1n[nH]c(=O)n1N,129.123,5,3,1,1,6,102.71999999999998,-2.2561,0
O=CCC1=NNC1=O,112.088,3,1,2,1,4,58.53,-0.9388000000000001,0
N=C1N=CC(NC=O)=N1,124.103,2,2,1,1,5,77.67,-0.8499300000000001,0
NC1=NN=C1CCO,113.11999999999999,4,2,2,1,4,70.97,-0.9043999999999999,0
COc1cnoc(=N)n1,127.103,5,1,1,1,5,72.0,-0.44233000000000006,0
COC1=NOC(=O)C1=N,128.087,5,1,0,1,5,71.74000000000001,-0.47713,0
Cc1n[nH]nc1NC=O,126.11899999999999,3,2,2,1,5,70.67,-0.31858000000000025,0
N=C1OC(=N)C(=N)O1,113.076,5,3,0,1,5,90.01,-0.07748999999999995,0
N=C1ON=C(CO)C1=O,128.087,5,2,1,1,5,82.74000000000001,-1.0887300000000002,0
CN=C1OCC(=O)C1=N,126.115,4,1,0,1,4,62.51,-0.36623,0
N=C1OC(C(=N)CO)O1,130.103,5,3,2,1,5,86.39,-0.6938600000000001,0
N=C1OCC(=O)C(=N)O1,128.087,5,2,0,1,5,83.23,-0.48566000000000015,0
COc1cnc(=N)[nH]n1,126.119,4,2,1,1,5,74.65,-0.7072300000000002,0
N=C1OCC(=O)C(=N)O1,128.087,5,2,0,1,5,83.23,-0.48566000000000015,0
N=CN1C=CNC(=O)O1,127.10299999999998,3,2,1,1,5,65.42,0.021469999999999934,0
CN=C1ON=CC1=N,111.10399999999998,4,1,0,1,4,57.800000000000004,0.05047000000000007,0
CC(=O)C1=C(N)N=N1,111.10400000000001,4,1,1,1,4,67.81,0.16900000000000004,0
N=C1NC(C=O)OC1=N,127.103,4,3,1,1,5,86.03,-0.9142600000000001,1
N=CNC1C(=O)N1C=N,126.119,3,3,3,1,5,79.81,-1.0415600000000003,1
N=C1COC(=N)C(=O)O1,128.087,5,2,0,1,5,83.23,-0.48566000000000015,0
N=C1N=C(O)N=C1C=O,125.08699999999997,3,2,1,1,5,85.87,-0.4688300000000001,0
N=C1N=C(N)N=C1CCO,140.14600000000002,4,3,2,1,5,94.82000000000001,-0.88463,0
O=C1CC(=NO)C(=O)O1,129.071,5,1,0,1,5,75.96,-0.7099,0
N=CN1CN(O)C1=N,114.10799999999998,3,3,1,1,5,74.41,-0.5074600000000002,0
N=C1CN=COC(=N)O1,127.10299999999998,5,2,0,1,5,78.52,-0.026460000000000095,0
CN=C1N=CN=C1N,110.12,3,1,0,1,4,63.099999999999994,-0.5861999999999998,0
CNC(=O)C1=NNC1=N,126.119,3,3,1,1,5,77.34,-1.3311299999999993,0
N=CN1C(=N)OC1=O,113.07599999999998,4,2,1,1,5,77.24000000000001,-0.01955999999999991,0
CNC(=O)c1conn1,127.103,4,1,1,1,5,68.02000000000001,-0.5708000000000002,0
N=C1COCNC(=O)N1,129.119,3,3,0,1,5,74.21,-0.7494300000000003,0
NC=NC1=C(CO)N=N1,126.119,4,2,2,1,5,83.33,-0.39940000000000014,0
N=CC1=NC(N)=NC1=O,124.10300000000001,4,2,1,1,5,91.66,-1.0681300000000002,0
CC(=O)c1noc(N)n1,127.10300000000001,5,1,1,1,5,82.01,-0.14560000000000006,0
N=C1COC(=O)N=CO1,128.087,4,1,0,1,5,71.74,0.15877000000000002,0
N=C1OCC(=O)C(=N)O1,128.087,5,2,0,1,5,83.23,-0.48566000000000015,0
CN1OCC(=N)OC1=O,130.103,4,1,0,1,5,62.62,-0.02272999999999986,0
COC1=NN=C(N)C1=O,127.103,5,1,0,1,5,77.03999999999999,-1.1138000000000001,0
N=C1OCC(=N)C(=N)O1,127.103,5,3,0,1,5,90.01,-0.034989999999999966,0
COC1=C(N)C(=N)N=N1,126.11900000000001,4,2,1,1,5,83.82000000000001,0.20367000000000018,0
N#CCc1noc(=O)[nH]1,125.08699999999999,4,1,1,1,5,82.68,-0.5710200000000001,0
Nc1ncc(C=O)nn1,124.103,5,1,1,1,5,81.76,-0.7337000000000002,0
N=C1CC(=N)OC(=O)O1,128.087,5,2,0,1,5,83.23,0.49784,0
CN=C1N=C(O)C(=O)O1,128.087,3,1,0,1,5,71.25,-0.5145,0
O=CC1(O)N=CC(=O)O1,129.071,5,1,1,1,5,75.96,-1.5410000000000001,1
N=Cn1oc(N)cc1=O,127.103,5,2,1,1,5,85.00999999999999,-0.5213300000000001,0
CNC1=NC=NC1=N,110.11999999999999,3,2,0,1,4,60.6,-0.3765300000000002,0
N=C1N=NC=C1C=O,109.08799999999998,3,1,1,1,4,65.64,0.51227,0
N=C1C=NC(=N)OCO1,127.103,4,2,0,1,5,78.52000000000001,-0.026460000000000095,0
NC1=NC(=O)OCN1,115.09199999999998,4,2,0,1,5,76.71,-1.0016,0
N#CNC1=NC=NC1=N,121.103,4,2,0,1,5,84.39,-0.52525,0
N=C1OCC(=O)OC1=O,129.071,5,1,0,1,5,76.44999999999999,-0.9363300000000001,0
CNC(=O)C1=NC(=O)O1,128.087,3,1,1,1,5,67.76,-0.7189000000000001,0
N=Cc1ncnc(=O)[nH]1,124.103,4,2,1,1,5,82.49000000000001,-0.8374300000000001,0
N=C1C=NC(F)=NC1=N,126.09400000000001,3,2,0,1,5,72.42,0.39334,0
N=C1NN=C1C(=O)CO,127.10299999999998,4,3,2,1,5,85.54,-1.51573,0
NC(=O)c1coc(N)n1,127.103,4,2,1,1,5,95.14,-0.6443000000000001,0
N#CCc1nc(N)no1,124.10300000000001,5,1,1,1,5,88.73,-0.28212000000000004,0
N=c1cnc(N)c(C=O)o1,139.114,5,2,1,1,5,92.97000000000001,-0.45123,0
NC1=CC(=O)C(N)=N1,111.10400000000001,4,2,0,1,4,81.47,-1.2735999999999998,0
N#CCNC1=NC(=N)O1,124.103,4,2,1,1,5,81.26,-0.57945,0
COC1=NN=C1C=O,112.08799999999998,4,0,1,1,4,51.02,-0.4002000000000001,0
N=C1NC(=O)C(=N)O1,113.076,4,3,0,1,5,86.03000000000002,-0.9551600000000002,0
COc1n[nH]c(=N)n1C=O,142.118,5,2,2,1,6,83.75999999999999,-1.26243,0
N=C1N=C(CO)OC1N,129.11899999999997,4,3,1,1,5,91.69,-1.3305300000000002,1
CC(CO)C1=NOC1=O,129.115,4,1,2,1,4,58.89000000000001,-0.4724000000000001,1
CC1=NC(N)=NC1=N,110.12,3,2,0,1,4,74.59,-0.24712999999999996,0
CC(=N)N1C(=O)N=C1O,127.10299999999998,2,2,0,1,5,76.75,0.3331700000000001,0
CNC(=O)C1=NC(O)=N1,127.103,3,2,1,1,5,74.05,-0.9415,0
CN=C1N=NNC1=N,111.10799999999999,3,2,0,1,5,72.96000000000001,-0.03762999999999994,0
N=C1NC(=O)C(CO)O1,130.10299999999998,4,3,1,1,5,82.41000000000001,-1.5715300000000003,1
N=CC1=NC(=N)OC1=O,125.08699999999999,4,2,1,1,5,86.36000000000001,-0.4314600000000001,0
Nc1cn(C=O)c(N)n1,126.119,5,2,1,1,5,86.92999999999999,-0.9142000000000001,0
NC1=NN=C1C=NCO,126.11899999999999,5,2,2,1,5,83.33,-1.2662000000000002,0
N=C1OC(=N)C(=O)O1,114.05999999999999,5,2,0,1,5,83.23,-0.5281600000000002,0
CC(=O)OC(=O)C1CN1,129.115,4,1,1,1,4,65.31,-0.9521000000000002,1
N=c1cnoc(C=O)n1,125.08699999999999,5,1,1,1,5,79.84,-0.63843,0
N=CNC1COC1=NC=O,141.13,3,2,3,1,5,74.53999999999999,-0.8632300000000002,1
NCC1=NN=C1C=NC=O,138.12999999999997,4,1,3,1,5,80.16999999999999,-1.0171000000000001,0
CC(=O)C1=NC(N)=N1,111.10400000000001,4,1,1,1,4,67.81,-0.6978,0
Cn1cc(CCN)n[n+]1[O-],142.16200000000003,4,1,2,1,5,70.78,-1.4452999999999991,0
N=Cc1ncc(N)nn1,123.11900000000001,5,2,1,1,5,88.54,-0.5485300000000002,0
N#CC(=N)OC1N=CN1,124.10299999999998,5,2,1,1,5,81.26,-0.5810500000000001,1
CC(N)C1=NOC1=O,114.10399999999998,4,1,1,1,4,64.68,-0.7536,1
N=C1CC(=O)OC=CO1,127.09899999999996,4,1,0,1,4,59.38000000000001,0.39837000000000006,0
N=C1OCNC(=O)CO1,130.10299999999998,4,2,0,1,5,71.41,-0.9583300000000003,0
CN=C1N=CN=C1N,110.12,3,1,0,1,4,63.099999999999994,-0.5861999999999998,0
Nc1cc(NC=O)no1,127.103,4,2,2,1,5,81.14999999999999,-0.17490000000000022,0
CC(O)C1=CN=NC1=O,126.115,3,1,1,1,4,62.02,0.2435,1
N=C1NC(=O)COC1=N,127.103,4,3,0,1,5,86.03,-0.9126600000000002,0
C#Cc1ncc(N)n1O,123.115,4,2,0,1,4,64.07,-0.3161,0
COC1=NN=C1C=O,112.08799999999998,4,0,1,1,4,51.02,-0.4002000000000001,0
C#CC(N)c1nnn[nH]1,123.11900000000001,4,2,1,1,5,80.47999999999999,-1.1673,1
Cc1nc(C=N)[nH][n+]1[O-],126.11899999999999,3,2,1,1,5,79.47,-0.6508100000000001,0
Cc1nnc(N)n1C#N,123.11900000000001,5,1,0,1,5,80.52,-0.5021000000000002,0
N=COC1OCNC1=N,129.119,4,3,2,1,5,78.19,-0.5092600000000003,1
N=C1COC(=N)OCO1,130.103,5,2,0,1,5,75.39,-0.08066000000000012,0
COc1cn[nH]c(=O)n1,127.103,4,1,1,1,5,67.87,-0.8265,0
CNc1cnoc(=N)[n+]1[O-],142.118,5,2,1,1,6,88.85000000000001,-1.1708300000000005,0
Cc1nnc(C=N)n1O,126.11899999999999,5,2,1,1,5,74.79,-0.17851000000000006,0
CN=C1ON=C(N)C1=O,127.103,5,1,0,1,5,77.03999999999999,-1.1138,0
N=C1OCC(N)C1=NO,129.11900000000003,5,3,0,1,5,91.69,-0.8486300000000002,1
Nc1cnc(=O)oc1N,127.103,5,2,0,1,5,95.14,-0.8008,0
N=C1NC(=O)C(C=O)N1,127.10299999999998,3,3,1,1,5,82.05000000000001,-1.7919299999999998,1
CC(=O)c1cnon1,112.088,4,0,1,1,4,55.99,0.2722,0
N=C(N)c1n[nH]c[n+]1[O-],127.107,3,3,1,1,6,105.49000000000001,-1.67283,0
NC1=C(CO)C(=O)O1,115.08799999999998,4,2,1,1,4,72.55,-1.2942000000000002,0
N=c1oc(N)nnc1C=O,140.102,6,2,1,1,6,105.86000000000001,-1.05623,0
COC1=NN=C(N)C1=N,126.119,5,2,0,1,5,83.82,-0.66313,0
N=CN1CC(=O)OC1=O,128.087,4,1,1,1,5,70.46000000000001,-0.42772999999999994,0
COC1=NC(N)=NC1=O,127.10300000000001,4,1,0,1,5,77.03999999999999,-1.1138000000000001,0
N=Cc1oncc1N,111.104,4,2,1,1,4,75.9,0.25447000000000003,0
CNc1nonc1C=O,127.10299999999998,5,1,2,1,5,68.02000000000001,-0.0762000000000001,0
CN=C1C=NN=C1N,110.12,4,1,0,1,4,63.099999999999994,-0.5862,0
N#CC(N)C1=NN=C1,108.104,4,1,1,1,4,74.53,-0.7223200000000001,1
N=C1N=C(N)C(O)=N1,112.092,2,3,0,1,5,94.82000000000001,-0.75153,0
N=C1NCOC(=O)O1,116.076,4,2,0,1,5,71.41,-0.36493,0
N=C1CNC(=O)CO1,114.10399999999998,3,2,0,1,4,62.18000000000001,-0.8899300000000003,0
Cc1nc(NC=N)no1,126.11899999999999,4,2,2,1,5,74.80000000000001,0.39698999999999984,0
COc1n[nH]cnc1=N,126.11899999999999,4,2,1,1,5,74.65,-0.70723,0
Nc1nc(O)cnc1C=O,139.11399999999998,5,2,1,1,5,89.1,-0.4230999999999999,0
NC1=NC(=O)C(C=O)=N1,125.08699999999997,4,1,1,1,5,84.88,-1.5188,0
Cc1coc(=O)c(=N)o1,127.09899999999999,4,1,0,1,4,67.2,0.02068999999999993,0
Cn1cn[nH]c1=NC=O,126.11899999999999,3,1,1,1,5,63.04,-1.1947000000000003,0
COC1=NNC(=O)C1=O,128.087,4,1,0,1,5,67.75999999999999,-1.3548000000000002,0
N=C1NC(=N)C(=O)O1,113.076,4,3,0,1,5,86.03000000000002,-0.95516,0
N=CN1C=NC(C=O)O1,127.10299999999997,4,1,2,1,5,65.75,-0.6060300000000001,1
CNc1nnc(CC=N)o1,140.146,5,2,3,1,5,74.80000000000001,0.30337000000000003,0
N=COC1=NNC1=O,113.076,4,2,1,1,5,74.53999999999999,-0.9466300000000003,0
Nc1cc[n+]([O-])n1C=O,127.103,4,1,1,1,5,74.96,-1.2579999999999998,0
COC1=CC(=O)N=C1N,126.11500000000001,3,1,1,1,4,64.67999999999999,-0.5859000000000001,0
CC(O)C1=NC(N)=N1,113.12000000000002,4,2,1,1,4,70.97,-0.9060000000000001,1
CCc1n[nH]nnc1=O,126.11899999999999,4,1,1,1,5,71.53,-0.8777000000000001,0
COC1=NN=C(N)C1=O,127.103,5,1,0,1,5,77.03999999999999,-1.1138000000000001,0
N=C1OC(N)=NC1=O,113.07600000000001,4,2,0,1,5,88.53,-1.1648300000000003,0
N=COC1=NC(O)=C1O,128.087,5,3,1,1,5,85.9,0.30727,0
N#Cc1n[nH]nc1CO,124.10299999999998,4,2,1,1,5,85.59,-0.8313200000000003,0
N=CC(N)C1=NC(=O)O1,127.103,4,2,2,1,5,88.53000000000002,-0.4880299999999999,1
N=C(O)CC1N=NN1,114.108,4,3,2,1,5,80.83,0.20826999999999996,1
COC1ONC(=O)C1=O,131.087,4,1,1,1,5,64.63,-1.4106,1
O=CC1OC=NC(=O)O1,129.071,4,0,1,1,5,64.96,-0.29349999999999987,1
N=CN1C=NC(=O)CN1,126.11899999999999,3,2,1,1,5,68.55,-1.03143,0
N=C1NC(C=O)C(=O)CO1,142.114,4,2,1,1,5,79.25000000000001,-1.3224300000000002,1
Nc1ncc(C=O)cn1,123.11499999999998,4,1,1,1,4,68.87,-0.12869999999999998,0
CC(=O)C1=NOC1=N,112.088,4,1,1,1,4,62.51,-0.06112999999999996,0
CC(=O)C(N)C1=NN=N1,126.11900000000001,5,1,2,1,5,80.17,-0.318,1
NCC1=NC=C(N)C1=O,125.13099999999999,4,2,1,1,4,81.47,-1.2310999999999999,0
CC1=NN=C(N)C1=N,110.12,4,2,0,1,4,74.59,-0.24712999999999996,0
CC(O)C1=NN=C1N,113.12000000000002,4,2,1,1,4,70.97,-0.9060000000000001,1
N=C1OCCOC(=N)O1,130.103,5,2,0,1,5,75.39,-0.0806599999999999,0
N=C1N=C(O)NC1=N,112.09199999999998,2,4,0,1,5,92.32,-0.5418600000000002,0
Nc1cnc(O)c(=O)o1,128.087,5,2,0,1,5,89.35000000000001,-0.6774,0
Cc1cnn[c-]1N=O,110.096,4,0,1,1,4,55.21,0.9018199999999998,0
COC1=NN=C1C=NCO,141.13,5,1,2,1,5,66.54,-0.5785,0
CNC1=CC(=O)C(N)=N1,125.13100000000001,4,2,1,1,4,67.48,-1.0129,0
CNc1cnn(C=O)n1,126.119,5,1,2,1,5,59.81,-0.6419000000000004,0
Nc1oncc1NC=O,127.10299999999998,4,2,2,1,5,81.15,-0.17490000000000022,0
COc1conc1N,114.10400000000001,4,1,1,1,4,61.28,0.26539999999999997,0
NC1=[N+]([O-])C(=O)C=N1,113.076,4,1,0,1,5,81.52,-1.5775999999999997,0
N=C1CNC(C=O)N=N1,126.11899999999999,4,2,1,1,5,77.67,-0.4559300000000004,1
O=CNC1=NC=NC1=O,125.08699999999999,3,1,1,1,5,70.89,-1.3006000000000002,0
CC(O)C1=NN=C1N,113.12000000000002,4,2,1,1,4,70.97,-0.9060000000000001,1
C#CCNC1=NC(=N)N=N1,135.13,3,2,1,1,5,72.96000000000001,-0.034230000000000094,0
N=C1OC(=O)OC1C=O,129.07099999999997,5,1,1,1,5,76.44999999999999,-0.30203,1
CC(O)C1=NC(=O)N1,114.104,2,2,1,1,4,61.690000000000005,-0.5111000000000001,1
N=C1CN=NC1=NCO,126.11899999999999,4,2,1,1,5,81.16,-0.17972999999999995,0
C#CC(O)c1n[nH]n1N,126.11900000000003,4,3,1,1,5,79.86,-1.4084000000000003,1
N=CC1=NC=NC1=N,108.104,3,2,1,1,4,72.42,0.09614,0
N=Cn1[nH]c(=N)oc1=O,128.09099999999998,5,3,1,1,6,98.63,-1.2959600000000002,0
CN(C)c1n[nH]c(=O)o1,129.119,4,1,1,1,5,62.13,-0.5711000000000002,0
N=C1NC=NC(C=O)O1,127.10299999999998,4,2,1,1,5,74.54,-0.9057300000000001,1
N=c1[nH]cnnc1C=O,124.103,4,2,1,1,5,82.49000000000001,-0.90333,0
CN=c1nc(N)c1=O,111.104,4,1,0,1,4,68.34,-1.5698999999999999,0
NC1=NC(F)=NC1=O,115.067,3,1,0,1,5,67.81,-0.7907000000000002,0
NCc1co[n+]([O-])c1CO,144.13,4,2,2,1,5,86.33,-1.136,0
Cc1n[nH]c(=N)n1CN,127.15100000000001,4,3,1,1,5,83.48,-1.0847099999999998,0
COc1nnc(=N)[nH]n1,127.107,5,2,1,1,6,87.54,-1.3122300000000002,0
N=C1ON=C(N)C1=O,113.076,5,2,0,1,5,88.53,-1.16483,0
N=C1COC(=N)C(=O)O1,128.087,5,2,0,1,5,83.23,-0.48566000000000015,0
CNC1=NC(=O)OC1=O,128.087,4,1,0,1,5,67.75999999999999,-0.7189000000000001,0
COC1=NC(=N)C=[N+]1[O-],127.103,3,1,0,1,5,71.50999999999999,-0.43923,0
CN=c1nncc(N)o1,126.11899999999999,5,1,0,1,5,77.3,-0.8177000000000003,0
NC1=C(N)C(=O)C=N1,111.10399999999998,4,2,0,1,4,81.47,-1.2736000000000003,0
NC(=O)C1=NN=C1O,113.076,3,2,1,1,5,88.04,-1.2022,0
CN=c1[nH]c(=O)c1=NO,127.10299999999998,4,2,0,1,5,77.81,-1.9290999999999991,0
N=c1ccn(N)n1C=O,126.119,5,2,1,1,5,76.8,-1.4788299999999996,0
N=C1NCC(=O)N=CO1,127.103,3,2,0,1,5,74.54,-0.9041300000000001,0
Cn1nc(N)nc1C=O,126.119,5,1,1,1,5,73.80000000000001,-0.7902,0
N=C1ON=C(CO)C1=O,128.087,5,2,1,1,5,82.74000000000001,-1.0887300000000002,0
N=CN1CC(=O)OC(=N)N1,142.118,4,3,1,1,6,89.27000000000001,-1.10836,0
N=C1NC(=N)OC(=O)CO1,143.102,5,3,0,1,6,95.26,-0.98106,0
CC(N)C1=NC(=N)N1O,128.135,3,3,1,1,5,85.7,-0.62833,1
N=Cn1nncc1C=O,124.10299999999997,5,1,2,1,5,71.63,-0.45423000000000036,0
N=COC1=NC=NC1=O,125.08699999999999,4,1,1,1,5,74.87,-0.42293000000000003,0
N=c1nc(CO)cno1,127.10299999999998,5,2,1,1,5,83.0,-0.9586300000000001,0
N=C1COCOC(=N)O1,130.103,5,2,0,1,5,75.39,-0.0806599999999999,0
CN=c1nc(N)cno1,126.119,5,1,0,1,5,77.3,-0.8177000000000003,0
N=C1OCOC(=N)C(=N)O1,143.102,6,3,0,1,6,99.24,-0.10338999999999998,0
N=C1N=CC(N)=C1N,110.12000000000002,3,3,0,1,4,88.25,-0.8229300000000002,0
N=C1OCC(=O)OC1=N,128.087,5,2,0,1,5,83.22999999999999,-0.48566000000000015,0
N=CC1=NC(=O)C(N)=N1,124.10300000000001,4,2,1,1,5,91.66,-1.06813,0
N=C1N=COCC(=O)O1,128.087,4,1,0,1,5,71.74,-0.47713000000000005,0
CC(=O)c1nnc(N)o1,127.10300000000001,5,1,1,1,5,82.01,-0.14559999999999984,0
N=C1NC(C=O)N=CO1,127.103,4,2,1,1,5,74.54,-0.9057300000000001,1
N=CC1=C(O)C(C=O)=N1,124.09899999999998,4,2,2,1,4,73.50999999999999,0.059069999999999956,0
N#CCc1ncnoc1=O,137.09799999999998,5,0,1,1,5,79.78,-0.50412,0
NC1=NCNC(=O)CO1,129.11899999999997,4,2,0,1,5,76.71,-1.5949999999999993,0
Cc1c(O)nn[nH]c1=N,126.11900000000001,4,3,0,1,5,85.65,-0.7018100000000003,0
CN=C1N=CC(N)=[N+]1[O-],126.119,3,1,0,1,5,76.80999999999999,-1.0758999999999999,0
N=CC1=NNN=NC1N,126.123,6,3,1,1,6,98.98,-0.7528300000000001,1
N=c1ncc(N)no1,112.09200000000001,5,2,0,1,5,88.79,-0.8687300000000002,0
N=C1ONC(=O)CC1=O,128.087,4,2,0,1,5,79.25,-1.0157300000000002,0
N=C1COC(=O)NC1=N,127.103,4,3,0,1,5,86.03,-0.27676000000000023,0
CC(=N)OC1(O)CO1,117.10399999999998,4,2,1,1,4,65.84,-0.32353,1
N=C1NCC(=N)C(=O)O1,127.103,4,3,0,1,5,86.03000000000002,-0.91266,0
N#CCOC1=NNC1=N,124.103,4,2,1,1,5,81.25999999999999,-0.57945,0
N=C1NC(=N)OC=CO1,127.10299999999998,4,3,0,1,5,78.19000000000001,-0.036459999999999826,0
NC1=C(O)C(C=O)=N1,112.088,4,2,1,1,4,75.68,-0.6742999999999999,0
COc1cnoc1N,114.104,4,1,1,1,4,61.28,0.26539999999999997,0
CC(=O)n1cnc(N)n1,126.11900000000001,5,1,0,1,5,73.8,-0.47959999999999997,0
N=COC1C=NC(=O)O1,128.087,4,1,2,1,5,71.74,0.15717000000000003,1
N=C(O)C1=NC(=O)N1,113.076,2,3,1,1,5,85.53999999999999,-0.35662999999999995,0
CC(=O)c1nc(N)n[nH]1,126.11900000000001,4,2,1,1,5,84.66,-0.41050000000000025,0
O=CC1=NC=C1NO,112.08799999999998,4,2,2,1,4,61.69,-0.5399000000000003,0
CN=C1NC(=N)OCO1,129.119,4,2,0,1,5,66.7,-0.4991300000000003,0
Nc1nc(=O)nco1,113.07599999999998,5,1,0,1,5,82.01,-0.9880000000000002,0
CC(O)C1=NC(=O)N1,114.104,2,2,1,1,4,61.690000000000005,-0.5111000000000001,1
C#Cc1n[nH]c(OCO)n1,139.11399999999998,4,2,2,1,5,71.03,-0.8854000000000002,0
N=C1OC(=O)C=C1N,112.088,4,2,0,1,4,76.17,-0.63693,0
CNc1c[nH]c(=N)nn1,125.135,4,3,1,1,5,77.45,-0.6741300000000003,0
NC1=CN=C(N)C1=O,111.104,4,2,0,1,4,81.47,-1.2735999999999998,0
N=C1COC(=N)C(=O)O1,128.087,5,2,0,1,5,83.23,-0.48566000000000015,0
N=CC1NCC(=NO)O1,129.119,5,3,1,1,5,77.7,-0.63043,1
CC(=O)c1cn[nH][n+]1[O-],127.103,3,1,1,1,5,72.69,-0.7543,0
Nc1cc(=O)oc(N)n1,127.10300000000001,5,2,0,1,5,95.14,-0.8008000000000002,0
CN=C1NC(=N)OCO1,129.119,4,2,0,1,5,66.7,-0.4991300000000003,0
N=c1ncc(C=O)n[nH]1,124.103,4,2,1,1,5,82.49000000000001,-0.9033300000000002,0
N=C1NC=NC(C=O)N1,126.11899999999999,3,3,1,1,5,77.34,-1.3327300000000004,1
N=Cc1ncc(=N)on1,124.103,5,2,1,1,5,86.62,-0.45325999999999994,0
N=C1C=NC(N)=C1O,111.104,4,3,0,1,4,82.46000000000001,-0.22363000000000027,0
CC1=NC(=N)N1C=NO,126.11899999999999,3,2,1,1,5,72.04,0.07267000000000001,0
Nc1[nH]ncc1C=O,111.10399999999997,3,2,1,1,4,71.77000000000001,-0.19560000000000038,0
N#CC1NC=NN1C=N,123.119,4,2,1,1,5,75.27000000000001,-0.70835,1
N=C(O)C1=NC=C1O,112.08799999999998,3,3,1,1,4,76.67,0.37567,0
N=C1NC(=O)OCCO1,130.103,4,2,0,1,5,71.41000000000001,-0.32243,0
N=c1nn[nH]cc1C=O,124.10299999999997,4,2,1,1,5,82.49000000000001,-0.9033300000000004,0
O=C1NN=C(CO)C1=O,128.087,4,2,1,1,5,78.75999999999999,-1.9664000000000006,0
N=C1COC(=N)OCO1,130.103,5,2,0,1,5,75.39,-0.08066000000000012,0
CC1(CO)CC(=O)NN1,130.14700000000002,3,3,1,1,4,61.36,-1.2381,1
N#Cc1noc(=NC=N)o1,138.08599999999998,5,1,1,1,6,99.17,-0.35295000000000004,0
N=C1NCC(=O)NCO1,129.119,3,3,0,1,5,74.21000000000001,-1.3853300000000002,0
N=Cn1cnc(=O)o1,113.07599999999998,5,1,1,1,5,71.88,-0.7085299999999999,0
CN=C(O)C1=NC(O)=N1,127.103,3,2,1,1,5,77.54,-0.10120000000000007,0
CC(=O)C1=NN=C1N,111.10400000000001,4,1,1,1,4,67.81,-0.6978,0
O=Cc1nc(CO)n[nH]1,127.103,4,2,2,1,5,78.87,-0.8905000000000003,0
COC(=O)C1=NOC1=O,129.071,5,0,1,1,5,64.96000000000001,-0.9278000000000002,0
CC1=NC(F)=NC1=O,114.079,2,0,0,1,4,41.79,0.31300000000000006,0
NC=C1C=NNC1=O,111.10399999999998,3,2,0,1,4,67.47999999999999,-1.0554000000000001,0
CC1=NC(N)=NC1=O,111.104,3,1,0,1,4,67.81,-0.6978,0
Nc1oc(C=O)nc1O,128.087,5,2,1,1,5,89.35000000000001,-0.2250999999999999,0
Nc1noc(=O)n1CO,131.091,6,2,1,1,6,94.28000000000002,-1.6317000000000004,0
COCc1nc[nH][n+]1[O-],129.119,3,1,2,1,5,64.85,-0.8105,0
N=C1OCOC1=NC=O,128.087,4,1,1,1,5,71.74000000000001,-0.47713000000000005,0
N=CN1CC(=O)OC(O)C1,144.12999999999997,4,2,1,1,5,73.62,-1.22933,1
N=Cc1[nH]nnc1C=O,124.103,4,2,2,1,5,82.49000000000001,-0.38513,0
N=C1N=NC(C=O)=N1,110.076,3,1,1,1,5,78.0,-0.015629999999999977,0
N#CC1=NC(CN)=N1,108.10400000000001,4,1,1,1,4,74.53,-0.72072,0
N=COC1=NC(=O)OC1,128.087,4,1,1,1,5,71.74,0.15877000000000002,0
CNc1n[nH]cnc1=N,125.13499999999999,4,3,1,1,5,77.45,-0.6741300000000003,0
Cc1noc(=O)n1NC=N,142.118,5,2,2,1,6,83.91,-0.7047100000000004,0
N=C1N=C(N)N=C1C=O,124.103,4,2,1,1,5,91.66,-1.06813,0
N=C1OCC(CO)=[N+]1[O-],130.103,4,2,1,1,5,79.38,-1.1050300000000002,0
N=CN1OC(=O)C1C=O,128.087,4,1,2,1,5,70.46000000000001,-1.0652300000000001,1
CC(O)C1=NC(=N)N1,113.12,2,3,1,1,4,68.47,-0.6963300000000001,1
N=C1OCOC(C=O)O1,131.087,5,1,1,1,5,68.61,-0.5329300000000001,1
NC1=NC(=O)N1CC=O,127.10299999999998,3,1,2,1,5,75.75999999999999,-1.0644,0
Nc1cnc(N)c(=O)o1,127.103,5,2,0,1,5,95.14,-0.8008,0
CN=C1ON=C(N)C1=O,127.103,5,1,0,1,5,77.03999999999999,-1.1138,0
CCC1=NC(=O)OC1=O,127.09899999999998,3,0,1,1,4,55.73,0.5142,0
N#Cc1noc(=N)n1C=O,138.08599999999998,6,1,1,1,6,95.66999999999999,-1.1344500000000002,0
N=c1occ(C=O)o1,113.07199999999999,4,1,1,1,4,67.2,0.16457000000000005,0
Nc1nc(C=O)oc1O,128.08699999999996,5,2,1,1,5,89.35000000000001,-0.2250999999999999,0
N=c1oc(=O)[nH]c(=O)o1,130.059,5,2,0,1,6,100.05999999999999,-1.5994300000000008,0
N=C1N=C(O)OC=CO1,128.08699999999996,3,2,0,1,5,74.9,0.35317,0
Cc1nc(NC=O)n[nH]1,126.11899999999999,3,2,2,1,5,70.67,-0.31858000000000025,0
N=c1[nH]oc(=O)oc1=O,130.059,5,2,0,1,6,100.06,-1.59943,0
N=CN1NC(=O)CC1O,129.119,3,3,1,1,5,76.42,-1.3512300000000002,1
N=CC1=NN=CC1=N,108.10399999999998,4,2,1,1,4,72.42,0.09614,0
N=C1OCC1=NCO,114.104,4,2,1,1,4,65.67,-0.6153300000000002,0
Nc1oncc1C=O,112.08799999999998,4,1,1,1,4,69.12,0.06930000000000003,0
C#CCNn1ncc(=O)[nH]1,138.13,4,2,2,1,5,62.71,-1.2519000000000007,0
N=C1CC(=O)NC(=N)O1,127.10299999999998,4,3,0,1,5,86.03000000000002,-0.5650600000000003,0
N=C1NC=NCOC1=O,127.103,4,2,0,1,5,74.53999999999999,-0.9041300000000001,0
N=CC1OC(=O)NC1=N,127.103,4,3,1,1,5,86.03,-0.27836000000000005,1
COC(=O)c1nc1=O,113.072,4,0,1,1,4,56.26,-0.8959999999999999,0
CC(=O)Nc1ncno1,127.103,4,1,1,1,5,68.02000000000001,0.02799999999999986,0
N=C1C=C(O)C(=O)N1,112.08799999999998,3,3,0,1,4,73.17999999999999,-0.46463000000000004,0
Nc1cc(N)n(C=O)n1,126.11900000000001,5,2,1,1,5,86.92999999999999,-0.9142000000000001,0
N=C1N=C(CO)C(=O)O1,128.087,4,2,1,1,5,82.74,-1.0887300000000002,0
N=C(N)NC1=COC1=O,127.10299999999998,3,3,1,1,5,88.20000000000002,-1.1323299999999998,0
N=C1OCC(=O)C(O)O1,131.087,5,2,0,1,5,79.61,-1.1445300000000003,1
Cc1conc(N)c1=O,126.11500000000001,4,1,0,1,4,69.12,-0.07458000000000009,0
N=C1NC=NC(=O)CN1,126.119,2,3,0,1,5,77.34,-1.3311300000000001,0
C#Cc1[nH]nnc1N,108.10400000000001,3,2,0,1,4,67.59,-0.6318000000000001,0
Nc1nc(C=O)n[nH]1,112.09199999999998,4,2,1,1,5,84.66,-0.8006000000000002,0
CN=C1C=NC(N)=N1,110.12,3,1,0,1,4,63.099999999999994,-0.5862,0
N=C1NC(=O)N=C1O,113.076,2,3,0,1,5,85.54,-0.35663000000000006,0
N=C1NC(=N)C(=O)O1,113.076,4,3,0,1,5,86.03000000000002,-0.95516,0
C#CC1(N)NC(=N)O1,111.10399999999998,3,3,0,1,4,71.13,-1.21333,1
COC1=NC(=N)N=C1,111.104,2,1,0,1,4,57.8,0.05046999999999996,0
Cn1oc(=O)nc1C=N,127.103,5,1,1,1,5,71.88,-0.6290300000000002,0
N#CCc1nc(N)n[nH]1,123.11900000000001,4,2,1,1,5,91.38,-0.5470200000000003,0
CNC(=O)c1cnon1,127.103,4,1,1,1,5,68.02000000000001,-0.5708000000000002,0
CNc1nncc(N)[n+]1[O-],141.13400000000001,5,2,1,1,6,90.77,-1.2660999999999991,0
CNC(=O)C1=NC(=O)O1,128.087,3,1,1,1,5,67.76,-0.7189000000000001,0
Nc1ncc(=O)oc1N,127.103,5,2,0,1,5,95.14,-0.8008000000000002,0
N=C1OC=C(N)C1=O,112.08800000000001,4,2,0,1,4,76.16999999999999,-0.6369300000000002,0
N=C1OCC(N)(O)CO1,132.119,5,3,0,1,5,88.56,-1.3847300000000002,0
N=CC1N=CN(C=N)O1,126.11899999999999,4,2,2,1,5,72.53,-0.1553599999999999,1
N=C1N=C(C=O)OCN1,127.10299999999998,3,2,1,1,5,74.54,-0.9041300000000001,0
N=c1nc1OCC=O,112.08799999999998,4,1,3,1,4,63.04,-0.98563,0
N=CN1C=NCC(=O)O1,127.10299999999998,4,1,1,1,5,65.75,-0.6044300000000002,0
Nc1cc(OC=O)no1,128.087,5,1,2,1,5,78.35000000000001,-0.20800000000000013,0
N=COC1=NC(C(=N)O)N1,142.118,5,4,2,1,6,101.55,-0.5693600000000001,1
Cn1cnc(=N)n1N,113.12400000000001,5,2,0,1,5,72.62,-1.5851299999999995,0
COC(=O)c1cnn[nH]1,127.10300000000001,4,1,1,1,5,67.87,-0.40870000000000023,0
N=C(N)N1C=NC1=N,111.10799999999999,2,3,0,1,5,89.32,-0.8414599999999999,0
N=C1N=C(N)N=C1C=O,124.103,4,2,1,1,5,91.66,-1.06813,0
N=CN1C=C(O)NCN1,128.135,4,4,1,1,5,71.38000000000001,-0.6823300000000003,0
N=C1OC(N)=CC1=O,112.088,4,2,0,1,4,76.16999999999999,-0.6369300000000002,0
Nc1n[nH]nc1C=O,112.09199999999998,4,2,1,1,5,84.66,-0.8006000000000004,0
N=C1N=C(CN)C(=O)O1,127.103,4,2,1,1,5,88.53000000000002,-1.1223299999999998,0
N=C1COC(=N)N=CO1,127.103,4,2,0,1,5,78.52,-0.026460000000000095,0
CC(=O)c1nnc(O)[nH]1,127.103,4,2,1,1,5,78.87,-0.2871000000000001,0
Cn1nc(CO)c(=N)o1,129.119,5,2,1,1,5,75.03999999999999,-1.01513,0
Nc1nn[nH]c1CC=O,126.11899999999997,4,2,2,1,5,84.66,-0.8717000000000006,0
N=C1CC(=O)C(C=O)N1,126.11499999999997,3,2,1,1,4,70.02,-0.9064300000000001,1
N=C1OCC(=O)OC1=O,129.071,5,1,0,1,5,76.44999999999999,-0.9363300000000001,0
Cn1nncc1CO,113.11999999999998,4,1,1,1,4,50.94,-0.6926000000000001,0
O=c1[nH]c(O)cnc1CO,142.114,4,3,1,1,5,86.21000000000001,-1.0322000000000002,0
N=COC1NCOC1=O,130.10299999999998,5,2,2,1,5,71.41,-0.9599300000000002,1
N=C1COC(=N)C(=N)OC1,141.13,5,3,0,1,5,90.01,0.007510000000000017,0
CC(=O)n1cncc1O,126.11499999999998,4,1,0,1,4,55.120000000000005,0.24879999999999997,0
NC(=O)c1cnn[nH]1,112.092,3,2,1,1,5,84.66,-1.0964000000000003,0
N=c1ccc(=O)[nH]o1,112.088,3,2,0,1,4,69.85,-0.5526300000000002,0
NC(=O)n1cc[nH]c1=O,127.10299999999998,3,2,0,1,5,80.88,-0.8968,0
N=Cn1cc(O)[nH]c1=N,126.11899999999999,4,4,1,1,5,88.65,-0.5435600000000003,0
N=C1COC(=N)OCO1,130.103,5,2,0,1,5,75.39,-0.08066000000000012,0
CNC(=O)C1=NC(N)=N1,126.11900000000001,4,2,1,1,5,79.84,-1.540799999999999,0
Cn1cc(CO)nc1N,127.147,4,2,1,1,4,64.07,-0.5054000000000001,0
CN=NC1CNC(=O)CO1,143.14600000000002,4,1,1,1,5,63.05,-0.45910000000000006,1
N=C1NC(=O)NC1=O,113.076,3,3,0,1,5,82.05000000000001,-1.19693,0
NC1=NC(O)=NC1=O,113.07599999999998,3,2,0,1,5,88.03999999999999,-1.2022,0
O=C1CN=NCOC1=O,128.087,5,0,0,1,5,68.09,-0.478,0
CN=C1N=C(O)C(=N)O1,127.10299999999998,3,2,0,1,5,78.03000000000002,-0.06382999999999994,0
N=C1N=C(N)C(CO)=N1,126.119,3,3,1,1,5,94.82000000000001,-1.2747300000000001,0
N=c1occ(C(N)=O)o1,128.08700000000002,4,2,1,1,5,93.22000000000001,-0.5490299999999999,0
N#CCc1noc(N)n1,124.10300000000001,5,1,1,1,5,88.73,-0.28212000000000004,0
NC1=C(N)C(C=O)=N1,111.10399999999998,4,2,1,1,4,81.47,-1.2735999999999998,0
Nc1n[nH]cc1C=O,111.10399999999997,3,2,1,1,4,71.77,-0.19560000000000038,0
CNC1=NC(=O)C(O)=N1,127.10299999999998,3,2,0,1,5,74.05,-0.9415,0
N=C1NC(C=O)=NCO1,127.103,4,2,1,1,5,74.54,-0.9041300000000001,0
N=CC1=NC(=N)C(N)=N1,123.11900000000001,4,3,1,1,5,98.44,-0.6174600000000001,0
Cn1nc(N)c(=O)[nH]1,114.108,4,2,0,1,5,76.7,-1.3093999999999995,0
CN=C1ON=C1N=O,113.076,5,0,0,1,5,63.38,0.12480000000000005,0
CNC(=O)C1=NN=C1N,126.11900000000001,4,2,1,1,5,79.84,-1.5408,0
N=C1OCNC(=O)CO1,130.10299999999998,4,2,0,1,5,71.41,-0.9583300000000003,0
N=C1OC(=CN)N=C1F,129.094,4,2,0,1,5,71.46,0.11947000000000002,0
N=CC1=NN=C(N)C1=O,124.103,5,2,1,1,5,91.66,-1.06813,0
N=CN1COC(=O)OC1,130.10299999999998,4,1,1,1,5,62.620000000000005,-0.02273000000000014,0
CC1=NC(=O)N=C1O,112.08799999999998,1,1,0,1,4,62.019999999999996,0.5374000000000001,0
COC1COC(=N)C(=O)O1,145.114,5,1,1,1,5,68.61,-0.4904300000000003,1
N=C1COC(=N)C(=O)O1,128.087,5,2,0,1,5,83.23,-0.48566000000000015,0
N=C1OCC(=O)C(=N)O1,128.087,5,2,0,1,5,83.23,-0.48566000000000015,0
N=CC1=C(N)N=NC1=N,123.11900000000001,4,3,1,1,5,98.44,0.24934000000000006,0
CN=C1C(=O)ON=C1N,127.103,5,1,0,1,5,77.03999999999999,-1.1138000000000001,0
COC1=NC(O)=NC1=N,127.103,3,2,0,1,5,78.03,-0.06383000000000016,0
CC(=O)C1=NN=C1N,111.10400000000001,4,1,1,1,4,67.81,-0.6978,0
N=C1C=C(N)OC1=O,112.088,4,2,0,1,4,76.17000000000002,-0.6369300000000002,0
N=C1CNC(=O)C(=O)O1,128.087,4,2,0,1,5,79.25000000000001,-1.3633300000000004,0
O=Cc1n[nH]c(C=O)n1,125.08699999999997,4,1,2,1,5,75.71000000000001,-0.5703,0
N=C1OC(=O)C(C=O)O1,129.07099999999997,5,1,1,1,5,76.45,-0.9379300000000002,1
N=C1COC(=N)OCO1,130.103,5,2,0,1,5,75.39,-0.08066000000000012,0
N=C1N=CC(O)=C1N,111.104,3,3,0,1,4,82.46,-0.22362999999999988,0
N=c1occ(N)n1N,114.10800000000003,5,3,0,1,5,93.96,-1.1434300000000004,0
N=CN1C=NC(=N)OC1,126.11899999999999,3,2,1,1,5,72.53,-0.15376000000000006,0
N=CN1NCCOC1=O,129.119,4,2,1,1,5,65.42000000000002,-0.44972999999999996,0
CCC1=NC(CO)=NC1=O,140.142,3,1,2,1,4,62.02,-0.23159999999999997,0
Cn1nc(NC=O)n1O,130.107,5,2,2,1,6,72.08,-0.9728000000000003,0
N=C1N=C(O)C(C=O)=N1,125.08699999999997,2,2,1,1,5,85.86999999999999,-0.4688300000000001,0
N=C1N=C(C=O)OCN1,127.10299999999998,3,2,1,1,5,74.54,-0.9041300000000001,0
N=C1CC(=O)NC(=N)O1,127.10299999999998,4,3,0,1,5,86.03000000000002,-0.5650600000000003,0
N=C(O)C1=NC(=O)N=C1,125.08699999999999,2,2,1,1,5,85.86999999999999,0.16707000000000005,0
CC1=NN=C(CO)C1=O,126.11499999999998,4,1,1,1,4,62.02,-0.6216999999999999,0
N=C1NCC(=O)C(N)N1,128.13500000000002,3,4,0,1,5,91.0,-2.0321299999999995,1
N=COC1COC(=N)N1,129.119,4,3,2,1,5,78.19,-0.5092600000000003,1
N=C1COC(=N)OCN1,129.119,4,3,0,1,5,78.19,-0.5076600000000002,0
CC1(C=N)COCN=N1,127.14700000000002,4,1,1,1,4,57.8,0.83457,1
NC(=O)C1=NC(=O)N1,113.076,2,2,1,1,5,84.55000000000001,-1.4066,0
N=CC1=C(N)N=NC1=O,124.10300000000001,4,2,1,1,5,91.66,-0.20133000000000012,0
CC1=C(C=O)C(=N)N=N1,123.11500000000001,3,1,1,1,4,65.64,0.9023700000000001,0
Nc1cc(NC=O)no1,127.103,4,2,2,1,5,81.14999999999999,-0.17490000000000022,0
O=C1ON=C1CCO,115.088,4,1,2,1,4,58.89,-0.7183999999999999,0
NC1=NC(CO)=NC1=O,127.10299999999998,4,2,1,1,5,88.03999999999999,-1.7254,0
CN=C1N=NC(CO)=N1,126.11899999999999,3,1,1,1,5,69.67,-0.17119999999999996,0
N=C1CC(=N)C(=O)OCN1,141.13,4,3,0,1,5,86.03000000000002,-0.5225600000000001,0
N=C1COC(=O)NC1=O,128.087,4,2,0,1,5,79.25,-0.7274300000000002,0
N=C1NC(=O)C(=O)O1,114.05999999999999,4,2,0,1,5,79.25000000000001,-1.4058300000000001,0
Cc1cnnc(=N)n1N,125.13500000000002,5,2,0,1,5,80.58,-1.2202099999999994,0
N=COCc1cnoc1N,141.12999999999997,5,2,3,1,5,85.13,0.38047,0
N=C(N)OCN1COC1,131.135,4,2,2,1,5,71.57000000000001,-0.8988299999999998,0
N=c1o[nH]c(=O)n1CCO,145.118,5,3,2,1,6,95.01,-1.7588300000000001,0
Nc1n[nH]ncc1=O,112.09199999999998,4,2,0,1,5,84.66,-1.2529000000000006,0
N=C1OC=C1NCO,114.104,4,3,2,1,4,65.34,-0.6253300000000002,0
CNC(=O)C1=NN=C1O,127.103,3,2,1,1,5,74.05,-0.9415000000000002,0
NC(=O)C1=CC(=O)N1,112.08799999999998,2,2,1,1,4,72.19,-1.5146,0
O=Cc1nc(CO)n[nH]1,127.103,4,2,2,1,5,78.87,-0.8905000000000003,0
N=C1COC(=N)C(=O)O1,128.087,5,2,0,1,5,83.23,-0.48566000000000015,0
N=C1NC(=N)C(=O)CO1,127.103,4,3,0,1,5,86.03000000000002,-0.91266,0
N=C1NCNC1C=O,113.11999999999998,3,3,1,1,4,64.98,-1.3185300000000004,1
CC(=O)n1c[nH+]c(O)n1,128.111,4,1,0,1,5,69.26,-0.9371000000000003,0
COc1cnc(N)c(=N)o1,141.13,5,2,1,1,5,85.13000000000001,-0.25512999999999997,0
N=C1N=CN=C(F)C1=O,127.07799999999999,3,1,0,1,5,65.64,-0.05732999999999999,0
Cn1cnc(=N)n1C=O,126.11899999999999,5,1,1,1,5,63.67,-1.2606300000000001,0
N#CC(=N)C1=NN=C1,106.088,4,1,1,1,4,72.36,-0.029849999999999988,0
COC1=NC(N)=NC1=N,126.11900000000001,4,2,0,1,5,83.82,-0.66313,0
Cn1ncnc(N)c1=O,126.119,5,1,0,1,5,73.80000000000001,-1.2425000000000004,0
N=C1C=C(C(=N)O)O1,112.08799999999998,3,3,1,1,4,77.16000000000001,0.41303999999999996,0
N=C1N=COC(=O)C1=O,126.07099999999998,4,1,0,1,5,79.58,-0.8821300000000001,0
CN=C1N=CN=C1C=N,122.13099999999999,3,1,1,1,4,60.93,0.14717000000000008,0
COC1=NC(N)=NC1=O,127.10300000000001,4,1,0,1,5,77.03999999999999,-1.1138000000000001,0
CC1=NC(=O)N=C1N,111.104,2,1,0,1,4,67.81,-0.061899999999999844,0
N=CNC(=O)C1OCO1,130.10299999999998,4,2,2,1,5,71.41000000000001,-0.9599300000000002,0
Nc1cn(C=O)c(N)n1,126.119,5,2,1,1,5,86.92999999999999,-0.9142000000000001,0
N#CCNC1=NOC1=O,125.08699999999999,5,1,1,1,5,74.47999999999999,-1.0301200000000001,0
NC1=NN=C1CC=NO,126.11899999999999,5,2,2,1,5,83.33,-0.4366999999999998,0
Nc1nc(CNC=O)co1,141.12999999999997,4,2,3,1,5,81.14999999999999,-0.4972000000000003,0
C#CC(=O)C1=NNC1=N,121.099,3,2,1,1,4,65.31,-0.87483,0
C#CCc1nnnnc1N,135.13,5,1,1,1,5,77.58,-0.9755000000000003,0
N=CN1CC(=O)NC1=O,127.10299999999998,3,2,1,1,5,73.26,-0.85473,0
N=C1OCOC(=N)O1,116.076,5,2,0,1,5,75.39,-0.1231600000000001,0
N=Cc1nccoc1=N,123.11499999999998,4,2,1,1,4,73.73,0.15173999999999999,0
N=C1NC(=O)C(=O)O1,114.05999999999999,4,2,0,1,5,79.25000000000001,-1.4058300000000001,0
CN=C1COC(=O)CO1,129.11499999999998,4,0,0,1,4,47.89,-0.41189999999999993,0
N=C1N=C(CO)NC1=O,127.10299999999998,3,3,1,1,5,85.53999999999999,-1.5157300000000002,0
N=C1CN=COC(=N)O1,127.10299999999998,5,2,0,1,5,78.52,-0.026460000000000095,0
N=C1NC(=O)OC1=N,113.076,4,3,0,1,5,86.03,-0.3192599999999998,0
N=C1NCC(C(=N)O)O1,129.119,3,4,1,1,5,89.19000000000001,-0.5551600000000001,1
N#CCc1noc(N)n1,124.10300000000001,5,1,1,1,5,88.73,-0.28212000000000004,0
CN=C1OC(=N)NCC1=O,141.13,4,2,0,1,5,74.53999999999999,-0.8616300000000003,0
N=C1NC=CNC(=O)O1,127.103,3,3,0,1,5,74.21000000000001,-0.27823000000000014,0
Cc1nc(C=N)oc(=N)n1,138.12999999999997,5,2,1,1,5,86.62,-0.14483999999999997,0
N=c1onc(N)n1CC=O,142.118,6,2,2,1,6,97.9,-1.26333,0
CNC1=CC(=O)C(N)=N1,125.13100000000001,4,2,1,1,4,67.48,-1.0129,0
NC1=C(N)C(=O)N=C1,111.10399999999998,3,2,0,1,4,81.47,-1.2736000000000003,0
N=COC1C=NOCN1,129.119,5,2,2,1,5,66.7,-0.5007300000000001,1
CN=C1C=C(O)N=N1,111.104,3,1,0,1,4,57.31,0.8799000000000001,0
N=C1OCC(=O)C(=O)O1,129.071,5,1,0,1,5,76.45,-0.9363300000000001,0
N=C1CC(=NO)C(=O)N1,127.10299999999998,4,3,0,1,5,85.53999999999999,-0.6862300000000001,0
N=C1N=C(O)C(CO)=N1,127.10299999999998,2,3,1,1,5,89.03,-0.6754300000000002,0
NC(=O)NC1CNC1=O,129.119,2,3,1,1,5,84.22,-1.8468999999999998,1
N=C1OCC(=O)OC1=N,128.087,5,2,0,1,5,83.22999999999999,-0.48566000000000015,0
N#CCn1cnc(N)n1,123.119,5,1,1,1,5,80.52,-0.6161200000000002,0
N=C1N=C(N)N=C1C=O,124.103,4,2,1,1,5,91.66,-1.06813,0
N=C1NC(=O)C(=O)O1,114.05999999999999,4,2,0,1,5,79.25000000000001,-1.4058300000000001,0
N=C1OCC(=O)C(=N)O1,128.087,5,2,0,1,5,83.23,-0.48566000000000015,0
COC1=C(N)C=NC1=N,125.131,3,2,1,1,4,71.46000000000001,-0.13522999999999985,0
N=C1CNC(=O)OC1=N,127.10299999999998,4,3,0,1,5,86.03,-0.27676000000000023,0
Nc1cc(O)n[nH]c1=O,127.103,4,3,0,1,5,92.0,-0.9423000000000001,0
CC(=O)Nc1nc1=O,112.088,3,1,1,1,4,59.06,-0.7242000000000002,0
CC1=NC(N)=NC1=N,110.12,3,2,0,1,4,74.59,-0.24712999999999996,0
N=Cc1ncnn1C=N,123.119,5,2,2,1,5,78.41,-0.26906000000000024,0
N=C1NC=COC(=O)O1,128.087,4,2,0,1,5,71.41,0.14877000000000007,0
N=C1C=NC(N)=NC1=O,124.10300000000001,4,2,0,1,5,91.66,-1.0681300000000002,0
N=CN1NCNC1C=O,128.135,4,3,2,1,5,68.22,-1.5142300000000002,1
CN=C(O)c1nc[nH]n1,126.119,3,2,1,1,5,74.16,-0.26089999999999985,0
N=c1nc(C=O)nco1,125.08699999999997,5,1,1,1,5,79.84,-0.6384300000000003,0
NCC1=NNC(=O)C1=O,127.10299999999997,4,2,1,1,5,84.54999999999998,-2.0,0
CC1=NC(N)=NC1=N,110.12,3,2,0,1,4,74.59,-0.24712999999999996,0
N#CC1=NC(=O)C(N)=N1,122.087,4,1,0,1,5,91.6,-1.19412,0
O=C1N=C(CO)NC1=O,128.087,3,2,1,1,5,78.75999999999999,-1.9663999999999997,0
CNC1=NOC1=NC=N,126.11899999999999,4,2,1,1,5,69.83000000000001,-0.4449300000000002,0
COC1=NC(=O)OC1=N,128.087,4,1,0,1,5,71.74000000000001,0.15877000000000002,0
N=C1N=C(N)OC1=N,112.092,4,3,0,1,5,95.31,-0.7141600000000001,0
N=C1N=C(N)N=C1CO,126.119,4,3,1,1,5,94.82000000000001,-1.27473,0
Nc1nccc(=O)n1N,126.119,5,2,0,1,5,86.92999999999999,-1.4607000000000003,0
N=Cc1cc(N)n(O)n1,126.11900000000001,5,3,1,1,5,87.92,-0.2997300000000002,0
N=C1COC(=O)C(=N)N1,127.103,4,3,0,1,5,86.03,-0.9126600000000002,0
COc1nc(O)cn1N,129.119,5,2,1,1,5,73.3,-0.6889000000000003,0
Nc1n[nH]ccc1=O,111.10399999999997,3,2,0,1,4,71.77,-0.6479000000000001,0
N=C1NCC(=NO)O1,115.092,4,3,0,1,5,77.7,-0.6713300000000002,0
N=Cn1oc(N)nc1=N,127.10700000000001,6,3,1,1,6,104.68,-1.0070600000000003,0
N=C1COCOC(=N)CO1,144.13,5,2,0,1,5,75.39,-0.038159999999999916,0
N=C1OCC(=O)C1=O,113.07199999999999,4,1,0,1,4,67.22,-0.8679300000000001,0
N=C1C=C(CO)OC1=N,126.11499999999998,4,3,1,1,4,77.16,-0.11015999999999998,0
N=c1oc(N)cnc1C=O,139.114,5,2,1,1,5,92.97,-0.4512299999999998,0
CN=C1ON=C(O)C1=O,128.087,4,1,0,1,5,71.25,-0.5145,0
N=C1N=C(N)N=C1C=O,124.103,4,2,1,1,5,91.66,-1.06813,0
N=C1OC(=N)C(CO)O1,130.10299999999998,5,3,1,1,5,86.39,-0.6938600000000001,1
N=C1N=CNCC(O)O1,129.11899999999997,4,3,0,1,5,77.7,-1.11233,1
NC(=O)C1=NC(N)=C1,111.104,3,2,1,1,4,81.47,-1.2736000000000003,0
COC1=NN=C(N)C1=N,126.119,5,2,0,1,5,83.82,-0.66313,0
CC(=O)C1=NC(=N)N=C1,123.115,2,1,1,1,4,65.64,0.035570000000000046,0
CNC(=N)c1ncon1,126.119,4,2,1,1,5,74.80000000000001,-0.38563000000000036,0
CC1=NC(=O)N=C1C=N,123.11499999999998,2,1,1,1,4,65.64,0.67147,0
N=c1occ(CO)n1N,129.119,5,3,1,1,5,88.17,-1.23333,0
N=CN=C1NC=NC1=O,124.10299999999998,2,2,1,1,5,77.67,-0.8499300000000001,0
N=C1C=CC(O)=C1N,110.116,3,3,0,1,3,70.1,0.3042700000000001,0
CN=C1ON=C1C=O,112.08799999999998,4,0,1,1,4,51.02,-0.4001999999999999,0
Cc1c(C=N)[nH]n[n+]1[O-],126.119,3,2,1,1,5,79.47,-0.6508100000000001,0
O=[N+]C1=NC(=O)N=C1,111.05999999999999,3,0,0,1,5,72.96000000000001,-0.3085,0
N=C1N=CC(O)=C1O,112.08799999999998,3,3,0,1,4,76.67,0.37567,0
N=C1COC(=N)C(=N)O1,127.103,5,3,0,1,5,90.01,-0.034989999999999966,0
C#CC(=N)N1COCN1,125.131,3,2,0,1,4,48.35000000000001,-0.6513300000000002,0
CN=C1OC(=N)N1C=O,127.103,4,1,1,1,5,65.75,-0.6044300000000002,0
CN=C1C=NC(=O)O1,112.08799999999998,3,0,0,1,4,51.019999999999996,0.23569999999999997,0
COc1coc(=N)c(O)n1,142.114,5,2,1,1,5,79.34,-0.13173,0
N=C1OC(=O)N=C1CO,128.087,4,2,1,1,5,82.74,-0.45282999999999995,0
NC1=NC(=O)C(=O)C=N1,125.08699999999997,4,1,0,1,5,84.88,-1.5188,0
CCC1=NC(=N)N=C1N,124.147,2,2,1,1,4,74.59,0.1429700000000002,0
N=C1NCCOC(=N)O1,129.119,4,3,0,1,5,78.19000000000001,-0.50766,0
N#CCc1n[nH]c(O)n1,124.103,4,2,1,1,5,85.59,-0.4236200000000002,0
N=C1OCOC(=CN)O1,130.103,5,2,0,1,5,77.56,-0.30033000000000015,0
N#CCC1=NC(N)=N1,108.10400000000001,4,1,1,1,4,74.53,-0.37311999999999984,0
C#Cc1noc(=N)n1N,124.10300000000001,5,2,0,1,5,80.83,-1.3493300000000004,0
N=C1CN=COC(=N)N1,126.11899999999999,4,3,0,1,5,81.32,-0.45346000000000014,0
N=C1OCOC(=O)C1=N,128.087,5,2,0,1,5,83.23,-0.48566000000000015,0
N=C1COC(=N)N1C=O,127.103,4,2,1,1,5,77.24000000000001,-0.6129600000000002,0
N=C1N=C(O)C(=O)O1,114.05999999999997,3,2,0,1,5,82.74,-0.5655300000000001,0
Nc1cnc(N)c(=O)[nH]1,126.119,4,3,0,1,5,97.78999999999999,-1.0656999999999999,0
Nc1cnc(=O)oc1N,127.103,5,2,0,1,5,95.14,-0.8008,0
CC(O)C1=NN=NC1=O,127.10300000000001,4,1,1,1,5,74.38,-0.28440000000000015,1
Cc1cnnc(=O)n1C,125.131,4,0,0,1,4,47.78,-0.5162800000000001,0
CCC1=C(N)N=NC1=O,125.131,3,1,1,1,4,67.81,0.5591000000000002,0
N=C1NCOC(C=O)N1,129.119,3,3,1,1,5,74.21,-1.3869300000000004,1
Cc1nc(=N)on1C=O,127.10299999999998,5,1,1,1,5,71.88,-0.69771,0
N#CN1COC(=O)NC1=N,140.102,4,2,0,1,6,89.21000000000001,-0.5984500000000001,0
N=CN1CN=COC1=N,126.11899999999997,4,2,1,1,5,72.53,-0.15376000000000006,0
N=CN1NC1COC=O,129.11899999999997,4,2,4,1,5,75.1,-1.0872300000000001,1
N=C1NC(=N)OCO1,115.092,4,3,0,1,5,78.19000000000001,-0.55016,0
CCn1[nH]c(=O)nc1C=N,140.146,4,2,2,1,5,74.53,-0.4110300000000002,0
CC(=O)C1=NC(N)=N1,111.10400000000001,4,1,1,1,4,67.81,-0.6978,0
N=c1oncc(O)c1O,128.08699999999996,5,3,0,1,5,90.34,-0.43473,0
CNC1=NN=C1C=NC=O,138.13,4,1,2,1,5,66.18,-0.7989000000000002,0
O=C1C=C(CO)N=C1O,127.09899999999999,3,2,1,1,4,69.89,-0.5982000000000001,0
N=C1NC(=NCO)O1,115.092,4,3,1,1,5,77.7,-1.1532300000000002,0
CN=C1COCNC1=O,128.131,3,1,0,1,4,50.69,-0.8389000000000002,0
NCN=CC1=NOC1=O,127.103,5,1,2,1,5,77.03999999999999,-1.1138000000000001,0
COc1nonc1C=N,127.103,5,1,2,1,5,72.0,0.07586999999999994,0
O=C1CCN=NC(=O)N1,127.103,3,1,0,1,5,70.89,0.07850000000000007,0
N=C1NC(=O)C(=O)CO1,128.087,4,2,0,1,5,79.25000000000001,-1.36333,0
CC(=O)C(=O)C1NCO1,129.11499999999998,4,1,2,1,4,55.400000000000006,-0.9521000000000002,1
N=C1CC(=O)NC(=N)O1,127.10299999999998,4,3,0,1,5,86.03000000000002,-0.5650600000000003,0
NC1=NC(=O)C(O)=N1,113.07599999999998,3,2,0,1,5,88.03999999999999,-1.2022000000000002,0
N=C1CC(=O)OC=CN1,126.11499999999997,3,2,0,1,4,62.18000000000001,-0.028629999999999878,0
N=CC1OCNC(=N)CO1,143.14600000000002,4,3,1,1,5,78.19000000000001,-0.4667600000000003,1
Nc1ccnc(N)n1,110.12000000000002,4,2,0,1,4,77.82,-0.35900000000000015,0
C#Cc1nc(CO)n[nH]1,123.115,3,2,1,1,4,61.800000000000004,-0.7217000000000002,0
Nc1c(C=O)nc[nH]c1=O,139.114,4,2,1,1,5,88.84,-0.8353999999999999,0
N=CC(=O)c1cnno1,125.087,5,1,2,1,5,79.84,-0.09813,0
Nc1nc(C=O)c(O)o1,128.08699999999996,5,2,1,1,5,89.35,-0.2250999999999999,0
CN=c1oc1=NCCO,128.131,4,1,2,1,4,58.09,-1.4213000000000002,0
N=C1COC(=N)C(=N)O1,127.103,5,3,0,1,5,90.01,-0.034989999999999966,0
Cc1n[nH]c(=O)n1CO,129.119,4,2,1,1,5,70.91,-1.1703800000000004,0
N=C1OC(=O)C(=O)O1,115.04399999999998,5,1,0,1,5,76.45,-0.9788300000000001,0
N#CC1N=CN(C=N)N1,123.11899999999999,4,2,1,1,5,75.27,-0.70835,1
CC1=NC(=O)N=C1O,112.08799999999998,1,1,0,1,4,62.019999999999996,0.5374000000000001,0
NC1=NC(=O)N=C1N,112.092,3,2,0,1,5,93.83,-1.1656,0
NC=C1C=NN1N,98.10900000000001,4,2,0,1,4,67.64,-1.0383999999999998,0
N=CN1OC(=N)C1C=O,127.10299999999998,4,2,2,1,5,77.24000000000001,-0.6145600000000002,1
COC1=NC(O)=NC1=N,127.103,3,2,0,1,5,78.03,-0.06383000000000016,0
Cc1nnc(C=N)nc1N,137.146,5,2,1,1,5,88.54,-0.24010999999999993,0
N=C1OCC(=O)C=NO1,128.087,5,1,0,1,5,71.74,-0.47713000000000005,0
O=C1CC(=O)NC(=O)N1,128.087,3,2,0,1,5,75.27,-1.2575,0
N#CCn1cnc(=O)o1,125.08699999999997,5,0,1,1,5,71.82,-0.64012,0
CNC1=NC(=O)N=C1N,126.119,3,2,0,1,5,79.84,-0.9049,0
CNC(=O)c1c[nH]cn1,125.13099999999999,2,2,1,1,4,57.78,-0.23070000000000007,0
N=C1OC(=O)OC1=N,114.05999999999999,5,2,0,1,5,83.22999999999999,0.10774,0
N=C1N=CN1C(N)C=O,126.11899999999999,3,2,2,1,5,82.53999999999999,-1.2512299999999998,1
N=COc1coc(N)n1,127.103,5,2,2,1,5,85.13,0.2426700000000001,0
Nc1coc(=O)nc1N,127.10300000000001,5,2,0,1,5,95.14,-0.8008,0
N=C1COC(=N)OCO1,130.103,5,2,0,1,5,75.39,-0.08066000000000012,0
CN=C1N=C(N)C(=N)O1,126.119,4,2,0,1,5,83.82000000000001,-0.66313,0
CC(=O)n1cnn1C=N,126.119,5,1,1,1,5,63.67,-0.20012999999999986,0
CCOC1=NC(=O)N1,114.104,2,1,1,1,4,50.69,0.10210000000000014,0
N#CC1N=CN(C=N)O1,124.10299999999998,4,1,1,1,5,72.47,-0.28135000000000004,1
CC(N)C1=NN=NC1=O,126.119,4,1,1,1,5,80.16999999999999,-0.318,1
N=C1NCC(=NO)CO1,129.119,4,3,0,1,5,77.7,-0.6288300000000002,0
CC(O)c1noc(N)n1,129.119,5,2,1,1,5,85.17,-0.2949000000000001,1
O=Cc1nc(CO)no1,128.087,5,1,2,1,5,76.22,-0.6256000000000002,0
O=C1C(O)=NN=C1F,116.05100000000002,3,1,0,1,5,62.019999999999996,-0.19140000000000007,0
N=C1NCC(=N)C(=O)O1,127.103,4,3,0,1,5,86.03000000000002,-0.91266,0
N=C1CN=NCC(=N)O1,126.11899999999999,5,2,0,1,5,81.65,0.42334000000000005,0
NC(=O)C1=NC(O)=N1,113.076,3,2,1,1,5,88.04,-1.2022000000000002,0
COc1ncn[nH]c1=O,127.103,4,1,1,1,5,67.87,-0.8265,0
N=C1NC(=O)OC(C=O)N1,143.102,4,3,1,1,6,91.28,-1.2244300000000004,1
COc1cn[nH]c(=O)n1,127.103,4,1,1,1,5,67.87,-0.8265,0
COC1=CC(=N)N=N1,111.10400000000001,3,1,1,1,4,57.8,0.91727,0
O=C1NCOC(=O)CN1,130.103,3,2,0,1,5,67.42999999999999,-1.2001,0
NC1=C(O)C=NC1=O,112.088,3,2,0,1,4,75.68,-0.6742999999999999,0
COC1=NC(N)=NC1=N,126.11900000000001,4,2,0,1,5,83.82,-0.66313,0
CNC1=NC=NC1=N,110.11999999999999,3,2,0,1,4,60.6,-0.3765300000000002,0
Nc1oncc1NC=O,127.10299999999998,4,2,2,1,5,81.15,-0.17490000000000022,0
N=CC1=NC(=O)N=N1,110.07600000000001,3,1,1,1,5,78.0,0.6202700000000001,0
CC(N)C1=NN=C1N,112.13600000000001,4,2,1,1,4,76.75999999999999,-0.9396,1
CNC1=NC(=O)N=N1,112.092,3,1,0,1,5,66.18,0.1476,0
Nc1oc(O)nc1C=O,128.087,5,2,1,1,5,89.35,-0.2250999999999999,0
NC(=O)Oc1cnc[nH]1,127.103,3,2,1,1,5,81.0,-0.13279999999999997,0
N=C1N=C(N)N=C1C=O,124.103,4,2,1,1,5,91.66,-1.06813,0
COC1=NC(=N)N=C1,111.104,2,1,0,1,4,57.8,0.05046999999999996,0
COc1n[nH]c(=O)n1C=N,142.118,5,2,2,1,6,83.75999999999999,-0.9648300000000001,0
N=c1cc(N)n(CO)[nH]1,128.13500000000002,4,4,1,1,5,90.82,-1.1723300000000003,0
N=C1OCC(=O)C(=N)O1,128.087,5,2,0,1,5,83.23,-0.48566000000000015,0
N#CC1NCOC(=N)O1,127.103,5,2,0,1,5,78.13000000000001,-0.6352500000000003,1
CC(=O)OC1=NC(N)=N1,127.10300000000002,5,1,0,1,5,77.03999999999999,-0.7662,0
N=C1OC=NC(=O)C1O,128.087,4,2,0,1,5,82.74,-1.0903300000000002,1
O=Cc1nc[nH]c1N=O,125.08699999999999,4,1,2,1,5,75.18,0.6201,0
COC1=NOC(=N)C1=N,127.103,5,2,0,1,5,78.52000000000001,-0.02646000000000004,0
CNc1noc(C#N)n1,124.103,5,1,1,1,5,74.74000000000001,-0.01702000000000009,0
N#CCn1cnc(=N)o1,124.10299999999998,5,1,1,1,5,78.60000000000001,-0.5208500000000003,0
CN=C1N=C(N)C=[N+]1[O-],126.119,3,1,0,1,5,76.80999999999999,-1.0758999999999999,0
NC1=NC(CO)=NC1=O,127.10299999999998,4,2,1,1,5,88.03999999999999,-1.7254,0
N=Cc1oncc1N,111.104,4,2,1,1,4,75.9,0.25447000000000003,0
N=CN=C1NCC(=O)N1,126.11899999999999,2,3,1,1,5,77.34,-1.3311300000000004,0
CC(=N)NOC1OC1=O,130.10299999999998,4,2,2,1,5,74.71000000000001,-0.6123300000000003,1
O=Cc1cnnc(O)n1,125.08699999999999,5,1,1,1,5,75.97,-0.6103000000000001,0
N=C1COC(=N)OCN1,129.119,4,3,0,1,5,78.19,-0.5076600000000002,0
CN=C1C=NN=C1N,110.12,4,1,0,1,4,63.099999999999994,-0.5862,0
NCc1cc[nH]c(=O)n1,125.13099999999999,3,2,1,1,4,71.77000000000001,-0.7714000000000001,0
N=C(O)N1C(=O)C1C=O,128.087,3,2,1,1,5,81.22999999999999,-1.1111300000000002,1
CN=C1N=C(N)C(=O)O1,127.103,4,1,0,1,5,77.04,-1.1138,0
O=Cc1nc(CO)n[nH]1,127.103,4,2,2,1,5,78.87,-0.8905000000000003,0
O=Cc1oc(=O)[nH]c1O,129.071,4,2,1,1,5,83.3,-0.5140000000000001,0
COc1cnc(=O)[nH]n1,127.103,4,1,1,1,5,67.87,-0.8265000000000002,0
N=C1OC(=N)C(=N)O1,113.076,5,3,0,1,5,90.01,-0.07748999999999995,0
N=C1NCC(O)C(=O)N1,129.119,3,4,0,1,5,85.21000000000001,-1.9985299999999993,1
N=C1OC(=N)C(C=O)O1,128.087,5,2,1,1,5,83.23,-0.48726000000000025,1
N=C1NC(C=O)C(=O)O1,128.087,4,2,1,1,5,79.25000000000001,-1.3649300000000002,1
N=C1C=C(N)OC1=N,111.104,4,3,0,1,4,82.95000000000002,-0.18625999999999998,0
N#CCC1=NN=C1N,108.10400000000001,4,1,1,1,4,74.53,-0.37311999999999984,0
N=C1CCC(=O)C(N)O1,128.131,4,2,0,1,4,76.17,-0.37203,1
N=C1N=C(O)N=C1C=O,125.08699999999997,3,2,1,1,5,85.87,-0.4688300000000001,0
N=COc1nc1=O,98.06099999999999,4,1,2,1,4,63.04,-0.6967300000000001,0
N=CNc1cnnc(N)n1,138.13400000000001,5,3,2,1,6,100.57000000000001,-0.5272300000000003,0
CC1=NC(=N)N=C1N,110.12,2,2,0,1,4,74.59,-0.24712999999999996,0
CC1=NC(=O)N=C1N,111.104,2,1,0,1,4,67.81,-0.061899999999999844,0
CNC1=NC(=O)OC1=N,127.10299999999998,4,2,0,1,5,74.53999999999999,-0.2682300000000001,0
CC1=NC(N)=NC1=O,111.104,3,1,0,1,4,67.81,-0.6978,0
N=Cc1nnc(N)n1C=O,139.118,6,2,2,1,6,97.65,-1.10373,0
COc1nc(N)coc1=N,141.13,5,2,1,1,5,85.13,-0.2551299999999998,0
NC1=NC=C(NF)C1=O,129.094,4,2,1,1,5,67.47999999999999,-0.7582,0
CC(=O)n1cc(N)o1,114.104,4,1,0,1,4,61.16,0.3234,0
NC(=O)C1=NN=C1C=O,125.08699999999999,4,1,2,1,5,84.88,-1.5188,0
O=CC1NC(=O)NC1=O,128.087,3,2,1,1,5,75.27000000000001,-1.6067,1
CC1=NN=C(N)C1=O,111.104,4,1,0,1,4,67.81,-0.6978,0
CC(=N)OC1=NN=C1,111.104,4,1,0,1,4,57.8,0.39807000000000003,0
CN=C1C=NN=C1N,110.12,4,1,0,1,4,63.099999999999994,-0.5862,0
N=CN1COCNC1=O,129.119,3,2,1,1,5,65.42000000000002,-0.4497299999999999,0
N=COC1OCNC1=N,129.119,4,3,2,1,5,78.19,-0.5092600000000003,1
N=C1COCOC(=N)O1,130.103,5,2,0,1,5,75.39,-0.0806599999999999,0
N=C1OCC(=O)C(=N)O1,128.087,5,2,0,1,5,83.23,-0.48566000000000015,0
NCC1C=NN=C1N,112.13600000000001,4,2,1,1,4,76.75999999999999,-1.0821,1
N=C1OC(=O)N=C1N,113.07600000000001,4,2,0,1,5,88.53,-0.5289300000000001,0
N#CCC1=NN=C1N,108.10400000000001,4,1,1,1,4,74.53,-0.37311999999999984,0
N=c1cncc(N)n1C=O,138.13,5,2,1,1,5,84.75999999999999,-1.0169300000000001,0
NC1=NC(=O)C(=O)C=N1,125.08699999999997,4,1,0,1,5,84.88,-1.5188,0
Nc1cnc(=O)oc1N,127.103,5,2,0,1,5,95.14,-0.8008,0
Nc1cnoc1NC=O,127.10299999999998,4,2,2,1,5,81.15,-0.1749,0
N=CNc1nc(N)co1,126.119,4,3,2,1,5,87.93,0.27577,0
N=CN1OC(C=O)C1N,129.11899999999997,4,2,2,1,5,79.41000000000001,-1.30703,2
N=C1COC(=N)C(=O)N1,127.103,4,3,0,1,5,86.03,-0.9126600000000002,0
N=C1CNC(=O)OC1=N,127.10299999999998,4,3,0,1,5,86.03,-0.27676000000000023,0
Cn1c(CO)n[nH]c1=O,129.119,4,2,1,1,5,70.91,-1.3993000000000002,0
N=COC1=NCC(=N)O1,127.103,5,2,1,1,5,78.52,-0.026460000000000095,0
Cc1nnc(=N)n(N)n1,126.12300000000002,6,2,0,1,6,93.47,-1.8252099999999993,0
CC(=O)N1C=NC1=O,112.088,2,0,0,1,4,49.74,-0.003199999999999925,0
N=C1C=C(N)OC1=N,111.104,4,3,0,1,4,82.95000000000002,-0.18625999999999998,0
N=CC1NCOC(=O)N1,129.119,4,3,1,1,5,74.21,-0.7510300000000001,1
O=CNC1=NC=NC1=O,125.08699999999999,3,1,1,1,5,70.89,-1.3006000000000002,0
N=c1nc(C=O)nc[nH]1,124.10299999999998,4,2,1,1,5,82.49000000000001,-0.9033300000000004,0
N=C1NCNC(=O)CO1,129.119,3,3,0,1,5,74.21000000000001,-1.3853300000000002,0
COc1noc(=O)n1C,130.10299999999998,5,0,1,1,5,57.260000000000005,-0.6181000000000001,0
O=C1C=NN=C1CO,112.088,4,1,1,1,4,62.019999999999996,-1.0118000000000003,0
N=c1[nH]c(=O)nco1,113.076,4,2,0,1,5,82.74,-1.15763,0
CN=C1N=C(N)N1C=O,126.119,3,1,1,1,5,71.05,-1.2411,0
CC(=O)C1=NNC1=O,112.088,3,1,1,1,4,58.53,-0.9388000000000001,0
Cn1cnc(=O)c(=N)[nH]1,126.11899999999999,4,2,0,1,5,74.53,-1.4121299999999999,0
N=c1[nH]cc(OC=O)[nH]1,127.103,3,3,2,1,5,81.72999999999999,-0.6425300000000003,0
Nc1[nH]nnc1C=O,112.09199999999998,4,2,1,1,5,84.66,-0.8006000000000004,0
N=C1OCC(=O)OC1=N,128.087,5,2,0,1,5,83.22999999999999,-0.48566000000000015,0
O=C1CNC(=O)OC=N1,128.087,3,1,0,1,5,67.76,-0.7188999999999999,0
N=C1NC=CNC(=O)CN1,140.14600000000002,2,4,0,1,5,77.01,-1.29863,0
N=C1OC=NCN1C=O,127.103,4,1,1,1,5,65.75,-0.6044300000000002,0
N=C1N=C(N)N=C1C=O,124.103,4,2,1,1,5,91.66,-1.06813,0
Nc1n[nH]n1C(=O)C=O,128.09099999999998,5,2,1,1,6,93.76999999999998,-1.3675000000000004,0
CNn1[nH]c(=O)nc1C,128.135,4,2,1,1,5,62.71,-0.9468800000000002,0
CC1(O)N=NC(CO)=N1,129.119,5,2,1,1,5,77.54,-0.491,1
N=c1oc(O)c(C=O)o1,129.07099999999997,5,2,1,1,5,87.42999999999999,-0.12983,0
COc1n[nH]c(=O)n1C=N,142.118,5,2,2,1,6,83.75999999999999,-0.9648300000000001,0
N=CNC1=NOC1=N,112.092,4,3,1,1,5,81.32,-0.4959599999999999,0
CC1(C(N)=O)NC1=N,113.11999999999999,2,3,1,1,4,88.88,-1.1891299999999996,1
CN=C1C=C(N)N=N1,110.12000000000002,3,1,0,1,4,63.099999999999994,0.28060000000000007,0
N=C1COC(=NO)C1=N,127.103,5,3,0,1,5,89.52000000000001,-0.1561600000000002,0
C#CC(N)C1=NOC1=N,123.115,4,2,1,1,4,71.46000000000001,-0.6896300000000002,1
NC(=O)C1=NC(N)=N1,112.09200000000001,4,2,1,1,5,93.83,-1.8014999999999999,0
NC1=NC(=O)C(N)=N1,112.092,4,2,0,1,5,93.83,-1.8014999999999999,0
Nc1ocnc(=O)c1N,127.103,5,2,0,1,5,95.14,-0.8008,0
CN=C1N=C(N)N=C1N,125.13500000000002,4,2,0,1,5,89.11999999999999,-1.2997999999999994,0
COc1cnoc(=N)n1,127.103,5,1,1,1,5,72.0,-0.44233000000000006,0
CC(=O)C1=NC(=N)O1,112.088,3,1,1,1,4,62.510000000000005,-0.06112999999999996,0
N=CNC1(C(=N)O)CO1,129.119,3,4,3,1,5,92.49000000000001,-0.5551600000000001,1
CN(O)c1c(N)c1=N,113.12,4,3,1,1,4,73.34,-0.5507299999999999,0
Cc1nnc(C=N)c(=N)o1,138.13,5,2,1,1,5,86.62,-0.14483999999999997,0
NC1=NCC(=O)NCN1,128.135,4,3,0,1,5,79.50999999999999,-2.0219999999999994,0
N=C1N=C(CO)OC1=N,127.10299999999998,4,3,1,1,5,89.52000000000001,-0.6380600000000003,0
NC1=C(O)C=NC1=O,112.088,3,2,0,1,4,75.68,-0.6742999999999999,0
N#CCC1=NC(=N)N=N1,121.10300000000001,3,1,1,1,5,84.72,0.69915,0
N=C1N=NC(O)=C1CO,127.10299999999998,4,3,1,1,5,89.03,0.19136999999999998,0
N=C1CCN=NC(=O)O1,127.10299999999998,4,1,0,1,5,74.87,0.95617,0
Nc1nn[nH]c1C=O,112.09199999999997,4,2,1,1,5,84.66,-0.8006000000000004,0
COC1=NC(N)=CC1=O,126.115,4,1,0,1,4,64.68,-0.5859000000000001,0
N=CN1C(=O)NC1=O,113.07599999999998,3,2,1,1,5,73.26,-0.26133,0
CC1=NC(=O)C(=O)O1,113.07199999999997,3,0,0,1,4,55.730000000000004,-0.5118,0
N=CN=C1C=NC(N)=N1,123.119,3,2,1,1,5,86.95,-0.6089300000000002,0
O=CN1CC(O)C1=O,115.08799999999998,3,1,1,1,4,57.61000000000001,-1.6541000000000003,1
N=CN1COC(C=O)CN1,143.146,4,2,2,1,5,65.42,-1.0447300000000002,1
C#CC(O)c1ncn[nH]1,123.11500000000001,3,2,1,1,4,61.800000000000004,-0.5287000000000002,1
N=COc1conc1N,127.103,5,2,2,1,5,85.13,0.24267,0
CNc1ncoc(=O)c1N,141.12999999999997,5,2,1,1,5,81.15,-0.3412999999999999,0
N=C1C(N)=CN=C1N,110.12,4,3,0,1,4,88.25,-0.8229300000000002,0
N#CCc1cc(N)no1,123.115,4,1,1,1,4,75.84,0.32287999999999994,0
N=C1OC=NCOC1=N,127.103,5,2,0,1,5,78.52000000000001,-0.026460000000000095,0
CC(=N)N1NCC=[N+]1[O-],128.135,3,2,0,1,5,65.19,-0.7001300000000001,0
N=CN1CC(=O)NCO1,129.119,3,2,1,1,5,65.42,-1.0856299999999999,0
N#CC1NC(=N)N=CO1,124.103,3,2,0,1,5,81.26,-0.5810500000000003,1
CNc1nc(NC=O)co1,141.12999999999997,4,2,3,1,5,67.16,0.28459999999999996,0
Cc1nn(C=N)c(=N)o1,126.11899999999999,5,2,1,1,5,78.66000000000001,-0.2808400000000001,0
N#CC(=O)n1cno1,111.05999999999999,5,0,0,1,5,71.82,-0.36012,0
N=CN1CC=NOC1=O,127.10299999999998,4,1,1,1,5,65.75,0.03146999999999994,0
COC1=NC=C(N)C1=O,126.115,4,1,0,1,4,64.68,-0.5859000000000001,0
N=C1NC(=O)CN=CO1,127.103,4,2,0,1,5,74.54,-0.9041300000000001,0
N=C1NC(C=O)N1,99.093,2,3,1,1,4,64.98,-1.36103,0
N=CN1CC(=O)NC1=N,126.11899999999999,3,3,1,1,5,80.04,-1.03996,0
N#CCC1=NC(C=O)=N1,121.09899999999999,4,0,2,1,4,65.58,-0.09041999999999994,0
CC(=O)C1=NNC1=N,111.104,3,2,1,1,4,65.31,-0.4881300000000001,0
N=CN1N=C(N)OCC1=O,142.118,5,2,1,1,6,91.77000000000001,-1.3180300000000005,0
N=C1OC(=N)C(=N)O1,113.076,5,3,0,1,5,90.01,-0.07748999999999995,0
Nc1noc(C=O)c1N,127.103,5,2,1,1,5,95.14,-0.3485000000000002,0
CC1=NC(=N)N=C1O,111.10399999999998,1,2,0,1,4,68.8,0.3521700000000001,0
COC1=NONC(C=O)=N1,143.102,6,1,1,1,6,72.28,-0.9640000000000002,0
CC(N)C1=NC(=O)O1,114.10399999999998,3,1,1,1,4,64.67999999999999,-0.1176999999999998,1
O=C1C=C(O)C(=O)O1,114.05599999999998,4,1,0,1,4,63.599999999999994,-0.4883,0
O=CC1=NOCC(=O)O1,129.071,5,0,1,1,5,64.96,-0.9278000000000002,0
N=Cc1ncc(N)c(N)n1,137.14600000000002,5,3,1,1,5,101.67,-0.3613300000000001,0
CC1NC(=O)NC1=O,114.10399999999998,2,2,0,1,4,58.2,-0.7857000000000001,1
N=C1CN=NCC(=N)O1,126.11899999999999,5,2,0,1,5,81.65,0.42334000000000005,0
N#CC(=N)n1nco1,110.076,5,1,0,1,5,78.60000000000001,-0.17495,0
NC1=NC(C=O)=NC1=O,125.08699999999997,4,1,1,1,5,84.88,-1.5188,0
CN=C1N=C(N)C(=O)O1,127.103,4,1,0,1,5,77.04,-1.1138,0
N=c1[nH]c(=O)oc(=O)o1,130.059,5,2,0,1,6,100.05999999999999,-1.59943,0
N=C1OCC(C=NO)O1,130.10299999999998,5,2,1,1,5,74.9,-0.20342999999999994,1
NC1=CN=NC1=NCO,126.119,4,2,1,1,5,83.33,-0.3993999999999999,0
N#CCOC1=NOC1=N,125.08699999999999,5,1,1,1,5,78.46000000000001,-0.15245000000000003,0
N=C1N=CN=C1CO,111.10399999999998,3,2,1,1,4,68.8,-0.5611300000000001,0
CC(=O)n1ccnn1,111.104,4,0,0,1,4,47.78,-0.06180000000000008,0
N=CN1OCCOC1=O,130.103,4,1,1,1,5,62.62000000000001,-0.022729999999999917,0
CC(O)C1=NN=C1N,113.12000000000002,4,2,1,1,4,70.97,-0.9060000000000001,1
CC1=NC(=O)C(N)=N1,111.104,3,1,0,1,4,67.81,-0.6978,0
N=C1N=NC(C=O)=N1,110.076,3,1,1,1,5,78.0,-0.015629999999999977,0
N=C(N)C1=NC(O)=N1,112.092,3,3,1,1,5,94.82000000000001,-0.75153,0
N=c1[nH]nncc1N,111.108,4,3,0,1,5,91.44,-1.1336300000000004,0
N=CN1CCNC(=O)CO1,143.146,3,2,1,1,5,65.42,-1.04313,0
NC(=O)C1=CN=C1N,111.104,3,2,1,1,4,81.47,-1.2736000000000003,0
COC1=NOC(=N)C1=O,128.087,5,1,0,1,5,71.74000000000001,-0.47713,0
CNC1=C(C=O)C(=N)C=N1,137.14199999999997,4,2,2,1,4,65.31,-0.27953,0
N=NC1CC(=O)NC1=N,126.119,4,3,1,1,5,89.16,-0.11686000000000007,1
N=CN=C1N=CN=C1N,123.119,3,2,1,1,5,86.95,-0.60893,0
CC1=C(O)C(=O)C(N)=N1,126.11500000000001,4,2,0,1,4,75.67999999999999,-0.2841999999999999,0
COc1n[nH]c(=O)n1N,130.10699999999997,5,2,1,1,6,85.92999999999999,-1.7062,0
N=C1OCN=NC1C=O,127.10299999999998,5,1,1,1,5,74.87,-0.028930000000000122,1
COC1=NC(=N)C(O)=N1,127.103,3,2,0,1,5,78.03,-0.06383000000000005,0
CC1=NC(=N)N=C1N,110.12,2,2,0,1,4,74.59,-0.24712999999999996,0
Nc1cnc(N)c(=O)[nH]1,126.119,4,3,0,1,5,97.78999999999999,-1.0656999999999999,0
N=C1C=NN=C1CO,111.10399999999998,4,2,1,1,4,68.8,-0.5611300000000001,0
CC(N)(O)C1=NCCO1,130.14700000000002,4,2,1,1,4,67.84,-0.9177000000000002,1
CNC(=O)c1nc1=O,112.088,3,1,1,1,4,59.06,-1.323,0
N=COC1N=COC1=O,128.087,5,1,2,1,5,71.74000000000001,-0.4787300000000001,1
NC(=O)C1=NC(=O)O1,114.05999999999999,3,1,1,1,5,81.75000000000001,-0.9796,0
N=C(N)c1nnc[nH]1,111.108,3,3,1,1,5,91.44,-0.9112300000000002,0
Nc1conc1C=NC=O,139.114,4,1,2,1,5,81.47999999999999,-0.16789999999999994,0
N=C1NC=NC(=O)CN1,126.119,2,3,0,1,5,77.34,-1.3311300000000001,0
N#CCC1=NN=C(N)C1=O,136.114,5,1,1,1,5,91.6,-0.80402,0
N=C1COC(=N)C(=O)O1,128.087,5,2,0,1,5,83.23,-0.48566000000000015,0
N=C1N=COC(=O)CO1,128.087,4,1,0,1,5,71.74,-0.47713000000000005,0
COC1=NC(=O)C(N)=N1,127.10300000000001,4,1,0,1,5,77.03999999999999,-1.1138000000000003,0
Cn1ncnc1NC=N,125.13499999999999,4,2,2,1,5,66.59,-0.16593000000000008,0
CNC1COC(=N)C1=O,128.131,4,2,1,1,4,62.18,-0.84903,1
N#CC(=O)n1cn[nH]1,110.076,4,1,0,1,5,74.47,-0.6250200000000001,0
N=C1NCOC(=[NH2+])CO1,130.127,3,3,0,1,5,79.93,-2.32733,0
CN=C1N=NC(CO)=N1,126.11899999999999,3,1,1,1,5,69.67,-0.17119999999999996,0
Cn1cnc(CO)nc1=N,140.146,5,2,1,1,5,74.78999999999999,-1.21313,0
COc1c[nH]c(=N)nn1,126.119,4,2,1,1,5,74.65,-0.7072300000000002,0
CC(=N)OC1=NOC1=N,127.103,5,2,0,1,5,78.52000000000001,0.32114,0
Cn1cnc(=O)n1C=N,126.11899999999999,5,1,1,1,5,63.67,-0.96303,0
N=C1N=CNC(=O)C1=O,125.08699999999997,3,2,0,1,5,82.38,-1.3091300000000001,0
N=C1NCC(=O)C1=O,112.088,3,2,0,1,4,70.02000000000001,-1.2949300000000001,0
CNC1=NC=NC1=N,110.11999999999999,3,2,0,1,4,60.6,-0.3765300000000002,0
Cc1n[nH]nc1COC#N,138.13,4,1,2,1,5,74.59,0.11079999999999995,0
CCn1[nH]c(=N)oc1=O,129.119,4,2,1,1,5,74.78,-0.7312299999999998,0
Cc1n[nH]nc1OC=O,127.10299999999998,4,1,2,1,5,67.87,-0.35168000000000016,0
N=C1NC(=O)CN=CO1,127.103,4,2,0,1,5,74.54,-0.9041300000000001,0
N=C1N=C(CN)C(=O)O1,127.103,4,2,1,1,5,88.53000000000002,-1.1223299999999998,0
CC1OC(=N)NC(=O)O1,130.10299999999998,4,2,0,1,5,71.41,0.02356999999999998,1
N=c1nc(CO)c1=O,112.08799999999998,4,2,1,1,4,74.03999999999999,-1.7108299999999999,0
N#CC1=NC(N)=C1N,108.10400000000001,4,2,0,1,4,88.19,-0.94892,0
CC1=NC(=O)N=C1N,111.104,2,1,0,1,4,67.81,-0.061899999999999844,0
NC(=O)OC1=CN=N1,113.07600000000001,4,1,1,1,5,77.04,0.34640000000000015,0
N=C1OC(=N)C(O)O1,116.07599999999998,5,3,0,1,5,86.39,-0.7363600000000001,1
N=C1N=CN=C1CO,111.10399999999998,3,2,1,1,4,68.8,-0.5611300000000001,0
N=C1N=COCOC1=N,127.103,4,2,0,1,5,78.52000000000001,-0.026460000000000095,0
CNC1NC(=O)C(=O)O1,130.10299999999998,4,2,1,1,5,67.42999999999999,-1.8375999999999992,1
COc1c(O)c(=N)c1=O,127.09899999999998,4,2,1,1,4,70.38,-0.8839300000000001,0
N=C1OCN1C=NC=O,127.10299999999998,3,1,2,1,5,65.75,-0.6044300000000002,0
NC(=O)OC1NCC1=O,130.103,4,2,1,1,5,81.42000000000002,-1.4199000000000004,1
N=C1OC(=N)C(N=O)O1,129.075,6,2,1,1,6,95.58999999999999,0.037739999999999885,1
Cn1cnn1C(=N)CO,128.135,5,2,1,1,5,66.83,-0.9607300000000003,0
N#CC1=NC(N)=NC1=N,121.10300000000001,4,2,0,1,5,98.38,-0.7434500000000002,0
N#CN(C=N)C1=NOC1,124.103,4,1,1,1,5,72.47,-0.27974999999999994,0
CN=C1N=CN=C1N,110.12,3,1,0,1,4,63.099999999999994,-0.5861999999999998,0
COC1=NN=C1C=N,111.10399999999998,4,1,1,1,4,57.800000000000004,0.05046999999999996,0
NC1=CC(=O)C(=O)O1,113.07199999999999,4,1,0,1,4,69.39,-1.0876000000000001,0
CN1CNCC(=O)C(=N)O1,143.146,5,2,0,1,5,65.42,-1.04313,0
N=Cn1cc[nH]c1=NO,126.11899999999999,4,3,1,1,5,77.16,-0.43873000000000023,0
Nc1cnoc1C=O,112.08799999999998,4,1,1,1,4,69.12,0.06930000000000014,0
N=CNC1OC(=O)C1=O,128.087,4,2,2,1,5,79.25,-1.3649300000000002,1
N=CN1C=NCC(=O)N1,126.11899999999999,3,2,1,1,5,68.55,-1.0314300000000003,0
CC1=NC(=O)C(=N)N1O,127.10299999999998,3,2,0,1,5,76.75,-0.38653,0
Nc1ncn(C=O)c1N,126.11899999999999,5,2,1,1,5,86.92999999999999,-0.9142000000000001,0
CNC1=NN=C1C=O,111.10399999999998,4,1,1,1,4,53.82,-0.8272000000000002,0
CC1=NC(O)=NC1=N,111.10399999999998,2,2,0,1,4,68.80000000000001,0.35217,0
N=C1NCOC(=O)CN1,129.119,3,3,0,1,5,74.21,-1.3853300000000002,0
CC1=NC(=O)C(N)=N1,111.104,3,1,0,1,4,67.81,-0.6978,0
COC1=C(CO)C(=O)N=N1,142.11399999999998,4,1,2,1,5,71.25,-0.1709,0
N=C1N=COC(=O)CO1,128.087,4,1,0,1,5,71.74,-0.47713000000000005,0
N=CN1CN(C=O)C1=O,127.10299999999997,3,1,2,1,5,64.47,-0.5550300000000001,0
N=C1NCOC(=O)CO1,130.103,4,2,0,1,5,71.41,-0.9583300000000001,0
N=CN1C=CNC(=O)N1,126.11899999999999,2,3,1,1,5,68.22,-0.4055300000000001,0
N=CC1=NN=C1C(=N)O,124.10299999999998,4,3,2,1,5,92.65,-0.018159999999999954,0
N=C1OCNC(=O)CO1,130.10299999999998,4,2,0,1,5,71.41,-0.9583300000000003,0
NC1=NC(=O)C(=O)N1,113.07599999999998,3,2,0,1,5,84.55,-2.0425000000000004,0
COc1ncnc(N)n1,126.11900000000001,5,1,1,1,5,73.92,-0.5376000000000003,0
CN=c1ncnc(C=N)[nH]1,137.146,4,2,1,1,5,77.78,-0.6671300000000004,0
Cn1nc(N)nc1C=O,126.119,5,1,1,1,5,73.80000000000001,-0.7902,0
O=C1C=NC(F)=C1O,115.06299999999999,3,1,0,1,4,49.66,0.3364999999999999,0
N=COC1OC(=N)C1=O,128.087,5,2,2,1,5,83.22999999999999,-0.48725999999999997,1
Cc1cnnnc1CO,125.131,4,1,1,1,4,58.900000000000006,-0.32768,0
N=C1OCC(=O)C(=N)O1,128.087,5,2,0,1,5,83.23,-0.48566000000000015,0
N=c1[nH]c(=O)oc(=O)[nH]1,129.075,4,3,0,1,6,102.70999999999998,-1.8643300000000003,0
N=c1ncc(C=O)no1,125.08699999999999,5,1,1,1,5,79.84,-0.63843,0
N=C1N=C(CO)N=C1N,126.119,4,3,1,1,5,94.82,-1.2747300000000001,0
N=C1N=CNC(=O)CCO1,141.13,3,2,0,1,5,74.54,-0.5140300000000002,0
COC1=CC(=O)N=C1N,126.11500000000001,3,1,1,1,4,64.67999999999999,-0.5859000000000001,0
N=C(O)C1(N)C=NCN1,128.13500000000002,4,4,1,1,5,94.49,-1.1918300000000002,1
N=C1OCC(=O)C1=NO,128.087,5,2,0,1,5,82.74,-0.60683,0
CC(O)C1=NOC1=N,114.104,4,2,1,1,4,65.67000000000002,-0.26933000000000007,1
N#CN1CC(=N)OC1=N,124.103,4,2,0,1,5,83.96000000000001,-0.2882799999999998,0
N=C1CNC(=O)C(O)C1,128.13099999999997,3,3,0,1,4,73.18,-1.1130300000000004,1
N=c1cnc(N)cn1O,126.119,5,3,0,1,5,87.92,-0.8179300000000005,0
N=CN1OC(=N)C1C=O,127.10299999999998,4,2,2,1,5,77.24000000000001,-0.6145600000000002,1
N=C(O)C1N=COC1=N,127.10299999999998,4,3,1,1,5,89.52000000000001,-0.07395999999999997,1
N=C1ON=C(CO)C1=O,128.087,5,2,1,1,5,82.74000000000001,-1.0887300000000002,0
N=C1NCOC(C=O)O1,130.10299999999998,4,2,1,1,5,71.41,-0.9599300000000002,1
N=CN1OC(=N)CC1=O,127.103,4,2,1,1,5,77.24000000000001,-0.26536000000000004,0
NC1(C=O)N=C(C=O)N1,127.103,5,2,2,1,5,84.55000000000001,-2.0016,1
COc1conc1N=O,128.08700000000002,5,0,2,1,5,64.69,1.0810999999999997,0
N=COC1=NN=CC1=N,124.103,5,2,1,1,5,81.65,0.027739999999999987,0
CN=C1OC(=O)NC1=N,127.103,4,2,0,1,5,74.53999999999999,-0.2682300000000001,0
CC1(C(=O)O)OC1=N,115.088,3,2,1,1,4,73.68,-0.1628299999999998,1
N=CN1NCC1C(=O)O,129.119,3,3,2,1,5,76.42,-1.1331300000000002,1
C#CC1N=C(OC=N)N1,123.11499999999998,4,2,1,1,4,57.47,-0.47142999999999996,1
CC(=O)n1cnnc1O,127.103,5,1,0,1,5,68.01,-0.3562,0
N=C1NCOC(C=O)N1,129.119,3,3,1,1,5,74.21,-1.3869300000000004,1
CN=C1N=CN=C1N,110.12,3,1,0,1,4,63.099999999999994,-0.5861999999999998,0
N=C1C=NC(CO)=N1,111.104,3,2,1,1,4,68.8,-0.5611300000000001,0
N#CCN1CN(O)C1=O,127.10299999999998,3,1,1,1,5,67.57,-0.40572,0
N=Cn1oc(=N)oc1=O,129.075,6,2,1,1,6,95.98000000000002,-1.0310599999999999,0
CN=c1ncnc(N)[nH]1,125.135,4,2,0,1,5,79.94999999999999,-1.0826,0
N=C1N=CN=C1N,96.093,3,2,0,1,4,74.59,-0.63723,0
N=C1CC(=O)OC(=N)O1,128.087,5,2,0,1,5,83.23,-0.13806000000000002,0
NC(=O)OC1=CN=C1O,128.087,3,2,1,1,5,84.91000000000001,-0.10679999999999984,0
Cc1nonc1C=O,112.08799999999998,4,0,1,1,4,55.99,0.19051999999999997,0
N=C1N=CNC(=N)C1=N,123.11899999999999,3,4,0,1,5,95.94,-0.40779000000000004,0
N#Cc1nonc1N,110.07600000000001,5,1,0,1,5,88.73,-0.47652,0
N=CNC1CN(C=N)C1=O,140.14600000000002,3,3,3,1,5,80.04,-0.9990599999999998,1
N=c1ncc(C=O)n[nH]1,124.103,4,2,1,1,5,82.49000000000001,-0.9033300000000002,0
O=C1N=CC(CO)=N1,112.088,2,1,1,1,4,62.019999999999996,-0.37589999999999996,0
N=C1N=C(O)C(C=O)=N1,125.08699999999997,2,2,1,1,5,85.86999999999999,-0.4688300000000001,0
NC(=O)NC1=CN=C1,111.10399999999998,2,2,1,1,4,67.48,-0.4195,0
NC(=O)C(=O)NC1CN1,129.119,3,3,1,1,5,94.13,-2.4827999999999992,1
N=C1NCOC(=N)C1O,129.119,4,4,0,1,5,89.19000000000001,-1.1208600000000002,1
N=C1CC(=N)OC(=O)O1,128.087,5,2,0,1,5,83.23,0.49784,0
COc1cnoc(=N)c1N,141.12999999999997,5,2,1,1,5,85.13000000000001,-0.2551300000000002,0
CC(=O)c1cn[nH]n1,111.104,3,1,1,1,4,58.64,0.007299999999999918,0
COC1=NN=C1NC=O,127.10299999999998,4,1,1,1,5,63.050000000000004,-0.8956000000000002,0
N=C1COC(=N)OCO1,130.103,5,2,0,1,5,75.39,-0.08066000000000012,0
CC(=O)C1=C(O)N=N1,112.088,4,1,1,1,4,62.019999999999996,0.7683,0
Cn1nc(CO)[nH]c1=N,128.135,4,3,1,1,5,77.69,-1.2800299999999998,0
C#CCn1nnc(O)n1,124.103,5,1,1,1,5,63.83,-0.9881000000000002,0
N=c1[nH]c(=O)oc(=O)o1,130.059,5,2,0,1,6,100.05999999999999,-1.59943,0
CN=C1OC(=N)N=C1N,126.11900000000001,4,2,0,1,5,83.82,-0.66313,0
CN=C1N=NNC1=O,112.09199999999998,3,1,0,1,5,66.18,-0.4882999999999999,0
N=C1NC(C(=O)CN)O1,129.11900000000003,4,3,2,1,5,88.2,-1.60513,1
COC1=NC=NC1=N,111.104,3,1,0,1,4,57.800000000000004,0.05046999999999996,0
N=c1cn[nH]nc1C=O,124.10299999999998,4,2,1,1,5,82.49000000000001,-0.9033300000000004,0
CC1=NN=C(NC=N)C1=O,138.13,4,2,1,1,5,77.67,-0.4598300000000001,0
COC1=NC(N)=NC1=N,126.11900000000001,4,2,0,1,5,83.82,-0.66313,0
C#Cc1noc(=N)n1O,125.08699999999999,5,2,0,1,5,75.04,-0.8258300000000001,0
O=C1C=C(C(=O)O)O1,114.05599999999998,3,1,1,1,4,63.60000000000001,-0.4883000000000001,0
N=Cc1cnc(N)n1N,125.13500000000002,5,3,1,1,5,93.71,-0.8232300000000001,0
COc1nn[nH]c1C=O,127.10299999999998,4,1,2,1,5,67.87,-0.37420000000000025,0
N=C1N=CC(NC=O)=N1,124.103,2,2,1,1,5,77.67,-0.8499300000000001,0
N=C1OC(=O)OC1=O,115.04399999999998,5,1,0,1,5,76.44999999999999,-0.34293,0
CC1=NC(N)=NC1=O,111.104,3,1,0,1,4,67.81,-0.6978,0
N=C1NC(=N)C(=O)N1,112.092,3,4,0,1,5,88.83000000000001,-1.3821599999999998,0
CN=NOC1=NC=C1N,126.119,5,1,1,1,5,72.33,0.21220000000000017,0
CC1=NC(O)=C1NC=O,126.11499999999997,3,2,2,1,4,61.690000000000005,-0.06600000000000006,0
Cc1nnc(C=O)n1CO,141.13,5,1,2,1,5,68.01,-0.6511800000000001,0
O=CC1=C(C(O)O)O1,116.07199999999996,4,2,2,1,4,70.06,-1.2622000000000002,0
NC1=CC(=NO)N1F,117.08300000000001,3,2,0,1,5,61.85,-0.22569999999999996,0
Cn1c(=N)ncoc1=O,127.10299999999998,5,1,0,1,5,71.88,-1.1472300000000002,0
N=Cc1cnc(N)nn1,123.11900000000001,5,2,1,1,5,88.54,-0.5485300000000002,0
N#Cc1nn[nH]c1C=O,122.08699999999997,4,1,1,1,5,82.43,-0.51112,0
N=c1nc[nH]c(=O)[nH]1,112.09199999999998,3,3,0,1,5,85.38999999999999,-1.4225299999999999,0
N#CC1=NC(=O)N=C1N,122.087,3,1,0,1,5,91.6,-0.5582199999999999,0
CCOC1=NN=C(N)C1=N,140.14600000000002,5,2,1,1,5,83.82,-0.27303,0
N#COCCC1=NNC1=N,138.13000000000002,4,2,3,1,5,81.25999999999999,-0.18935000000000002,0
N=C1C=C(N)C(=O)O1,112.088,4,2,0,1,4,76.17,-0.6369300000000002,0
Cc1ncnc(O)c1N,125.13099999999999,4,2,0,1,4,72.03,0.07281999999999994,0
N=C1OC=NC1CO,114.10399999999998,4,2,1,1,4,65.67,-0.61693,1
NC(=O)C1=NC(N)=N1,112.09200000000001,4,2,1,1,5,93.83,-1.8014999999999999,0
CC(=O)n1cnc(N)n1,126.11900000000001,5,1,0,1,5,73.8,-0.47959999999999997,0
Nc1cn(C=O)nc1O,127.10299999999998,5,2,1,1,5,81.14,-0.7908000000000002,0
O=CC1=NC(F)=NC1=O,128.062,3,0,1,1,5,58.86,-0.508,0
CN(C)N1C=NC1=O,113.11999999999999,2,0,1,1,4,35.91,-0.07309999999999994,0
CCC1=NC(O)=NC1=N,125.13099999999999,2,2,1,1,4,68.80000000000001,0.74227,0
N=Cn1ncnc1C=O,124.10299999999998,5,1,2,1,5,71.63,-0.4542299999999999,0
N=C1OC(=N)C(C=O)O1,128.087,5,2,1,1,5,83.23,-0.48726000000000025,1
CC(=O)C1=NC(=N)O1,112.088,3,1,1,1,4,62.510000000000005,-0.06112999999999996,0
CCc1nonc1N,113.12,4,1,1,1,4,64.94,0.21420000000000006,0
N=C1NC(C=O)OC1=O,128.087,4,2,1,1,5,79.25,-1.3649300000000002,1
Cc1nnc(=O)[nH]c1N,126.119,4,2,0,1,5,84.66,-0.9444800000000002,0
N=c1nc(C=O)nc[nH]1,124.10299999999998,4,2,1,1,5,82.49000000000001,-0.9033300000000004,0
COC(=O)c1cnn[nH]1,127.10300000000001,4,1,1,1,5,67.87,-0.40870000000000023,0
CC1(O)COC(=N)CN1,130.14700000000002,4,3,0,1,4,65.34,-0.7080300000000002,1
NC1=CC(N)=NC1=O,111.10400000000001,3,2,0,1,4,81.47,-1.2736000000000003,0
Nc1nc(CO)c(N)o1,129.119,5,3,1,1,5,98.3,-0.6687000000000003,0
CC1=NN=C(N)C1=O,111.104,4,1,0,1,4,67.81,-0.6978,0
NC1=NN=C1C(O)C=O,127.10299999999997,5,2,2,1,5,88.03999999999999,-1.7269999999999999,1
N=C1OCOC(=O)CO1,131.087,5,1,0,1,5,68.61,-0.5313300000000001,0
N=C1COC=NC(=N)O1,127.103,4,2,0,1,5,78.52,-0.026460000000000095,0
Cn1c(=O)ncoc1=N,127.10299999999998,5,1,0,1,5,71.88,-1.1472300000000004,0
N=C1OCC(=O)C(=N)O1,128.087,5,2,0,1,5,83.23,-0.48566000000000015,0
CNc1n[nH]c(=O)n1C=N,141.134,5,3,2,1,6,86.56,-0.93173,0
CC1=C(N)C(=O)N=N1,111.104,3,1,0,1,4,67.81,0.16900000000000015,0
O=C1C=NN=C1CO,112.088,4,1,1,1,4,62.019999999999996,-1.0118000000000003,0
N=c1nc(N)cn[nH]1,111.108,4,3,0,1,5,91.44,-1.1336300000000004,0
N=C1OCOC1=NC(=O)O,144.086,4,2,0,1,6,91.97000000000001,0.04447000000000001,0
N#CCc1nc(O)n[nH]1,124.103,4,2,1,1,5,85.59,-0.42362000000000005,0
Cc1nc(N)n[nH]c1=O,126.119,4,2,0,1,5,84.66,-0.94448,0
N=C1OCOC(=N)C1=O,128.087,5,2,0,1,5,83.22999999999999,-0.48566000000000015,0
NC1=CC(=O)C(O)=N1,112.088,3,2,0,1,4,75.68,-0.6743000000000001,0
CNC(=O)N1NC1=N,114.108,2,3,0,1,5,77.9,-0.91923,0
O=c1cn[nH]n1CO,115.092,4,2,1,1,5,70.91,-1.4788000000000003,0
CN1OC(=N)C(C=O)O1,130.10299999999998,5,1,1,1,5,62.620000000000005,-0.6602300000000001,1
N#CN1CCOC(=N)C1=N,138.13,4,2,0,1,5,83.96000000000001,-0.24577999999999978,0
N=C(CO)C1=NN=C1N,126.11900000000001,5,3,2,1,5,94.82,-1.2747300000000001,0
N=C1NC(=O)OCCO1,130.103,4,2,0,1,5,71.41000000000001,-0.32243,0
N=CN=C1N=C(C=N)O1,124.10299999999998,3,2,2,1,5,81.65,0.027739999999999987,0
NC1=C(N)C(=O)N=C1,111.10399999999998,3,2,0,1,4,81.47,-1.2736000000000003,0
N=CN1C=C(CO)NCO1,143.146,4,3,2,1,5,68.58000000000001,-0.7785300000000002,0
CNc1n[nH]nc1C=N,125.13499999999999,4,3,2,1,5,77.45,-0.15593000000000046,0
Cc1n[nH]nc1N=NC=O,139.118,4,1,2,1,6,83.35999999999999,0.3532199999999999,0
N=C1COC(=N)OCO1,130.103,5,2,0,1,5,75.39,-0.08066000000000012,0
N=C1N=CC(C(N)=O)=N1,124.10300000000001,2,2,1,1,5,91.66000000000001,-1.06813,0
N=c1cnoc(N)c1O,127.103,5,3,0,1,5,96.13000000000001,-0.5581300000000001,0
N=CN1CC(=O)NCO1,129.119,3,2,1,1,5,65.42,-1.0856299999999999,0
N=C1OC=NCNC1=O,127.103,4,2,0,1,5,74.53999999999999,-0.9041300000000003,0
N=C1ON(CN)C1=N,114.108,4,3,1,1,5,86.19,-0.8956599999999999,0
N#CC(=O)C1=NN=C1O,123.071,4,1,1,1,5,85.81,-0.5948200000000001,0
CC(=N)N1COC(=O)N1,129.119,3,2,0,1,5,65.42,-0.10213,0
N=C1OCC(=O)C(=N)O1,128.087,5,2,0,1,5,83.23,-0.48566000000000015,0
N#CCc1noc(=N)o1,125.08699999999999,5,1,1,1,5,86.81,-0.18685000000000002,0
CC1=NCN=NC(=O)O1,127.10299999999998,4,0,0,1,5,63.379999999999995,0.9647000000000001,0
CN1C(=N)OC(=O)C1=N,127.10299999999998,4,2,0,1,5,77.24000000000001,-0.6129600000000004,0
CCC1OC(=N)OC(=O)O1,145.11399999999998,5,1,1,1,5,68.61,0.84067,1
Cc1n[nH]nc1CN=O,126.119,4,1,2,1,5,71.0,0.3795199999999999,0
N=C1C=C(N)N=C1N,110.12000000000002,4,3,0,1,4,88.25,-0.8229300000000002,0
N=C1OCCC(=NO)C1=N,141.13,5,3,0,1,5,89.52000000000001,0.23393999999999993,0
N=C1C=C(C(=N)O)O1,112.08799999999998,3,3,1,1,4,77.16000000000001,0.41303999999999996,0
NC(=O)Oc1ccn[nH]1,127.103,3,2,1,1,5,81.0,-0.13279999999999997,0
COc1n[nH]c(=N)n1C=O,142.118,5,2,2,1,6,83.75999999999999,-1.26243,0
N=C1ON=C1CNC=O,127.10299999999998,4,2,3,1,5,74.53999999999999,-0.9041300000000003,0
Cn1nc(C=O)nc1N,126.119,5,1,1,1,5,73.8,-0.7902,0
N=Cn1c(N)nnc1C=O,139.118,6,2,2,1,6,97.65,-0.8720300000000001,0
NC=C1N=C(N)C=[N+]1[O-],126.119,4,2,0,1,5,90.47,-1.3040999999999996,0
Nc1cnc(CO)nn1,126.119,5,2,1,1,5,84.92,-1.0539,0
N=C1NC(C=O)(C=O)O1,128.087,4,2,2,1,5,79.25000000000001,-1.3649300000000002,0
N=C1CNC(=N)OCO1,129.119,4,3,0,1,5,78.19000000000001,-0.5076600000000004,0
NC1=CC(N)=NC1=O,111.10400000000001,3,2,0,1,4,81.47,-1.2736000000000003,0
N=CN1COCOC1=O,130.10299999999998,4,1,1,1,5,62.62000000000001,-0.022729999999999917,0
Nc1cnc(NC=O)cn1,138.12999999999997,4,2,2,1,5,80.89999999999999,-0.37290000000000045,0
N=C1NCOC(=O)CO1,130.103,4,2,0,1,5,71.41,-0.9583300000000001,0
Nc1n[nH]nc1C=NC=O,139.118,4,2,2,1,6,97.02000000000001,-1.0378000000000005,0
O=Cc1[nH]cnc1CO,126.11499999999998,3,2,2,1,4,65.98,-0.2855,0
CC1(O)NC(=O)C1=NO,130.103,4,3,0,1,5,81.92,-1.3451000000000002,1
NC1=CN=C(N)C1=O,111.104,4,2,0,1,4,81.47,-1.2735999999999998,0
CN=C1OC(=N)N1CO,129.11900000000003,4,2,1,1,5,68.91,-0.8110299999999999,0
N=CN1C(=O)OC1=O,114.05999999999997,4,1,1,1,5,70.46000000000001,0.16566999999999998,0
NC(=O)C1=NN=C1CO,127.103,4,2,2,1,5,88.04,-1.7254,0
Cc1nnc(CO)c(=N)o1,141.13,5,2,1,1,5,83.00000000000001,-0.65021,0
N=Cc1ncc(N)nn1,123.11900000000001,5,2,1,1,5,88.54,-0.5485300000000002,0
Cc1nc(N)nn1C=O,126.119,5,1,1,1,5,73.8,-0.7929800000000002,0
N=CN1C(=O)OC1=NO,129.075,5,2,1,1,6,85.98,-0.20912999999999998,0
N=C1N=C(N)NC1=O,112.092,3,3,0,1,5,91.33000000000001,-1.5918300000000003,0
Nc1oncc1NC=O,127.10299999999998,4,2,2,1,5,81.15,-0.17490000000000022,0
NC(=O)c1ncc(N)o1,127.103,4,2,1,1,5,95.14,-0.6443000000000003,0
N#CC1=NC(N)=NC1=O,122.087,4,1,0,1,5,91.6,-1.19412,0
N=C1COC(=N)C(=O)O1,128.087,5,2,0,1,5,83.23,-0.48566000000000015,0
CC1(N)NC(=N)C1=O,113.11999999999999,3,3,0,1,4,78.97,-1.1891299999999996,1
COC1=NC(=N)C(=O)O1,128.087,4,1,0,1,5,71.74,-0.47713,0
CN=C(N)c1ncno1,126.11899999999999,4,1,1,1,5,77.3,-0.5953000000000004,0
N=C1C=NC(C=O)=N1,109.088,3,1,1,1,4,65.64,-0.35453,0
N#CC(N)C1=CN=N1,108.104,4,1,1,1,4,74.53,0.14448000000000005,1
N=C1COC(=N)OC(=N)O1,143.102,6,3,0,1,6,99.24,-0.10338999999999998,0
Cc1nnc(N)n1C=N,125.135,5,2,1,1,5,80.58,-0.3761100000000001,0
CC(=O)C1=NOC1=N,112.088,4,1,1,1,4,62.51,-0.06112999999999996,0
N#Cc1nnoc1C=N,122.08699999999997,5,1,1,1,5,86.56,-0.06104999999999999,0
NC1=NC(=O)OC1=NO,129.075,5,2,0,1,6,97.27,-0.7185000000000001,0
C#Cc1nc(O)[nH]c1N,123.115,3,3,0,1,4,74.93,-0.3212000000000001,0
N=C1OCC(=O)NC1=O,128.087,4,2,0,1,5,79.25,-1.36333,0
CC(=O)C1=NC(N)=N1,111.10400000000001,4,1,1,1,4,67.81,-0.6978,0
Nc1cnc(C=O)c(N)n1,138.13,5,2,1,1,5,94.89,-0.5465,0
Cc1c[nH]nnc1=N,110.12,3,2,0,1,4,65.42,-0.40741,0
N=C1NCN=COC1=N,126.11899999999999,4,3,0,1,5,81.32,-0.4534599999999999,0
N=C1OC(C=O)COC1=O,143.09799999999998,5,1,1,1,5,76.44999999999999,-0.8954300000000002,1
N=CC1=C(C=O)C(N)=N1,123.115,4,2,2,1,4,79.3,-0.54023,0
N=C1OC(=O)C(CO)O1,131.087,5,2,1,1,5,79.61,-1.1445300000000003,1
N=COC1CNNC=N1,128.135,5,3,2,1,5,69.5,-0.9277299999999997,1
CC(=O)C1=NOC=NN1,127.103,5,1,1,1,5,63.05,-0.548,0
N=C1OC=C(O)C1=O,113.07199999999999,4,2,0,1,4,70.38,-0.03763000000000005,0
CC1(C#N)ON=C1O,112.088,3,1,0,1,4,65.61,0.17038000000000003,1
N=CN1CNC(=O)OC1,129.11899999999997,3,2,1,1,5,65.42,-0.44972999999999996,0
N=C1OCC(=O)C(=N)O1,128.087,5,2,0,1,5,83.23,-0.48566000000000015,0
CN=c1nc(N)c1=O,111.104,4,1,0,1,4,68.34,-1.5698999999999999,0
CC(=NO)C1=NC(O)=N1,127.103,4,2,1,1,5,77.54,0.16259999999999997,0
N=CN1CCOC(=N)O1,129.119,4,2,1,1,5,69.4,-0.2079600000000001,0
Cn1ncc(=N)[nH]c1=O,126.119,4,2,0,1,5,74.53,-1.4121299999999999,0
N=C1N=NN=C1C=O,110.07599999999998,4,1,1,1,5,78.0,-0.01562999999999992,0
N=C1N=CC(N)=C1N,110.12000000000002,3,3,0,1,4,88.25,-0.8229300000000002,0
N=C1COC(=O)N=C1N,127.10300000000001,4,2,0,1,5,88.53,-0.48642999999999986,0
N=CC1NCOC(=N)N1,128.13500000000002,4,4,1,1,5,80.99000000000001,-0.9362600000000003,1
N=C1CC(=O)NOC1=N,127.10299999999998,4,3,0,1,5,86.03,-0.5650600000000003,0
CC(O)C1=NC(O)=N1,114.104,3,2,1,1,4,65.18,-0.30670000000000003,1
CNC1CC(=O)C(O)N1,130.147,4,3,1,1,4,61.36,-1.5873000000000004,2
O=C1N=CNC1=NCO,127.10299999999998,3,2,1,1,5,74.05,-1.5071999999999999,0
CN=C1NCNC(=O)O1,129.119,3,2,0,1,5,62.72,-0.7409000000000003,0
N=c1ncc(=O)cn[nH]1,124.103,4,2,0,1,5,82.49000000000001,-1.3556300000000001,0
O=CC1CC(=O)OC1=O,128.083,4,0,1,1,4,60.440000000000005,-0.7250000000000001,1
N=C1OC=NCC(=O)O1,128.087,5,1,0,1,5,71.74,-0.47713000000000005,0
N=C1N=C(O)C(C=O)=N1,125.08699999999997,2,2,1,1,5,85.86999999999999,-0.4688300000000001,0
N=C1COC(=N)OCN1,129.119,4,3,0,1,5,78.19,-0.5076600000000002,0
CN=NC1C(=O)COC1=O,142.114,5,0,1,1,5,68.09,-0.43710000000000004,1
N=C1C=C(N)C(=O)O1,112.088,4,2,0,1,4,76.17,-0.6369300000000002,0
N=Cn1cnc(CO)n1,126.11899999999999,5,2,2,1,5,74.79,-0.77443,0
N=C1N=C(C(N)=O)O1,113.076,3,2,1,1,5,88.53000000000002,-1.1648300000000003,0
NC1=NC(=O)C(C=O)=N1,125.08699999999997,4,1,1,1,5,84.88,-1.5188,0
NCC1=CC(=O)C(NO)=N1,141.12999999999997,5,3,1,1,5,87.71000000000001,-1.211,0
CN=C1OCN=NC1=O,127.10300000000001,4,0,0,1,5,63.38,-0.018799999999999928,0
Cc1nncnc1N=N,123.119,5,1,1,1,5,74.88,0.84249,0
O=Cc1coc(=O)[nH]1,113.07199999999999,3,1,1,1,4,63.07,-0.21959999999999996,0
Cc1noc(=N)nc1N,126.11900000000001,5,2,0,1,5,88.79,-0.5603100000000001,0
N=C1COC(=N)OCO1,130.103,5,2,0,1,5,75.39,-0.08066000000000012,0
N=C1N=C(C(N)=O)O1,113.076,3,2,1,1,5,88.53000000000002,-1.1648300000000003,0
N#CC1=NC(OC=N)=C1,121.09899999999998,4,1,2,1,4,69.22999999999999,0.42965,0
CN=C1OC(=N)N=C1N,126.11900000000001,4,2,0,1,5,83.82,-0.66313,0
CN=C1NC(=O)N=C1N,126.119,3,2,0,1,5,79.84,-0.9049,0
CC1OC(=N)OC(=O)O1,131.087,5,1,0,1,5,68.61,0.4505699999999999,1
Nc1cnoc(=O)c1N,127.103,5,2,0,1,5,95.14,-0.8008,0
N=C1N=C(N)C(=N)O1,112.092,4,3,0,1,5,95.31000000000002,-0.7141600000000001,0
N#CC(O)C1=NN=C1,109.08800000000001,4,1,1,1,4,68.74,-0.68872,1
N=C1OCCOC1=O,115.088,4,1,0,1,4,59.38,-0.46293000000000006,0
CC1=C(NCO)C(=N)N=N1,140.146,4,3,2,1,5,80.83,0.20037,0
N=Cn1c(N)noc1=O,128.091,6,2,1,1,6,97.9,-1.1263300000000003,0
O=C1N=C(CO)C(=O)O1,129.07099999999997,4,1,1,1,5,75.96,-0.9035,0
N=c1nc[nH]c(C=O)n1,124.10299999999998,4,2,1,1,5,82.49,-0.90333,0
NC1=NC(=O)C(C=O)=N1,125.08699999999997,4,1,1,1,5,84.88,-1.5188,0
CC(=O)OC1=NNC1=N,127.10300000000001,4,2,0,1,5,74.53999999999999,-0.5565300000000002,0
N=Cc1ncn(C=O)c1N,138.12999999999997,5,2,2,1,5,84.76,-0.49873000000000006,0
N=C1NC(O)COC1=N,129.119,4,4,0,1,5,89.19,-1.1208600000000002,1
Nc1nc(C=O)no1,113.07599999999998,5,1,1,1,5,82.01,-0.5357000000000001,0
NC1C=NNC(=O)N1O,130.107,4,3,0,1,6,90.94999999999999,-1.3286000000000002,1
CC(=O)C1=NNC1=O,112.088,3,1,1,1,4,58.53,-0.9388000000000001,0
N=C1OC=COC(=N)N1O,143.102,5,3,0,1,6,89.63,0.06514000000000009,0
O=C1N=CN=C1CO,112.08799999999998,3,1,1,1,4,62.019999999999996,-1.0118,0
N=C1N=C(CO)N=C1N,126.119,4,3,1,1,5,94.82,-1.2747300000000001,0
N=C1N=C(CO)C(=N)N1,126.11899999999999,3,4,1,1,5,92.32,-1.0650600000000003,0
O=C1NC=NC1COCO,144.13,4,2,3,1,5,70.92,-1.5205000000000002,1
N=C(O)C1NC(C=O)O1,130.10299999999998,4,3,2,1,5,82.41000000000001,-1.00743,2
N=c1cnc(N)no1,112.09200000000001,5,2,0,1,5,88.79,-0.8687300000000002,0
CNC1=NC(=N)N1OC,128.135,3,2,1,1,5,60.71000000000001,-0.6264300000000003,0
N=C1OC(=O)C(C=O)O1,129.07099999999997,5,1,1,1,5,76.45,-0.9379300000000002,1
C#CCc1cnnc(N)n1,134.142,4,1,1,1,4,64.69,-0.3705,0
N=CN1C=NC1CN,112.136,3,2,2,1,4,65.47,-0.77783,1
N=C1COC(=N)OCO1,130.103,5,2,0,1,5,75.39,-0.08066000000000012,0
N=C1C=NN=C(N)C1=O,124.103,5,2,0,1,5,91.66,-1.06813,0
COC1C(=O)OC1=NO,131.08700000000002,5,1,1,1,5,68.12,-0.6541000000000001,1
N=C1NC(=N)C(=NO)O1,128.091,5,4,0,1,6,101.55000000000001,-0.6940599999999999,0
N=C1OCC(=O)C(=N)O1,128.087,5,2,0,1,5,83.23,-0.48566000000000015,0
NN=C1CNC(=O)OC1,129.11899999999997,4,2,0,1,5,76.71,-0.9590999999999994,0
N#CCC1=NC(=N)N1O,124.103,3,2,1,1,5,83.47,-0.06184999999999996,0
N=C1OC(N)=C1C=O,112.088,4,2,1,1,4,76.16999999999999,-0.6369300000000002,0
N=C1OCC(=O)C(=O)O1,129.071,5,1,0,1,5,76.45,-0.9363300000000001,0
N=CC1=NN=C1C(=N)O,124.10299999999998,4,3,2,1,5,92.65,-0.018159999999999954,0
CC(=O)NC1=NC=C1O,126.11499999999998,3,2,0,1,4,61.69,-0.06599999999999984,0
CC1=NC(=N)N=C1N,110.12,2,2,0,1,4,74.59,-0.24712999999999996,0
Cc1noc(=N)n1CO,129.11900000000003,5,2,1,1,5,75.04,-0.7862100000000003,0
N=C1C=C(N)C(=O)O1,112.088,4,2,0,1,4,76.17,-0.6369300000000002,0
Nc1cnc(CO)c([O-])n1,140.12199999999999,5,2,1,1,5,95.09,-1.3753000000000002,0
CC(=O)n1ncc(N)n1,126.119,5,1,0,1,5,73.8,-0.47959999999999997,0
N=CCc1nonc1N,126.11900000000001,5,2,2,1,5,88.79,-0.15613,0
Nc1ncn(C=O)c1N,126.11899999999999,5,2,1,1,5,86.92999999999999,-0.9142000000000001,0
COc1cnc(N)cn1,125.131,4,1,1,1,4,61.03,0.06740000000000002,0
N=C1COC(=N)NCO1,129.119,4,3,0,1,5,78.19,-0.5076600000000002,0
N=C1OC(=N)C(=O)O1,114.05999999999999,5,2,0,1,5,83.23,-0.5281600000000002,0
N=C1OCC(=O)C(=N)O1,128.087,5,2,0,1,5,83.23,-0.48566000000000015,0
CC(=N)OC1CC(=O)O1,129.11499999999998,4,1,1,1,4,59.379999999999995,0.27316999999999997,1
N=C1CN=COC(=N)O1,127.10299999999998,5,2,0,1,5,78.52,-0.026460000000000095,0
N=C1NCOC(=O)CO1,130.103,4,2,0,1,5,71.41,-0.9583300000000001,0
O=CN=C1NC=NC1=O,125.08699999999999,2,1,1,1,5,70.89,-1.3006,0
CC(O)C1=CN=NC1=N,125.131,3,2,1,1,4,68.80000000000001,0.6941700000000001,1
CC1=NC(=O)C(N)=N1,111.104,3,1,0,1,4,67.81,-0.6978,0
N=C1OCNC(=O)CO1,130.10299999999998,4,2,0,1,5,71.41,-0.9583300000000003,0
Nc1noc(C=O)c1N,127.103,5,2,1,1,5,95.14,-0.3485000000000002,0
N=C1NC(=N)OCO1,115.092,4,3,0,1,5,78.19000000000001,-0.55016,0
Nc1cc(CC=O)no1,126.115,4,1,2,1,4,69.12,-0.0017999999999999683,0
CNC1=NC(=N)N=C1N,125.135,3,3,0,1,5,86.62,-1.0901299999999996,0
CC1=NC(=N)C(N)=N1,110.12,3,2,0,1,4,74.59,-0.24712999999999996,0
N=Cc1oncc1N,111.104,4,2,1,1,4,75.9,0.25447000000000003,0
NC1=CC(=O)C(C=O)=N1,124.09899999999999,4,1,1,1,4,72.52000000000001,-0.9909000000000001,0
O=CNC1=NC=NC1=O,125.08699999999999,3,1,1,1,5,70.89,-1.3006000000000002,0
O=NC(=O)NC1COC1,130.10299999999998,3,1,1,1,5,67.76,-0.13880000000000003,0
Cc1nc(CO)nn1C=N,140.146,5,2,2,1,5,74.79,-0.4660100000000002,0
CN=c1nc(O)nn[nH]1,127.107,5,2,0,1,6,87.05000000000001,-1.5642000000000005,0
N=Cc1nnc(CO)o1,127.10299999999998,5,2,2,1,5,83.0,-0.44043000000000004,0
N#CCc1nc(N)no1,124.10300000000001,5,1,1,1,5,88.73,-0.28212000000000004,0
CN1NCC(=O)C(=O)O1,130.10299999999998,5,1,0,1,5,58.64,-1.5362999999999996,0
N=c1[nH]ncnc1C=O,124.10299999999998,4,2,1,1,5,82.49000000000001,-0.9033300000000004,0
COC1=NNC(=N)C1=N,126.11899999999999,4,3,0,1,5,81.32,-0.45346000000000036,0
N#CCc1nonc1N,124.10300000000001,5,1,1,1,5,88.73,-0.28212000000000004,0
COc1cc(=O)[nH]nn1,127.10300000000001,4,1,1,1,5,67.87,-0.8265000000000002,0
N=Cc1cnoc(=N)n1,124.103,5,2,1,1,5,86.62,-0.45326000000000016,0
N=C1OC=C1OC(N)=O,128.08700000000002,4,2,1,1,5,85.4,-0.06942999999999999,0
N#CC1=NC(OC=N)=N1,122.08699999999999,5,1,1,1,5,81.58999999999999,-0.09825,0
Nc1nc(C=O)oc1C=O,140.09799999999996,5,1,2,1,5,86.19,-0.1181999999999998,0
O=C1COC(=O)C1=NO,129.071,5,1,0,1,5,75.96000000000001,-1.0575,0
N=c1cnc(N)c(C=O)[nH]1,138.13,4,3,1,1,5,95.62,-0.7161300000000002,0
COC1=NC(=N)C(N)=N1,126.11900000000001,4,2,0,1,5,83.82,-0.6631300000000002,0
COc1cnc(=N)[nH]n1,126.119,4,2,1,1,5,74.65,-0.7072300000000002,0
N#CCC1=NC(=N)N=N1,121.10300000000001,3,1,1,1,5,84.72,0.69915,0
N=C(N)OC(=O)C1CO1,130.10299999999998,4,2,1,1,5,88.70000000000002,-1.1781300000000001,1
N=C1COC(=N)C(=O)O1,128.087,5,2,0,1,5,83.23,-0.48566000000000015,0
O=c1[nH]cnnc1CO,127.103,4,2,1,1,5,78.87,-1.3428000000000002,0
N=C1OCC1=NCN=O,127.10300000000001,5,1,2,1,5,74.87,0.1587699999999999,0
Cc1nc(N)nn1C=O,126.119,5,1,1,1,5,73.8,-0.7929800000000002,0
C#CC(N)N1C=NC1=O,123.11499999999998,2,1,1,1,4,58.69,-0.6316999999999999,1
CN=C1C=NC(O)=[N+]1[O-],127.10299999999998,3,1,0,1,5,71.02,-0.47659999999999997,0
Cc1noc(=O)nc1N,127.10300000000001,5,1,0,1,5,82.01,-0.6795800000000001,0
NC1=NC(CO)=NC1=O,127.10299999999998,4,2,1,1,5,88.03999999999999,-1.7254,0
COC1=NN=C(N)C1=N,126.119,5,2,0,1,5,83.82,-0.66313,0
Nc1coc(=O)n1CO,130.103,5,2,1,1,5,81.39,-1.0267000000000002,0
CN=C1OC(N)=NC1=O,127.10300000000001,4,1,0,1,5,77.03999999999999,-1.1138000000000001,0
N#COc1oncc1N,125.087,5,1,1,1,5,85.07,0.11668,0
Cc1n[nH]c(=N)n1C=O,126.11899999999999,4,2,1,1,5,74.53,-0.9626100000000002,0
N#CC(O)C1=NN=C1,109.08800000000001,4,1,1,1,4,68.74,-0.68872,1
CC1=NC(N)=NC1=N,110.12,3,2,0,1,4,74.59,-0.24712999999999996,0
Nc1nc(C=O)oc1N,127.10299999999998,5,2,1,1,5,95.14,-0.3485,0
CC(=O)N1CNC1=N,113.12,2,2,0,1,4,56.190000000000005,-0.66963,0
N=CC1=NC(=O)N=N1,110.07600000000001,3,1,1,1,5,78.0,0.6202700000000001,0
N=CN1N=COC1C=O,127.10299999999997,4,1,2,1,5,65.75,-0.6060300000000001,1
N=C1OCC(N)C=[N+]1[O-],129.119,4,2,0,1,5,85.16999999999999,-1.1402299999999999,1
CC(O)c1cnnn1N,128.13500000000002,5,2,1,1,5,76.96000000000001,-0.9548000000000001,1
CC(O)C1=NC(=O)N1,114.104,2,2,1,1,4,61.690000000000005,-0.5111000000000001,1
Cn1cnc(=O)c(N)n1,126.119,5,1,0,1,5,73.8,-1.2425000000000004,0
CC1=NC(O)OC(=N)N1,129.119,4,3,0,1,5,77.70000000000002,-0.7647300000000001,1
Nc1coc(OC=O)n1,128.087,5,1,2,1,5,78.35000000000001,-0.20800000000000013,0
CC1=NC(=N)C(O)=N1,111.10399999999998,2,2,0,1,4,68.8,0.35217,0
N=CN1CC(=N)NC1=O,126.11899999999999,3,3,1,1,5,80.04,-0.40406000000000003,0
CC(=O)C1=NC(N)=N1,111.10400000000001,4,1,1,1,4,67.81,-0.6978,0
O=CC1=NC(F)=NC1=O,128.062,3,0,1,1,5,58.86,-0.508,0
N=C1N=CN=C(N)C1=O,124.103,4,2,0,1,5,91.66,-1.06813,0
NC1=CC(=O)C(=O)N1,112.088,3,2,0,1,4,72.19,-1.5146,0
N=C(N)C1=NC(C=O)O1,127.10299999999998,4,2,2,1,5,88.53000000000002,-1.12393,1
NC(=O)N1CCOC1=O,130.103,3,1,0,1,5,72.63,-0.4826999999999999,0
N=C1NCNC(C=O)O1,129.11899999999997,4,3,1,1,5,74.21000000000001,-1.3869300000000004,1
Cc1nc(=N)c[n+]([O-])o1,127.10299999999998,4,1,0,1,5,76.82000000000001,-0.90411,0
N=CN=c1cnocc1N,138.12999999999997,4,2,1,1,5,88.26,-0.23543000000000014,0
N=C1NCC(=O)OC1=N,127.103,4,3,0,1,5,86.03,-0.9126600000000002,0
N=C1OCC(=O)C(=N)O1,128.087,5,2,0,1,5,83.23,-0.48566000000000015,0
CN=C1N=C(N)OC1=O,127.103,4,1,0,1,5,77.03999999999999,-1.1138,0
N=C1N=C(F)N=C1N,114.08300000000001,3,2,0,1,5,74.59,-0.34003,0
N=c1ncc(CO)no1,127.103,5,2,1,1,5,83.0,-0.9586300000000001,0
CNc1[nH]nnc1C=O,126.11899999999999,4,2,2,1,5,70.67,-0.34110000000000035,0
COc1nc(C=N)n[nH]1,126.119,4,2,2,1,5,74.65,-0.18903000000000014,0
NC1=NC(=O)NC1=O,113.07599999999998,3,2,0,1,5,84.54999999999998,-1.4066,0
N=C1N=C(N)N=C1C=O,124.103,4,2,1,1,5,91.66,-1.06813,0
CC(N)N1N=C1C=O,113.11999999999998,4,1,2,1,4,58.46,-0.8809,1
CN1CNC(=O)OC1=O,130.10299999999998,3,1,0,1,5,58.64000000000001,-0.2644999999999999,0
N=c1oc(=O)[nH]c(=O)o1,130.059,5,2,0,1,6,100.05999999999999,-1.5994300000000008,0
N=C1NCC(=O)N=C1CO,141.13000000000002,3,3,1,1,5,85.54,-1.47323,0
Nc1ccoc(=O)[n+]1[O-],128.08700000000002,4,1,0,1,5,83.17,-1.1446,0
CNC(=O)c1ncn[nH]1,126.119,3,2,1,1,5,70.67,-0.8357000000000003,0
O=CC(CO)c1c[nH]nn1,141.13,4,2,3,1,5,78.86999999999999,-0.9205000000000003,1
N=C1NC(=O)C(C=O)O1,128.087,4,2,1,1,5,79.25000000000001,-1.3649300000000002,1
N=c1nnc(C=O)co1,125.08699999999997,5,1,1,1,5,79.84,-0.63843,0
N=c1nc(CO)nc[nH]1,126.11899999999999,4,3,1,1,5,85.65,-1.2235300000000002,0
CN=c1ncoc(=O)[nH]1,127.10299999999998,4,1,0,1,5,71.25,-1.1066000000000003,0
CNC(=O)c1cnn[nH]1,126.119,3,2,1,1,5,70.67,-0.8357000000000003,0
N#CCc1nnoc1N,124.10300000000001,5,1,1,1,5,88.73,-0.28212000000000004,0
N=C1NC(C=O)OCO1,130.103,4,2,1,1,5,71.41000000000001,-0.9599300000000002,1
Nc1nnc(C=O)n1N,127.107,6,2,1,1,6,99.82000000000001,-1.6134000000000004,0
N=C1C=NC=C(N)C1=O,123.115,4,2,0,1,4,79.30000000000001,-0.5402300000000002,0
CC(O)C1=NC(N)=N1,113.12000000000002,4,2,1,1,4,70.97,-0.9060000000000001,1
N=C1OC=NC1NC=O,127.10299999999998,4,2,2,1,5,74.53999999999999,-0.9057300000000001,1
Nc1nc(OC=O)c[nH]1,127.10299999999997,4,2,2,1,5,81.0,-0.47290000000000026,0
CC1=C(N)C(=N)N=C1,109.13199999999999,2,2,0,1,3,62.230000000000004,0.28077000000000013,0
CC(N)C1=NC(=O)N=N1,126.119,3,1,1,1,5,80.17,0.3179000000000002,1
NC(=O)C1=NC(O)=C1,112.08799999999998,3,2,1,1,4,75.68,-0.6742999999999999,0
NC(=O)C1=CC(N)=N1,111.104,3,2,1,1,4,81.47,-1.2735999999999998,0
N=CN1C(=N)OC1C=O,127.10299999999997,4,2,2,1,5,77.24000000000001,-0.6145600000000002,1
NC1=NC(=O)N=C1CO,127.10299999999998,3,2,1,1,5,88.04,-1.0895000000000001,0
N=CC1=NC(=O)C(N)=N1,124.10300000000001,4,2,1,1,5,91.66,-1.06813,0
CN=C1C=C(O)N=N1,111.104,3,1,0,1,4,57.31,0.8799000000000001,0
N=C1CC(N)C(=O)N1,113.11999999999999,3,3,0,1,4,78.97,-1.18913,1
N=C1NCC(=O)OCO1,130.103,4,2,0,1,5,71.41000000000001,-0.9583300000000001,0
N=C(N)c1cnn(O)n1,127.107,5,3,1,1,6,100.81,-1.2005299999999999,0
COCC1=NC(=N)N=N1,126.11900000000001,3,1,2,1,5,70.16,0.43187000000000003,0
NC1=NC(=O)C(=O)C=N1,125.08699999999997,4,1,0,1,5,84.88,-1.5188,0
N=C1C=NC(NC=O)=C1,123.11499999999998,3,2,2,1,4,65.31,-0.32203000000000004,0
N=CNC1=NC=NC1=O,124.103,3,2,1,1,5,77.67,-0.8499300000000001,0
CN=C(N)C1=NC=[N+]1[O-],126.11899999999999,3,1,1,1,5,76.80999999999999,-1.0758999999999999,0
NCc1ncc(=O)[nH]n1,126.11899999999999,4,2,1,1,5,84.66,-1.3764,0
N=C1N=C(F)OC1=N,115.067,3,2,0,1,5,69.28999999999999,0.29664,0
COC1(ON)COCC1=N,146.14600000000002,5,2,2,1,5,77.56,-0.7306300000000001,1
CC([NH3+])C1=NC(N)=[N+]1[O-],129.14300000000003,3,2,1,1,5,92.09,-2.146099999999999,1
N=CN1C=NCOC1=O,127.10299999999998,4,1,1,1,5,65.75,0.03146999999999994,0
N=C1OC(N)COC1=O,130.103,5,2,0,1,5,85.4,-1.1781300000000001,1
CC#Cc1nnoc1N,123.11500000000001,4,1,0,1,4,64.94,0.0232,0
N=C1NC=CNC(=O)O1,127.103,3,3,0,1,5,74.21000000000001,-0.27823000000000014,0
CC(N)C1=NNC1=N,112.136,3,3,1,1,4,74.25999999999999,-0.72993,1
N=C1NN=C(O)C1=N,112.09199999999998,3,4,0,1,5,92.32,-0.5418600000000002,0
CN=C1COCOC1=N,128.131,4,1,0,1,4,54.67,0.03877000000000025,0
N=CN1C=NC(=O)OC1,127.10299999999998,3,1,1,1,5,65.75,0.031470000000000053,0
C#CC(=O)c1nc[nH]n1,121.099,3,1,1,1,4,58.64,-0.3794000000000001,0
N=C1COC(=O)C(=N)O1,128.087,5,2,0,1,5,83.23,-0.48566000000000015,0
N=C1OCC(CO)OC1=N,144.13,5,3,1,1,5,86.39000000000001,-0.6513600000000002,1
N=C1N=C(C=O)N=C1N,124.103,4,2,1,1,5,91.66,-1.06813,0
N=C1N=C(N)N=C1C=O,124.103,4,2,1,1,5,91.66,-1.06813,0
N=c1oc(=N)oc(=N)o1,129.075,6,3,0,1,6,110.97000000000001,-1.0959900000000002,0
CC1=C(O)C(=O)C(N)=N1,126.11500000000001,4,2,0,1,4,75.67999999999999,-0.2841999999999999,0
N=CNC1=NC(=O)O1,113.076,3,2,1,1,5,74.54,-0.3107299999999999,0
N=C1OC(=O)C(C=O)O1,129.07099999999997,5,1,1,1,5,76.45,-0.9379300000000002,1
N=C1N=C(O)N=C1N,112.092,3,3,0,1,5,94.82,-0.75153,0
NC(=O)C1=NC(N)=N1,112.09200000000001,4,2,1,1,5,93.83,-1.8014999999999999,0
O=c1cn[nH]nc1CO,127.103,4,2,1,1,5,78.87,-1.3428000000000002,0
N=C1COC(O)C(=O)O1,131.087,5,2,0,1,5,79.61,-1.1445300000000003,1
N=COCC1=NOC1=N,127.103,5,2,3,1,5,78.52000000000001,-0.026460000000000095,0
NC(=O)C1=NC(N)=N1,112.09200000000001,4,2,1,1,5,93.83,-1.8014999999999999,0
N=C1N=C(O)C(=N)CO1,127.10299999999998,3,3,0,1,5,89.52,-0.07235999999999992,0
CN=C1N=CN=C1C=O,123.11499999999998,3,0,1,1,4,54.15,-0.3034999999999999,0
N=C1OCC(=O)C(=N)O1,128.087,5,2,0,1,5,83.23,-0.48566000000000015,0
N=C1C=NC(CO)=N1,111.104,3,2,1,1,4,68.8,-0.5611300000000001,0
N#Cc1noc(C=N)n1,122.08699999999999,5,1,1,1,5,86.56,-0.06104999999999999,0
CC(=O)C1=NC(=N)N1,111.104,2,2,1,1,4,65.31,-0.4881300000000001,0
Cn1cnc(=N)c(N)n1,125.135,5,2,0,1,5,80.58,-1.12323,0
N=C1NC(=O)CN=CO1,127.103,4,2,0,1,5,74.54,-0.9041300000000001,0
NC(=O)c1cnoc1,112.08799999999998,3,1,1,1,4,69.12,-0.22649999999999987,0
N=C1NC(=N)OCO1,115.092,4,3,0,1,5,78.19000000000001,-0.55016,0
N=C1N=C(N)OC1=CN,126.119,4,3,0,1,5,97.48,-0.8913300000000002,0
CN=C1N=CC(=N)N1O,126.11899999999999,3,2,0,1,5,72.04,-0.2749299999999998,0
CC(=O)C1=NC(N)=N1,111.10400000000001,4,1,1,1,4,67.81,-0.6978,0
COC1=NC(=N)NC1=O,127.103,3,2,0,1,5,74.53999999999999,-0.9041300000000003,0
N=CN1COC(=O)CO1,130.10299999999998,4,1,1,1,5,62.620000000000005,-0.6586300000000003,0
COC1=NN=C(N)C1=O,127.103,5,1,0,1,5,77.03999999999999,-1.1138000000000001,0
N=Cn1cc(O)oc1=N,127.10299999999998,5,3,1,1,5,86.0,-0.27865999999999996,0
N=COC1NCNC1=O,129.119,4,3,2,1,5,74.21000000000001,-1.38693,1
CC1(C(=N)O)N=N1,99.093,3,2,1,1,4,68.8,0.70367,0
N=C1OCC(CN)=[N+]1[O-],129.11900000000003,4,2,1,1,5,85.16999999999999,-1.13863,0
Cc1nc(C=N)nn1N,125.135,5,2,1,1,5,80.58,-0.70201,0
CC1=C(N)N=NC1=O,111.104,3,1,0,1,4,67.81,0.16900000000000015,0
N#CC1NCNC(=N)O1,126.119,4,3,0,1,5,80.93,-1.06225,1
O=Cc1nc(O)oc1O,129.071,5,2,1,1,5,83.56,-0.10170000000000012,0
CC1=NC(N)=NC1=O,111.104,3,1,0,1,4,67.81,-0.6978,0
COC1=NN=C(N)C1=O,127.103,5,1,0,1,5,77.03999999999999,-1.1138000000000001,0
N=C1N=CN=C1CN,110.12,3,2,1,1,4,74.59,-0.59473,0
N=C1NC(=O)COC1=N,127.103,4,3,0,1,5,86.03,-0.9126600000000002,0
N=CN1COC(=N)OC1,129.11899999999997,4,2,1,1,5,69.4,-0.2079600000000001,0
COc1cnoc1N=O,128.087,5,0,2,1,5,64.69,1.0810999999999997,0
N=C1N=COC(=O)ON1,129.075,4,2,0,1,6,83.77,-0.37913000000000013,0
N=C1CN=COC(=N)O1,127.10299999999998,5,2,0,1,5,78.52,-0.026460000000000095,0
N=C1N=C(CO)OC1=O,128.087,4,2,1,1,5,82.74000000000001,-1.0887300000000002,0
N=CN1COC(=N)C1=O,127.10299999999998,4,2,1,1,5,77.24000000000001,-0.6129600000000004,0
N#CCNC1=NC=NC1=O,136.114,4,1,1,1,5,77.61,-0.9334200000000001,0
Nc1cn(C=O)nc1O,127.10299999999998,5,2,1,1,5,81.14,-0.7908000000000002,0
CC1=C(O)C(N)=[N+]1[O-],114.10400000000001,3,2,0,1,4,72.32,-0.3429999999999997,0
COC1=NC(=O)NC1=O,128.087,3,1,0,1,5,67.75999999999999,-0.7189000000000001,0
O=C1CC(=O)C(=O)ON1,129.071,4,1,0,1,5,72.47,-1.4664000000000001,0
N=C1N=COC(C=O)N1,127.10299999999998,3,2,1,1,5,74.53999999999999,-0.9057300000000001,1
N#CCN1NCOC1=O,127.10299999999998,4,1,1,1,5,65.36000000000001,-0.57572,0
C#CCC1=NC(=N)N=N1,120.11500000000001,2,1,1,1,4,60.93,0.80877,0
N=CN1COC(=O)OC1,130.10299999999998,4,1,1,1,5,62.620000000000005,-0.02273000000000014,0
CC1(OC=O)NC(=N)O1,130.103,4,2,2,1,5,71.41,-0.61233,1
N=CC1OC(=N)CNC1=O,141.13,4,3,1,1,5,86.03,-0.8717600000000001,1
COc1nc(C=N)oc1N,141.12999999999997,5,2,2,1,5,85.13,0.26306999999999997,0
CC1=NNN=CC1=CN,124.14699999999999,4,2,0,1,4,62.769999999999996,-0.20609999999999984,0
COc1cnc(=O)[nH]n1,127.103,4,1,1,1,5,67.87,-0.8265000000000002,0
NCOc1nc[nH]c(=O)n1,142.118,5,2,2,1,6,93.89,-1.5401000000000002,0
N=CC(=O)N1CCNC1=N,140.14600000000002,3,3,1,1,5,80.04,-0.9974599999999996,0
COc1cc(O)nn1N,129.119,5,2,1,1,5,73.3,-0.6889000000000003,0
N=C1N=CCNC(=O)O1,127.103,3,2,0,1,5,74.54,-0.26823000000000013,0
Nc1coc(=O)n1N,115.09200000000001,5,2,0,1,5,87.17999999999999,-1.2627,0
N=C1N=CNC(=O)CN1,126.11899999999999,2,3,0,1,5,77.34,-1.3311300000000004,0
O=Cc1nc(CO)no1,128.087,5,1,2,1,5,76.22,-0.6256000000000002,0
N=C1CN=CNC(=O)C1=N,138.13,4,3,0,1,5,89.16,-0.8159600000000002,0
N=C1NCC(=O)NCO1,129.119,3,3,0,1,5,74.21000000000001,-1.3853300000000002,0
CCC1=NC(=N)N=N1,110.12,2,1,1,1,4,60.93,1.19547,0
CCN1COC(=O)C1=O,129.11499999999998,3,0,1,1,4,46.61,-0.6508,0
Cn1c(=N)ncoc1=N,126.11899999999999,5,2,0,1,5,78.66,-1.0279600000000002,0
N=C1CNC(=N)OCN1,128.135,3,4,0,1,5,80.99000000000001,-0.9346600000000005,0
N=C1OCC(=O)C(=N)O1,128.087,5,2,0,1,5,83.23,-0.48566000000000015,0
NCc1n[nH]c(C=O)n1,126.11899999999997,4,2,2,1,5,84.66,-0.9241000000000004,0
Nc1cc(N)c(=O)on1,127.10300000000001,5,2,0,1,5,95.14,-0.8008,0
N=Cn1c(N)nnc1CO,141.13400000000001,6,3,2,1,6,100.81,-1.1922300000000001,0
N=Cn1c(N)cnc1N,125.135,5,3,1,1,5,93.71,-0.49733,0
CC1(N)NC(=O)CO1,116.11999999999999,3,2,0,1,4,64.35,-1.2347999999999995,1
NC(=O)CN1N=C1N,114.108,4,2,2,1,5,84.48,-1.9829999999999997,0
Cc1nc(C=O)oc1CO,141.12599999999998,4,1,2,1,4,63.33,0.28782,0
COC1=NC(=N)N=C1N,126.11900000000001,3,2,0,1,5,83.82,-0.66313,0
Nc1n[nH]c(C=O)c1O,127.10299999999997,4,3,1,1,5,92.0,-0.4900000000000003,0
COc1cnc(=O)oc1,127.09899999999998,4,0,1,1,4,52.33,0.04339999999999988,0
CN1COC(=N)OC1=N,129.119,4,2,0,1,5,69.4,-0.20796000000000003,0
N=C1C=NC(=N)N1O,112.092,3,3,0,1,5,83.53,-0.32595999999999997,0
N=C1CNC(C=O)CO1,128.13099999999997,4,2,1,1,4,62.18000000000001,-0.8490300000000004,1
N=C1OC(CO)=NC1=O,128.087,4,2,1,1,5,82.74000000000001,-1.0887300000000002,0
N=C1NC=NC(C=O)O1,127.10299999999998,4,2,1,1,5,74.54,-0.9057300000000001,1
N=Cc1ncnc(N)n1,123.11900000000001,5,2,1,1,5,88.54,-0.5485300000000002,0
COC1=NN=C(N)C1=O,127.103,5,1,0,1,5,77.03999999999999,-1.1138000000000001,0
COc1cnc(=N)[nH]n1,126.119,4,2,1,1,5,74.65,-0.7072300000000002,0
N=CN1OCCNC1=N,128.13500000000002,3,3,1,1,5,72.20000000000002,-0.6349600000000002,0
N=CC1OCOC(=N)O1,130.103,5,2,1,1,5,75.39,-0.08225999999999994,1
COC1=NC(N)=NC1=N,126.11900000000001,4,2,0,1,5,83.82,-0.66313,0
N=CN1C(=NO)C1CN,128.135,4,3,2,1,5,85.47,-0.97593,1
NC1=NC(C=O)=NC1=O,125.08699999999997,4,1,1,1,5,84.88,-1.5188,0
Nc1cc(N)n(C=O)n1,126.11900000000001,5,2,1,1,5,86.92999999999999,-0.9142000000000001,0
COC(N)c1c[nH]nn1,128.135,4,2,2,1,5,76.82,-0.5915999999999999,1
N=C1C=C(N)OC1=N,111.104,4,3,0,1,4,82.95000000000002,-0.18625999999999998,0
N=C1NCC(=O)C(=N)O1,127.103,4,3,0,1,5,86.03000000000002,-0.9126600000000002,0
NN=C1N=CC=NC1=O,124.10299999999998,3,1,0,1,5,80.16999999999999,-1.0596,0
N=CN1CC(=O)OCO1,130.10299999999998,4,1,1,1,5,62.620000000000005,-0.65863,0
Cc1n[nH]c(=O)c(=O)o1,128.087,4,1,0,1,5,75.96000000000001,-0.96848,0
C#CCN1N=COCO1,126.11499999999998,4,0,1,1,4,34.06,-0.2158,0
N=C1OC(=O)C=C1N,112.088,4,2,0,1,4,76.17,-0.63693,0
CN=C1N=CN=C1N,110.12,3,1,0,1,4,63.099999999999994,-0.5861999999999998,0
N=C1OC(OC=O)C1=O,129.071,5,1,2,1,5,76.45,-0.9379300000000002,1
Nc1ncc(C=O)nc1N,138.12999999999997,5,2,1,1,5,94.89,-0.5465000000000002,0
COC1=NOC(=N)C1=O,128.087,5,1,0,1,5,71.74000000000001,-0.47713,0
NC1=C(N)C(=O)C=N1,111.10399999999998,4,2,0,1,4,81.47,-1.2736000000000003,0
NC1=CC(=O)N=C1N,111.10400000000001,3,2,0,1,4,81.47,-1.2736000000000003,0
NC(=O)C1=NC(O)=N1,113.076,3,2,1,1,5,88.04,-1.2022000000000002,0
NC(=O)c1cn[nH]c1N,126.119,3,3,1,1,5,97.79,-0.9092000000000005,0
CNCC1=NC(=N)N=N1,125.135,3,2,2,1,5,72.96000000000001,0.004869999999999819,0
CC1N=NC(=N)OC1=N,126.11899999999999,4,2,0,1,5,81.65,0.7693399999999999,1
Nc1nc[nH]c1N=C=O,124.10299999999998,4,2,1,1,5,84.13,-0.04080000000000006,0
NC(O)C1=NC(=O)C=N1,127.103,4,2,1,1,5,88.04,-1.7269999999999994,1
CC1=NC(=N)N=C1O,111.10399999999998,1,2,0,1,4,68.8,0.3521700000000001,0
Cn1ncc(=O)[nH]c1=O,127.103,4,1,0,1,5,67.75,-1.5314000000000003,0
CN=C1C=NC(C=N)=N1,122.13099999999999,3,1,1,1,4,60.93,0.14716999999999997,0
CN=C(O)C1=NN=C1,111.104,3,1,1,1,4,57.31,0.013100000000000056,0
NC1=CC(=O)C(=O)O1,113.07199999999999,4,1,0,1,4,69.39,-1.0876000000000001,0
COC1=NC(=N)C(CN)=N1,140.14600000000002,4,2,1,1,5,83.82,-0.6206299999999998,0
N=C1N=CC(=O)C(N)=N1,124.10300000000001,3,2,0,1,5,91.66,-1.06813,0
N=C1COC(=O)NCO1,130.103,4,2,0,1,5,71.41,-0.3224300000000002,0
CNc1ncc(=O)[nH]n1,126.11899999999999,4,2,1,1,5,70.67,-0.7934000000000003,0
N=C1NCC(=O)OCO1,130.103,4,2,0,1,5,71.41000000000001,-0.9583300000000001,0
CNC1=NOC1=NC=C=O,139.11399999999998,5,1,1,1,5,63.050000000000004,-0.7067000000000001,0
O=CNC1=NC=NC1=O,125.08699999999999,3,1,1,1,5,70.89,-1.3006000000000002,0
N=C1OCOC(=N)C1=N,127.103,5,3,0,1,5,90.00999999999999,-0.034989999999999966,0
N=CN1C(=O)OC1=NO,129.075,5,2,1,1,6,85.98,-0.20912999999999998,0
COC1=NC(=N)C(N)=N1,126.11900000000001,4,2,0,1,5,83.82,-0.6631300000000002,0
CC(=O)c1n[nH]nc1N,126.11900000000001,4,2,1,1,5,84.66,-0.41050000000000003,0
N=C1OCC(=O)OC1=N,128.087,5,2,0,1,5,83.22999999999999,-0.48566000000000015,0
N=CC1=NC(=O)C(N)=N1,124.10300000000001,4,2,1,1,5,91.66,-1.06813,0
CN=C1NC(=O)NC1=O,127.10299999999998,3,2,0,1,5,70.56,-1.1459000000000001,0
N=C1NCC(C(=N)O)O1,129.119,3,4,1,1,5,89.19000000000001,-0.5551600000000001,1
N=C1NCC(=O)C(=N)O1,127.103,4,3,0,1,5,86.03000000000002,-0.9126600000000002,0
N=C1CNCOC(=O)O1,130.10299999999998,5,2,0,1,5,71.41,-0.3224300000000002,0
COC1=NNC(=N)C1=N,126.11899999999999,4,3,0,1,5,81.32,-0.45346000000000036,0
CC1=NC(=N)C(CO)=N1,125.13099999999999,3,2,1,1,4,68.8,-0.17103000000000002,0
N=C1NCN(C=O)CCO1,143.146,3,2,1,1,5,65.42,-1.04313,0
N=C1C=NN=C1NC=O,124.10299999999998,4,2,1,1,5,77.67,-0.8499300000000003,0
N=c1[nH]c(=O)[nH]c(=O)o1,129.075,4,3,0,1,6,102.71,-1.8643299999999998,0
CC(=O)n1cnc(O)n1,127.103,5,1,0,1,5,68.01,-0.3562,0
N=C1COCOC(=O)N1,130.103,4,2,0,1,5,71.41,-0.32242999999999994,0
COc1noc(=O)c(N)n1,143.102,6,1,1,1,6,91.24000000000001,-0.9794000000000003,0
N#CCOC1=NC(=N)O1,125.08699999999999,4,1,1,1,5,78.46,-0.15245000000000003,0
N=C1CC(=O)OCON1,130.10299999999998,4,2,0,1,5,71.41000000000001,-0.6107300000000002,0
NC(=O)c1cnc(N)o1,127.103,4,2,1,1,5,95.14,-0.6443000000000001,0
CN=C1OCC(O)C1=N,128.131,4,2,0,1,4,65.67,-0.57443,1
N=C1COC1=NCO,114.104,4,2,1,1,4,65.67,-0.6153300000000002,0
CNc1n[nH]nc1C=O,126.11899999999999,4,2,2,1,5,70.67,-0.34110000000000035,0
CC1=NC(=N)N=C1N,110.12,2,2,0,1,4,74.59,-0.24712999999999996,0
N=C1OC=NCNC1=O,127.103,4,2,0,1,5,74.53999999999999,-0.9041300000000003,0
CC1=NC(=N)N=C1N,110.12,2,2,0,1,4,74.59,-0.24712999999999996,0
CC1=NC(=N)OC1=N,111.10399999999998,3,2,0,1,4,69.28999999999999,0.38954000000000005,0
Cc1noc(=O)n1C=N,127.103,5,1,1,1,5,71.88,-0.40011000000000013,0
N=C1COC(=N)C(O)N1,129.119,4,4,0,1,5,89.19,-1.1208600000000002,1
NC(=O)NC1=CN=C1O,127.10299999999998,2,3,1,1,5,87.71000000000001,-0.5338,0
NC(=O)C1=NC=C1N,111.104,3,2,1,1,4,81.47,-1.2736000000000003,0
Nn1c(C=O)cnc1CO,141.13,5,2,2,1,5,81.14,-1.0983000000000005,0
Cc1nc(OC=O)c[nH]1,126.11499999999997,3,1,2,1,4,54.98,0.2533199999999998,0
O=C1COC(=O)C(=O)C1,128.08299999999997,4,0,0,1,4,60.440000000000005,-0.9285000000000001,0
N=C1NC(=O)C(=O)CO1,128.087,4,2,0,1,5,79.25000000000001,-1.36333,0
N=c1ncc(N)c(O)o1,127.103,5,3,0,1,5,96.13000000000001,-0.5581300000000001,0
CC(O)C1=NNC1=O,114.104,3,2,1,1,4,61.690000000000005,-1.1470000000000002,1
CN=C1C=NC(N)=[N+]1[O-],126.119,4,1,0,1,5,76.80999999999999,-1.0758999999999999,0
N=CN1OCCNC1=O,129.119,3,2,1,1,5,65.42000000000002,-0.4497299999999999,0
N#Cc1noc(N)n1,110.07600000000001,5,1,0,1,5,88.73,-0.47652,0
N=c1nncc(C=O)o1,125.08699999999997,5,1,1,1,5,79.84,-0.6384300000000003,0
N=CNC1=NC=NC1=N,123.119,3,3,1,1,5,84.45,-0.3992599999999999,0
N=C(O)C1=CN=C1N,111.104,3,3,1,1,4,82.46,-0.22362999999999988,0
N=CC1=NC(=N)C=C1N,122.131,3,3,1,1,4,86.08,-0.08955999999999997,0
N#CCc1noc(=N)o1,125.08699999999999,5,1,1,1,5,86.81,-0.18685000000000002,0
N=COc1c[nH]nc1N,126.119,4,3,2,1,5,87.78,-0.022230000000000028,0
CC1=NC(=N)OC1=N,111.10399999999998,3,2,0,1,4,69.28999999999999,0.38954000000000005,0
CC(=N)CC1=NN=C1O,125.131,3,2,2,1,4,68.8,0.74227,0
N=CN1CC(=O)C(=N)O1,127.10299999999998,4,2,1,1,5,77.24000000000001,-0.61296,0
CNC1=NNC(=O)C1=N,126.11899999999999,4,3,0,1,5,77.34,-1.3311299999999993,0
CC1=NN1C(=N)C#N,108.104,3,1,0,1,4,63.01,0.13624999999999998,0
NC(=O)C1C=NNN=N1,127.10700000000001,5,2,1,1,6,92.2,-1.2034999999999996,1
O=C1C=NC(CO)=N1,112.088,3,1,1,1,4,62.019999999999996,-1.0118,0
CC(N)C1=NC(=O)C=N1,125.13099999999999,3,1,1,1,4,67.81,-0.6569,1
NC1=CC(=O)N=C1N,111.10400000000001,3,2,0,1,4,81.47,-1.2736000000000003,0
COc1nc(=O)c1=N,112.088,4,1,1,1,4,63.04,-1.19453,0
N=C1N=C(N)C(=O)O1,113.076,4,2,0,1,5,88.53000000000002,-1.16483,0
N=C1OCC(=O)C(=N)O1,128.087,5,2,0,1,5,83.23,-0.48566000000000015,0
O=CC1C(=NCO)N1O,130.103,4,2,2,1,5,72.89999999999999,-1.3930000000000002,1
CNc1nnc(=O)on1,128.09099999999998,6,1,1,1,6,80.91000000000001,-1.1335000000000002,0
O=Cc1nc(CO)no1,128.087,5,1,2,1,5,76.22,-0.6256000000000002,0
CN=C1N=CC(N)=[N+]1[O-],126.119,3,1,0,1,5,76.80999999999999,-1.0758999999999999,0
Cn1cnoc1=NCO,129.119,5,1,1,1,5,63.55,-1.1364,0
NCC(=O)C(=O)C1=NO1,128.087,5,1,3,1,5,85.05000000000001,-1.5729999999999995,0
Cn1nc(CO)c(=N)o1,129.119,5,2,1,1,5,75.03999999999999,-1.01513,0
NC(=O)C1=CN=C1O,112.08799999999998,2,2,1,1,4,75.68,-0.6742999999999999,0
CC(=O)C1=NC(N)=N1,111.10400000000001,4,1,1,1,4,67.81,-0.6978,0
N=Cc1ncnnc1N,123.11900000000001,5,2,1,1,5,88.54,-0.5485300000000002,0
O=CC1OCNC(=O)O1,131.087,4,1,1,1,5,64.63,-0.7747000000000002,1
Nc1ncc(C=O)n1N,126.119,5,2,1,1,5,86.92999999999999,-1.0084000000000004,0
N=C1NCCOC(=N)O1,129.119,4,3,0,1,5,78.19000000000001,-0.50766,0
COC1=NNC(=N)C1=N,126.11899999999999,4,3,0,1,5,81.32,-0.45346000000000036,0
CCOC1=NC(=N)N=N1,126.11900000000001,3,1,1,1,5,70.16,0.7794700000000001,0
NCC1=NC(=O)N=C1N,126.119,3,2,1,1,5,93.83,-1.1231,0
COC1=NN=C1NC=O,127.10299999999998,4,1,1,1,5,63.050000000000004,-0.8956000000000002,0
N=C1OC(=O)NC1=O,114.05999999999999,4,2,0,1,5,79.25,-0.7699300000000002,0
N=C1OCN=C1CN,113.12,4,2,1,1,4,71.46,-0.64893,0
N=C1COC(=N)C(=O)N1,127.103,4,3,0,1,5,86.03,-0.9126600000000002,0
N=Cn1c(=N)cn[nH]c1=N,138.134,5,4,1,1,6,105.16,-1.3746900000000004,0
O=CC1=NC(CO)=NCO1,142.114,5,1,2,1,5,71.25,-1.0377,0
N=CN1COC(=O)C(=N)O1,143.10199999999998,5,2,1,1,6,86.47000000000001,-0.6813600000000004,0
N=c1cc(N)n(C=O)o1,127.103,5,2,1,1,5,85.01,-0.8189300000000002,0
N=CN1C=NC(=O)OC1,127.10299999999998,3,1,1,1,5,65.75,0.031470000000000053,0
CC1OC(=N)OC1=N,114.10399999999998,4,2,0,1,4,66.16,0.3337399999999999,1
N=C1N=CN=C1N,96.093,3,2,0,1,4,74.59,-0.63723,0
N=C1COC(=O)CO1,115.088,4,1,0,1,4,59.379999999999995,-0.46293000000000006,0
CC(O)C1=C(N)N=N1,113.12000000000002,4,2,1,1,4,70.97,-0.03919999999999996,1
N=CN1CC(=O)OC1=O,128.087,4,1,1,1,5,70.46000000000001,-0.42772999999999994,0
O=CC1=C(O)OC1=NO,129.071,5,2,1,1,5,79.12,-0.22720000000000007,0
O=C1C=NC(O)=C1F,115.06299999999999,3,1,0,1,4,49.66,0.33649999999999997,0
Cn1nc(C=O)c(=O)[nH]1,127.10299999999998,4,1,1,1,5,67.75,-1.0791000000000002,0
NC1=NC(=O)C(=O)N=C1,125.08699999999997,3,1,0,1,5,84.88,-1.5188,0
N=C1C=NC(NC=O)=N1,124.103,3,2,1,1,5,77.67,-0.8499300000000001,0
Nc1cn[nH]c(=O)n1,112.092,4,2,0,1,5,84.66,-1.2529000000000001,0
N=C1NC(=O)COC1=N,127.103,4,3,0,1,5,86.03,-0.9126600000000002,0
N=C1NC=C(O)NCO1,129.119,4,4,0,1,5,77.37,-0.5550300000000001,0
CC(O)C1=NN=C1CO,128.131,4,2,2,1,4,65.18,-0.8299000000000003,1
N=C1COC(=N)OCO1,130.103,5,2,0,1,5,75.39,-0.08066000000000012,0
N#Cc1nc(O)no1,111.05999999999999,5,1,0,1,5,82.94,-0.3531200000000001,0
N=Cn1c(N)n[nH]c1=O,127.107,5,3,1,1,6,100.54999999999998,-1.3912300000000002,0
Cc1nn[nH]c(=O)n1,112.09199999999998,4,1,0,1,5,71.53,-1.1316800000000002,0
N=C1N=C(N)N=C1F,114.08300000000001,3,2,0,1,5,74.59,-0.3400299999999998,0
CN=c1ncoc(=O)o1,128.087,5,0,0,1,5,68.6,-0.8417000000000001,0
Cn1nc(N)nc1N,113.12400000000002,5,2,0,1,5,82.75,-1.0204999999999995,0
N=C1OCC(=N)C(=O)O1,128.087,5,2,0,1,5,83.23,-0.48566000000000015,0
Cc1nc(=O)onc1N,127.103,5,1,0,1,5,82.01,-0.6795800000000001,0
N=C1OC(CN)=NC1=O,127.10300000000001,4,2,1,1,5,88.53,-1.1223300000000003,0
N#CCC1=NN=C1N,108.10400000000001,4,1,1,1,4,74.53,-0.37311999999999984,0
NC1=NC(=O)C(C=O)=N1,125.08699999999997,4,1,1,1,5,84.88,-1.5188,0
O=CCNC1=NOC1=O,128.087,5,1,2,1,5,67.75999999999999,-1.3548,0
Nc1conc1C=NCO,141.13000000000002,5,2,2,1,5,84.64,-0.3745,0
N=C1OC=NC1C(=O)O,128.087,4,2,1,1,5,82.74,-0.5246300000000002,1
CC(=O)NC1=NC=N1,111.104,3,1,0,1,4,53.82,-0.4796,0
Cc1c[nH]c(OC=O)n1,126.115,3,1,2,1,4,54.980000000000004,0.25331999999999993,0
O=Cc1nnc(CO)[nH]1,127.10299999999998,4,2,2,1,5,78.87,-0.8905000000000001,0
N=C1OC=NC(=O)CO1,128.087,4,1,0,1,5,71.74,-0.47713000000000005,0
N=C1OCN=CNC1=O,127.10299999999998,4,2,0,1,5,74.53999999999999,-0.9041300000000003,0
O=CC1CC(=O)NC1=O,127.09899999999999,3,1,1,1,4,63.24,-1.1520000000000001,1
N=C1COC(=N)C(=O)O1,128.087,5,2,0,1,5,83.23,-0.48566000000000015,0
CC(=N)n1ncn1C=O,126.11899999999999,5,1,1,1,5,63.67,-0.43183000000000016,0
N=CNc1oncc1N,126.119,4,3,2,1,5,87.93,0.27577,0
COC1=NC(=N)NC1=O,127.103,3,2,0,1,5,74.53999999999999,-0.9041300000000003,0
Cc1noc(=N)c(N)n1,126.11900000000001,5,2,0,1,5,88.79,-0.5603100000000001,0
N=C1N=CN=C1C=O,109.08799999999998,3,1,1,1,4,65.64,-0.35453,0
COc1n[nH]c(=N)n1N,129.123,5,3,1,1,6,92.71,-1.5869299999999997,0
N=C(N)c1cnc(N)o1,126.119,4,3,1,1,5,101.92,-0.45912999999999976,0
N=C1NCC(=O)NCCO1,143.14600000000002,3,3,0,1,5,74.21000000000001,-1.3428300000000002,0
N=Cn1c(N)noc1=O,128.091,6,2,1,1,6,97.9,-1.1263300000000003,0
Nc1cnc(COC=O)nn1,154.129,6,1,3,1,6,90.99000000000001,-0.8732000000000002,0
Cc1nnc(N)n1C=O,126.119,5,1,1,1,5,73.8,-0.7929800000000002,0
N=CN1CC(C(=N)O)N1,128.135,3,4,2,1,5,83.2,-0.6824599999999998,1
COc1ncc(N)nn1,126.11900000000001,5,1,1,1,5,73.92,-0.5376000000000003,0
CC(O)C1=C(N)C=N1,112.132,3,2,1,1,3,58.61,-0.3781000000000001,1
NC(=O)Oc1c[nH]cn1,127.103,3,2,1,1,5,81.00000000000001,-0.13279999999999997,0
CC1=NC(=O)C(CO)=N1,126.11499999999998,3,1,1,1,4,62.019999999999996,-0.6217000000000001,0
Cn1cc(CN)n1CO,129.16300000000004,4,2,2,1,4,56.11,-0.7649000000000004,0
COC(=O)c1cnon1,128.087,5,0,1,1,5,65.22,-0.14380000000000015,0
N=C1CNC(=O)N=CN1,126.11899999999999,2,3,0,1,5,77.34,-0.6952300000000002,0
N=Cn1c(N)c[nH]c1=O,126.11899999999999,4,3,1,1,5,87.66,-0.78623,0
CNC1=NN=C1C(C)=O,125.13099999999999,4,1,1,1,4,53.82,-0.43710000000000004,0
N=C1CC(=O)OC(=N)O1,128.087,5,2,0,1,5,83.23,-0.13806000000000002,0
N=C1NCC(=O)OC1=N,127.103,4,3,0,1,5,86.03,-0.9126600000000002,0
N#Cc1noc(C=N)n1,122.08699999999999,5,1,1,1,5,86.56,-0.06104999999999999,0
N=c1ncnc(C=O)[nH]1,124.10299999999998,4,2,1,1,5,82.49000000000001,-0.90333,0
CN=C1N=NC(N)=N1,111.108,3,1,0,1,5,75.46,-0.24729999999999996,0
NCC(=O)C1=NN=N1,112.09200000000001,5,1,2,1,5,80.17,-0.7065000000000001,0
CC1=NN=C(N)C1=O,111.104,4,1,0,1,4,67.81,-0.6978,0
COc1n[nH]c(=N)n1O,130.107,5,3,1,1,6,86.92,-1.06343,0
N=C1N=C(CN)OC1=O,127.103,4,2,1,1,5,88.53,-1.1223299999999998,0
CC1(O)CC(N)=NC=N1,127.14700000000002,4,2,0,1,4,70.97,-0.5159,1
N=CN1OCNC1C=O,129.119,4,2,2,1,5,65.42000000000002,-1.0872300000000001,1
N=C1OC(CN)=NC1=O,127.10300000000001,4,2,1,1,5,88.53,-1.1223300000000003,0
CN=C1C=NN=C1N,110.12,4,1,0,1,4,63.099999999999994,-0.5862,0
N=CN1C=NC(=O)CN1,126.11899999999999,3,2,1,1,5,68.55,-1.03143,0
Nc1cc(O)n(C=O)n1,127.103,5,2,1,1,5,81.14,-0.7908000000000002,0
CCOC1=NC(=O)NC1=N,141.13,3,2,1,1,5,74.53999999999999,0.12187000000000014,0
N#CC(N)n1ccn1N,125.13499999999999,5,2,1,1,5,85.69,-1.0157200000000004,1
NC1=CN=C(N)C1=O,111.104,4,2,0,1,4,81.47,-1.2735999999999998,0
N=C1N=C(N)C=C1CN,124.147,3,3,1,1,4,88.25,-0.7804299999999997,0
CC1=NC(NC#N)=N1,108.104,4,1,0,1,4,60.54,-0.15492,0
N#CC1CNN(C=N)C=N1,137.146,4,2,1,1,5,75.27000000000001,-0.66585,1
O=CC1NCOC(=O)N1,130.103,4,2,1,1,5,67.42999999999999,-1.2017000000000002,1
N=C1OCC(N)C(=N)O1,129.119,5,3,0,1,5,92.17999999999999,-0.72746,1
N=CN1OCNC1C=O,129.119,4,2,2,1,5,65.42000000000002,-1.0872300000000001,1
CN=c1nc(O)c1=O,112.08799999999998,4,1,0,1,4,62.550000000000004,-1.4465000000000001,0
Cc1nc(=O)[nH]nc1N,126.119,4,2,0,1,5,84.66,-0.9444800000000002,0
N=CN1CC(=O)OC(=N)N1,142.118,4,3,1,1,6,89.27000000000001,-1.10836,0
COC1=NC(N)=NC1=N,126.11900000000001,4,2,0,1,5,83.82,-0.66313,0
N=C1N=C(C(=N)N)O1,112.092,3,3,1,1,5,95.31,-0.7141600000000001,0
N=C1NC(C=O)OC1=O,128.087,4,2,1,1,5,79.25,-1.3649300000000002,1
N=CC(N)c1ncno1,126.119,5,2,2,1,5,88.79,-0.28103000000000006,1
CN=C1NC(=O)N=C1N,126.119,3,2,0,1,5,79.84,-0.9049,0
N#CCOc1nnc(N)[nH]1,139.11800000000002,5,2,2,1,6,100.60999999999999,-0.7107200000000002,0
N=C1N=C(N)C(C=O)=N1,124.103,3,2,1,1,5,91.66000000000001,-1.06813,0
N=C1N=C(N)N=C1C=O,124.103,4,2,1,1,5,91.66,-1.06813,0
N#CC(N)c1ncn[nH]1,123.119,4,2,1,1,5,91.38,-0.6719200000000001,1
NC1=NN=C1C=NCO,126.11899999999999,5,2,2,1,5,83.33,-1.2662000000000002,0
N=CN=C1OC(=O)O1,114.05999999999997,4,1,1,1,5,71.74,0.11626999999999998,0
N=C1COC(=N)C(O)N1,129.119,4,4,0,1,5,89.19,-1.1208600000000002,1
N=C1N=C(CCO)N=C1N,140.146,4,3,2,1,5,94.82,-0.88463,0
C#CC1NC(=N)C(=O)O1,124.09899999999999,3,2,0,1,4,62.18000000000001,-0.9306300000000001,1
N=CN1CNC(C=O)O1,129.11899999999997,4,2,2,1,5,65.42,-1.0872300000000001,1
N=Cc1nncn1C=N,123.11899999999999,5,2,2,1,5,78.41,-0.26906000000000024,0
N#CC(=O)C1=NN=C1O,123.071,4,1,1,1,5,85.81,-0.5948200000000001,0
NC1N=COC(=O)C1=O,128.087,5,1,0,1,5,81.75,-1.5746000000000002,1
N=C1OCCOC(=N)O1,130.103,5,2,0,1,5,75.39,-0.0806599999999999,0
Cc1noc(=O)n1CO,130.103,5,1,1,1,5,68.26,-0.9054800000000001,0
N=C1CON(O)C(=O)O1,132.075,5,2,0,1,6,82.85000000000001,-0.26333,0
N=C(N)C1=NOC1=N,112.092,4,3,1,1,5,95.31,-0.7141600000000001,0
N=c1cnc(N)[n+]([O-])[nH]1,127.10700000000001,4,3,0,1,6,105.49000000000001,-1.8952299999999997,0
O=C1CN=CNC(=O)O1,128.087,4,1,0,1,5,67.76,-0.7188999999999999,0
CC(O)C1=NC(=N)O1,114.104,3,2,1,1,4,65.67,-0.26933000000000007,1
CC(=NO)C1=NNC1=N,126.119,4,3,1,1,5,80.83000000000001,-0.22703000000000018,0
C#Cc1nnc(=O)[nH]n1,122.08699999999999,4,1,0,1,5,71.53,-1.4588,0
CNC1=NC(=O)OC1=O,128.087,4,1,0,1,5,67.75999999999999,-0.7189000000000001,0
Cc1n[nH]c(=O)c(=N)o1,127.10299999999998,4,2,0,1,5,82.74,-0.8492100000000002,0
C#CC1=C(N)N=NC1=O,121.09899999999999,3,1,0,1,4,67.81,-0.2176999999999999,0
N=C1OC(O)C=NC1=O,128.087,4,2,0,1,5,82.74000000000001,-1.0903300000000002,1
Nc1[nH]c(=O)oc1CO,130.103,4,3,1,1,5,92.25000000000001,-0.9576000000000002,0
Nc1cnc(=O)[nH]c1O,127.10299999999998,4,3,0,1,5,92.0,-0.9423000000000001,0
CC1=NC(=O)C(O)=N1,112.08799999999998,2,1,0,1,4,62.019999999999996,-0.09849999999999998,0
N=C1C(N)=NN=C1CO,126.11899999999999,5,3,1,1,5,94.82000000000001,-1.2747300000000004,0
N=C(N)C1N=CC(N)=N1,125.135,4,3,1,1,5,100.61,-1.30993,1
N=C1CN=COC(=N)O1,127.10299999999998,5,2,0,1,5,78.52,-0.026460000000000095,0
COC1=NC(=N)N1C=O,127.103,3,1,1,1,5,65.75,-0.6044300000000002,0
N=C1COC(=N)C(=N)O1,127.103,5,3,0,1,5,90.01,-0.034989999999999966,0
N=C1N=C(C=O)N1O,113.07599999999998,3,2,1,1,5,76.75,-0.7766300000000002,0
N=c1[nH]c(=N)n(C=O)o1,128.091,5,3,1,1,6,98.63000000000001,-1.5935599999999994,0
Nc1nc(F)nnc1C=O,142.093,5,1,1,1,6,81.75999999999999,-0.5946000000000002,0
COc1cnc(=N)on1,127.103,5,1,1,1,5,72.0,-0.44233000000000006,0
COC1=NC(=N)N=C1CN,140.146,3,2,1,1,5,83.82,-0.62063,0
CN=C1C=NN=C1N,110.12,4,1,0,1,4,63.099999999999994,-0.5862,0
CC1=NOC(=N)C1=O,112.088,4,1,0,1,4,62.51,-0.06112999999999996,0
N#CC1=NC(N)=C1N,108.10400000000001,4,2,0,1,4,88.19,-0.94892,0
N#CCc1n[nH]nc1N,123.11900000000001,4,2,1,1,5,91.38,-0.5470200000000003,0
CNC(=O)c1nnc[nH]1,126.119,3,2,1,1,5,70.67,-0.8357000000000003,0
CC(=O)c1n[nH]nc1N,126.11900000000001,4,2,1,1,5,84.66,-0.41050000000000003,0
CCC1=C(O)C(=O)N=N1,126.11499999999998,3,1,1,1,4,62.019999999999996,1.1584,0
CN=C1OC(N)=NC1=O,127.10300000000001,4,1,0,1,5,77.03999999999999,-1.1138000000000001,0
CC(=O)c1nn[nH]n1,112.09200000000001,4,1,1,1,5,71.53,-0.5977000000000001,0
N=COCC1=NOC1=N,127.103,5,2,3,1,5,78.52000000000001,-0.026460000000000095,0
N#CCC1=CC(=O)N1O,124.09899999999998,3,1,1,1,4,64.33,0.015380000000000005,0
O=C1C=C(O)N=C1O,113.07199999999999,3,2,0,1,4,69.89,-0.07500000000000007,0
Nc1cnoc1C=O,112.08799999999998,4,1,1,1,4,69.12,0.06930000000000014,0
COC1=NC(N)=NC1=O,127.10300000000001,4,1,0,1,5,77.03999999999999,-1.1138000000000001,0
N=c1cnc(O)c(N)o1,127.103,5,3,0,1,5,96.13,-0.5581300000000002,0
Nc1cncnc1C=O,123.11499999999998,4,1,1,1,4,68.87,-0.12869999999999976,0
N=COC1C(=N)NC1=O,127.103,4,3,2,1,5,86.03,-0.9142600000000003,1
N=C1NCCOC(=N)O1,129.119,4,3,0,1,5,78.19000000000001,-0.50766,0
CC(=O)C1=NC(=O)N1,112.088,2,1,1,1,4,58.53,-0.3028999999999999,0
CC1=NC(=N)C(N)=N1,110.12,3,2,0,1,4,74.59,-0.24712999999999996,0
N=CC1=CN=NC1=N,108.104,3,2,1,1,4,72.42,0.9629399999999999,0
N=C1OC(C=O)NC1=O,128.087,4,2,1,1,5,79.25,-1.3649300000000002,1
N=C1OCC(C(=N)O)O1,130.10299999999998,4,3,1,1,5,86.39,-0.12816000000000005,1
CNC(=N)c1nc[nH]n1,125.135,3,3,1,1,5,77.45,-0.6505300000000005,0
N=CN1CC(=O)OC1=N,127.10299999999998,4,2,1,1,5,77.24000000000001,-0.61296,0
Cc1nc(=O)[nH]n1N,114.108,4,2,0,1,5,76.7,-1.4063799999999995,0
NC1=NC(=O)NC1=O,113.07599999999998,3,2,0,1,5,84.54999999999998,-1.4066,0
NC(=O)C1N=CC(N)=N1,126.119,4,2,1,1,5,93.83,-1.7605999999999993,1
N=CN1NC1C(=O)O,115.09199999999997,3,3,2,1,5,86.10000000000001,-1.17563,1
N=CN1CONC1=O,115.09199999999998,3,2,1,1,5,65.42000000000002,-0.4922299999999999,0
CN=C1NC(N)=NC1=O,126.119,3,2,0,1,5,79.84,-1.5408,0
NC1=CC(=O)N=C1O,112.088,2,2,0,1,4,75.68,-0.6742999999999999,0
CNC1=NC(=CO)ON=C1,141.12999999999997,5,2,0,1,5,66.21000000000001,-0.022799999999999987,0
N=C1NC=CNC(=O)N1,126.119,2,4,0,1,5,77.01,-0.7052300000000002,0
CN=C1OC(=N)COC1=N,141.13,5,2,0,1,5,78.52000000000001,0.016040000000000165,0
COc1cn[nH]c(=N)n1,126.119,4,2,1,1,5,74.65,-0.70723,0
CN1C=NC(N)=CN1N,127.15100000000001,5,2,0,1,5,70.88,-1.1915999999999995,0
Cc1onnc1NC#N,124.103,5,1,1,1,5,74.74000000000001,0.27099999999999985,0
CC(=N)N1COC1=O,114.10399999999998,3,1,0,1,4,53.39000000000001,0.39327,0
N=C1CNC(=O)N(C=O)O1,143.10199999999998,4,2,1,1,6,82.49000000000001,-0.9231300000000002,0
C#CCn1oncc1=N,123.11499999999998,4,1,1,1,4,54.81,-0.41123000000000015,0
N=Cn1[nH]c(=O)[nH]c1=O,128.09099999999998,4,3,1,1,6,94.5,-1.6801300000000001,0
CC(O)c1cnnn1C=N,140.14600000000002,5,2,2,1,5,74.79,-0.21342999999999995,1
CC(=O)NC1COC(=N)N1,143.14600000000002,3,3,1,1,5,74.21,-0.9968299999999999,1
CC(=O)c1n[nH]nc1N,126.11900000000001,4,2,1,1,5,84.66,-0.41050000000000003,0
CC(=O)c1nc(O)n[nH]1,127.103,4,2,1,1,5,78.87,-0.2871000000000001,0
CC(=O)Cc1nn[nH]n1,126.11900000000001,4,1,2,1,5,71.53,-0.6688000000000003,0
NCc1oc(=O)cnc1N,141.12999999999997,5,2,1,1,5,95.14,-0.9243000000000003,0
CNC1=NN=C1C=O,111.10399999999998,4,1,1,1,4,53.82,-0.8272000000000002,0
N=C1N=C(N)N=C1C=O,124.103,4,2,1,1,5,91.66,-1.06813,0
O=c1cn[nH]c(=O)n1O,129.07500000000002,5,2,0,1,6,87.98,-1.8311000000000002,0
N=C1CC(=O)OCNCO1,144.12999999999997,5,2,0,1,5,71.41000000000001,-0.5682300000000002,0
CNC1=NN=C1NC=O,126.11899999999999,4,2,1,1,5,65.85,-1.3226000000000002,0
NCc1n[nH]c(C=O)n1,126.11899999999997,4,2,2,1,5,84.66,-0.9241000000000004,0
N=C1OC=NC(O)CO1,130.10299999999998,5,2,0,1,5,74.9,-0.68533,1
NC1=CC(=O)OC1=O,113.07199999999999,4,1,0,1,4,69.39000000000001,-1.0876000000000001,0
CN=C1OCOC(=N)O1,130.103,5,1,0,1,5,63.900000000000006,-0.07212999999999997,0
O=c1ncc(CO)n[nH]1,127.103,4,2,1,1,5,78.87,-1.3428000000000002,0
C#CC(=O)n1cncn1,121.09899999999999,4,0,0,1,4,47.78,-0.4484999999999999,0
N=C1COC(=N)OCO1,130.103,5,2,0,1,5,75.39,-0.08066000000000012,0
N=CN1C=CNC(=O)N1,126.11899999999999,2,3,1,1,5,68.22,-0.4055300000000001,0
N=C1NC(=O)C(C=O)O1,128.087,4,2,1,1,5,79.25000000000001,-1.3649300000000002,1
O=Cc1n[nH]c(O)n1,113.07599999999998,4,2,1,1,5,78.87,-0.6772000000000001,0
CC(=O)c1n[nH]c(=O)o1,128.087,4,1,1,1,5,75.96000000000001,-0.43450000000000005,0
N=C1N=C(N)N=C1C=O,124.103,4,2,1,1,5,91.66,-1.06813,0
CN=C1N=C(C#N)O1,109.088,3,0,0,1,4,57.739999999999995,-0.07551999999999998,0
CC1=NC(=N)NC1=O,111.10399999999998,2,2,0,1,4,65.31,-0.4881300000000001,0
Cn1nnc(=N)n1CO,129.12300000000002,6,2,1,1,6,79.72,-1.9541300000000001,0
N=C1OCNC(=O)CO1,130.10299999999998,4,2,0,1,5,71.41,-0.9583300000000003,0
CC1=NC(=N)C(O)=N1,111.10399999999998,2,2,0,1,4,68.8,0.35217,0
O=c1cnc(CO)no1,128.087,5,1,1,1,5,76.22,-1.0779,0
CC(=N)n1cnc(N)n1,125.135,5,2,0,1,5,80.58,-0.29443000000000014,0
CN=C1N=CN=C1O,111.10399999999998,2,1,0,1,4,57.31,0.013100000000000056,0
N=C1OC(=O)C(C=O)O1,129.07099999999997,5,1,1,1,5,76.45,-0.9379300000000002,1
CC(=O)C1=NN=C1N,111.10400000000001,4,1,1,1,4,67.81,-0.6978,0
NC1=NC(C(O)C=O)=N1,127.10299999999997,5,2,2,1,5,88.04,-1.7269999999999999,1
COc1cc(N)n[nH]c1=O,141.13000000000002,4,2,1,1,5,81.0,-0.6393000000000002,0
NC(=O)c1nc[nH]n1,112.092,3,2,1,1,5,84.66000000000001,-1.0964000000000005,0
CNC1=NC(=N)N=C1O,126.11899999999999,2,3,0,1,5,80.83,-0.49083000000000016,0
CN=C1C=NN=C1N,110.12,4,1,0,1,4,63.099999999999994,-0.5862,0
NC1=NC(=O)C(C=O)=N1,125.08699999999997,4,1,1,1,5,84.88,-1.5188,0
O=COc1c[nH]nc1O,128.087,4,2,2,1,5,75.21000000000001,-0.34950000000000025,0
N=C1N=CC(N)=NC1=N,123.11900000000001,3,3,0,1,5,98.44,-0.6174600000000001,0
COC1=NC(=N)C(CO)=N1,141.13,4,2,1,1,5,78.03,-0.5870299999999999,0
CNC(=N)N1CC(=O)O1,129.119,3,2,0,1,5,65.42,-1.08563,0
NC1=NN=C1CCO,113.11999999999999,4,2,2,1,4,70.97,-0.9043999999999999,0
COC1=NC(N)=C1C=N,125.131,4,2,1,1,4,71.46000000000001,-0.13522999999999985,0
N=C1NCOC(=N)C1=N,126.119,4,4,0,1,5,92.81,-0.46199000000000007,0
Nc1nc(C=O)oc1N,127.10299999999998,5,2,1,1,5,95.14,-0.3485,0
CN1N=CN=C(C=O)O1,127.10299999999998,5,0,1,1,5,54.260000000000005,-0.5959000000000001,0
N=C1COCOC(=N)N1,129.119,4,3,0,1,5,78.19,-0.50766,0
Nc1cn(O)c(C=O)n1,127.10299999999998,5,2,1,1,5,81.14,-0.48490000000000033,0
CNC1=C(N)C(=O)N=N1,126.11900000000001,4,2,1,1,5,79.83999999999999,-0.6740000000000002,0
N=C1OCC(=O)C(=N)O1,128.087,5,2,0,1,5,83.23,-0.48566000000000015,0
O=CC1OC(=O)C1=NO,129.071,5,1,1,1,5,75.96000000000001,-1.0591,1
COC1=CC(O)=NC1=N,126.115,2,2,1,1,4,65.67,0.46407,0
COc1nc(C=N)n[nH]1,126.119,4,2,2,1,5,74.65,-0.18903000000000014,0
N=Cc1n[nH]c(N)n1,111.108,4,3,1,1,5,91.44,-0.6154300000000001,0
Cc1nnc([NH2+]C=N)o1,127.127,4,2,2,1,5,79.38000000000001,-0.8200100000000001,0
N=CC1OCON1C=N,129.119,4,2,2,1,5,69.4,-0.2095599999999999,1
N=c1ncc(CN)no1,126.11900000000001,5,2,1,1,5,88.79,-0.99223,0
NC(=O)C1=NC(O)=N1,113.076,3,2,1,1,5,88.04,-1.2022000000000002,0
Nc1n[nH]c(C=O)[n+]1[O-],128.09099999999998,4,2,1,1,6,98.71,-1.5622,0
CN=C1N=CN=C1N,110.12,3,1,0,1,4,63.099999999999994,-0.5861999999999998,0
O=Cc1nc(CO)n[nH]1,127.103,4,2,2,1,5,78.87,-0.8905000000000003,0
COC1=NC(N)=NC1=O,127.10300000000001,4,1,0,1,5,77.03999999999999,-1.1138000000000001,0
COC1=NC(=N)N1C=O,127.103,3,1,1,1,5,65.75,-0.6044300000000002,0
N=c1nc(CO)cn[nH]1,126.11899999999999,4,3,1,1,5,85.65,-1.2235300000000002,0
N=C1OC(=O)CNC1=O,128.087,4,2,0,1,5,79.25,-1.36333,0
N=Cn1oc(=N)oc1=O,129.075,6,2,1,1,6,95.98000000000002,-1.0310599999999999,0
NC(=O)C1=NNC1=O,113.076,3,2,1,1,5,84.55000000000001,-2.0425,0
CN=C1C=NC(C=N)=N1,122.13099999999999,3,1,1,1,4,60.93,0.14716999999999997,0
N=C1CC(=NO)N=CO1,127.10299999999998,4,2,0,1,5,78.03,0.19996999999999998,0
NC1=NCC(O)=NN=C1,126.11899999999999,4,2,0,1,5,83.33,-0.7004999999999999,0
N=CN1C=NOC(C=O)O1,143.10199999999998,5,1,2,1,6,74.98,-0.6744300000000001,1
N=CN1CC(=O)NCO1,129.119,3,2,1,1,5,65.42,-1.0856299999999999,0
Cn1cnc(=N)n1CO,128.135,5,2,1,1,5,66.83,-1.3491300000000002,0
CC1=NC(N)=NC1=N,110.12,3,2,0,1,4,74.59,-0.24712999999999996,0
N=CN1OCC1C(=O)O,130.103,3,2,2,1,5,73.62,-0.7061299999999999,1
Nc1cnc(C=O)c(=O)o1,140.09799999999998,5,1,1,1,5,86.19,-0.5705,0
N=C1NC(=O)C(=N)O1,113.076,4,3,0,1,5,86.03000000000002,-0.9551600000000002,0
CC1=NC(C=O)=NNC1,125.13099999999999,4,1,1,1,4,53.82,-0.43710000000000004,0
CN=C1N=NC(N)=N1,111.108,3,1,0,1,5,75.46,-0.24729999999999996,0
CC(O)C1=NC(=O)N1,114.104,2,2,1,1,4,61.690000000000005,-0.5111000000000001,1
NC1=CC(N)=NC1=O,111.10400000000001,3,2,0,1,4,81.47,-1.2736000000000003,0
N#CCC1=CC(=N)N=N1,120.115,3,1,1,1,4,72.36,1.2270499999999998,0
N#CCc1n[nH]c(N)n1,123.11900000000001,4,2,1,1,5,91.38,-0.5470200000000003,0
COc1n[nH]ncc1=N,126.11899999999999,4,2,1,1,5,74.65,-0.70723,0
N=C1N=COCOC1=N,127.103,4,2,0,1,5,78.52000000000001,-0.026460000000000095,0
COc1cc(=O)[nH]n1N,129.119,4,2,1,1,5,73.04,-1.1012000000000002,0
CCN1N=C(C=O)C1=N,125.13099999999997,3,1,2,1,4,56.52,-0.14592999999999984,0
N=C1ON=C1NC=O,113.07599999999998,4,2,1,1,5,74.53999999999999,-0.9466300000000003,0
COC1=NC(=N)C=C1N,125.131,3,2,0,1,4,71.46,-0.13522999999999985,0
CN=C1N=CN=C1N,110.12,3,1,0,1,4,63.099999999999994,-0.5861999999999998,0
N=C1N=CC(N)=C1N,110.12000000000002,3,3,0,1,4,88.25,-0.8229300000000002,0
CC1=NN=C(CO)C1=N,125.13099999999999,4,2,1,1,4,68.80000000000001,-0.1710299999999999,0
CC(=O)NC1=NC(=O)O1,128.087,3,1,0,1,5,67.76,-0.3712999999999999,0
COC1=NN=C1C=NCO,141.13,5,1,2,1,5,66.54,-0.5785,0
N=C1OCCC(=O)C(N)O1,144.13,5,2,0,1,5,85.4,-0.7880300000000002,1
Cc1nnc([O-])nc1N,125.111,5,1,0,1,5,87.75,-1.1641800000000002,0
Cn1nncc(N)c1=O,126.11899999999999,5,1,0,1,5,73.80000000000001,-1.2425000000000004,0
Cc1[nH]nnc1CO,113.11999999999999,3,2,1,1,4,61.8,-0.39458000000000004,0
N=C1OC=C(C=O)CO1,127.09899999999999,4,1,1,1,4,59.379999999999995,0.050769999999999926,0
COC(=O)C1=NC(N)=N1,127.10300000000002,5,1,1,1,5,77.03999999999999,-1.1138000000000003,0
N#CCNC1=NC(=O)N=C1,136.114,3,1,1,1,5,77.61,-0.29751999999999995,0
N=C1OCC(=O)C(=N)O1,128.087,5,2,0,1,5,83.23,-0.48566000000000015,0
N=C1CC(=O)NC(=O)N1,127.10299999999998,3,3,0,1,5,82.05000000000001,-0.8068300000000002,0
CNC1COC(=O)C(=O)O1,145.11399999999998,5,1,1,1,5,64.63,-1.3681,1
N=C1CNC(=NC=O)O1,127.10299999999998,3,2,1,1,5,74.54,-0.9041300000000003,0
COC(=O)c1cn[nH]n1,127.10300000000001,4,1,1,1,5,67.87,-0.40870000000000023,0
N=C1OC(=N)C(CO)O1,130.10299999999998,5,3,1,1,5,86.39,-0.6938600000000001,1
COC1=NC(=O)C(N)=N1,127.10300000000001,4,1,0,1,5,77.03999999999999,-1.1138000000000003,0
N=C1OCC(=O)CNO1,130.103,5,2,0,1,5,71.41,-0.9583300000000001,0
CN=C1N=NN=C1C=N,123.11899999999999,4,1,1,1,5,73.28999999999999,0.48607000000000006,0
CCOC1=NC(=N)N=N1,126.11900000000001,3,1,1,1,5,70.16,0.7794700000000001,0
NC1=C(N)C(=O)N=C1,111.10399999999998,3,2,0,1,4,81.47,-1.2736000000000003,0
N=C1OCOC(=N)C1=O,128.087,5,2,0,1,5,83.22999999999999,-0.48566000000000015,0
NC(=O)N1CC(=O)N1,115.092,2,2,0,1,5,75.43,-1.5881000000000003,0
CC1=NC(=N)N=C1CO,125.13099999999999,2,2,1,1,4,68.8,-0.1710299999999999,0
N=C1COC(=N)N=CO1,127.103,4,2,0,1,5,78.52,-0.026460000000000095,0
N#CCOc1cc(N)no1,139.114,5,1,2,1,5,85.07,0.15918,0
N=C1ON=C1C=NCN,126.119,5,2,2,1,5,83.82,-0.66313,0
COc1cnoc(=N)c1,126.11499999999998,4,1,1,1,4,59.11000000000001,0.16266999999999993,0
CN=C1C=NC(=O)N1N,126.119,3,1,0,1,5,71.05,-0.6052,0
O=CC(=O)C1=C(O)O1,114.05599999999998,4,1,2,1,4,66.9,-0.4883000000000001,0
N=C1COCOC(=N)O1,130.103,5,2,0,1,5,75.39,-0.0806599999999999,0
N=C1OC(=O)NCC1=O,128.087,4,2,0,1,5,79.25,-0.7274300000000002,0
NC1=NC(=O)N=C1N,112.092,3,2,0,1,5,93.83,-1.1656,0
O=CN1CC(=O)NC=N1,127.103,3,1,1,1,5,61.77,-1.4820999999999998,0
COc1[nH]nnc1C=N,126.119,4,2,2,1,5,74.65,-0.1890300000000002,0
NC(=O)c1ncc(N)[nH]1,126.119,3,3,1,1,5,97.78999999999999,-0.9092000000000005,0
CNc1cc(F)nnn1,128.11,4,1,1,1,5,50.7,0.052399999999999836,0
N=C1NC(=O)C(=N)O1,113.076,4,3,0,1,5,86.03000000000002,-0.9551600000000002,0
COC1=NC(N)=NC1=N,126.11900000000001,4,2,0,1,5,83.82,-0.66313,0
N#CCOC1=NN=C1N,124.10300000000001,5,1,1,1,5,83.75999999999999,-0.78912,0
N=Cc1nc(N)oc1CO,141.13000000000002,5,3,2,1,5,96.13000000000001,-0.2532299999999999,0
N=C1OCC(=O)NC1=O,128.087,4,2,0,1,5,79.25,-1.36333,0
N=C(O)C1=NC(=O)N1,113.076,2,3,1,1,5,85.53999999999999,-0.35662999999999995,0
COc1nc(=N)c1=N,111.104,4,2,1,1,4,69.82,-1.0752599999999999,0
NC1=NC(=O)C(O)=C1,112.08799999999997,3,2,0,1,4,75.67999999999999,-0.6742999999999999,0
N=C1COC(=N)C(N)O1,129.119,5,3,0,1,5,92.18,-0.7274600000000002,1
CN=C1OC(=N)C(O)O1,130.10299999999998,5,2,0,1,5,74.9,-0.68533,1
N=C1NCC(=O)NCO1,129.119,3,3,0,1,5,74.21000000000001,-1.3853300000000002,0
Cc1n[nH]c(=N)nc1N,125.135,4,3,0,1,5,91.44,-0.82521,0
Cc1nc(C=N)oc1N,125.13099999999999,4,2,1,1,4,75.9,0.5628900000000001,0
N=CN=C1C=NOC1=O,125.08699999999997,4,1,1,1,5,74.87,-0.42293000000000003,0
C#CN(C)n1cnn1O,126.119,5,1,1,1,5,46.22,-0.9196000000000002,0
CCn1nc(O)nc1N,128.135,5,2,1,1,5,76.96,-0.41420000000000007,0
N=CC1=NC(=O)C(N)=N1,124.10300000000001,4,2,1,1,5,91.66,-1.06813,0
CC(O)C1=CN=NC1=O,126.115,3,1,1,1,4,62.02,0.2435,1
N=C1OCC(=O)C(=N)O1,128.087,5,2,0,1,5,83.23,-0.48566000000000015,0
N=C1N=C(O)C=C1C=O,124.09899999999996,2,2,1,1,4,73.50999999999999,0.059069999999999956,0
CC1=NC(=O)N=C1N,111.104,2,1,0,1,4,67.81,-0.061899999999999844,0
N=CNC1CN=COC1=O,141.13,4,2,2,1,5,74.53999999999999,-0.8632300000000002,1
N=C1CC(=O)C(=O)CO1,127.09899999999998,4,1,0,1,4,67.22,-0.4778300000000002,0
CN=C1NC(=O)N=C1O,127.10299999999998,2,2,0,1,5,74.05,-0.3055999999999999,0
CC1=NC(N)=NC1=NC=O,138.13,3,1,1,1,5,80.16999999999999,-0.6695,0
NC1=NC(=O)C(C=O)=N1,125.08699999999997,4,1,1,1,5,84.88,-1.5188,0
CCC1=NC(=O)N=C1N,125.131,2,1,1,1,4,67.81,0.32820000000000016,0
COc1conc1C=N,126.115,4,1,2,1,4,59.11000000000001,0.6808699999999999,0
NC1=NC(=O)C(C=O)=N1,125.08699999999997,4,1,1,1,5,84.88,-1.5188,0
N=C1NC(C=O)C(=O)O1,128.087,4,2,1,1,5,79.25000000000001,-1.3649300000000002,1
CNC(=N)C1=NOC1=O,127.103,4,2,1,1,5,74.53999999999999,-0.9041300000000003,0
O=CC(=O)c1cnn[nH]1,125.087,4,1,2,1,5,75.71000000000001,-0.8137000000000003,0
N=c1[nH]ncc(N)[n+]1[O-],127.107,4,3,0,1,6,105.49,-1.8952299999999997,0
CN=C1N=CNC1=O,111.10399999999998,2,1,0,1,4,53.82,-0.8272000000000002,0
N=C1OC(=O)OCC1C=O,143.09799999999998,5,1,1,1,5,76.44999999999999,-0.05442999999999998,1
N=C1NC(=O)C(=N)O1,113.076,4,3,0,1,5,86.03000000000002,-0.9551600000000002,0
Cc1n[nH]nc1N=NC=N,138.13400000000001,4,2,2,1,6,90.13999999999999,0.80389,0
N#CC1(N)C=NN1C=O,124.10299999999998,4,1,1,1,5,82.47999999999999,-1.3772199999999999,1
CNC1=NC(=N)OC1=N,126.11899999999999,4,3,0,1,5,81.32,-0.45346000000000036,0
N=C1OCC(=O)NC1=O,128.087,4,2,0,1,5,79.25,-1.36333,0
N=Cn1cnoc1=N,112.09199999999998,5,2,1,1,5,78.66,-0.5892599999999999,0
O=c1nc(O)cno1,114.05999999999997,5,1,0,1,5,76.22,-0.8646,0
CC1=NC(=O)N=C1N,111.104,2,1,0,1,4,67.81,-0.061899999999999844,0
N=CC1=NC(=N)C=C1N,122.131,3,3,1,1,4,86.08,-0.08955999999999997,0
NC1=NC(O)=C1CO,114.10399999999997,4,3,1,1,4,78.84,-0.8809,0
COC1=NN=C(N)C1=N,126.119,5,2,0,1,5,83.82,-0.66313,0
N=c1ncoc(=N)[nH]1,112.092,4,3,0,1,5,89.52000000000001,-1.0383600000000002,0
COc1nc(N)nn1C=N,141.13400000000001,6,2,2,1,6,89.81,-0.6759300000000001,0
N=CC1=NC(=O)C(N)=N1,124.10300000000001,4,2,1,1,5,91.66,-1.06813,0
N=c1cnoc(C=O)n1,125.08699999999999,5,1,1,1,5,79.84,-0.63843,0
N#CCNc1cnon1,124.103,5,1,2,1,5,74.74000000000001,0.005079999999999807,0
O=COc1c[nH]c(=O)[nH]1,128.087,3,2,2,1,5,74.95,-0.7618000000000003,0
C#Cc1nnnc(O)n1,122.08699999999999,5,1,0,1,5,71.79,-1.0465000000000002,0
N=C1ON=C1C(N)=O,113.076,4,2,1,1,5,88.53,-1.1648300000000003,0
O=c1cn[nH]nc1CO,127.103,4,2,1,1,5,78.87,-1.3428000000000002,0
NCC(=O)c1cnno1,127.103,5,1,2,1,5,82.01,-0.7890000000000004,0
CN=c1oc(=N)c1=O,112.088,4,1,0,1,4,66.42,-1.47463,0
CCn1cc(N)c(O)n1,127.147,4,2,1,1,4,64.07,0.19080000000000003,0
N=C1N=CCOC(=O)O1,128.087,4,1,0,1,5,71.74,0.15876999999999997,0
N=C1CON(C=O)CO1,130.10299999999998,4,1,1,1,5,62.620000000000005,-0.6586300000000003,0
NC1=NN=C1C(N)C=O,126.11899999999999,5,2,2,1,5,93.82999999999998,-1.7606000000000004,1
COC1=C(CO)C(=N)N=N1,141.13,4,2,2,1,5,78.03,0.27976999999999996,0
CC1=NC(=O)C(=N)NCN1,140.146,3,3,0,1,5,77.34,-0.9410300000000005,0
Nc1cc(=O)[nH]n1CO,129.11900000000003,4,3,1,1,5,84.04,-1.2916000000000005,0
C#CC(=N)C1=NC(N)=N1,120.11500000000001,4,2,1,1,4,74.59,-0.6338300000000001,0
N=CN1CC(=N)OCO1,129.119,4,2,1,1,5,69.4,-0.2079600000000001,0
N=CN1NC(=N)C1=O,112.09199999999998,3,3,1,1,5,80.04,-1.0824600000000002,0
N=C1NCC(=O)OCO1,130.103,4,2,0,1,5,71.41000000000001,-0.9583300000000001,0
N=C(O)c1nnc[nH]1,112.092,3,3,1,1,5,85.65,-0.31193,0
N=Cn1cc(O)oc1=O,128.087,5,2,1,1,5,79.22,-0.39793,0
N=C1OC1(C=O)NC=O,128.087,4,2,3,1,5,82.55000000000001,-1.3649300000000002,1
CC(=O)c1cnon1,112.088,4,0,1,1,4,55.99,0.2722,0
N=C1OC(CO)=NC1=O,128.087,4,2,1,1,5,82.74000000000001,-1.0887300000000002,0
N=c1oc(C=O)nn1N,128.091,6,2,1,1,6,97.89999999999999,-1.5181300000000004,0
N#CCC1=NC(=O)N=N1,122.087,3,0,1,1,5,77.94,0.88438,0
O=c1nc(CO)nc[nH]1,127.10299999999998,4,2,1,1,5,78.87,-1.3428000000000004,0
CN=C1N=C([NH3+])N=C1O,127.127,2,2,0,1,5,84.95,-1.4172999999999991,0
N=C1NC(=N)C(=O)O1,113.076,4,3,0,1,5,86.03000000000002,-0.95516,0
CN=C1N=CN=C1O,111.10399999999998,2,1,0,1,4,57.31,0.013100000000000056,0
Nc1nocc1C=NCO,141.13,5,2,2,1,5,84.64,-0.3745000000000002,0
NC1=NC(=O)N=C1N,112.092,3,2,0,1,5,93.83,-1.1656,0
N=C1N=NC=C1C=O,109.08799999999998,3,1,1,1,4,65.64,0.51227,0
N=C1CNC(C(N)=O)OC1,143.146,4,3,1,1,5,88.2,-1.56263,1
CNC(=O)C1=NOC1=O,128.087,4,1,1,1,5,67.75999999999999,-1.3548000000000002,0
N=C1NC(=O)C(=O)O1,114.05999999999999,4,2,0,1,5,79.25000000000001,-1.4058300000000001,0
N=c1ocnc(N)c1O,127.103,5,3,0,1,5,96.13000000000001,-0.5581300000000001,0
NC(=O)C1N=CN=C1N,126.119,4,2,1,1,5,93.83,-1.7606000000000002,1
N=C1OCC(=O)C(=N)O1,128.087,5,2,0,1,5,83.23,-0.48566000000000015,0
N=C1OC=NC(C(=N)O)O1,143.10199999999998,5,3,1,1,6,98.75,-0.14236000000000004,1
Nc1[nH]ncc1C=O,111.10399999999997,3,2,1,1,4,71.77000000000001,-0.19560000000000038,0
CC(=O)C1C=NN=C1N,125.13100000000001,4,1,1,1,4,67.81,-0.4517999999999999,1
N=C1OCNC(=O)CO1,130.10299999999998,4,2,0,1,5,71.41,-0.9583300000000003,0
CC1=C(N)C(=O)N=N1,111.104,3,1,0,1,4,67.81,0.16900000000000015,0
N=C1COC(=N)C(=O)O1,128.087,5,2,0,1,5,83.23,-0.48566000000000015,0
CC1(OCC(=N)O)CO1,131.131,3,2,3,1,4,65.84,0.28467,1
N=c1cnc(CO)n[nH]1,126.119,4,3,1,1,5,85.65,-1.2235300000000005,0
CC1(N)OC(=O)NC1=O,130.10299999999998,4,2,0,1,5,81.41999999999999,-1.0723,1
COC1=NC(=N)C(N)=N1,126.11900000000001,4,2,0,1,5,83.82,-0.6631300000000002,0
CN=C1ON=C1CO,114.10399999999998,4,1,1,1,4,54.18000000000001,-0.6068,0
Nc1cnc(=O)oc1O,128.087,5,2,0,1,5,89.35000000000001,-0.6774,0
Nc1oncc1OC=O,128.087,5,1,2,1,5,78.35,-0.20800000000000013,0
Nc1cc(NC=O)co1,126.11499999999998,3,2,2,1,4,68.25999999999999,0.4301,0
N=C1OC(=N)C(=O)O1,114.05999999999999,5,2,0,1,5,83.23,-0.5281600000000002,0
N=C1NC(=O)NC1=NO,128.091,4,4,0,1,6,97.57000000000001,-0.9358300000000002,0
C#CC(=N)OC1=NO1,110.07199999999999,4,1,0,1,4,57.97,-0.08533000000000007,0
Cc1nocnc1=N,111.104,4,1,0,1,4,62.77,-0.14251000000000008,0
CC(=O)C1=NC(=N)O1,112.088,3,1,1,1,4,62.510000000000005,-0.06112999999999996,0
N#CCc1conc1O,124.09899999999998,4,1,1,1,4,70.05,0.44627999999999995,0
NC1=C(O)C(C=O)=N1,112.088,4,2,1,1,4,75.68,-0.6742999999999999,0
CNC(=O)c1conn1,127.103,4,1,1,1,5,68.02000000000001,-0.5708000000000002,0
Cc1n[nH]c(=O)n1C=N,126.11899999999999,4,2,1,1,5,74.53,-0.6650100000000001,0
COc1n[nH]c(=O)n1CO,145.118,5,2,2,1,6,80.14,-1.4702000000000004,0
N=C1OCC(=O)NC1=O,128.087,4,2,0,1,5,79.25,-1.36333,0
[NH3+]CC(O)C1=NOC1=O,131.11100000000002,4,2,2,1,5,86.53,-2.4979999999999998,1
C#CC(N)C1=CN=C1N,121.143,3,2,1,1,3,64.39999999999999,-0.7983999999999998,1
COC1=NC(=N)C(N)=N1,126.11900000000001,4,2,0,1,5,83.82,-0.6631300000000002,0
N#CCc1cn(N)nn1,123.11900000000001,5,1,1,1,5,80.52,-0.9420200000000001,0
N=C1OCC(=NO)C1=N,127.103,5,3,0,1,5,89.52000000000001,-0.1561600000000002,0
N=C1N=C(N)C(C=O)=N1,124.103,3,2,1,1,5,91.66000000000001,-1.06813,0
N=C1N=CN=C1N,96.093,3,2,0,1,4,74.59,-0.63723,0
N=C1ON=C1COC=O,128.087,5,1,3,1,5,71.74000000000001,-0.47713000000000005,0
N=C1N=C(N)N=C1C=O,124.103,4,2,1,1,5,91.66,-1.06813,0
N=C1NCC(N)C(=O)O1,129.119,4,3,0,1,5,88.2,-1.605129999999999,1
N=CN1COC=NC1=O,127.10299999999998,3,1,1,1,5,65.75,0.03146999999999994,0
NC=C1N=C(O)C(=O)O1,128.087,4,2,0,1,5,84.91000000000001,-0.7427000000000001,0
N=C1ON=C(CO)C1=O,128.087,5,2,1,1,5,82.74000000000001,-1.0887300000000002,0
N=C1N=CN=C1NC=O,124.10299999999998,3,2,1,1,5,77.67,-0.8499300000000003,0
N=C1N=CC(N)=NC1=O,124.10300000000001,3,2,0,1,5,91.66,-1.0681300000000002,0
N=COC1C(=N)OC1=O,128.087,5,2,2,1,5,83.22999999999999,-0.48725999999999997,1
N=C1COC(=N)OCO1,130.103,5,2,0,1,5,75.39,-0.08066000000000012,0
N=Cc1n[nH]nc1C=O,124.10299999999998,4,2,2,1,5,82.49000000000001,-0.38513,0
N=COCc1ocnc1N,141.12999999999997,5,2,3,1,5,85.13,0.38047,0
NC(=O)C1=CC(O)=N1,112.08799999999998,2,2,1,1,4,75.68,-0.6743000000000001,0
COC1=NC(=N)C(=O)N1,127.103,3,2,0,1,5,74.53999999999999,-0.9041300000000001,0
COc1c(C=N)n[nH]c1O,141.13,4,3,2,1,5,81.99,0.1215699999999999,0
N=COC1OCC(CN)O1,146.146,5,2,3,1,5,77.56,-0.7322300000000002,2
CN1OC(=O)C=C(N)O1,130.103,5,1,0,1,5,64.79,-0.8783000000000001,0
N=C1N=C(N)C(O)=C1O,127.10299999999998,4,4,0,1,5,102.69000000000001,-0.3379299999999997,0
N=CN=C1C(O)=CN=C1N,138.12999999999997,4,3,1,1,5,94.82,-0.1953299999999999,0
O=CN1CNC(=O)C1=O,128.087,3,1,1,1,5,66.48,-1.9413,0
CC(O)C1=CC(=O)N=N1,126.115,3,1,1,1,4,62.019999999999996,0.2435,1
N=CN1CC(=O)C1=O,112.08799999999998,3,1,1,1,4,61.230000000000004,-0.9952300000000001,0
N=C1OC(=NC=O)O1,114.05999999999999,4,1,1,1,5,71.74,-0.51963,0
N=C1NC(=O)CN=CO1,127.103,4,2,0,1,5,74.54,-0.9041300000000001,0
N=c1oc(=N)oc(=O)o1,130.059,6,2,0,1,6,104.19000000000001,-1.21526,0
N=C1COC(=O)N=CO1,128.087,4,1,0,1,5,71.74,0.15877000000000002,0
NC(=O)[N+](=O)N1CCO1,132.09900000000002,3,1,1,1,6,75.64,-0.9938,0
CC1=NC(=N)N=C1N,110.12,2,2,0,1,4,74.59,-0.24712999999999996,0
N#CC(=N)NC1=CN=N1,121.103,4,2,1,1,5,84.39,0.34155,0
Nc1cn(N)nc1C=O,126.119,5,2,1,1,5,86.93,-1.0084000000000004,0
N=C1NC(=O)C(=N)O1,113.076,4,3,0,1,5,86.03000000000002,-0.9551600000000002,0
N=C1OC(=O)N=C1CN,127.10300000000001,4,2,1,1,5,88.53,-0.48642999999999986,0
Nc1nc(C=O)[nH]c1N,126.11899999999999,4,3,1,1,5,97.78999999999999,-0.6134000000000002,0
N=C(OCO)C1=NNC1=O,143.102,5,3,2,1,6,94.77000000000001,-1.5841300000000003,0
N=C1N=CN1CCO,113.11999999999999,2,2,2,1,4,59.68000000000001,-0.7426299999999999,0
N=CC1=NN=CC1=N,108.10399999999998,4,2,1,1,4,72.42,0.09614,0
N=C1ON=C1C(=O)O,114.05999999999997,4,2,1,1,5,82.74,-0.5655299999999999,0
N=CC1=NC=NC1=N,108.104,3,2,1,1,4,72.42,0.09614,0
NC(=O)c1ncoc1N,127.103,4,2,1,1,5,95.14,-0.6443000000000003,0
N=CC1=NC(N)=C1N,110.12000000000002,4,3,1,1,4,88.25,-0.8229300000000002,0
Nn1cc(O)cnc1=O,127.10299999999998,5,2,0,1,5,81.13999999999999,-1.3373000000000002,0
COC1=NC(N)=C1C=N,125.131,4,2,1,1,4,71.46000000000001,-0.13522999999999985,0
O=C1N=C(CO)C(=O)N1,128.087,3,2,1,1,5,78.75999999999999,-1.3305,0
CN=C1NC(=O)N=C1N,126.119,3,2,0,1,5,79.84,-0.9049,0
N=C1COC(=N)N1C=O,127.103,4,2,1,1,5,77.24000000000001,-0.6129600000000002,0
Nc1ncc(NC=O)o1,127.10299999999998,4,2,2,1,5,81.14999999999999,-0.17490000000000022,0
CNC1N=CC(=O)C(=O)O1,142.11399999999998,5,1,1,1,5,67.76,-1.3139000000000003,1
Cc1nc(O)n[nH]c1=N,126.11899999999999,4,3,0,1,5,85.65,-0.7018100000000003,0
N=C1N=C(N)N=C1C=O,124.103,4,2,1,1,5,91.66,-1.06813,0
N=C1N=NC(C=O)=C1O,125.08699999999997,4,2,1,1,5,85.87,0.39796999999999993,0
C[N+]1([O-])NC(N)C1=O,117.108,4,2,0,1,5,78.18,-1.7395999999999994,2
CC(O)C1=NC(N)=N1,113.12000000000002,4,2,1,1,4,70.97,-0.9060000000000001,1
CC1=NN=C1NC=N,110.11999999999999,3,2,1,1,4,60.6,-0.0289299999999999,0
N=C1OC(=O)NCCN1O,145.118,4,3,0,1,6,85.65,-0.6478300000000004,0
Nc1ncc(NC=O)o1,127.10299999999998,4,2,2,1,5,81.14999999999999,-0.17490000000000022,0
COc1nonc1C=O,128.087,5,0,2,1,5,65.22,-0.10930000000000006,0
Nc1nc(N)nc(C=O)n1,139.118,6,2,1,1,6,107.77999999999999,-1.1515000000000002,0
N=C1NC(=N)OCO1,115.092,4,3,0,1,5,78.19000000000001,-0.55016,0
COC(=O)C1=NNC1=N,127.10300000000001,4,2,1,1,5,74.53999999999999,-0.9041300000000001,0
N=C1N=CC(O)=C1CN,125.131,3,3,1,1,4,82.46,-0.1811299999999999,0
N=c1nc(C=O)cn[nH]1,124.10299999999998,4,2,1,1,5,82.49000000000001,-0.9033300000000002,0
N=C1NC(=NO)C(=N)O1,128.091,5,4,0,1,6,101.55,-0.6940600000000003,0
NC=C1N=C(C=O)N1N,126.119,5,2,1,1,5,84.71,-1.4692999999999998,0
N=C1OC=NCC(=O)O1,128.087,5,1,0,1,5,71.74,-0.47713000000000005,0
Nc1noc(N)c1C=O,127.103,5,2,1,1,5,95.13999999999999,-0.3485000000000002,0
CNC1=NC(O)=NC1=N,126.11899999999999,3,3,0,1,5,80.83000000000001,-0.49083000000000004,0
N=C1CNC(=O)NCO1,129.119,3,3,0,1,5,74.21000000000001,-0.7494300000000003,0
N=C1N=C(CO)N=C1N,126.119,4,3,1,1,5,94.82,-1.2747300000000001,0
N#CC(=O)c1cnn[nH]1,122.087,4,1,1,1,5,82.43,-0.48901999999999995,0
COC1=NC(O)=NC1=N,127.103,3,2,0,1,5,78.03,-0.06383000000000016,0
N=C1OC(=O)NC1=O,114.05999999999999,4,2,0,1,5,79.25,-0.7699300000000002,0
O=c1ncc(CO)n[nH]1,127.103,4,2,1,1,5,78.87,-1.3428000000000002,0
N=C1N=C(F)C(=O)O1,116.05099999999999,3,1,0,1,5,62.510000000000005,-0.15403,0
N=CN1CC(=O)NCO1,129.119,3,2,1,1,5,65.42,-1.0856299999999999,0
CC1=NC(=O)N1CO,114.10399999999998,2,1,1,1,4,52.900000000000006,-0.20979999999999993,0
O=Cc1nc(CO)no1,128.087,5,1,2,1,5,76.22,-0.6256000000000002,0
COC1=NN=C1NC#N,124.103,5,1,0,1,5,69.77000000000001,-0.5709200000000001,0
N=C1OCC(=O)C(=N)O1,128.087,5,2,0,1,5,83.23,-0.48566000000000015,0
NC1=CNC(=O)C1=NO,127.103,4,3,0,1,5,87.71,-1.2535000000000005,0
O=C1N=NC=C1NCO,127.10299999999998,4,2,2,1,5,74.05,-0.6404000000000001,0
N=C1CC(=N)N1CO,113.11999999999999,3,3,1,1,4,71.17,-0.40356000000000003,0
N=C1NC(=O)OCC1=O,128.087,4,2,0,1,5,79.25,-0.72743,0
NC(=O)C1=CC(=O)O1,113.07199999999997,3,1,1,1,4,69.39,-1.0876000000000001,0
N=C1OCC(=O)OC1=N,128.087,5,2,0,1,5,83.22999999999999,-0.48566000000000015,0
COC1=NC(=N)C(F)=N1,129.094,3,1,0,1,5,57.8,0.34767000000000003,0
O=Cc1n[nH]nc1CO,127.10299999999998,4,2,2,1,5,78.87,-0.8905000000000001,0
N=Cc1cnc(=N)[nH]n1,123.119,4,3,1,1,5,89.27,-0.7181600000000001,0
Cc1n[nH]c(CO)[n+]1[O-],129.119,3,2,1,1,5,75.85,-1.15618,0
N=C1CC(=O)NCO1,114.10399999999998,3,2,0,1,4,62.18000000000001,-0.5423300000000002,0
N=CN1C=NC(C=O)N1,126.11899999999997,4,2,2,1,5,68.55,-1.0330300000000001,1
O=Cc1cc(O)nn1O,128.087,5,2,1,1,5,75.35,-0.3615000000000001,0
Cc1noc(=O)c(=N)[nH]1,127.103,4,2,0,1,5,82.74000000000001,-0.84921,0
Nc1conc1CN=O,127.10300000000001,5,1,2,1,5,81.47999999999999,0.5232000000000001,0
Cn1cnc(N)nc1=N,125.135,5,2,0,1,5,80.58000000000001,-1.12323,0
N=C1OC=C(CO)C1=O,127.09899999999999,4,2,1,1,4,70.38,-0.5608300000000002,0
N=c1occ(N)[nH]c1=O,127.10300000000001,4,3,0,1,5,95.87,-0.9704300000000003,0
N=c1occoc1=NO,128.087,5,2,0,1,5,82.72,-0.35803,0
CC1=NC(=N)OC1=N,111.10399999999998,3,2,0,1,4,69.28999999999999,0.38954000000000005,0
N=C1NC(=N)C(=O)O1,113.076,4,3,0,1,5,86.03000000000002,-0.95516,0
CC(=O)n1ncc(N)n1,126.119,5,1,0,1,5,73.8,-0.47959999999999997,0
N=C1CN=NC1CO,113.11999999999998,4,2,1,1,4,68.8,-0.16712999999999995,1
CN=C1N=CN=C1N,110.12,3,1,0,1,4,63.099999999999994,-0.5861999999999998,0
CC(=O)C1=NC(O)=N1,112.088,3,1,1,1,4,62.019999999999996,-0.09849999999999998,0
N=Cc1cnc(=N)on1,124.103,5,2,1,1,5,86.62,-0.45325999999999994,0
N=C1COC(=N)OCN1,129.119,4,3,0,1,5,78.19,-0.5076600000000002,0
NC(=O)C1C=NN=C1O,127.103,3,2,1,1,5,88.04,-0.9561999999999999,1
N=c1cc(N)n(C=O)[nH]1,126.119,4,3,1,1,5,87.66,-1.0838300000000003,0
NC1=C(N)C(=O)C=N1,111.10399999999998,4,2,0,1,4,81.47,-1.2736000000000003,0
N=C1COC(=N)C(=O)O1,128.087,5,2,0,1,5,83.23,-0.48566000000000015,0
CNC(=O)C1=CN=N1,111.104,3,1,1,1,4,53.82,0.03959999999999991,0
CC1OC(=O)C(=NO)O1,131.087,5,1,0,1,5,68.12,-0.30649999999999994,1
N=C1CN=NC(C=O)O1,127.10299999999997,5,1,1,1,5,74.87,-0.028930000000000122,1
N=C1N=C(CO)N=C1N,126.119,4,3,1,1,5,94.82,-1.2747300000000001,0
N=C1N=C(NO)C(=N)O1,128.09099999999998,5,4,0,1,6,101.55,-0.6940600000000003,0
N#CC1=NN=C1C=N,106.08799999999998,4,1,1,1,4,72.36,-0.029849999999999932,0
COc1cn[n-]c1N=N,125.111,4,1,2,1,5,72.43,0.7098699999999998,0
COc1nc(N)cc[n+]1[O-],141.13,4,1,1,1,5,75.08,-0.6941999999999999,0
N=C1OC=C(N)NC1=CO,141.13000000000002,5,4,0,1,5,91.36,-0.2595300000000003,0
N#CC(=O)n1cno1,111.05999999999999,5,0,0,1,5,71.82,-0.36012,0
N=C1N=C(O)N=C1N,112.092,3,3,0,1,5,94.82,-0.75153,0
CC1=NC(N)=NC1=N,110.12,3,2,0,1,4,74.59,-0.24712999999999996,0
N=C(NC1CN1)C(=O)O,129.11900000000003,3,4,1,1,5,95.12000000000002,-1.4328300000000003,1
N#CC1NC(=N)C(=O)N1,124.103,3,3,0,1,5,88.77000000000001,-1.46725,1
N=C1OCNC(=O)CO1,130.10299999999998,4,2,0,1,5,71.41,-0.9583300000000003,0
N#CC(=O)OC1=NN1,111.06,5,1,0,1,5,84.39,-1.0726200000000001,0
N=C1N=CN=C1N,96.093,3,2,0,1,4,74.59,-0.63723,0
NC1=NC(=O)C(C=O)=N1,125.08699999999997,4,1,1,1,5,84.88,-1.5188,0
O=CN1COC(=O)C1=O,129.071,4,0,1,1,5,63.68,-1.5143000000000002,0
NC1=CC(CO)=NC1=O,126.115,3,2,1,1,4,75.68,-1.1975,0
C#CC(O)c1n[nH]n1N,126.11900000000003,4,3,1,1,5,79.86,-1.4084000000000003,1
N=c1cnon1CCO,129.11900000000003,5,2,2,1,5,75.04,-1.0521300000000002,0
CN=C1N=NNC1=O,112.09199999999998,3,1,0,1,5,66.18,-0.4882999999999999,0
N=C1OCC(=O)C(=N)O1,128.087,5,2,0,1,5,83.23,-0.48566000000000015,0
CCc1n[nH]c(=O)n1CO,143.146,4,2,2,1,5,70.91,-0.9164000000000001,0
N=C1COC(=N)NCO1,129.119,4,3,0,1,5,78.19,-0.5076600000000002,0
N=C1NC(=O)OCCO1,130.103,4,2,0,1,5,71.41000000000001,-0.32243,0
CC1=NC(CO)=NC1=N,125.13099999999999,3,2,1,1,4,68.80000000000001,-0.17103000000000002,0
CC(=O)Oc1nc1=N,112.08800000000001,4,1,1,1,4,63.04,-0.6380299999999999,0
Cn1nc(CO)c(=O)[nH]1,129.119,4,2,1,1,5,70.91,-1.3993000000000002,0
CC(=N)OC1=NC(O)=N1,127.103,4,2,0,1,5,78.03,0.28376999999999997,0
NCC(=O)c1nc[nH]n1,126.119,4,2,2,1,5,84.66000000000001,-1.0539000000000003,0
N=c1oc(=O)c1=NO,114.05999999999999,5,2,0,1,5,86.65,-1.7152300000000005,0
CN=C1N=CC(N)=[N+]1[O-],126.119,3,1,0,1,5,76.80999999999999,-1.0758999999999999,0
CC1=NC(NC=O)=C1N,125.13099999999999,3,2,2,1,4,67.48,-0.6653,0
N#Cc1nnoc1C=N,122.08699999999997,5,1,1,1,5,86.56,-0.06104999999999999,0
COc1nn[nH]c1O,115.09199999999998,4,2,1,1,5,71.03,-0.4811000000000002,0
N#CCC(=N)N1COC1=O,139.114,4,1,1,1,5,77.18,0.28705,0
N=C1NC(=N)C(=N)O1,112.092,4,4,0,1,5,92.81000000000002,-0.5044900000000001,0
C#CCc1nc(N)n[nH]1,122.13100000000001,3,2,1,1,4,67.59,-0.4374000000000002,0
CC1=NC(CO)=NC1=O,126.11499999999998,3,1,1,1,4,62.02,-0.6217000000000001,0
NC(=O)c1ncc(N)[nH]1,126.119,3,3,1,1,5,97.78999999999999,-0.9092000000000005,0
CC1=NN=C(N)C1=O,111.104,4,1,0,1,4,67.81,-0.6978,0
CN=C1N=CN=C1N,110.12,3,1,0,1,4,63.099999999999994,-0.5861999999999998,0
CN=C(N)C1=NN=C1C#N,135.13,4,1,1,1,5,86.88999999999999,-0.69242,0
N=c1[nH]nc(C=O)n1O,128.09099999999998,5,3,1,1,6,94.76,-1.25953,0
N=C1N=COCC(N)O1,129.119,4,2,0,1,5,80.69,-0.7189300000000001,1
N=C1CC(=NO)C(=N)O1,127.10299999999998,5,3,0,1,5,89.52,0.19144,0
CC1=NC(=O)C(CO)=N1,126.11499999999998,3,1,1,1,4,62.019999999999996,-0.6217000000000001,0
NC(=O)OC1=NC(=O)O1,130.059,4,1,0,1,6,90.98,-0.41209999999999986,0
C#Cc1ncc(N)n1N,122.13100000000001,4,2,0,1,4,69.86,-0.8396000000000001,0
CC(=O)C1=NC(N)=N1,111.10400000000001,4,1,1,1,4,67.81,-0.6978,0
COC1=NC(=O)C(=N)O1,128.087,4,1,0,1,5,71.74,-0.47713,0
COC1=NC(=N)N=C1O,127.103,2,2,0,1,5,78.03,-0.06383000000000005,0
N=C1COC(=N)NCO1,129.119,4,3,0,1,5,78.19,-0.5076600000000002,0
Nc1cnc(NC=O)cn1,138.12999999999997,4,2,2,1,5,80.89999999999999,-0.37290000000000045,0
C#CC1(O)NC1CO,113.11599999999999,3,3,1,1,3,62.400000000000006,-1.7277000000000002,2
COC1=NC(N)=C1C=O,126.115,4,1,1,1,4,64.68,-0.5859000000000001,0
NC1=NC(C(N)C=O)=N1,126.11899999999999,5,2,2,1,5,93.83,-1.7606000000000004,1
Nc1c[nH]c(=O)c(=O)o1,128.087,4,2,0,1,5,89.09,-1.0897000000000001,0
N=C1N=C(C=O)OC1=O,126.07099999999997,4,1,1,1,5,79.58000000000001,-0.8821300000000001,0
Cc1n[nH+]c(N)c(=O)o1,128.111,4,1,0,1,5,83.26,-1.2604799999999996,0
NC1=C(NC=O)C(=O)C=N1,139.11399999999998,4,2,2,1,5,84.55,-1.4863000000000004,0
N=C1NC(=O)C(N)O1,115.092,4,3,0,1,5,88.2,-1.6476300000000004,1
CN=C1OC(=N)NC1=N,126.119,4,3,0,1,5,81.32,-0.45346000000000036,0
N=C1COC(=O)OC1=N,128.087,5,2,0,1,5,83.22999999999999,0.15023999999999993,0
N=C1OCC(C=O)C1=O,127.09899999999998,4,1,1,1,4,67.22,-0.6219300000000001,1
N=C1OCCOC1=O,115.088,4,1,0,1,4,59.38,-0.46293000000000006,0
CNC1=NN=C1C=N,110.11999999999999,4,2,1,1,4,60.6,-0.3765300000000002,0
CC(=O)C1=NC(N)=N1,111.10400000000001,4,1,1,1,4,67.81,-0.6978,0
N=C1C=C(N)C(N)=N1,110.12000000000002,3,3,0,1,4,88.25,-0.8229299999999997,0
CNC(=O)C1=NC(=N)O1,127.103,3,2,1,1,5,74.54,-0.9041300000000001,0
N=COc1c[nH]c(=O)[nH]1,127.10299999999998,3,3,2,1,5,81.72999999999999,-0.3111300000000001,0
CN=C1OCNC(=O)CO1,144.13,4,1,0,1,5,59.92,-0.9073000000000002,0
N=C1C=NC(N)=NC1=O,124.10300000000001,4,2,0,1,5,91.66,-1.0681300000000002,0
N=C1OCC(O)C1=NC=O,142.11399999999998,4,2,1,1,5,82.74000000000001,-1.0478300000000003,1
CN=C1C=NC(=O)N=N1,124.103,2,0,0,1,5,66.50999999999999,0.6713,0
COC1=NC(=O)N=C1O,128.087,2,1,0,1,5,71.25,0.12140000000000001,0
CC1=NN=C(N)C1=N,110.12,4,2,0,1,4,74.59,-0.24712999999999996,0
N=C1OC(=N)C(=O)O1,114.05999999999999,5,2,0,1,5,83.23,-0.5281600000000002,0
N=Cc1ncc(N)nn1,123.11900000000001,5,2,1,1,5,88.54,-0.5485300000000002,0
Nc1cnc(=O)oc1N,127.103,5,2,0,1,5,95.14,-0.8008,0
CC(=O)n1ncoc1=O,128.087,5,0,0,1,5,65.1,-0.5035999999999999,0
COC1=C(OCO)OC1=N,145.114,5,2,3,1,5,71.77000000000001,-0.22422999999999993,0
CC1=NC(N)=NC1=N,110.12,3,2,0,1,4,74.59,-0.24712999999999996,0
Cc1cnc(N)c(=N)o1,125.131,4,2,0,1,4,75.9,0.04469000000000006,0
CN=C1C=NC(C=O)=N1,123.11499999999998,3,0,1,1,4,54.15,-0.3035000000000001,0
CN=C1N=C(N)C=[N+]1[O-],126.119,3,1,0,1,5,76.80999999999999,-1.0758999999999999,0
N=C1NC(=O)COC1=N,127.103,4,3,0,1,5,86.03,-0.9126600000000002,0
N=C1OCC(=O)NC1=O,128.087,4,2,0,1,5,79.25,-1.36333,0
Cc1nncc(NCO)n1,140.146,5,2,2,1,5,70.93,-0.45828000000000013,0
N=Cn1c(O)coc1=N,127.10299999999997,5,3,1,1,5,86.0,-0.27865999999999996,0
N=C1N=CN=C(N)C1=O,124.103,4,2,0,1,5,91.66,-1.06813,0
COc1n[nH]nc1N=O,128.091,5,1,2,1,6,80.22999999999999,0.21119999999999978,0
CC(=N)n1cnc(O)n1,126.11899999999999,5,2,0,1,5,74.79,-0.17103000000000013,0
CC(=O)c1nc(O)no1,128.087,5,1,1,1,5,76.22,-0.022200000000000053,0
N=C1N=CN=C1CN,110.12,3,2,1,1,4,74.59,-0.59473,0
CN=C1NC(=O)OC1=N,127.10299999999998,4,2,0,1,5,74.53999999999999,-0.2682300000000001,0
CC(=O)c1n[nH]c(=O)o1,128.087,4,1,1,1,5,75.96000000000001,-0.43450000000000005,0
CNC1=NC=NC1=N,110.11999999999999,3,2,0,1,4,60.6,-0.3765300000000002,0
Cc1nncc(NC#N)n1,135.13,5,1,1,1,5,74.49000000000001,0.07299999999999979,0
Nc1ncc(C=O)n1N,126.119,5,2,1,1,5,86.92999999999999,-1.0084000000000004,0
N=c1ocnn1CC=O,127.103,5,1,2,1,5,71.88,-0.8455300000000003,0
N=C1COC(=NO)CO1,130.103,5,2,0,1,5,74.9,-0.20183000000000012,0
N=CC1NCOC(=N)CO1,143.14600000000002,5,3,1,1,5,78.19000000000001,-0.4667600000000003,1
N=C1N=C(N)C=[N+]1[O-],112.092,3,2,0,1,5,88.30000000000001,-1.12693,0
CN=c1nc(C=N)cno1,138.13,5,1,1,1,5,75.13,-0.40223000000000053,0
N=C1CC(=N)OC(=O)O1,128.087,5,2,0,1,5,83.23,0.49784,0
N=C1OC(=O)N=C1N,113.07600000000001,4,2,0,1,5,88.53,-0.5289300000000001,0
N=C1OC(C=O)=CC1=O,125.08299999999997,4,1,1,1,4,67.22,-0.35423000000000004,0
CN=c1cn[c-](N)n1F,129.118,4,1,0,1,5,56.199999999999996,-0.5527000000000002,0
Cn1ncnc1NC=O,126.11899999999999,4,1,2,1,5,59.81,-0.6166,0
N=C1NC(N)COC1=O,129.119,4,3,0,1,5,88.20000000000002,-1.6051300000000004,1
CN=c1cnoc(=N)o1,127.10299999999998,5,1,0,1,5,75.38,-0.7224299999999999,0
CC1=NN=C(N)C1=N,110.12,4,2,0,1,4,74.59,-0.24712999999999996,0
N=CN1C=CNC(=O)O1,127.10299999999998,3,2,1,1,5,65.42,0.021469999999999934,0
N#CC(=CN)N1COC1,125.131,4,1,1,1,4,62.28,-0.4427200000000002,0
N=Cc1cc(N)n(CO)n1,140.14600000000002,5,3,2,1,5,87.92,-0.5872300000000001,0
NC1(OC=O)CNC1=O,130.103,4,2,2,1,5,81.41999999999999,-2.0557999999999996,1
Cc1cc(N)c(=N)on1,125.13100000000001,4,2,0,1,4,75.9,0.04469000000000006,0
Nc1n[nH]nc1CC=O,126.11899999999999,4,2,2,1,5,84.66,-0.8717000000000006,0
CC(O)n1nc[nH]c1=O,129.119,4,2,1,1,5,70.91,-0.9178,1
N=C1NC(=O)COCO1,130.103,4,2,0,1,5,71.41000000000001,-0.9583300000000001,0
NC1=NC(=O)N=C1CO,127.10299999999998,3,2,1,1,5,88.04,-1.0895000000000001,0
CC1=NC(=N)N=C1O,111.10399999999998,1,2,0,1,4,68.8,0.3521700000000001,0
N=C1OCC(=O)C1O,115.08799999999998,4,2,0,1,4,70.38,-1.0761300000000003,1
N=C(N)C1=NOC1=O,113.076,4,2,1,1,5,88.53,-1.16483,0
N#Cc1nnc(C=O)[nH]1,122.08699999999997,4,1,1,1,5,82.43,-0.51112,0
N=CN1C=NC1CCO,127.14699999999998,3,2,3,1,4,59.68000000000001,-0.35413,1
N=C1OCC(=O)C(=N)O1,128.087,5,2,0,1,5,83.23,-0.48566000000000015,0
CN=C1OC=NC1=O,112.088,3,0,0,1,4,51.02,-0.4002000000000001,0
COC1=NC(=N)N=C1,111.104,2,1,0,1,4,57.8,0.05046999999999996,0
N=CN1NC(=O)CC1N,128.135,3,3,1,1,5,82.21000000000001,-1.3848299999999996,1
N=C1NCNC(=O)CO1,129.119,3,3,0,1,5,74.21000000000001,-1.3853300000000002,0
N=C1COC(=O)N=CO1,128.087,4,1,0,1,5,71.74,0.15877000000000002,0
Nc1cc(=O)onc1N,127.10300000000001,5,2,0,1,5,95.14,-0.8008000000000002,0
Nc1cc(C=O)nn1N,126.11900000000001,5,2,1,1,5,86.93,-1.0084000000000004,0
NC(=O)OC1=CN=N1,113.07600000000001,4,1,1,1,5,77.04,0.34640000000000015,0
N=CN1CC(=O)CNCN1,142.162,4,3,1,1,5,68.22,-1.4701299999999988,0
CN=C1C=C(O)N=N1,111.104,3,1,0,1,4,57.31,0.8799000000000001,0
Cn1cnc(=O)c(=O)o1,128.087,5,0,0,1,5,65.1,-1.2665000000000002,0
CN=C1C=NN=C1N,110.12,4,1,0,1,4,63.099999999999994,-0.5862,0
COC(=O)c1ncn[nH]1,127.10300000000001,4,1,1,1,5,67.87,-0.4087,0
O=c1nc(CO)nc[nH]1,127.10299999999998,4,2,1,1,5,78.87,-1.3428000000000004,0
N=C1OC=NC(=O)CO1,128.087,4,1,0,1,5,71.74,-0.47713000000000005,0
CC(=O)NC1COC1=O,129.11499999999998,3,1,1,1,4,55.4,-0.9521000000000002,1
CC(C#N)c1n[nH]n1O,126.119,4,2,1,1,5,77.63,0.07557999999999998,1
COC(CO)C1=NC=N1,128.131,4,1,3,1,4,54.18,-0.5659000000000001,1
N=C1N=C(N)C(C=O)=N1,124.103,3,2,1,1,5,91.66000000000001,-1.06813,0
N=CNC1=NOC1=N,112.092,4,3,1,1,5,81.32,-0.4959599999999999,0
NC1=NC(CO)=CC1=O,126.11499999999997,4,2,1,1,4,75.68,-1.1975000000000002,0
NC1=NC(=O)N=C1CO,127.10299999999998,3,2,1,1,5,88.04,-1.0895000000000001,0
COc1noc(=O)n1C=N,143.102,6,1,2,1,6,81.11000000000001,-0.6999300000000002,0
O=CN=C1NC1CO,114.10399999999998,2,2,2,1,4,71.60000000000001,-1.4946000000000002,1
N=C1N=C(C=O)C(=O)O1,126.07099999999997,4,1,1,1,5,79.58,-0.8821300000000001,0
CN=C1OC(=N)C(=O)O1,128.087,5,1,0,1,5,71.74,-0.47713,0
N=C1NCC(=O)C(N)O1,129.119,4,3,0,1,5,88.2,-1.60513,1
N=CN1CNC(=O)OC1,129.11899999999997,3,2,1,1,5,65.42,-0.44972999999999996,0
CC1OC=NNC(=N)C1=O,141.13,4,2,0,1,5,74.53999999999999,-0.5156300000000003,1
CN1NC(=O)CNC1=N,128.135,2,3,0,1,5,68.22,-1.512629999999999,0
N=CN1OC=NCC1=N,126.119,4,2,1,1,5,72.53,-0.15376000000000006,0
N=c1cnc(CO)n[nH]1,126.119,4,3,1,1,5,85.65,-1.2235300000000005,0
N=c1[nH]c(=N)oc(=O)[nH]1,128.091,4,4,0,1,6,109.48999999999998,-1.7450600000000005,0
NC1=NC(=O)N=C1F,115.067,2,1,0,1,5,67.81,-0.15479999999999983,0
CN1C=C(NC=N)C1=O,125.13099999999999,2,2,2,1,4,56.190000000000005,-0.50353,0
CC(=O)n1ncnc1N,126.119,5,1,0,1,5,73.8,-0.47959999999999997,0
O=Cc1n[nH]c(O)n1,113.07599999999998,4,2,1,1,5,78.87,-0.6772000000000001,0
N=C1OCC(=O)C(=N)O1,128.087,5,2,0,1,5,83.23,-0.48566000000000015,0
Nc1nc(C=O)oc1CO,142.11399999999998,5,2,2,1,5,89.35000000000001,-0.43839999999999985,0
N=C1COC(=N)C(=O)O1,128.087,5,2,0,1,5,83.23,-0.48566000000000015,0
NC1=NC=C(O)C1=O,112.08799999999998,4,2,0,1,4,75.68,-0.6743000000000001,0
N=C1C=NN=C(N)C1=O,124.103,5,2,0,1,5,91.66,-1.06813,0
N=c1[nH]c(=O)oc(=N)o1,129.075,5,3,0,1,6,106.83999999999999,-1.4801599999999997,0
CC1=NN=C(OCO)C1=N,141.13,5,2,1,1,5,78.03,-0.23942999999999992,0
CC1=NN=C(N)C1=N,110.12,4,2,0,1,4,74.59,-0.24712999999999996,0
COC1=NC(=O)N=C1C,126.115,2,0,0,1,4,51.019999999999996,0.6258,0
N=CN1COCC1=NO,129.119,4,2,1,1,5,68.91000000000001,-0.3291300000000003,0
CN=C1N=CC(C=O)=N1,123.11499999999998,2,0,1,1,4,54.15,-0.3034999999999999,0
NC(C=O)c1nc1=O,112.088,4,1,2,1,4,73.05000000000001,-1.4839000000000002,1
CNC1=C(N)C(=O)C=N1,125.131,4,2,1,1,4,67.47999999999999,-1.0129,0
N=C1COC(=N)N1C=O,127.103,4,2,1,1,5,77.24000000000001,-0.6129600000000002,0
N=CN1CC(=O)NCO1,129.119,3,2,1,1,5,65.42,-1.0856299999999999,0
N=C1N=C(CO)N=C1O,127.10299999999998,3,3,1,1,5,89.03,-0.67543,0
N=C1OCNC(=O)C1N,129.11899999999997,4,3,0,1,5,88.2,-1.60513,1
CC(N)C1=NN=C1N,112.13600000000001,4,2,1,1,4,76.75999999999999,-0.9396,1
CNC(=O)C1=NN1C=N,126.119,3,2,2,1,5,68.32,-1.0314300000000003,0
CC(O)C1=NC(=N)N1,113.12,2,3,1,1,4,68.47,-0.6963300000000001,1
N=c1nc(CO)cno1,127.10299999999998,5,2,1,1,5,83.0,-0.9586300000000001,0
Cc1nocnc1=N,111.104,4,1,0,1,4,62.77,-0.14251000000000008,0
N=C1OCC(O)C(=N)O1,130.10299999999998,5,3,0,1,5,86.39,-0.6938600000000001,1
N=CN1CC(=O)OCO1,130.10299999999998,4,1,1,1,5,62.620000000000005,-0.65863,0
N=C1OCNC(=O)CO1,130.10299999999998,4,2,0,1,5,71.41,-0.9583300000000003,0
N=C1N=CC(N)=NC1=O,124.10300000000001,3,2,0,1,5,91.66,-1.0681300000000002,0
N=C1COC(=O)N=CN1,127.103,3,2,0,1,5,74.53999999999999,-0.26823000000000013,0
N=C1CNC(=O)OCN1,129.119,3,3,0,1,5,74.21000000000001,-0.7494300000000003,0
N=CC1=NCOC(=N)O1,127.103,5,2,1,1,5,78.52,-0.026460000000000095,0
Cn1nc(CO)c(=O)o1,130.10299999999998,5,1,1,1,5,68.25999999999999,-1.1344,0
CC(=O)n1cnc(N)n1,126.11900000000001,5,1,0,1,5,73.8,-0.47959999999999997,0
O=CC1NCNC(=O)O1,130.103,4,2,1,1,5,67.43,-1.2017000000000002,1
CN=c1c(=N)oc1=NO,127.10299999999998,5,2,0,1,5,81.94,-1.5449299999999992,0
N=c1nnc(C=O)c[nH]1,124.10299999999998,4,2,1,1,5,82.49000000000001,-0.9033300000000002,0
C#CC1=NC(O)=NC1=N,121.09899999999999,2,2,0,1,4,68.80000000000001,-0.03452999999999995,0
NCn1c(N)coc1=O,129.119,5,2,1,1,5,87.18,-1.0603000000000005,0
CNC1=NN=C1N=O,112.092,5,1,0,1,5,66.18,-0.3022000000000001,0
NC1=NC(CO)=NC1=O,127.10299999999998,4,2,1,1,5,88.03999999999999,-1.7254,0
COC1=NNC(=N)C1=O,127.10299999999998,4,2,0,1,5,74.53999999999999,-0.9041300000000003,0
CC(=O)C1=NNC1=N,111.104,3,2,1,1,4,65.31,-0.4881300000000001,0
N=C1N=C(N)C(C=O)=N1,124.103,3,2,1,1,5,91.66000000000001,-1.06813,0
N=C1OCCOC1=O,115.088,4,1,0,1,4,59.38,-0.46293000000000006,0
NC1=NN=C1CC=O,111.10399999999998,4,1,2,1,4,67.81,-0.6978,0
Cc1n[nH]c(=O)oc1=O,128.087,4,1,0,1,5,75.96000000000001,-0.96848,0
N=C1NN=C1C(O)C=O,127.10299999999997,4,3,2,1,5,85.53999999999999,-1.51733,1
N=C1CC(=O)NC(=N)O1,127.10299999999998,4,3,0,1,5,86.03000000000002,-0.5650600000000003,0
N=C1C=C(C(N)=O)O1,112.088,3,2,1,1,4,76.17,-0.6369300000000002,0
O=CNC1=NC=NC1=O,125.08699999999999,3,1,1,1,5,70.89,-1.3006000000000002,0
O=CC1CN=NC(=O)C1,126.115,3,0,1,1,4,58.86,0.18400000000000005,1
N=CC1=NN=C1C(=N)O,124.10299999999998,4,3,2,1,5,92.65,-0.018159999999999954,0
N=C1OC(C=O)C1=NO,128.087,5,2,1,1,5,82.74,-0.6084300000000002,1
N=C1N=C(N)C=C1C=O,123.11499999999998,3,2,1,1,4,79.30000000000001,-0.54023,0
CC(O)C1=NN=C1N,113.12000000000002,4,2,1,1,4,70.97,-0.9060000000000001,1
CCN=NC1=NC(=CN)O1,140.146,5,1,1,1,5,72.33,0.6023000000000002,0
Cc1nc(C=N)nn1CO,140.14600000000002,5,2,2,1,5,74.79,-0.46601000000000015,0
N#CCC1=NC(=O)N=C1,121.09899999999999,2,0,1,1,4,65.58,0.5454800000000001,0
N=C1NC(=O)OC1=O,114.05999999999999,4,2,0,1,5,79.25,-0.76993,0
N=C(N)OC1C(=N)C1=O,127.10299999999998,4,3,1,1,5,100.02000000000001,-1.1324599999999998,1
N=COC1=NN=CC1=N,124.103,5,2,1,1,5,81.65,0.027739999999999987,0
N=CN1CN=CC(=O)N1,126.11899999999997,3,2,1,1,5,68.55,-1.0314300000000003,0
CC(=O)C1=NOC1=N,112.088,4,1,1,1,4,62.51,-0.06112999999999996,0
NC(=O)Oc1ccn[nH]1,127.103,3,2,1,1,5,81.0,-0.13279999999999997,0
N=C1OCC(N)C(=N)O1,129.119,5,3,0,1,5,92.17999999999999,-0.72746,1
NC1=C(C=O)C(O)=N1,112.088,3,2,1,1,4,75.68,-0.6743000000000001,0
N=C1COC(=N)NCO1,129.119,4,3,0,1,5,78.19,-0.5076600000000002,0
COc1nc(=N)nc[nH]1,126.119,4,2,1,1,5,74.65,-0.7072300000000002,0
N=CC1=NC(=N)C(O)=N1,124.103,3,3,1,1,5,92.65,-0.018159999999999954,0
Nc1nc(O)coc1=O,128.08699999999996,5,2,0,1,5,89.35,-0.6774,0
N=C1COC(=N)OCN1,129.119,4,3,0,1,5,78.19,-0.5076600000000002,0
COC1=NC(N)=NC1=O,127.10300000000001,4,1,0,1,5,77.03999999999999,-1.1138000000000001,0
N=C1N=C(CN)N1C=O,126.119,3,2,2,1,5,82.53999999999999,-1.24963,0
N=C1NC(=O)C(=N)CO1,127.103,4,3,0,1,5,86.03000000000002,-0.9126600000000002,0
N=c1[nH]c(=O)oc(=N)o1,129.075,5,3,0,1,6,106.83999999999999,-1.4801599999999997,0
N=C1N=C(N)N=C1CO,126.119,4,3,1,1,5,94.82000000000001,-1.27473,0
COC1=NC(NC=O)=C1O,142.114,4,2,2,1,5,70.92,-0.48200000000000026,0
CNC1=NC(=O)N=N1,112.092,3,1,0,1,5,66.18,0.1476,0
COC1=NC(=N)NC1=O,127.103,3,2,0,1,5,74.53999999999999,-0.9041300000000003,0
COc1ncnc(=N)[nH]1,126.119,4,2,1,1,5,74.65,-0.70723,0
CN=C1N=C(N)N1C=O,126.119,3,1,1,1,5,71.05,-1.2411,0
NC1=NC(=O)C(C=O)=N1,125.08699999999997,4,1,1,1,5,84.88,-1.5188,0
NC1=NC(=O)N=C1C=O,125.08699999999997,3,1,1,1,5,84.88,-0.8829,0
NC1=CC(=O)C(N)=N1,111.10400000000001,4,2,0,1,4,81.47,-1.2735999999999998,0
Nc1oc(O)nc1C=O,128.087,5,2,1,1,5,89.35,-0.2250999999999999,0
Nc1coc(=O)n1CO,130.103,5,2,1,1,5,81.39,-1.0267000000000002,0
COC1=C(N)C(=N)N=N1,126.11900000000001,4,2,1,1,5,83.82000000000001,0.20367000000000018,0
CN=C1OCOC=NC1=N,141.13,4,1,0,1,5,67.03,0.024570000000000147,0
O=CC1=NC(=O)NC1=O,126.07099999999998,3,1,1,1,5,75.6,-1.1239000000000001,0
CC(O)C1=NN=NC1=N,126.11900000000001,4,2,1,1,5,81.16,0.16626999999999992,1
N=CC1OC(=N)OC1=N,127.103,5,3,1,1,5,90.00999999999999,-0.03658999999999979,1
CC1N=NC(=O)N=C1N,126.119,3,1,0,1,5,80.17,0.3179000000000002,1
N=C1OC(=O)C=C1N,112.088,4,2,0,1,4,76.17,-0.63693,0
N=Cc1nonc1C=O,125.08699999999999,5,1,2,1,5,79.84,-0.12023,0
N=C1NCCOC(=N)O1,129.119,4,3,0,1,5,78.19000000000001,-0.50766,0
CCc1nc(=O)nc(N)o1,141.13,5,1,1,1,5,82.01,-0.42560000000000014,0
N=CC1NC(=N)OCO1,129.119,4,3,1,1,5,78.19000000000001,-0.5092600000000003,1
N=C1OCC(=O)OC1=N,128.087,5,2,0,1,5,83.22999999999999,-0.48566000000000015,0
N=Cn1cncc1N,110.11999999999999,4,2,1,1,4,67.69,-0.07952999999999977,0
CC(=O)C1=NC(N)=N1,111.10400000000001,4,1,1,1,4,67.81,-0.6978,0
N=C1N=C(CO)N=C1N,126.119,4,3,1,1,5,94.82,-1.2747300000000001,0
N=C(CO)C1=NNC1=O,127.103,4,3,2,1,5,85.53999999999999,-1.5157300000000002,0
N=Cn1[nH]c(=O)oc1=O,129.075,5,2,1,1,6,91.85,-1.4152300000000002,0
N=C1N=CC(N)=C1N,110.12000000000002,3,3,0,1,4,88.25,-0.8229300000000002,0
Nc1nn[nH]c1C=CO,126.11899999999996,4,3,1,1,5,87.82000000000001,-0.08440000000000053,0
N=C1CNC(O)C(=N)O1,129.11899999999997,5,4,0,1,5,89.19000000000001,-1.1208600000000006,1
NC1=CC(=O)C(N)=N1,111.10400000000001,4,2,0,1,4,81.47,-1.2735999999999998,0
N#CCC1(N)COC(=O)O1,142.114,5,1,1,1,5,85.34000000000002,-0.2781199999999999,1
Cn1cnc(NC#N)n1,123.119,5,1,1,1,5,66.53,-0.2919200000000001,0
N=C1OCOC(=O)C1=O,129.071,5,1,0,1,5,76.45,-0.9363300000000001,0
N=C1OCC(=O)OC1=N,128.087,5,2,0,1,5,83.22999999999999,-0.48566000000000015,0
N=C1NC(C=O)C(=N)O1,127.103,4,3,1,1,5,86.03000000000002,-0.9142600000000001,1
N=C1NC(CO)=NC1=O,127.103,3,3,1,1,5,85.53999999999999,-1.51573,0
NNc1coc(=O)n1C=O,143.102,6,2,2,1,6,90.25999999999999,-1.2348,0
NC(=O)C(=O)C1CN1O,130.103,4,2,2,1,5,83.4,-1.8857999999999997,2
N=C1N=C(CO)N=C1CN,140.146,4,3,2,1,5,94.82,-1.23223,0
Nc1cnc(O)n1CO,129.119,5,3,1,1,5,84.3,-0.8793000000000002,0
Nc1ncoc(=O)c1O,128.087,5,2,0,1,5,89.35000000000001,-0.6774,0
N=C1OC(=O)N=C1O,114.05999999999999,3,2,0,1,5,82.74,0.07037000000000004,0
Cc1nc(C=N)nn1N,125.135,5,2,1,1,5,80.58,-0.70201,0
N=C1COCOC(=N)CN1,143.14600000000002,4,3,0,1,5,78.19,-0.46515999999999996,0
N#CCC1=CN=NC1=N,120.115,3,1,1,1,4,72.36,1.2270499999999998,0
N=C1N=CC(CO)=C1O,126.11499999999998,3,3,1,1,4,76.67,-0.14752999999999994,0
N=C1OCCC(=O)C(=N)O1,142.114,5,2,0,1,5,83.23,-0.09556000000000003,0
CC(=O)OC1=NC(=N)O1,128.08700000000002,4,1,0,1,5,71.74,-0.12952999999999998,0
N=CN1CC(=N)NC(=O)C1,140.146,3,3,1,1,5,80.04,-0.99746,0
[O-][n+]1nc[nH]c1C=NO,128.09099999999998,4,2,1,1,6,88.21,-1.1488,0
Cc1n[nH]c(=N)n1C=O,126.11899999999999,4,2,1,1,5,74.53,-0.9626100000000002,0
N=C1CNC(=N)OCO1,129.119,4,3,0,1,5,78.19000000000001,-0.5076600000000004,0
Nc1cnncc1N,110.12,4,2,0,1,4,77.82,-0.35899999999999993,0
N=C1NC(C=O)NCC1O,143.14600000000002,4,4,1,1,5,85.21000000000001,-1.9576299999999993,2
N=C1N=C(C(=O)O)O1,114.05999999999997,3,2,1,1,5,82.74000000000001,-0.5655299999999999,0
COc1cc(=O)[nH]nn1,127.10300000000001,4,1,1,1,5,67.87,-0.8265000000000002,0
N=C1NC=COC(=N)N1,126.119,3,4,0,1,5,80.99000000000001,-0.46346000000000015,0
NC1=C(O)C(C=O)=N1,112.088,4,2,1,1,4,75.68,-0.6742999999999999,0
CN=C1N=C(N)N1C=O,126.119,3,1,1,1,5,71.05,-1.2411,0
NC(=O)n1cc[nH]c1=O,127.10299999999998,3,2,0,1,5,80.88,-0.8968,0
O=C1CC(=O)OC(=O)N1,129.071,4,1,0,1,5,72.47,-0.8305,0
N#CC1=NN=C1C=N,106.08799999999998,4,1,1,1,4,72.36,-0.029849999999999932,0
NC1=C(N)C(=O)N=C1,111.10399999999998,3,2,0,1,4,81.47,-1.2736000000000003,0
N=CC(O)C1(C=O)CO1,129.115,4,2,3,1,4,73.67999999999999,-1.0352300000000003,2
N=C1N=C(O)N=C1CO,127.10299999999998,3,3,1,1,5,89.03,-0.67543,0
NC1=C(N)C(C=O)=N1,111.10399999999998,4,2,1,1,4,81.47,-1.2735999999999998,0
N=C1OC(CO)=NC1=O,128.087,4,2,1,1,5,82.74000000000001,-1.0887300000000002,0
O=CNc1nn[nH]c1C=O,140.102,4,2,3,1,6,87.74000000000001,-0.8145000000000002,0
COC1=NNC(=N)C1=O,127.10299999999998,4,2,0,1,5,74.53999999999999,-0.9041300000000003,0
NC1=C(C=O)N1C=O,112.088,3,1,2,1,4,63.17,-1.2149,0
N=C1N=C(N)C(CO)=N1,126.119,3,3,1,1,5,94.82000000000001,-1.2747300000000001,0
NC(C=O)c1cn[nH]n1,126.119,4,2,2,1,5,84.66000000000001,-0.9966000000000002,1
N#Cc1nnc(CO)o1,125.08699999999997,5,1,1,1,5,82.94,-0.5664199999999999,0
Cc1nc(C=N)nn1O,126.11899999999999,5,2,1,1,5,74.79,-0.17851000000000006,0
N=CC1OC(=N)OC1=O,128.087,5,2,1,1,5,83.22999999999999,-0.48725999999999997,1
N=C1NC(=N)N1CC=O,126.119,3,3,2,1,5,80.04,-1.03996,0
N=C1CNC(=O)NCO1,129.119,3,3,0,1,5,74.21000000000001,-0.7494300000000003,0
Cn1nc(C=O)c(=N)[nH]1,126.11899999999999,4,2,1,1,5,74.53,-0.9598300000000002,0
N=C1NCOC(=O)C1=N,127.103,4,3,0,1,5,86.03,-0.9126600000000002,0
CN=c1nc(N)c1=O,111.104,4,1,0,1,4,68.34,-1.5698999999999999,0
NC1=NN=C(CO)C1=O,127.10299999999998,5,2,1,1,5,88.03999999999999,-1.7254,0
COc1n[nH]nc1C=N,126.11899999999999,4,2,2,1,5,74.65,-0.1890300000000002,0
N=CN1C=NC(=O)OC1,127.10299999999998,3,1,1,1,5,65.75,0.031470000000000053,0
Nc1ncc(=O)oc1N,127.103,5,2,0,1,5,95.14,-0.8008000000000002,0
Nc1ncc(CO)nc1N,140.146,5,3,1,1,5,98.05,-0.8667000000000002,0
N=C1N=C(CO)OC1=N,127.10299999999998,4,3,1,1,5,89.52000000000001,-0.6380600000000003,0
COc1c[nH]nc1N=O,127.103,4,1,2,1,5,67.34,0.8161999999999998,0
NC(=O)C1=NC(CO)=N1,127.103,4,2,2,1,5,88.04,-1.7253999999999996,0
Nc1nccc(=O)n1O,127.10299999999998,5,2,0,1,5,81.14,-0.9372000000000003,0
N=C1C=C(N)N=C1C=O,123.115,4,2,1,1,4,79.30000000000001,-0.5402300000000002,0
N#CC(=N)NC1OC1=O,125.08699999999997,4,2,1,1,5,89.27000000000001,-1.0402500000000001,1
N=C1N=C(C(N)=O)N1,112.092,2,3,1,1,5,91.33000000000001,-1.5918300000000003,0
C#CC(N)C1=NOC1=N,123.115,4,2,1,1,4,71.46000000000001,-0.6896300000000002,1
O=C1N=C(NCO)N1,115.09199999999998,3,3,1,1,5,73.72,-1.395,0
Nc1ncoc(=O)c1N,127.103,5,2,0,1,5,95.14,-0.8008,0
C#CC(=O)n1cn[nH]1,109.088,3,1,0,1,4,50.68,-0.5154000000000001,0
N=C1N=CC(=O)NCO1,127.103,3,2,0,1,5,74.54,-0.9041300000000001,0
NC1=NC(CO)=NC1=O,127.10299999999998,4,2,1,1,5,88.03999999999999,-1.7254,0
N=C1ON=C(CO)C1=O,128.087,5,2,1,1,5,82.74000000000001,-1.0887300000000002,0
N#CCOC1=NN=C1N,124.10300000000001,5,1,1,1,5,83.75999999999999,-0.78912,0
N=CN1C(=N)COC1=O,127.10299999999998,4,2,1,1,5,77.24000000000001,0.022940000000000016,0
COc1nc(O)c(O)[nH]1,130.10299999999998,4,3,1,1,5,78.37,-0.17050000000000015,0
COC1=NN=C(N)C1=O,127.103,5,1,0,1,5,77.03999999999999,-1.1138000000000001,0
O=C1CC(O)C(=O)O1,116.07199999999999,4,1,0,1,4,63.599999999999994,-1.1792,1
N=COc1c[nH]c(=N)[nH]1,126.11899999999999,3,4,2,1,5,88.50999999999999,-0.19186000000000003,0
COC(=O)C1=NC(=O)N1,128.08700000000002,3,1,1,1,5,67.75999999999999,-0.7189000000000001,0
COc1cnn[nH]c1=N,126.119,4,2,1,1,5,74.65,-0.70723,0
NC1=NC(NC=O)=C1O,127.10299999999997,4,3,2,1,5,87.71,-1.1697,0
NC1(C=O)NC1=CO,114.10399999999998,4,3,1,1,4,85.26,-1.1571000000000002,1
COc1n[nH]nc1C#N,124.103,4,1,1,1,5,74.59,-0.31502000000000013,0
Nc1nc[nH]c(=O)c1O,127.10299999999997,4,3,0,1,5,92.0,-0.9423000000000001,0
Cc1nnc[nH]c1=N,110.11999999999999,3,2,0,1,4,65.42,-0.40741,0
CCC1=NC(=N)N=N1,110.12,2,1,1,1,4,60.93,1.19547,0
O=C1NC(=O)C(=O)CO1,129.071,4,1,0,1,5,72.47,-1.1781000000000001,0
COC1=NC(=N)OC1=N,127.103,4,2,0,1,5,78.52000000000001,-0.02646000000000004,0
CN=C1N=C(N)C=[N+]1[O-],126.119,3,1,0,1,5,76.80999999999999,-1.0758999999999999,0
COc1c[nH]nnc1=O,127.103,4,1,1,1,5,67.87,-0.8265,0
CN=C1N=C(N)C(=N)O1,126.119,4,2,0,1,5,83.82000000000001,-0.66313,0
CN=C1N=CN=C1CO,125.13099999999999,3,1,1,1,4,57.31,-0.5101,0
COC1=NC(=N)N1C=N,126.119,3,2,1,1,5,72.53,-0.15376,0
N#CCC1=NC(C=N)=N1,120.115,4,1,2,1,4,72.36,0.36025000000000007,0
NC1C=NOCN1C=O,129.119,4,1,1,1,5,67.92,-1.2969000000000002,1
COC1=C(F)N=NC1=N,129.09400000000002,3,1,1,1,5,57.800000000000004,1.21447,0
COC1=CN=C(N)C1=O,126.115,4,1,1,1,4,64.68,-0.5859000000000001,0
Nc1cnc[nH]c1=O,111.10399999999998,3,2,0,1,4,71.77,-0.6478999999999999,0
CN=c1oncc(=O)o1,128.087,5,0,0,1,5,68.6,-0.8416999999999999,0
CCn1[nH]nc(N)c1=O,128.135,4,2,1,1,5,76.69999999999999,-0.8265000000000005,0
N=Cc1ncnnc1N,123.11900000000001,5,2,1,1,5,88.54,-0.5485300000000002,0
N=CC1NC(=N)C(=O)N1,126.119,3,4,1,1,5,88.83000000000001,-1.3412600000000003,1
N=c1[nH]ncnc1C=O,124.10299999999998,4,2,1,1,5,82.49000000000001,-0.9033300000000004,0
N=c1oc(=N)oc(=O)o1,130.059,6,2,0,1,6,104.19000000000001,-1.21526,0
N#CNC1=CN=NC1=O,122.08699999999999,4,1,1,1,5,77.61,-0.10911999999999994,0
CNC1=NN=C1C=O,111.10399999999998,4,1,1,1,4,53.82,-0.8272000000000002,0
CC(=O)C1=NN=C1N,111.10400000000001,4,1,1,1,4,67.81,-0.6978,0
Cn1cnc(N)nc1=N,125.135,5,2,0,1,5,80.58000000000001,-1.12323,0
N=C1CN=COC(N)O1,129.119,5,2,0,1,5,80.69,-0.7189300000000001,1
Cc1nc(N)coc1=O,126.11499999999998,4,1,0,1,4,69.12,-0.07457999999999987,0
Nc1[nH]cnc1NC=O,126.11899999999999,3,3,2,1,5,83.80000000000001,-0.4398000000000002,0
N=CC1OC(=N)OC1=N,127.103,5,3,1,1,5,90.00999999999999,-0.03658999999999979,1
N=C1NC(=O)COC1=N,127.103,4,3,0,1,5,86.03,-0.9126600000000002,0
N=c1ncc(C=O)n[nH]1,124.103,4,2,1,1,5,82.49000000000001,-0.9033300000000002,0
N=c1nn[nH]c(C=O)n1,125.09099999999998,5,2,1,1,6,95.38000000000001,-1.5083300000000002,0
CC(N)C1=NC(=N)N=N1,125.135,3,2,1,1,5,86.95,0.13267000000000023,1
CNC1=NC(=O)NCN1,128.135,3,3,0,1,5,65.52,-1.1679,0
O=C1N=NC=C1C=NCO,139.114,4,1,2,1,5,74.38,-0.11669999999999997,0
N=C1OCC(=O)C(=N)O1,128.087,5,2,0,1,5,83.23,-0.48566000000000015,0
O=CC1NC(=O)C(=O)O1,129.071,4,1,1,1,5,72.47,-1.8155999999999999,1
N=COC1=NC(=O)N=C1,125.08699999999999,3,1,1,1,5,74.87,0.21297000000000002,0
CN=C1CN=NC(C=N)O1,140.146,5,1,1,1,5,70.16,0.4727700000000001,1
CC1=NN=C(CO)C1=N,125.13099999999999,4,2,1,1,4,68.80000000000001,-0.1710299999999999,0
N=C1C=NC(N)=C1O,111.104,4,3,0,1,4,82.46000000000001,-0.22363000000000027,0
N=C1NC(C=O)C(=O)O1,128.087,4,2,1,1,5,79.25000000000001,-1.3649300000000002,1
CN=C1N=C(N)C(=O)O1,127.103,4,1,0,1,5,77.04,-1.1138,0
CC1=NC(=O)C(N)=N1,111.104,3,1,0,1,4,67.81,-0.6978,0
CN=C1OC(=O)C=C1N,126.115,4,1,0,1,4,64.67999999999999,-0.5859000000000001,0
N=C1N=C(F)C(=N)O1,115.067,3,2,0,1,5,69.29,0.29664,0
CCn1nnc(=N)n1O,129.12300000000002,6,2,1,1,6,79.72,-1.1837299999999997,0
N=C1COC(=N)N=CO1,127.103,4,2,0,1,5,78.52,-0.026460000000000095,0
COc1nnc(N)n1C=O,142.118,6,1,2,1,6,83.03,-1.0928,0
N#CCc1noc(O)n1,125.08699999999999,5,1,1,1,5,82.94,-0.15872000000000008,0
N=C1OCC(=O)NC1=O,128.087,4,2,0,1,5,79.25,-1.36333,0
NC1=NC(=O)C(C=O)=N1,125.08699999999997,4,1,1,1,5,84.88,-1.5188,0
N=C(N)C1=NC(=O)O1,113.076,3,2,1,1,5,88.53000000000002,-0.5289299999999999,0
NC(C=O)c1ncon1,127.103,5,1,2,1,5,82.01,-0.7317000000000002,1
CN=C1N=C(C=N)OC1=N,138.13,4,2,1,1,5,81.65,0.07024000000000008,0
N=C1NC=NC(N)CO1,128.13500000000002,4,3,0,1,5,83.49000000000001,-1.1459300000000003,1
N=C1COC(=N)C(=O)O1,128.087,5,2,0,1,5,83.23,-0.48566000000000015,0
N=C1NC(=O)C(C=O)O1,128.087,4,2,1,1,5,79.25000000000001,-1.3649300000000002,1
N=C1CC(=O)NCON1,129.119,3,3,0,1,5,74.21000000000001,-1.0377300000000003,0
Cc1nc[nH]c(=O)[n+]1[O-],127.10299999999998,3,1,0,1,5,72.69,-1.2882799999999999,0
N=C1OC(=O)N=C1N,113.07600000000001,4,2,0,1,5,88.53,-0.5289300000000001,0
N=C1N=C(C(N)C=O)O1,127.10299999999998,4,2,2,1,5,88.53000000000002,-1.12393,1
NC1(C=O)CNC(=O)O1,130.103,4,2,1,1,5,81.42,-1.4199000000000004,1
COc1nc(NC=O)n[nH]1,142.118,4,2,3,1,6,79.9,-0.6184000000000005,0
N=C1N=C(N)N=C1C=O,124.103,4,2,1,1,5,91.66,-1.06813,0
N=C1OCC(N)C(=O)O1,130.103,5,2,0,1,5,85.39999999999999,-1.1781300000000001,1
N=C1C(N)=NN=C1CO,126.11899999999999,5,3,1,1,5,94.82000000000001,-1.2747300000000004,0
CC(=O)N1C=CN=CN1,125.13099999999999,3,1,0,1,4,44.7,-0.14739999999999992,0
N=C1OCOC1=NC=O,128.087,4,1,1,1,5,71.74000000000001,-0.47713000000000005,0
N=CC1C(=O)ON1C=N,127.103,4,2,2,1,5,77.24000000000001,-0.6145600000000002,1
CC(=O)C1=NC(N)=N1,111.10400000000001,4,1,1,1,4,67.81,-0.6978,0
C#CC1N=NC=NC1=N,120.115,3,1,0,1,4,60.93,0.45957000000000003,1
CNC1NC(=O)C(=N)O1,129.119,4,3,1,1,5,74.21,-1.3869299999999998,1
N=CC1OC=NC(=N)O1,127.103,4,2,1,1,5,78.52,-0.02805999999999992,1
N=C1COC(=N)OCO1,130.103,5,2,0,1,5,75.39,-0.08066000000000012,0
CC(=N)n1cncn1,110.11999999999999,4,1,0,1,4,54.56,0.12337000000000004,0
N#CCC1=NC(=N)N=N1,121.10300000000001,3,1,1,1,5,84.72,0.69915,0
N=CC1(N)NC(=N)O1,114.10799999999999,4,4,1,1,5,94.98,-1.1969599999999998,1
N#CC(N)c1cnno1,124.103,5,1,1,1,5,88.73,-0.40702000000000016,1
O=CC1=NC(=O)C=N1,110.07199999999999,3,0,1,1,4,58.86,-0.8052000000000001,0
N=C1COC(=O)NC1=N,127.103,4,3,0,1,5,86.03,-0.27676000000000023,0
N=C1CC(=N)C(=N)OCO1,141.13,5,3,0,1,5,90.01000000000002,0.3551099999999999,0
COC1=NC(N)=NC1=N,126.11900000000001,4,2,0,1,5,83.82,-0.66313,0
N=C1NC(CO)=NC1=O,127.103,3,3,1,1,5,85.53999999999999,-1.51573,0
NC(=O)C1=NC(O)=N1,113.076,3,2,1,1,5,88.04,-1.2022000000000002,0
NC(=O)Oc1cn[nH]c1,127.103,3,2,1,1,5,81.0,-0.1328000000000002,0
N=C1NC(=O)C(C=O)N1,127.10299999999998,3,3,1,1,5,82.05000000000001,-1.7919299999999998,1
NC(=O)C1=NC(CO)=N1,127.103,4,2,2,1,5,88.04,-1.7253999999999996,0
NC1=NC=NC1=O,97.07699999999998,3,1,0,1,4,67.81,-1.0879,0
N=CNC1=NN=CC1=O,124.103,4,2,1,1,5,77.67,-0.8499300000000001,0
N#CCNc1cnon1,124.103,5,1,2,1,5,74.74000000000001,0.005079999999999807,0
O=Cc1nc(=O)[nH]o1,114.05999999999999,4,1,1,1,5,75.96000000000001,-0.8246,0
COc1nc(CO)c(N)o1,144.13,5,2,2,1,5,81.51,-0.24230000000000007,0
CN1NCC(=O)C1=N,113.11999999999999,3,2,0,1,4,56.190000000000005,-1.0172299999999999,0
N=C1NCC(=O)OC(=O)O1,144.08599999999998,5,2,0,1,6,88.48,-0.79583,0
NC(=O)c1ncncn1,124.103,4,1,1,1,5,81.76,-1.0295000000000005,0
COC1=NNC(=O)C1=N,127.10299999999998,4,2,0,1,5,74.53999999999999,-0.9041300000000001,0
CC1COC(=O)NC=N1,128.13099999999997,3,1,0,1,4,50.69,0.14300000000000007,1
NC(=O)C1=NC(N)=N1,112.09200000000001,4,2,1,1,5,93.83,-1.8014999999999999,0
Nc1cn[n+]([O-])c(N)c1,126.119,4,2,0,1,5,91.86999999999999,-1.1206,0
N=c1[nH]cnc(N)[n+]1[O-],127.10700000000001,4,3,0,1,6,105.49,-1.8952299999999997,0
N=C1N=COC(=N)CN1,126.119,3,3,0,1,5,81.32,-0.45346000000000014,0
N=c1cc([NH3+])on1N,115.11600000000001,4,3,0,1,5,95.58,-1.8522299999999996,0
NC1=NC(=O)C(C=O)=N1,125.08699999999997,4,1,1,1,5,84.88,-1.5188,0
N=C1N=C(CO)N=C1N,126.119,4,3,1,1,5,94.82,-1.2747300000000001,0
N=C1OC=NCC1=NO,127.103,5,2,0,1,5,78.03,-0.1476300000000001,0
CN=C1N=C(N)C(O)=N1,126.119,2,2,0,1,5,83.33,-0.7004999999999999,0
N=CN1C=C(N)N(C=N)O1,141.13400000000001,4,3,2,1,6,89.43,-0.5776600000000001,0
N=COC1NCOC1=N,129.119,5,3,2,1,5,78.19,-0.5092600000000003,1
CN=C1C=NC(O)=N1,111.10399999999998,2,1,0,1,4,57.31,0.013099999999999945,0
CC(O)C1=CN=NC1=N,125.131,3,2,1,1,4,68.80000000000001,0.6941700000000001,1
N=C1C=NC(CO)=C1N,125.131,4,3,1,1,4,82.46,-0.7468300000000001,0
COC1=NC(N)=NC1=O,127.10300000000001,4,1,0,1,5,77.03999999999999,-1.1138000000000001,0
N=C1COC(=N)C(O)N1,129.119,4,4,0,1,5,89.19,-1.1208600000000002,1
N=C1COC(=O)OC1=N,128.087,5,2,0,1,5,83.22999999999999,0.15023999999999993,0
Cc1nc(=N)on1CO,129.119,5,2,1,1,5,75.04,-0.7862100000000003,0
O=Cc1c[nH]nc1O,112.08799999999998,3,2,1,1,4,65.98,-0.07220000000000004,0
N#CC(=O)n1cn[nH]1,110.076,4,1,0,1,5,74.47,-0.6250200000000001,0
N=C1OCNC(=O)CO1,130.10299999999998,4,2,0,1,5,71.41,-0.9583300000000003,0
N=C1C(N)=NN=C1C=O,124.10299999999998,5,2,1,1,5,91.66,-1.0681300000000002,0
N=COc1cc(N)on1,127.103,5,2,2,1,5,85.13,0.2426700000000001,0
N=C1N=C(N)C(=O)O1,113.076,4,2,0,1,5,88.53000000000002,-1.16483,0
N=C1OCCOC1=NO,130.103,5,2,0,1,5,74.9,-0.20183000000000012,0
N=CCc1nnoc1N,126.11900000000001,5,2,2,1,5,88.79,-0.15613,0
N=C1COC(=O)C(=O)O1,129.071,5,1,0,1,5,76.45,-0.9363300000000001,0
Nc1ncc(=O)[nH]c1N,126.119,4,3,0,1,5,97.78999999999999,-1.0657000000000003,0
Nc1nccc(=O)c(O)n1,139.11399999999998,5,2,0,1,5,89.1,-0.8754000000000002,0
N=C1NC=COC(=O)N1,127.103,3,3,0,1,5,74.21,-0.27823000000000014,0
N=C1C=NC=NC1=N,108.104,3,2,0,1,4,72.42,0.09614,0
NC(=O)C1=NC(N)=N1,112.09200000000001,4,2,1,1,5,93.83,-1.8014999999999999,0
Cn1nc(F)nc1C=O,129.094,4,0,1,1,5,47.78,-0.23329999999999995,0
O=C1N=C(CO)NC1=O,128.087,3,2,1,1,5,78.75999999999999,-1.9663999999999997,0
N=COC1OCC(=N)O1,130.103,5,2,2,1,5,75.39,-0.08225999999999994,1
N=C1NC=NC(C=O)O1,127.10299999999998,4,2,1,1,5,74.54,-0.9057300000000001,1
COc1c(O)c1=NO,115.08799999999998,4,2,1,1,4,62.05,-0.43370000000000014,0
CC(=O)n1nc[nH]c1=O,127.10299999999998,4,1,0,1,5,67.75,-0.7685,0
N=C1N=C(N)N=C1C=O,124.103,4,2,1,1,5,91.66,-1.06813,0
N=C1N=C(N)NC1=O,112.092,3,3,0,1,5,91.33000000000001,-1.5918300000000003,0
N=CNC1C(=O)OCC1O,144.13,4,3,2,1,5,82.41000000000001,-1.5306300000000002,2
CN=C1C=NOC1=NCO,141.13,5,1,1,1,5,66.54,-0.5785,0
CNC1=NC(=O)C(=N)O1,127.10299999999998,4,2,0,1,5,74.54,-0.9041300000000001,0
Cn1cnc(=N)nc1N,125.135,5,2,0,1,5,80.58,-1.12323,0
Nc1nc(=O)nco1,113.07599999999998,5,1,0,1,5,82.01,-0.9880000000000002,0
N=C1COC(=N)OCN1,129.119,4,3,0,1,5,78.19,-0.5076600000000002,0
CC1=C(O)N=C(N)C1=N,125.13100000000001,4,3,0,1,4,82.46000000000001,0.16647000000000023,0
CC(=O)c1nnc(N)[nH]1,126.11900000000001,4,2,1,1,5,84.66,-0.41050000000000003,0
Nc1ocnc1C=O,112.08799999999998,4,1,1,1,4,69.12,0.06930000000000014,0
N=c1oc(=O)[nH]oc1=O,130.059,5,2,0,1,6,100.06,-1.5994300000000004,0
N=C1OC(=N)C(=O)O1,114.05999999999999,5,2,0,1,5,83.23,-0.5281600000000002,0
NC1=C(O)N=CC1=O,112.088,4,2,0,1,4,75.68,-0.6743000000000001,0
Nc1oc(C=O)nc1O,128.087,5,2,1,1,5,89.35000000000001,-0.2250999999999999,0
N=C1COC(=N)OCO1,130.103,5,2,0,1,5,75.39,-0.08066000000000012,0
C#Cc1nonc1N,109.08800000000001,4,1,0,1,4,64.94,-0.36689999999999995,0
CC(=O)C1=NC(N)=N1,111.10400000000001,4,1,1,1,4,67.81,-0.6978,0
N=C1NCCOC(=N)C1=O,141.13,4,3,0,1,5,86.03,-0.8701599999999998,0
CN=C1OC(N)=NC1=O,127.10300000000001,4,1,0,1,5,77.03999999999999,-1.1138000000000001,0
N=C1OCC(=O)C(=N)O1,128.087,5,2,0,1,5,83.23,-0.48566000000000015,0
O=Cc1nc(O)[nH]c1O,128.087,4,3,1,1,5,86.21,-0.3666000000000001,0
CN=C1C(=N)NN=C1O,126.11899999999999,3,3,0,1,5,80.83,-0.49083000000000016,0
N#CC1OC(=N)C1=O,110.07199999999999,4,1,0,1,4,73.94,-0.5448500000000001,1
CN=c1nc(N)c1=O,111.104,4,1,0,1,4,68.34,-1.5698999999999999,0
C#CC1NC(=N)OC1=O,124.09899999999999,3,2,0,1,4,62.18,-0.9306300000000001,1
Nc1cn(N)c(CO)n1,128.135,5,3,1,1,5,90.09,-1.3286,0
N=CN1CC(=O)OC=N1,127.10299999999998,4,1,1,1,5,65.75,-0.60443,0
Nc1nc[nH]c(=O)n1,112.09199999999998,4,2,0,1,5,84.66,-1.2529000000000001,0
N=C1CC(=N)OC(=O)O1,128.087,5,2,0,1,5,83.23,0.49784,0
Nc1nc(C=O)[n+]([O-])[nH]1,128.09099999999998,4,2,1,1,6,98.71000000000001,-1.5622,0
N=C1N=CN=C1NC=O,124.10299999999998,3,2,1,1,5,77.67,-0.8499300000000003,0
N=C1N=CC(O)=C1CO,126.11499999999998,3,3,1,1,4,76.67,-0.14752999999999994,0
COC(=O)c1n[nH]cc1N,141.13,4,2,1,1,5,81.0,-0.22150000000000014,0
N#Cc1nn[nH]c1C=O,122.08699999999997,4,1,1,1,5,82.43,-0.51112,0
N=CN1CC(=O)OCO1,130.10299999999998,4,1,1,1,5,62.620000000000005,-0.65863,0
N=c1[nH]c(=O)oc(=N)o1,129.075,5,3,0,1,6,106.83999999999999,-1.4801599999999997,0
N=C1N=NC(CCO)=N1,126.119,3,2,2,1,5,81.16,0.16787000000000007,0
N=CN1CC(=N)C(=O)O1,127.10299999999998,4,2,1,1,5,77.24000000000001,-0.6129600000000002,0
NC1=NC(=O)OC1=O,114.05999999999997,4,1,0,1,5,81.75,-0.9796,0
N=Cc1nnoc1C=O,125.08699999999997,5,1,2,1,5,79.84,-0.12023,0
N#CCC1=NC(=N)N=N1,121.10300000000001,3,1,1,1,5,84.72,0.69915,0
C#CCc1nonc1N,123.11500000000001,4,1,1,1,4,64.94,-0.1725,0
N=C1OCNC(=O)CO1,130.10299999999998,4,2,0,1,5,71.41,-0.9583300000000003,0
N=C1OC(=O)NC1=O,114.05999999999999,4,2,0,1,5,79.25,-0.7699300000000002,0
COC#Cc1nnoc1N,139.11399999999998,5,1,0,1,5,74.17,-0.3928,0
N=C1OCOC(=O)C1=O,129.071,5,1,0,1,5,76.45,-0.9363300000000001,0
N=CN1CCOCNC1=N,142.162,3,3,1,1,5,72.20000000000002,-0.5924599999999998,0
N=CN1C=NC(=O)CN1,126.11899999999999,3,2,1,1,5,68.55,-1.03143,0
N=Cn1[nH]c(=O)nc1CO,142.118,5,3,2,1,6,94.76,-1.48113,0
N=CC1=NN=C1C(=O)O,125.08699999999997,4,2,2,1,5,85.87,-0.4688299999999999,0
N=C1NCC(=O)N=CO1,127.103,3,2,0,1,5,74.54,-0.9041300000000001,0
N=C1N=C(CO)N=C1C=O,139.11399999999998,4,2,2,1,5,85.87,-0.9920300000000002,0
N#Cc1nnoc1C=N,122.08699999999997,5,1,1,1,5,86.56,-0.06104999999999999,0
NC(C=O)c1ncno1,127.103,5,1,2,1,5,82.01,-0.7317000000000002,1
Nc1occ(C=O)[n+]1[O-],128.087,4,1,1,1,5,83.17,-0.6922999999999999,0
N=C1N=CN=C(N)C1=N,123.119,4,3,0,1,5,98.44,-0.6174600000000001,0
N=C1C=NC(=O)C(N)=N1,124.10300000000001,3,2,0,1,5,91.66,-1.06813,0
N=C(N)C1=NC(O)=N1,112.092,3,3,1,1,5,94.82000000000001,-0.75153,0
CN=C1OC(O)=NC1=O,128.087,3,1,0,1,5,71.25,-0.5145000000000002,0
CNn1c(C)n[nH]c1=O,128.135,4,2,1,1,5,62.71,-0.9468800000000006,0
N=C1N=CN=C1NC=O,124.10299999999998,3,2,1,1,5,77.67,-0.8499300000000003,0
N=C1CC(=O)NC(=N)N1,126.11899999999999,3,4,0,1,5,88.83000000000001,-0.9920600000000004,0
CCc1nc(O)nn1N,128.135,5,2,1,1,5,76.96000000000001,-0.7401000000000002,0
C#CC1=NC(=N)N=N1,106.08800000000001,2,1,0,1,4,60.93,0.4186700000000001,0
CN1OCC(=O)OC1=N,130.103,4,1,0,1,5,62.62,-0.6586300000000003,0
Nc1nncn1CC=O,126.11899999999999,5,1,2,1,5,73.8,-0.9408000000000005,0
NCCC1=NC=NC1=O,125.13099999999999,3,1,2,1,4,67.81,-0.6553,0
Nc1co[n+]([O-])c1C=O,128.087,4,1,1,1,5,83.16999999999999,-0.6922999999999999,0
N#Cc1nncn1C=N,121.10299999999998,5,1,1,1,5,78.35,-0.39504999999999996,0
N=C1OC(NC=O)=C1O,128.087,4,3,2,1,5,82.41,-0.5330299999999999,0
COC1=NC(O)=C1N,114.104,4,2,0,1,4,67.84,-0.2693,0
CC(=N)n1ncnc1N,125.135,5,2,0,1,5,80.58,-0.29443000000000014,0
CC1C(=N)NCOC1=O,128.131,3,2,0,1,4,62.18,-0.2963300000000002,1
Cc1nonc1C=NC#N,136.11399999999998,5,0,1,1,5,75.07,0.278,0
N=C1C=C(O)C(N)=N1,111.104,3,3,0,1,4,82.46,-0.22362999999999988,0
NC1=CC(=O)N=C1N,111.10400000000001,3,2,0,1,4,81.47,-1.2736000000000003,0
NCC1=C(N)C(=O)N=C1,125.13099999999999,3,2,1,1,4,81.47,-1.2311000000000003,0
CN=C1N=NC(C=O)O1,127.10299999999997,4,0,1,1,5,63.379999999999995,-0.020399999999999974,1
N=C1N=C=NC(N)=N1,109.09200000000001,3,2,0,1,5,86.95,-0.57663,0
N=C1N=CC(=O)OCCO1,142.114,4,1,0,1,5,71.74000000000001,-0.43463000000000007,0
NC1=NC(=O)OC1=O,114.05999999999997,4,1,0,1,5,81.75,-0.9796,0
N=C1N=C(N)C(CO)=N1,126.119,3,3,1,1,5,94.82000000000001,-1.2747300000000001,0
O=C1N=NC=C1C=NO,125.08699999999997,4,1,1,1,5,74.38,0.3227,0
Nc1nc(C=O)no1,113.07599999999998,5,1,1,1,5,82.01,-0.5357000000000001,0
N=C1N=C(N)C=C1N,110.12,3,3,0,1,4,88.25,-0.8229299999999997,0
N=Cc1o[n+]([O-])cc1N,127.103,4,2,1,1,5,89.95,-0.5071300000000001,0
CN=C1N=C=NOC1=N,124.103,4,1,0,1,5,70.16,0.11107000000000017,0
CN=C1N=C(N)C=[N+]1[O-],126.119,3,1,0,1,5,76.80999999999999,-1.0758999999999999,0
N=C1OC(=O)N=C1CN,127.10300000000001,4,2,1,1,5,88.53,-0.48642999999999986,0
Nc1cnnc(C=O)n1,124.103,5,1,1,1,5,81.76,-0.7337,0
Nc1cnc(C=O)nn1,124.103,5,1,1,1,5,81.76,-0.7337,0
CN=C1N=NC(=O)O1,113.07599999999998,3,0,0,1,5,63.379999999999995,0.5746,0
Nc1nnoc1C=NC=O,140.10199999999998,5,1,2,1,6,94.37,-0.7729000000000004,0
Nc1nc(C=O)c(N)[nH]1,126.11899999999999,4,3,1,1,5,97.78999999999999,-0.6134000000000002,0
N=C1NC(C=O)N=CO1,127.103,4,2,1,1,5,74.54,-0.9057300000000001,1
N=C1N=CNC(=O)CO1,127.10299999999998,3,2,0,1,5,74.54,-0.9041300000000001,0
COC1=NC(=N)OC1=N,127.103,4,2,0,1,5,78.52000000000001,-0.02646000000000004,0
N=c1cc(N)nc(N)o1,126.11900000000001,5,3,0,1,5,101.92,-0.6815300000000004,0
N=C1NC(=O)OCO1,116.076,4,2,0,1,5,71.41000000000001,-0.36493,0
CC1=NC(CN)=NC1=N,124.147,3,2,1,1,4,74.59,-0.20462999999999998,0
CN=C1OC(=O)NC1=N,127.103,4,2,0,1,5,74.53999999999999,-0.2682300000000001,0
N=C1OCC(=O)C(=N)O1,128.087,5,2,0,1,5,83.23,-0.48566000000000015,0
N=C1CNC(=O)N=CO1,127.10299999999998,3,2,0,1,5,74.54,-0.26823000000000013,0
NC(=O)c1coc(=O)o1,129.07099999999997,4,1,1,1,5,86.44000000000001,-0.6683000000000001,0
CC1(O)ON=C1NC=O,130.103,4,2,1,1,5,70.92,-1.2154,1
N=c1nc(C=O)[nH]n1O,128.09099999999998,5,3,1,1,6,94.76,-1.2595300000000005,0
CC1=NC(N)=NC1=N,110.12,3,2,0,1,4,74.59,-0.24712999999999996,0
CC(O)C1=NC(=N)N=N1,126.11900000000001,3,2,1,1,5,81.16000000000001,0.16626999999999992,1
N=C1CNC(=O)OCN1,129.119,3,3,0,1,5,74.21000000000001,-0.7494300000000003,0
CC(=O)C1=NC(=N)O1,112.088,3,1,1,1,4,62.510000000000005,-0.06112999999999996,0
N=CC1OC(=N)C(=O)O1,128.087,5,2,1,1,5,83.23,-0.48725999999999997,1
N=C1ON=C1C=NCO,127.10299999999998,5,2,2,1,5,78.03,-0.6295300000000001,0
N=C1NC(=O)C(=O)CO1,128.087,4,2,0,1,5,79.25000000000001,-1.36333,0
N=C1N=CC(N)=C1NC=O,138.13,3,3,2,1,5,91.33000000000001,-1.0356300000000003,0
CN=C1C=NN=C1C=O,123.11499999999998,4,0,1,1,4,54.15,-0.3035000000000001,0
N=C1OCC(=O)C(=N)O1,128.087,5,2,0,1,5,83.23,-0.48566000000000015,0
CCNc1cnoc1N,127.14699999999999,4,2,2,1,4,64.08,0.6885999999999999,0
COC1=C(O)C(N)=N1,114.104,4,2,1,1,4,67.84,-0.26929999999999976,0
COC1=NN=C1NC=O,127.10299999999998,4,1,1,1,5,63.050000000000004,-0.8956000000000002,0
N=C1C=C(CO)OC1=N,126.11499999999998,4,3,1,1,4,77.16,-0.11015999999999998,0
N=C1NC(=N)C(C=O)O1,127.10299999999998,4,3,1,1,5,86.03000000000002,-0.9142600000000001,1
NC1=NC(=O)C(=O)C=N1,125.08699999999997,4,1,0,1,5,84.88,-1.5188,0
CC1=NC(=O)N=C1N,111.104,2,1,0,1,4,67.81,-0.061899999999999844,0
N#CC=C1ON=CN=C1N,136.11399999999998,5,1,0,1,5,83.75999999999999,-0.27542,0
O=CC1CONC1=O,115.088,3,1,1,1,4,55.4,-1.1371,1
CC(=O)OC1=NC(=O)N1,128.08700000000002,3,1,0,1,5,67.75999999999999,-0.3712999999999999,0
N=C1N=C(N)C(CO)=N1,126.119,3,3,1,1,5,94.82000000000001,-1.2747300000000001,0
N=C1CN(O)CC(=O)N1,129.119,4,3,0,1,5,76.42000000000002,-1.2153300000000005,0
N=C1N=CC(F)=NC1=N,126.09400000000001,2,2,0,1,5,72.42,0.39334,0
CC1=NC(N)=NC1=O,111.104,3,1,0,1,4,67.81,-0.6978,0
N=Cc1nnc(N)n1C=O,139.118,6,2,2,1,6,97.65,-1.10373,0
CC(O)C1=NN=C1N,113.12000000000002,4,2,1,1,4,70.97,-0.9060000000000001,1
CNC1=NNC(=O)C1=O,127.10299999999998,4,2,0,1,5,70.56,-1.7817999999999996,0
N#CC(C=N)N1OC1=N,124.103,4,2,2,1,5,87.03,-0.2898800000000001,1
N=C1CNC(=O)OCO1,130.10299999999998,4,2,0,1,5,71.41000000000001,-0.3224300000000002,0
N=C1CN(C=O)NCO1,129.119,4,2,1,1,5,65.42,-1.0856299999999999,0
CN=C1OC(=N)N1C=N,126.119,4,2,1,1,5,72.53,-0.15376,0
N=c1[nH]c(=O)oc(=N)o1,129.075,5,3,0,1,6,106.83999999999999,-1.4801599999999997,0
CN=C1N=NC=C1N,110.11999999999999,3,1,0,1,4,63.099999999999994,0.28060000000000007,0
N=C1NCC(=O)OCO1,130.103,4,2,0,1,5,71.41000000000001,-0.9583300000000001,0
N=CN1CC(=O)COC1=O,142.11399999999998,4,1,1,1,5,70.46000000000001,-0.38522999999999996,0
N#CC1NC(=N)OCO1,127.103,4,2,0,1,5,78.13000000000001,-0.6352500000000003,1
N=CNc1ccnc(N)c1,136.15800000000002,3,3,2,1,4,74.79,0.68277,0
CC1=NC(N)=NC1=N,110.12,3,2,0,1,4,74.59,-0.24712999999999996,0
N=C1OCNC(=O)CO1,130.10299999999998,4,2,0,1,5,71.41,-0.9583300000000003,0
O=CC1=NC(CO)=NCN1,141.13,5,2,2,1,5,74.05,-1.4647000000000003,0
N=C1OCC(=O)OC1=O,129.071,5,1,0,1,5,76.44999999999999,-0.9363300000000001,0
CC1(O)CC(=N)N=N1,113.12000000000002,3,2,0,1,4,68.8,0.52807,1
C#Cc1nnc(N)n1N,123.11900000000001,5,2,0,1,5,82.75,-1.4446000000000003,0
N=C1N=CC(N)=NC1=O,124.10300000000001,3,2,0,1,5,91.66,-1.0681300000000002,0
N=COC1OCOC1=N,130.103,5,2,2,1,5,75.39000000000001,-0.08226000000000017,1
Nc1ncn(C=O)n1,112.09199999999998,5,1,1,1,5,73.8,-1.1014000000000002,0
N=COC1=NC(=O)N1,113.076,3,2,1,1,5,74.53999999999999,-0.3107300000000001,0
N=C1N=C(C=O)N=C1N,124.103,4,2,1,1,5,91.66,-1.06813,0
COC1=C(O)C(N)=N1,114.104,4,2,1,1,4,67.84,-0.26929999999999976,0
O=Cc1nc(O)no1,114.05999999999999,5,1,1,1,5,76.22,-0.41230000000000006,0
N=C1OC(=N)C(=O)O1,114.05999999999999,5,2,0,1,5,83.23,-0.5281600000000002,0
CC(=O)C1=NOC1=O,113.07199999999999,4,0,1,1,4,55.73,-0.5118,0
N=CC1NCOC(=O)N1,129.119,4,3,1,1,5,74.21,-0.7510300000000001,1
N=C1NC(=O)C(=N)CO1,127.103,4,3,0,1,5,86.03000000000002,-0.9126600000000002,0
CN=C(O)C1=NC(N)=N1,126.11900000000001,4,2,1,1,5,83.33,-0.7004999999999999,0
CC1(O)CNC(=O)CO1,131.131,3,2,0,1,4,58.56,-1.1587,1
CNc1nocnc1=O,127.10299999999998,5,1,1,1,5,68.02000000000001,-0.5285,0
Cn1cnnc1NC=N,125.13499999999999,4,2,2,1,5,66.59,-0.16593000000000052,0
N=C1CNC(C(N)=O)O1,129.119,4,3,1,1,5,88.2,-1.60513,1
CC1OOC(=N)C(=N)O1,130.103,5,2,0,1,5,75.39,0.2653399999999999,1
N=c1oncc(=O)n1N,128.09099999999998,6,2,0,1,6,97.89999999999999,-1.9704300000000003,0
N=C1OC(=N)C(=O)O1,114.05999999999999,5,2,0,1,5,83.23,-0.5281600000000002,0
N=c1ncc(C=O)no1,125.08699999999999,5,1,1,1,5,79.84,-0.63843,0
CC(=O)c1n[nH]nc1N,126.11900000000001,4,2,1,1,5,84.66,-0.41050000000000003,0
N=C1N=C(O)C(=O)O1,114.05999999999997,3,2,0,1,5,82.74,-0.5655300000000001,0
N=C1OC(=N)C(=NO)O1,129.075,6,3,0,1,6,98.75,-0.26705999999999996,0
Nc1cnc(C=O)cn1,123.11499999999998,4,1,1,1,4,68.87,-0.12869999999999998,0
N=CCC1=[N+]([O-])C(N)=N1,126.11900000000001,4,2,2,1,5,88.3,-0.7368300000000001,0
N=C1NCC(=O)NCO1,129.119,3,3,0,1,5,74.21000000000001,-1.3853300000000002,0
CN=C1ON=C(N)C1=O,127.103,5,1,0,1,5,77.03999999999999,-1.1138,0
N=C1CNC(=N)C(=O)N1,126.11899999999999,3,4,0,1,5,88.83000000000001,-1.3396600000000005,0
N=C1NCC(=O)N=CO1,127.103,3,2,0,1,5,74.54,-0.9041300000000001,0
COC1=NC(=N)C(=N)O1,127.103,4,2,0,1,5,78.52,-0.02646000000000004,0
COC1=NNC(=N)C1=O,127.10299999999998,4,2,0,1,5,74.53999999999999,-0.9041300000000003,0
CC(=N)n1cnc(=O)o1,127.10299999999998,5,1,0,1,5,71.88,-0.31842999999999994,0
Nc1ocnc1NC=O,127.10299999999998,4,2,2,1,5,81.15,-0.1749,0
N=C1NC(=N)C(=O)CO1,127.103,4,3,0,1,5,86.03000000000002,-0.91266,0
N=C1NC(=N)C(=O)OCO1,143.102,5,3,0,1,6,95.26000000000002,-0.98106,0
COC1=NC(O)=NC1=N,127.103,3,2,0,1,5,78.03,-0.06383000000000016,0
N=C1OC(=O)N1CO,116.076,4,2,1,1,5,73.62,-0.67683,0
CNC1=NOC(=O)C1=O,128.087,5,1,0,1,5,67.76,-1.3548000000000002,0
N=c1[nH]c(C(=O)O)co1,128.087,3,3,1,1,5,90.08,-0.21463000000000038,0
CN=C1ON=C1NC=O,127.10299999999998,4,1,1,1,5,63.050000000000004,-0.8956000000000002,0
CC(=NO)c1nc1=O,112.088,4,1,1,1,4,62.550000000000004,-0.4843999999999999,0
N=C1C=C(O)C(=O)O1,113.07199999999997,4,2,0,1,4,70.38,-0.03763000000000005,0
NC1=NC(O)CC(=O)O1,130.10299999999998,5,2,0,1,5,84.91000000000001,-1.4336000000000002,1
N=C1COC(=N)C(=O)N1,127.103,4,3,0,1,5,86.03,-0.9126600000000002,0
CNC(=O)C1=NOC1=N,127.103,4,2,1,1,5,74.53999999999999,-0.9041300000000001,0
Cn1c(=N)cn[nH]c1=N,125.13499999999999,4,3,0,1,5,81.31,-1.2928599999999995,0
N#CCn1cnc(N)n1,123.119,5,1,1,1,5,80.52,-0.6161200000000002,0
N=Cn1cc(O)[nH]c1=N,126.11899999999999,4,4,1,1,5,88.65,-0.5435600000000003,0
COC1=NC(N)=C1N,113.12000000000002,4,2,0,1,4,73.63,-0.8686,0
N#CCc1onnc1N,124.10300000000001,5,1,1,1,5,88.73,-0.28212000000000004,0
Nc1cc(N)oc(=O)c1,126.115,4,2,0,1,4,82.25,-0.19580000000000014,0
COC1=C(O)C(=N)N=N1,127.103,4,2,1,1,5,78.03,0.80297,0
N=C1COC(=N)NC=N1,126.119,3,3,0,1,5,81.32,-0.4534600000000002,0
Nc1cnc(NC=O)o1,127.10299999999998,4,2,2,1,5,81.14999999999999,-0.17490000000000022,0
CN=C(N)c1cocn1,125.13099999999997,3,1,1,1,4,64.41,0.009699999999999931,0
N=C1CNCN(C=O)N1,128.135,3,3,1,1,5,68.22,-1.5126300000000004,0
N=C1CNC(C=O)=NO1,127.10299999999998,5,2,1,1,5,74.54,-0.9041300000000003,0
COc1ncc(=N)on1,127.103,5,1,1,1,5,72.0,-0.44233000000000006,0
O=C1N=CN=C1CO,112.08799999999998,3,1,1,1,4,62.019999999999996,-1.0118,0
CC1(OC=O)NC(=N)O1,130.103,4,2,2,1,5,71.41,-0.61233,1
N=C1COC(=N)NCO1,129.119,4,3,0,1,5,78.19,-0.5076600000000002,0
Nc1nonc1C=CO,127.10299999999997,5,2,1,1,5,85.17,0.18049999999999988,0
N=CNC1=C(N)N=CC1=O,138.13,4,3,2,1,5,91.33000000000001,-1.0356299999999998,0
N=C1NN=C1C(N)=O,112.092,3,3,1,1,5,91.33000000000001,-1.5918300000000003,0
Cc1nc(CO)nnc1N,140.146,5,2,1,1,5,84.92,-0.7454800000000001,0
N=C(O)C1=NC(N)=N1,112.09200000000001,4,3,1,1,5,94.82,-0.75153,0
N=C1N=CC(C=O)=C1N,123.115,3,2,1,1,4,79.3,-0.54023,0
CCn1ncc(=O)[nH]c1=O,141.12999999999997,4,1,1,1,5,67.75,-1.0485000000000002,0
COc1cnc(=O)on1,128.087,5,0,1,1,5,65.22,-0.5616000000000001,0
N=C(N)Cc1ncno1,126.119,4,2,2,1,5,88.79,-0.45193000000000016,0
CC(=NO)c1ncon1,127.103,5,1,1,1,5,71.51,0.26780000000000004,0
N#CC(N)n1ccnn1,123.11899999999999,5,1,1,1,5,80.52,-0.7410200000000002,1
N=C1N=CN=C1CO,111.10399999999998,3,2,1,1,4,68.8,-0.5611300000000001,0
O=CC1=NCNC(=O)O1,128.087,4,1,1,1,5,67.76,-0.7189000000000001,0
N=C1OCOC(=O)CO1,131.087,5,1,0,1,5,68.61,-0.5313300000000001,0
N=C1C=NC(C=O)=N1,109.088,3,1,1,1,4,65.64,-0.35453,0
CCn1nnc(CO)n1,128.135,5,1,2,1,5,63.83,-0.8147,0
CNC1NC(=O)OC1=N,129.119,4,3,1,1,5,74.21000000000001,-0.7510300000000001,1
N=C1NC(C=O)N=CO1,127.103,4,2,1,1,5,74.54,-0.9057300000000001,1
CC(=O)c1cnnn1O,127.103,5,1,1,1,5,68.01,-0.2820000000000001,0
N=CN1CN=CNC1=O,126.11899999999997,3,2,1,1,5,68.55000000000001,-0.3955299999999999,0
Cc1noc(=N)n1C=O,127.103,5,1,1,1,5,71.88,-0.69771,0
Nn1c(O)cnc1C=O,127.10299999999998,5,2,1,1,5,81.13999999999999,-0.8850000000000002,0
NC1=CC(CO)=NC1=O,126.115,3,2,1,1,4,75.68,-1.1975,0
N=C1NC(=O)C(=O)CO1,128.087,4,2,0,1,5,79.25000000000001,-1.36333,0
CC(=O)n1[nH]nc1N,114.108,4,2,0,1,5,76.7,-0.5465000000000002,0
Cc1n[nH]c(=O)nc1N,126.119,4,2,0,1,5,84.66,-0.9444800000000002,0
N=c1ocnc(N)c1CO,141.13000000000002,5,3,1,1,5,96.13000000000001,-0.7714300000000003,0
N=CC1=NC(=O)C(N)=N1,124.10300000000001,4,2,1,1,5,91.66,-1.06813,0
CC(=O)N1N=NCC1=O,127.103,4,0,0,1,5,62.1,-0.25770000000000004,0
COC1=NN=C1C=O,112.08799999999998,4,0,1,1,4,51.02,-0.4002000000000001,0
N=c1[nH]c(=N)oc(=O)[nH]1,128.091,4,4,0,1,6,109.48999999999998,-1.7450600000000005,0
N#Cc1cnoc1CO,124.09899999999998,4,1,1,1,4,70.05,0.03858,0
N=C1N=NC=C1CO,111.10399999999998,3,2,1,1,4,68.8,0.30566999999999994,0
Nc1c[n+]([O-])c(N)cn1,126.119,4,2,0,1,5,91.86999999999999,-1.1206,0
N=C1N=COCC(=O)N1,127.103,3,2,0,1,5,74.53999999999999,-0.9041300000000001,0
Cn1ncnc(N)c1=N,125.135,5,2,0,1,5,80.58000000000001,-1.12323,0
N=COC1NC1C(=N)O,129.119,4,4,3,1,5,99.10000000000001,-0.5567599999999999,2
N=C1OC(=O)OC1O,117.05999999999997,5,2,0,1,5,79.61,-0.55113,1
O=C1NCOC(=O)CN1,130.103,3,2,0,1,5,67.42999999999999,-1.2001,0
COc1nnc(C=N)o1,127.10299999999998,5,1,2,1,5,72.0,0.07586999999999994,0
N=C1CC(=O)OC(=N)O1,128.087,5,2,0,1,5,83.23,-0.13806000000000002,0
O=C1COC(=O)N=CN1,128.087,3,1,0,1,5,67.76,-0.7188999999999999,0
N=C1OC(=O)NC1=O,114.05999999999999,4,2,0,1,5,79.25,-0.7699300000000002,0
Cn1nc(C=O)[nH]c1=N,126.11899999999999,4,2,1,1,5,74.53,-0.9598300000000002,0
N=C1C(=N)C(O)OC1=O,128.087,5,3,0,1,5,94.23000000000002,-1.0988600000000004,1
NC1=COC(=CO)N=C1,126.11499999999998,4,2,0,1,4,67.84,0.24440000000000017,0
CC(O)c1nc(N)n[nH]1,128.13500000000002,4,3,1,1,5,87.82,-0.5598000000000003,1
N=C1C(=O)C=NN=C1O,125.08699999999999,4,2,0,1,5,85.87,-0.4688299999999999,0
N=C1N=C(CO)C(=N)N1,126.11899999999999,3,4,1,1,5,92.32,-1.0650600000000003,0
CCn1nc[nH]c1=N,112.13599999999998,3,2,1,1,4,57.46,-0.28943000000000024,0
N=Cc1ncc(N)n1N,125.13500000000002,5,3,1,1,5,93.71,-0.8232300000000001,0
O=CC(O)c1ncn[nH]1,127.10300000000001,4,2,2,1,5,78.87,-0.9630000000000001,1
N=c1cnc(CO)c(N)[nH]1,140.14600000000002,4,4,1,1,5,98.78,-1.0363300000000004,0
N=CC1=NC=NC1=N,108.104,3,2,1,1,4,72.42,0.09614,0
N=c1[nH]ccn1C=NO,126.119,4,3,1,1,5,77.16,-0.43873000000000023,0
N=C1CON(C(N)=O)C1,129.119,3,2,0,1,5,79.41,-0.6679299999999999,0
N=COC1NC=NC1=N,126.11899999999999,4,3,2,1,5,81.32,-0.4550600000000002,1
N=CN1C=NC(=O)OC1,127.10299999999998,3,1,1,1,5,65.75,0.031470000000000053,0
N=C1OC=NC=C(O)O1,128.087,5,2,0,1,5,74.9,0.35316999999999993,0
N#CCC1=NC(=N)O1,109.088,3,1,1,1,4,69.23,0.26355,0
COC1=NC(=O)C(N)=N1,127.10300000000001,4,1,0,1,5,77.03999999999999,-1.1138000000000003,0
N=C1NC(=N)OCCO1,129.119,4,3,0,1,5,78.19000000000001,-0.50766,0
NC=C1C=NC(O)=[N+]1[O-],127.10299999999998,3,2,0,1,5,84.67999999999999,-0.7047999999999996,0
N=C1OCC(=O)C(=N)O1,128.087,5,2,0,1,5,83.23,-0.48566000000000015,0
CC1=NC(=O)N=C1O,112.08799999999998,1,1,0,1,4,62.019999999999996,0.5374000000000001,0
N#CC1N=CN(C=N)O1,124.10299999999998,4,1,1,1,5,72.47,-0.28135000000000004,1
O=CC(=O)n1cc(O)o1,129.07099999999997,5,1,1,1,5,72.44,-0.37420000000000014,0
NC(=O)C1=NC(=O)C=N1,125.08699999999999,3,1,1,1,5,84.88000000000001,-1.5188,0
N=C1COC(=N)NCO1,129.119,4,3,0,1,5,78.19,-0.5076600000000002,0
N=C1NCNC(=O)O1,115.09199999999998,3,3,0,1,5,74.21000000000001,-0.79193,0
N=C1NC(=O)OCCO1,130.103,4,2,0,1,5,71.41000000000001,-0.32243,0
Nc1cnoc1NC=O,127.10299999999998,4,2,2,1,5,81.15,-0.1749,0
CC1=NC(=N)N=C1N,110.12,2,2,0,1,4,74.59,-0.24712999999999996,0
COc1n[nH]c(C=O)[n+]1[O-],143.10199999999998,4,1,2,1,6,81.92,-1.1358000000000001,0
N=c1oc(C=O)cnc1N,139.11399999999998,5,2,1,1,5,92.97,-0.45122999999999996,0
CNC1=CN=NC1=N,110.12,3,2,1,1,4,60.6,0.49027,0
N=Cc1nc(C=O)no1,125.08699999999999,5,1,2,1,5,79.84,-0.12023,0
N=CN1C=COC(=O)N1,127.10299999999998,3,2,1,1,5,65.42,0.021469999999999934,0
N=C1COC(=N)NCO1,129.119,4,3,0,1,5,78.19,-0.5076600000000002,0
CC(O)C1=NC(=O)N=N1,127.10300000000001,3,1,1,1,5,74.38,0.3515,1
O=NC1C=NC=C(O)O1,128.087,5,1,1,1,5,71.25,0.5367999999999999,1
O=CC1CCNC1=NO,128.131,3,2,1,1,4,61.69,-0.4174999999999999,1
COC1=NC(=N)N1CCO,143.14600000000002,3,2,2,1,5,68.91,-0.7685299999999999,0
N=C1CNC(=O)C(=N)O1,127.10299999999998,4,3,0,1,5,86.03000000000002,-0.9126600000000002,0
CNC1=NC(=O)OCO1,130.10299999999998,4,1,0,1,5,59.92,-0.31390000000000007,0
COC1=NC(=N)OC1=O,128.087,4,1,0,1,5,71.74000000000001,-0.47713,0
N=C1NC(=O)COC1=N,127.103,4,3,0,1,5,86.03,-0.9126600000000002,0
N=C1OC(=O)OC1=NO,130.059,6,2,0,1,6,91.97,-0.08182999999999996,0
NC1=CC(=O)N=C1N,111.10400000000001,3,2,0,1,4,81.47,-1.2736000000000003,0
NC1=CC(N)=NC1=O,111.10400000000001,3,2,0,1,4,81.47,-1.2736000000000003,0
Cn1nc(N)nc1C=O,126.119,5,1,1,1,5,73.80000000000001,-0.7902,0
COc1n[nH]c(=N)n1C=N,141.134,5,3,2,1,6,90.53999999999999,-0.8455599999999999,0
N=C1OCN=CNC1=O,127.10299999999998,4,2,0,1,5,74.53999999999999,-0.9041300000000003,0
N=CN1C(=N)COC1=N,126.11899999999999,4,3,1,1,5,84.02000000000001,-0.1622900000000002,0
CC(=N)n1cnoc1=O,127.10299999999998,5,1,0,1,5,71.88,-0.31842999999999994,0
N=CN1C(=N)OC1C=O,127.10299999999997,4,2,2,1,5,77.24000000000001,-0.6145600000000002,1
N=COC1NCC1C(=N)O,143.146,4,4,3,1,5,89.19000000000001,-0.30916000000000016,2
NC(=O)OC1=CN=C1O,128.087,3,2,1,1,5,84.91000000000001,-0.10679999999999984,0
N=C1CNC(=O)C(=O)N1,127.10299999999998,3,3,0,1,5,82.05000000000001,-1.79033,0
N=c1cc(N)on1C=O,127.103,5,2,1,1,5,85.00999999999999,-0.8189300000000002,0
N=Cn1cncnc1=N,123.11899999999999,5,2,1,1,5,78.41,-0.7872600000000001,0
CN1CC(=O)C1=NO,114.10399999999998,3,1,0,1,4,52.900000000000006,-0.7114,0
N#CC(=O)C1=CN=C1N,121.099,4,1,1,1,4,79.24,-0.66622,0
O=Cc1nc(O)no1,114.05999999999999,5,1,1,1,5,76.22,-0.41230000000000006,0
N=C1CCNC(=N)OCO1,143.146,4,3,0,1,5,78.19000000000001,-0.11756000000000005,0
N=C1CNC(C=O)OCO1,144.12999999999997,5,2,1,1,5,71.41000000000001,-0.9174300000000004,1
O=CC1NC(=O)NC1O,130.103,3,3,1,1,5,78.43,-1.8148999999999995,2
N=CC(O)C1=CN=N1,111.10400000000001,4,2,2,1,4,68.8,0.30407,1
COC1=NC(=N)OC1=O,128.087,4,1,0,1,5,71.74000000000001,-0.47713,0
N=c1ocnc(O)c1N,127.103,5,3,0,1,5,96.13,-0.5581300000000002,0
N=C1N=NC=C1C(N)=O,124.103,3,2,1,1,5,91.66,-0.2013299999999999,0
CC1=NC(=O)NC1=N,111.10399999999998,2,2,0,1,4,65.31,0.14777000000000007,0
N=C1N=CC(CO)=C1N,125.131,3,3,1,1,4,82.46,-0.7468300000000001,0
N=Cc1oncc1CN,125.131,4,2,2,1,4,75.9,0.13097000000000014,0
COC1=NN=C1NC=O,127.10299999999998,4,1,1,1,5,63.050000000000004,-0.8956000000000002,0
N=C1C=C(N)[N+]([O-])=C1F,129.094,3,2,0,1,5,75.94,-0.30183,0
N=C1NCC(=O)OCO1,130.103,4,2,0,1,5,71.41000000000001,-0.9583300000000001,0
NC(=O)OC1CNC1=O,130.103,3,2,1,1,5,81.42000000000002,-1.4199000000000004,1
N=C1NC(=O)NCCO1,129.119,3,3,0,1,5,74.21000000000001,-0.74943,0
Nc1cnc(C=O)n1N,126.119,5,2,1,1,5,86.92999999999999,-1.0084,0
N=C1OCOC(=O)C(=N)O1,144.08599999999998,6,2,0,1,6,92.46000000000001,-0.5540600000000002,0
N=C1N=CC(OCO)=N1,127.103,3,2,1,1,5,78.03,-0.6295300000000001,0
Cn1c(N)n[nH]c1=N,113.124,4,3,0,1,5,83.48,-1.19013,0
COC1=NC(=N)N1C=N,126.119,3,2,1,1,5,72.53,-0.15376,0
N=CC1=NN=C1C(=N)N,123.119,4,3,2,1,5,98.44,-0.6174600000000001,0
NC1=NC(=O)NC=CN1,126.11899999999997,3,3,0,1,5,79.50999999999999,-0.9148999999999998,0
CNc1nc(C#N)no1,124.103,5,1,1,1,5,74.74000000000001,-0.01702000000000009,0
N=C1NC(=N)C(=O)N1,112.092,3,4,0,1,5,88.83000000000001,-1.3821599999999998,0
O=c1oc(=NO)c1=NO,130.059,6,2,0,1,6,95.39,-1.9047999999999998,0
N=C1OC=NCC(=O)O1,128.087,5,1,0,1,5,71.74,-0.47713000000000005,0
CNC1=NN=NC1=N,111.108,4,2,0,1,5,72.96000000000001,-0.03763000000000005,0
Nc1nocc1C=NC=O,139.11399999999998,4,1,2,1,5,81.47999999999999,-0.16790000000000016,0
CC(=O)c1coc(N)n1,126.115,4,1,1,1,4,69.12,0.4594000000000001,0
N=C1COC(=O)NC=N1,127.103,3,2,0,1,5,74.53999999999999,-0.26823000000000013,0
N=C1NCC(=N)C(=O)O1,127.103,4,3,0,1,5,86.03000000000002,-0.91266,0
N=CC1=C(N)N=C1C=O,123.115,4,2,2,1,4,79.30000000000001,-0.5402300000000002,0
Cn1ncnc1NC#N,123.119,5,1,1,1,5,66.53,-0.2919199999999999,0
N=C(N)OC1=CN=C1O,127.10299999999998,3,3,1,1,5,91.69000000000001,-0.29202999999999985,0
N=CNc1coc(=O)[nH]1,127.10299999999998,3,3,2,1,5,81.88,-0.013130000000000197,0
COc1cnc(N)nn1,126.11900000000001,5,1,1,1,5,73.92,-0.5376000000000003,0
N=C1N=COC(=O)CO1,128.087,4,1,0,1,5,71.74,-0.47713000000000005,0
N=CN1C=NOC(=O)O1,129.075,5,1,1,1,6,74.98,-0.07942999999999995,0
N=c1nn[nH]cc1C=O,124.10299999999997,4,2,1,1,5,82.49000000000001,-0.9033300000000004,0
CC(=O)c1n[nH]nc1N,126.11900000000001,4,2,1,1,5,84.66,-0.41050000000000003,0
N=C1C=C(O)C=[N+]1[O-],112.08799999999998,3,2,0,1,4,70.14999999999999,0.00026999999999993696,0
COC1=NC(=N)N=C1,111.104,2,1,0,1,4,57.8,0.05046999999999996,0
Nc1noc(=O)n1CO,131.091,6,2,1,1,6,94.28000000000002,-1.6317000000000004,0
Nc1n[nH]cnc1=O,112.09199999999998,4,2,0,1,5,84.66,-1.2529000000000006,0
N=c1oc(=N)oc(=O)o1,130.059,6,2,0,1,6,104.19000000000001,-1.21526,0
COC1=NOC(=N)C1=N,127.103,5,2,0,1,5,78.52000000000001,-0.02646000000000004,0
CC(O)C1=NN=C1N,113.12000000000002,4,2,1,1,4,70.97,-0.9060000000000001,1
CN=C1N=NNC1=NC=N,138.134,3,2,1,1,6,85.32,-0.009329999999999838,0
NC1=CC(=O)C(=O)O1,113.07199999999999,4,1,0,1,4,69.39,-1.0876000000000001,0
CNN1C(=N)N=C1CO,128.135,3,3,2,1,5,71.71000000000001,-1.23803,0
CCN1COC(=O)C(=N)O1,144.13,5,1,1,1,5,62.620000000000005,-0.2685299999999999,0
CNC1=NC(F)=NC1=N,128.11,3,2,0,1,5,60.6,-0.07933000000000001,0
Nc1nc(C=O)oc1N,127.10299999999998,5,2,1,1,5,95.14,-0.3485,0
CN=C1OC(O)=NC1=O,128.087,3,1,0,1,5,71.25,-0.5145000000000002,0
N=C1NC(=O)COC1=N,127.103,4,3,0,1,5,86.03,-0.9126600000000002,0
NC(=O)C1=NC(N)=N1,112.09200000000001,4,2,1,1,5,93.83,-1.8014999999999999,0
N=C1OCC(=N)C(=O)O1,128.087,5,2,0,1,5,83.23,-0.48566000000000015,0
N=C1NC(O)(C=O)O1,116.07599999999998,4,3,1,1,5,82.41000000000001,-1.61403,1
CNc1noc(=N)n1CO,144.13400000000001,6,3,2,1,6,87.07000000000001,-1.0529300000000001,0
N=C1OC(CO)C1=N,114.104,4,3,1,1,4,77.16,-0.6254600000000001,1
Cc1noc(=N)oc1=O,128.087,5,1,0,1,5,80.09,-0.5843099999999999,0
N=CN1CC(C=O)OCN1,143.146,4,2,2,1,5,65.42,-1.0447300000000002,1
Cc1noc(=O)n1CN,129.119,5,1,1,1,5,74.05,-0.9390799999999999,0
CC1=C(O)N=C1NC=O,126.115,3,2,1,1,4,61.690000000000005,-0.06600000000000006,0
CNC1OCC(=N)NC1=O,143.14600000000002,4,3,1,1,5,74.21000000000001,-1.3444299999999996,1
Nc1[nH]n(C=O)c1O,115.09199999999997,4,3,1,1,5,84.04,-0.8577000000000001,0
N=c1ncoc(=O)[nH]1,113.076,4,2,0,1,5,82.74000000000001,-1.1576300000000002,0
CC(=O)C1=NN=C1N,111.10400000000001,4,1,1,1,4,67.81,-0.6978,0
N=C1COC(=N)C1=O,112.088,4,2,0,1,4,74.0,-0.41726000000000013,0
COC1=NC(N)=C1NC=O,141.13,4,2,2,1,5,76.71000000000001,-1.0813000000000004,0
N=C1NCC(=O)NC=CO1,141.13,3,3,0,1,5,74.21000000000001,-0.8716300000000001,0
C#Cc1nn[nH]c1N,108.104,3,2,0,1,4,67.59,-0.6318000000000001,0
N=C(N)C1=NC=NC1=O,124.103,3,2,1,1,5,91.66,-1.06813,0
COC1=NC(=O)C(O)=N1,128.087,3,1,0,1,5,71.25,-0.5145,0
CNc1n[n-]nc1OC#N,138.10999999999999,5,1,2,1,6,84.93,-0.6646200000000002,0
CC1=NC(CO)=NC1=N,125.13099999999999,3,2,1,1,4,68.80000000000001,-0.17103000000000002,0
N=CN1CC(=O)NCO1,129.119,3,2,1,1,5,65.42,-1.0856299999999999,0
Cn1c(N)nncc1=N,125.13499999999999,5,2,0,1,5,80.58000000000001,-1.12323,0
NCc1noc(C=O)n1,127.10299999999998,5,1,2,1,5,82.01,-0.6592000000000002,0
NC1=C(N)C(C=O)=N1,111.10399999999998,4,2,1,1,4,81.47,-1.2735999999999998,0
NC1=NN=C1NCC=O,126.11899999999999,5,2,2,1,5,79.84,-1.5408000000000002,0
N=CN1CC(=O)OCO1,130.10299999999998,4,1,1,1,5,62.620000000000005,-0.65863,0
N=C1NC(=N)C(=O)O1,113.076,4,3,0,1,5,86.03000000000002,-0.95516,0
CN=C1N=NC=C1N,110.11999999999999,3,1,0,1,4,63.099999999999994,0.28060000000000007,0
NC1=C(C=O)C(=O)C=N1,124.09899999999999,4,1,1,1,4,72.52000000000001,-0.9909000000000001,0
Nc1cnoc(=O)c1N,127.103,5,2,0,1,5,95.14,-0.8008,0
N=CN1COC(=O)CO1,130.10299999999998,4,1,1,1,5,62.620000000000005,-0.6586300000000003,0
N=C1N=CN=C1CO,111.10399999999998,3,2,1,1,4,68.8,-0.5611300000000001,0
N=CN1COC(=N)OC1=N,142.118,5,3,1,1,6,93.25,-0.23069000000000017,0
N=c1ncc(CC=O)n[nH]1,138.13,4,2,2,1,5,82.49000000000001,-0.9744300000000004,0
N=C1N=C(C=O)OCN1,127.10299999999998,3,2,1,1,5,74.54,-0.9041300000000001,0
COC1=NC(N)=NC1=O,127.10300000000001,4,1,0,1,5,77.03999999999999,-1.1138000000000001,0
N=Cc1cnc(N)nn1,123.11900000000001,5,2,1,1,5,88.54,-0.5485300000000002,0
NC1=C(N)C(=O)C=N1,111.10399999999998,4,2,0,1,4,81.47,-1.2736000000000003,0
CC(=O)N1N=CC1=O,112.08799999999998,3,0,0,1,4,49.74,-0.6391,0
O=Cc1n[nH]c(CO)n1,127.10299999999998,4,2,2,1,5,78.87,-0.8905000000000001,0
O=Cc1n[nH]c(CO)n1,127.10299999999998,4,2,2,1,5,78.87,-0.8905000000000001,0
CC1=C(N)N=NC1=O,111.104,3,1,0,1,4,67.81,0.16900000000000015,0
NC1=C(CO)C(=O)N=C1,126.11499999999998,3,2,1,1,4,75.68,-1.1975000000000002,0
NC1=NC(=O)C(N)=N1,112.092,4,2,0,1,5,93.83,-1.8014999999999999,0
N=CC1N=CN(C=N)O1,126.11899999999999,4,2,2,1,5,72.53,-0.1553599999999999,1
CNC(O)C1=NC(N)=N1,128.13500000000002,5,3,2,1,5,83.0,-1.7489999999999992,1
CC(=O)n1cnc(N)n1,126.11900000000001,5,1,0,1,5,73.8,-0.47959999999999997,0
CC(O)C1=C(N)N=N1,113.12000000000002,4,2,1,1,4,70.97,-0.03919999999999996,1
N=C(N)OC1COC1=N,129.119,4,3,1,1,5,92.18,-0.72746,1
N=CC1=C(N)C(=N)N=N1,123.11900000000001,4,3,1,1,5,98.44,0.24934000000000006,0
COC(C)C1=NNC1=N,127.147,3,2,2,1,4,57.47,-0.0422300000000001,1
N=CN1C(=O)OC1CO,130.10299999999998,4,2,2,1,5,73.62,-0.6359300000000001,1
CN=C1N=NC(N)=N1,111.108,3,1,0,1,5,75.46,-0.24729999999999996,0
COC1=C(N)C(=O)N=N1,127.10300000000001,4,1,1,1,5,77.04,-0.247,0
NC(C=O)C1=NN=C1O,127.103,4,2,2,1,5,88.04,-1.1613000000000002,1
COC1=NN=C(CO)C1=N,141.13,5,2,1,1,5,78.03,-0.5870300000000002,0
N=C1N=C(O)N=C1CO,127.10299999999998,3,3,1,1,5,89.03,-0.67543,0
CN=C1N=NNC1=N,111.10799999999999,3,2,0,1,5,72.96000000000001,-0.03762999999999994,0
N=C1COC(=O)NCO1,130.103,4,2,0,1,5,71.41,-0.3224300000000002,0
Nc1nccn1C=NCO,140.14600000000002,5,2,2,1,5,76.42999999999999,-0.7085000000000001,0
N=C1C=C(N)OC1=O,112.088,4,2,0,1,4,76.17000000000002,-0.6369300000000002,0
N=C1NCC(=O)OCO1,130.103,4,2,0,1,5,71.41000000000001,-0.9583300000000001,0
N#CCC1=NC(=O)N=N1,122.087,3,0,1,1,5,77.94,0.88438,0
N=C1OC(=N)C(=O)O1,114.05999999999999,5,2,0,1,5,83.23,-0.5281600000000002,0
N=C1NC(=O)OC1=N,113.076,4,3,0,1,5,86.03,-0.3192599999999998,0
Nc1[nH]nc(C=O)c1N,126.11899999999999,4,3,1,1,5,97.79,-0.6134000000000004,0
N#CCc1nonnc1=N,137.102,6,1,1,1,6,99.44999999999999,-0.9898500000000001,0
NC1=NC(=O)C(O)=C1,112.08799999999997,3,2,0,1,4,75.67999999999999,-0.6742999999999999,0
NC(=O)C1=NC(N)=N1,112.09200000000001,4,2,1,1,5,93.83,-1.8014999999999999,0
Nc1ncnc(C=O)n1,124.10299999999998,5,1,1,1,5,81.76,-0.7337,0
N=C1N=COC(=O)CN1,127.103,3,2,0,1,5,74.53999999999999,-0.9041300000000001,0
Cc1nnc(N)n1C=N,125.135,5,2,1,1,5,80.58,-0.3761100000000001,0
N=C1COC(=N)NCO1,129.119,4,3,0,1,5,78.19,-0.5076600000000002,0
CC(=O)C1=NC(O)=N1,112.088,3,1,1,1,4,62.019999999999996,-0.09849999999999998,0
N=Cc1ncc(N)n1N,125.13500000000002,5,3,1,1,5,93.71,-0.8232300000000001,0
NC1=C(O)C=NC1=O,112.088,3,2,0,1,4,75.68,-0.6742999999999999,0
N=C1CNC(=N)C(=O)O1,127.10299999999998,4,3,0,1,5,86.03000000000002,-0.9126600000000005,0
CN=C1N=C(N)OC1=N,126.119,4,2,0,1,5,83.82,-0.66313,0
CN=C1NC=NC1=NCO,140.14600000000002,3,2,1,1,5,69.34,-1.0055,0
CC(=N)N1OCC(=O)O1,130.10299999999998,4,1,0,1,5,62.620000000000005,-0.31103000000000014,0
CNC1=C(O)C(=O)N=N1,127.103,4,2,1,1,5,74.05,-0.07470000000000021,0
N=C1OCC(NC=O)O1,130.10299999999998,4,2,2,1,5,71.41,-0.9599300000000002,1
N=C1N=CN1OC=C=NO,140.102,4,2,2,1,6,81.27000000000001,-0.23073000000000005,0
CC1=C(C=N)N=NC1=O,123.115,3,1,1,1,4,65.64,0.9023699999999999,0
N=CCc1nc(N)no1,126.11900000000001,5,2,2,1,5,88.79,-0.15613,0
NC(=O)c1cnoc1N,127.103,4,2,1,1,5,95.14,-0.6443000000000001,0
CN(C#N)c1cocn1,123.11499999999998,4,0,1,1,4,53.06,0.59188,0
O=Cc1oncc1O,113.07199999999997,4,1,1,1,4,63.33,0.19269999999999993,0
N=COC1=NC(=O)CN1,127.103,4,2,1,1,5,74.53999999999999,-0.9041300000000001,0
CC(=O)C1=NC(=N)O1,112.088,3,1,1,1,4,62.510000000000005,-0.06112999999999996,0
N=C1COC(=N)NC(=O)N1,142.118,4,4,0,1,6,98.06,-0.7721600000000002,0
N#Cc1ncc(=O)on1,123.07099999999998,5,0,0,1,5,79.78,-0.69852,0
CNC1=NC(=O)OC1=O,128.087,4,1,0,1,5,67.75999999999999,-0.7189000000000001,0
NC(=O)C1=NC(N)=N1,112.09200000000001,4,2,1,1,5,93.83,-1.8014999999999999,0
N=CC1=CC(=N)N=N1,108.10400000000001,3,2,1,1,4,72.42,0.9629399999999999,0
N=C1OC(=O)OC1=N,114.05999999999999,5,2,0,1,5,83.22999999999999,0.10774,0
N#CCC1=NC(=N)O1,109.088,3,1,1,1,4,69.23,0.26355,0
N=C1CNC(OC=O)C1=N,141.12999999999997,5,3,2,1,5,86.03,-0.8717600000000001,1
COC1=NC(O)=C1N,114.104,4,2,0,1,4,67.84,-0.2693,0
C#CC(=N)N1NCO1,111.104,3,2,0,1,4,48.35000000000001,-0.6938300000000002,0
Cn1cc(O)nc1N,113.12,4,2,0,1,4,64.07,-0.2921000000000002,0
N=C1NCOCC(=O)O1,130.103,4,2,0,1,5,71.41,-0.9583300000000001,0
CC(N)C1=NC(=O)O1,114.10399999999998,3,1,1,1,4,64.67999999999999,-0.1176999999999998,1
N=C1OCC(=O)NC1=O,128.087,4,2,0,1,5,79.25,-1.36333,0
N=C1N=C(N)N=C1C=O,124.103,4,2,1,1,5,91.66,-1.06813,0
NC1=NC(=O)C(C=O)=N1,125.08699999999997,4,1,1,1,5,84.88,-1.5188,0
N=c1oncn1C=NCO,142.118,6,2,2,1,6,87.4,-1.2182300000000001,0
N=c1ncoc(=N)o1,113.076,5,2,0,1,5,86.87,-0.77346,0
Cn1ncc(NC=N)n1,125.135,4,2,2,1,5,66.59,-0.16593000000000008,0
CN=C1N=C(N)C(=O)O1,127.103,4,1,0,1,5,77.04,-1.1138,0
N=C1N=CN=C(N)C1=O,124.103,4,2,0,1,5,91.66,-1.06813,0
NC1=NC(=O)C(=O)C=N1,125.08699999999997,4,1,0,1,5,84.88,-1.5188,0
O=CC1=NC(CO)OC1,129.11499999999998,4,1,2,1,4,58.89,-1.0251000000000001,1
NC1=NC(=O)C(=O)C=N1,125.08699999999997,4,1,0,1,5,84.88,-1.5188,0
Cc1nc(N)nn1C#N,123.11900000000001,5,1,0,1,5,80.52,-0.5021000000000002,0
N=C1OCCOC(=N)O1,130.103,5,2,0,1,5,75.39,-0.0806599999999999,0
COc1n[nH]c(=N)n1C=O,142.118,5,2,2,1,6,83.75999999999999,-1.26243,0
N=c1nc(C=O)n(O)o1,129.075,6,2,1,1,6,92.11,-0.9946300000000003,0
CC(=O)c1nn[nH]n1,112.09200000000001,4,1,1,1,5,71.53,-0.5977000000000001,0
C#CC(=O)n1cn[nH]1,109.088,3,1,0,1,4,50.68,-0.5154000000000001,0
CC(=O)C1=NC(=O)N1,112.088,2,1,1,1,4,58.53,-0.3028999999999999,0
COc1nc(C=O)n[nH]1,127.103,4,1,2,1,5,67.87,-0.37420000000000025,0
N=CC1=NC=NC1=N,108.104,3,2,1,1,4,72.42,0.09614,0
CNC1=NC(=O)C(CO)=N1,141.12999999999997,4,2,1,1,5,74.05,-1.4647,0
N=C1N=CN=C1NC=O,124.10299999999998,3,2,1,1,5,77.67,-0.8499300000000003,0
N=C1OC(=O)N=C1N,113.07600000000001,4,2,0,1,5,88.53,-0.5289300000000001,0
N=C(N)N1C=NC1=O,112.09199999999998,2,2,0,1,5,82.53999999999999,-0.6562299999999999,0
COC(O)C1=NC(N)=N1,129.11900000000003,5,2,2,1,5,80.2,-1.3219999999999998,1
CC(=O)C1=NN=C1N,111.10400000000001,4,1,1,1,4,67.81,-0.6978,0
N=C1OCNC(=O)OC1=N,143.102,5,3,0,1,6,95.25999999999999,-0.3451600000000003,0
Nc1oncc1C=O,112.08799999999998,4,1,1,1,4,69.12,0.06930000000000003,0
Nc1nc(C=O)[n+]([O-])[nH]1,128.09099999999998,4,2,1,1,6,98.71000000000001,-1.5622,0
CC(O)C1=NOC1=N,114.104,4,2,1,1,4,65.67000000000002,-0.26933000000000007,1
CC1=NC(=N)N=C1N,110.12,2,2,0,1,4,74.59,-0.24712999999999996,0
CCC(=O)C1=NN=C1O,126.115,3,1,2,1,4,62.019999999999996,0.2916,0
Cc1n[nH]c(=O)c(=O)[nH]1,127.10299999999998,3,2,0,1,5,78.61,-1.2333800000000001,0
CN=C1NC(=O)N1C=O,127.10299999999998,3,1,1,1,5,61.77,-0.8462000000000001,0
CN=C1N=C(N)C=[N+]1[O-],126.119,3,1,0,1,5,76.80999999999999,-1.0758999999999999,0
N#CCc1nocc1N,123.115,4,1,1,1,4,75.84,0.32288000000000006,0
N=CN1CC(=O)C(=O)N1,127.10299999999998,3,2,1,1,5,73.26,-1.4906300000000001,0
NC1=C(C=O)OC1=O,113.07199999999999,4,1,1,1,4,69.39000000000001,-1.0876000000000001,0
N=C1OCNC(=O)CO1,130.10299999999998,4,2,0,1,5,71.41,-0.9583300000000003,0
N=C1NCC(=O)OCO1,130.103,4,2,0,1,5,71.41000000000001,-0.9583300000000001,0
O=C1NCC(=O)C(=O)O1,129.071,4,1,0,1,5,72.47,-1.1781000000000001,0
Nc1cc(=O)onn1,113.07600000000001,5,1,0,1,5,82.01,-0.9880000000000002,0
COCC1=CN=NC1=O,126.115,3,0,2,1,4,51.02,0.5091000000000001,0
NC(=O)C1=CN=C1O,112.08799999999998,2,2,1,1,4,75.68,-0.6742999999999999,0
N=C1C(N)=CN=C1O,111.10399999999998,3,3,0,1,4,82.46000000000001,-0.22363000000000027,0
N=C(N)NC1OCC1=O,129.119,3,3,1,1,5,88.20000000000002,-1.6051300000000002,1
N=C1NC(=O)N=C1N,112.09200000000001,3,3,0,1,5,91.33,-0.95593,0
CN=C1OC(=O)OC1=O,129.071,5,0,0,1,5,64.96000000000001,-0.29190000000000005,0
N=C1COC(=O)N=CO1,128.087,4,1,0,1,5,71.74,0.15877000000000002,0
NCC1=NC(N)=NC1=O,126.119,4,2,1,1,5,93.82999999999998,-1.7589999999999995,0
CC1=NC(=O)C(N)=N1,111.104,3,1,0,1,4,67.81,-0.6978,0
N=C1C=NC(CO)=[N+]1[O-],127.103,4,2,1,1,5,82.50999999999999,-1.0508300000000002,0
NC(=O)C1=NC(=O)N=C1,125.08699999999999,2,1,1,1,5,84.88000000000001,-0.8829,0
Cn1c(N)nnc1C=O,126.11899999999999,5,1,1,1,5,73.80000000000001,-0.7902,0
CNC1=C(N)C(=O)N=N1,126.11900000000001,4,2,1,1,5,79.83999999999999,-0.6740000000000002,0
O=C1COCNC(=O)O1,131.087,4,1,0,1,5,64.63,-0.7730999999999999,0
N=C1OCC(=O)C1=NO,128.087,5,2,0,1,5,82.74,-0.60683,0
COC1=NC(=N)N=C1N,126.11900000000001,3,2,0,1,5,83.82,-0.66313,0
NC(=O)c1cnn[nH]1,112.092,3,2,1,1,5,84.66,-1.0964000000000003,0
N=C1OC(=O)C(=O)O1,115.04399999999998,5,1,0,1,5,76.45,-0.9788300000000001,0
CN=C1OC(=N)N=C1O,127.103,3,2,0,1,5,78.03,-0.06383000000000005,0
N=CN1C=CNC(=O)O1,127.10299999999998,3,2,1,1,5,65.42,0.021469999999999934,0
CCc1nc(=N)on1CO,143.14600000000002,5,2,2,1,5,75.04,-0.5322300000000004,0
N=C1OC(=N)C(=N)O1,113.076,5,3,0,1,5,90.01,-0.07748999999999995,0
N=C1C(N)=NC(N)=C1O,126.11899999999999,5,4,0,1,5,108.48,-0.93723,0
COC1=CC(=O)OC1=N,127.09899999999999,4,1,1,1,4,59.38,0.050769999999999926,0
N=COC1=C(N)N=C1N,126.11900000000001,5,3,2,1,5,97.47999999999999,-0.8913300000000002,0
N=C1OC=NC1CC(=O)O,142.114,4,2,2,1,5,82.74,-0.13452999999999987,1
COC1=NC(C(=N)N)=N1,126.11900000000001,4,2,1,1,5,83.82,-0.6631300000000002,0
N=C1CC(=N)OCN=CO1,141.13,5,2,0,1,5,78.52000000000001,0.36363999999999996,0
NC(=O)C1=NN=C1N,112.09200000000001,4,2,1,1,5,93.83,-1.8014999999999999,0
N#CC(C#N)NC1=NO1,122.087,5,1,1,1,5,84.5,-0.7070400000000001,0
CC1(O)OC(=N)C1=N,114.104,4,3,0,1,4,77.16,-0.2778600000000001,1
COC1=NC(=N)C(O)=N1,127.103,3,2,0,1,5,78.03,-0.06383000000000005,0
N=CN1CC(O)C(=N)O1,129.11899999999997,4,3,1,1,5,80.40000000000002,-0.8211600000000003,1
CC(=O)C1=NC(=N)N1,111.104,2,2,1,1,4,65.31,-0.4881300000000001,0
CN=C1N=NC(=N)O1,112.09199999999998,3,1,0,1,5,70.16,0.38937000000000005,0
CC1NC(=O)C1=NO,114.10399999999998,3,2,0,1,4,61.69,-0.6651000000000002,1
N=C1COC(=N)OCO1,130.103,5,2,0,1,5,75.39,-0.08066000000000012,0
N#CC1=C(C(=N)O)N1,109.08799999999998,3,3,1,1,4,89.81,-0.13995000000000002,0
N=CNC1OCOC1=N,129.119,4,3,2,1,5,78.19,-0.5092600000000003,1
CC(=O)C1=NC(N)=N1,111.10400000000001,4,1,1,1,4,67.81,-0.6978,0
CN=CNN1C=NC1=O,126.11899999999999,2,1,2,1,5,57.06,-0.387,0
CN=C1N=C(N)C=[N+]1[O-],126.119,3,1,0,1,5,76.80999999999999,-1.0758999999999999,0
N=C1OC(=N)C(=NO)O1,129.075,6,3,0,1,6,98.75,-0.26705999999999996,0
NC1=C(N)C(=O)C=N1,111.10399999999998,4,2,0,1,4,81.47,-1.2736000000000003,0
COC1=NN=C(N)C1=O,127.103,5,1,0,1,5,77.03999999999999,-1.1138000000000001,0
Cc1n[nH]c(=O)c(N)n1,126.119,4,2,0,1,5,84.66,-0.9444800000000002,0
Nc1ncn(CC=O)n1,126.11899999999999,5,1,2,1,5,73.8,-0.9408000000000003,0
N=COC1OCNC1=O,130.103,4,2,2,1,5,71.41,-0.9599300000000002,1
N=C1NC(=N)C(=O)CO1,127.103,4,3,0,1,5,86.03000000000002,-0.91266,0
Nc1cnc(O)c(O)n1,127.10299999999998,5,3,0,1,5,92.26,-0.53,0
COc1cnoc(=N)n1,127.103,5,1,1,1,5,72.0,-0.44233000000000006,0
N=Cc1n[nH]nc1C=O,124.10299999999998,4,2,2,1,5,82.49000000000001,-0.38513,0
CC(O)C1=C(N)N=N1,113.12000000000002,4,2,1,1,4,70.97,-0.03919999999999996,1
C#CC(O)C1=NN=C1N,123.11500000000002,4,2,1,1,4,70.97,-1.2927,1
N=CC(=O)OC1NC1=N,127.103,4,3,2,1,5,95.94,-0.9142600000000001,1
N=C1COC(=N)C(=N)O1,127.103,5,3,0,1,5,90.01,-0.034989999999999966,0
CC1=NC(F)=NC1=N,113.095,2,1,0,1,4,48.57,0.7636700000000001,0
N#CCn1ncnc1N,123.119,5,1,1,1,5,80.52,-0.61612,0
N=C1OCC(=N)C(=O)O1,128.087,5,2,0,1,5,83.23,-0.48566000000000015,0
COC1OC(=O)C1=NO,131.08700000000002,5,1,1,1,5,68.12,-0.6541000000000001,1
N=C1CNCC(=O)O1,114.10399999999998,4,2,0,1,4,62.18000000000001,-0.8899300000000003,0
CC(=O)c1cn[nH][n+]1[O-],127.103,3,1,1,1,5,72.69,-0.7543,0
CC1=NC(=O)N=C1N,111.104,2,1,0,1,4,67.81,-0.061899999999999844,0
N=C1CONC(=N)O1,115.09199999999998,4,3,0,1,5,78.19000000000001,-0.5501600000000004,0
N=CC1=NC=NC1=O,109.088,3,1,1,1,4,65.64,-0.35453,0
N=C1NCOC(=N)O1,115.092,4,3,0,1,5,78.19000000000001,-0.55016,0
O=CNC1=NC=NC1=O,125.08699999999999,3,1,1,1,5,70.89,-1.3006000000000002,0
N=C(O)OC1NC1=N,115.092,3,4,1,1,5,99.1,-0.5976600000000001,1
NC=C1N=CN=C1N,110.12,4,2,0,1,4,76.75999999999999,-0.8144,0
N=C1N=CNCC(=O)O1,127.10299999999998,4,2,0,1,5,74.54,-0.9041300000000001,0
Cn1ncc(=N)[nH]c1=O,126.119,4,2,0,1,5,74.53,-1.4121299999999999,0
N=C1CN(C=O)C(=N)N1,126.11899999999999,3,3,1,1,5,80.04,-1.03996,0
NCC1=CC(=O)N=N1,111.104,3,1,1,1,4,67.81,-0.1786000000000001,0
N=c1onc(N)oc1=O,129.075,6,2,0,1,6,106.11000000000001,-1.3105299999999998,0
NC1=CC(=O)C(=O)O1,113.07199999999999,4,1,0,1,4,69.39,-1.0876000000000001,0
COC1=NNC1=NCO,129.119,4,2,1,1,5,66.21,-1.1022,0
CC(=O)C1=NC(=N)N1,111.104,2,2,1,1,4,65.31,-0.4881300000000001,0
N=C1OC(=N)N1C=O,113.076,4,2,1,1,5,77.24000000000001,-0.6554600000000002,0
N=C1C=C(N)N=C1N,110.12000000000002,4,3,0,1,4,88.25,-0.8229300000000002,0
Nc1nc(F)cc[n+]1[O-],129.094,3,1,0,1,5,65.85,-0.5637000000000001,0
N=C1N=C(N)N=C1C=O,124.103,4,2,1,1,5,91.66,-1.06813,0
N#CC1=NC(N)=C1N,108.10400000000001,4,2,0,1,4,88.19,-0.94892,0
NC(=O)n1cncn1,112.092,4,1,0,1,5,73.80000000000001,-0.7951000000000001,0
O=CN1C=NC(=O)OC1,128.087,3,0,1,1,5,58.97,-0.4192,0
Cc1nnc(=N)[nH]c1N,125.135,4,3,0,1,5,91.44,-0.82521,0
COC1=NC(N)=C1C=O,126.115,4,1,1,1,4,64.68,-0.5859000000000001,0
Cc1n[nH]nc1CO,113.11999999999999,3,2,1,1,4,61.8,-0.39458000000000004,0
CC(O)C1=NN=C1N,113.12000000000002,4,2,1,1,4,70.97,-0.9060000000000001,1
NC1NCC(=O)OC1=O,130.10299999999998,5,2,0,1,5,81.41999999999999,-2.0557999999999996,1
N=CNc1cc([NH2+])on1,126.119,4,3,2,1,5,87.21000000000001,-0.6472300000000002,0
Nc1cnc(N)n1C=O,126.119,5,2,1,1,5,86.92999999999998,-0.9142000000000001,0
CC1(C(N)=O)COCN1,130.147,3,2,1,1,4,64.35000000000001,-1.1922999999999995,1
N=C1C(O)=CN=C1N,111.10400000000001,4,3,0,1,4,82.46,-0.22362999999999988,0
CNC1=NC(=O)N=C1N,126.119,3,2,0,1,5,79.84,-0.9049,0
N=C(N)N1N=CC1=O,112.09199999999998,3,2,0,1,5,82.53999999999999,-1.29213,0
Nc1nocc1NC=O,127.10299999999998,4,2,2,1,5,81.15,-0.17490000000000022,0
N#CC(CO)c1nn[nH]n1,139.118,5,2,2,1,6,98.48,-1.2008200000000002,1
N=c1oc(=NO)c1=O,114.05999999999999,5,2,0,1,5,86.65,-1.7152300000000005,0
O=CNC1=NC=NC1=O,125.08699999999999,3,1,1,1,5,70.89,-1.3006000000000002,0
N=CC1OC(=N)C(=N)O1,127.103,5,3,1,1,5,90.01,-0.03659000000000001,0
CC(=O)n1nc(O)[nH]1,115.09199999999998,4,2,0,1,5,70.91,-0.4231000000000002,0
N=CC1=NC(N)=NC1=N,123.11900000000001,4,3,1,1,5,98.44,-0.6174600000000001,0
Cn1cnc(=N)c(N)n1,125.135,5,2,0,1,5,80.58,-1.12323,0
NC1=NN=CC1=NCO,126.11899999999999,5,2,1,1,5,83.33,-1.2662000000000002,0
N=COC1C(=N)NC1=O,127.103,4,3,2,1,5,86.03,-0.9142600000000003,1
CC(=O)N1N=C1CO,114.10399999999998,3,1,1,1,4,52.67,-0.8457000000000001,0
CCC1=NN=C(N)C1=O,125.13099999999999,4,1,1,1,4,67.81,-0.30770000000000003,0
N#CC(N)c1ccn[nH]1,122.13099999999999,3,2,1,1,4,78.49000000000001,-0.06692000000000004,1
N=C1COC(=N)C(O)C1,128.13099999999997,4,3,0,1,4,77.16,-0.23536000000000012,1
N=CNC1=NOCC1=N,126.119,4,3,1,1,5,81.32,-0.4534599999999999,0
N=C1N=C(C(N)=O)O1,113.076,3,2,1,1,5,88.53000000000002,-1.1648300000000003,0
Cc1nnc(NC=O)[nH]1,126.11899999999999,3,2,2,1,5,70.67,-0.31858000000000025,0
N=COC1C(=O)OC1=O,129.071,5,1,2,1,5,76.44999999999999,-0.9379300000000002,0
N=c1[nH]c(=O)[nH]c(=O)o1,129.075,4,3,0,1,6,102.71,-1.8643299999999998,0
N=C1CNC(=N)OCO1,129.119,4,3,0,1,5,78.19000000000001,-0.5076600000000004,0
C#CCC(=N)C1=NN=N1,120.11500000000001,4,1,2,1,4,60.93,0.80877,0
N=C1N=C(N)C(CO)=N1,126.119,3,3,1,1,5,94.82000000000001,-1.2747300000000001,0
N=C1NC=NCC(=O)O1,127.103,4,2,0,1,5,74.54,-0.9041300000000001,0
NC1=NN=C1C(N)C=O,126.11899999999999,5,2,2,1,5,93.82999999999998,-1.7606000000000004,1
O=C1CNC(=O)OCO1,131.087,4,1,0,1,5,64.63000000000001,-0.7730999999999999,0
N=C1COC(=N)OCO1,130.103,5,2,0,1,5,75.39,-0.08066000000000012,0
N#CC(O)C1=NOC1=O,126.071,5,1,1,1,5,82.68,-1.21632,1
CN=C(O)n1ccnn1,126.119,4,1,0,1,5,63.300000000000004,-0.33000000000000007,0
CC(N)C1=NC(=O)N=N1,126.119,3,1,1,1,5,80.17,0.3179000000000002,1
N=C1N=C(O)C=C1N,111.10399999999998,2,3,0,1,4,82.46,-0.22362999999999988,0
CC1=NC(=N)C(=N)O1,111.10399999999998,3,2,0,1,4,69.29,0.38954,0
CN=C1C=NNC1=N,110.11999999999999,3,2,0,1,4,60.6,-0.3765300000000002,0
CN1C=NC(NC=O)=CN1,140.146,4,2,2,1,5,56.730000000000004,-0.9904000000000004,0
CC(=O)C1=NC(O)=N1,112.088,3,1,1,1,4,62.019999999999996,-0.09849999999999998,0
N=C1NC(=N)C(=O)OCO1,143.102,5,3,0,1,6,95.26000000000002,-0.98106,0
O=C1N=C(O)N=C1O,114.05999999999997,2,2,0,1,5,82.25,-0.6029,0
N=C(O)C1=NNC1=N,112.092,3,4,1,1,5,92.32,-0.5418600000000002,0
N=C1NC(C(=O)O)CO1,130.103,3,3,1,1,5,82.41000000000001,-1.0058300000000002,1
N=C1OC(=NO)C1C=O,128.087,5,2,1,1,5,82.74000000000001,-0.4033300000000002,1
CC(=O)C1=NC(N)=N1,111.10400000000001,4,1,1,1,4,67.81,-0.6978,0
N=C1NC1OC(N)=O,115.09200000000001,3,3,1,1,5,98.11000000000001,-1.01173,1
N=C1OC(=N)C(=O)O1,114.05999999999999,5,2,0,1,5,83.23,-0.5281600000000002,0
CNC(=O)C1=NC(O)=N1,127.103,3,2,1,1,5,74.05,-0.9415,0
N=C1OCNCC(=O)O1,130.10299999999998,5,2,0,1,5,71.41,-0.9583300000000003,0
N=C1C=C(CO)N=N1,111.104,3,2,1,1,4,68.8,0.30567000000000005,0
N=C1OCC(=O)C1=O,113.07199999999999,4,1,0,1,4,67.22,-0.8679300000000001,0
N=C(N)C1OC(=O)O1,116.076,4,2,1,1,5,85.40000000000002,-0.58473,0
O=Cc1nc(CO)n[nH]1,127.103,4,2,2,1,5,78.87,-0.8905000000000003,0
NC(=O)C1=NC=NC1=O,125.08699999999999,3,1,1,1,5,84.88,-1.5188,0
COC1=NC(=O)C(N)=N1,127.10300000000001,4,1,0,1,5,77.03999999999999,-1.1138000000000003,0
N=C1OC(=N)N1CC=O,127.103,4,2,2,1,5,77.24000000000001,-0.6129600000000002,0
CNc1nn[nH]c1C=O,126.11899999999999,4,2,2,1,5,70.67,-0.34110000000000035,0
N=C1OCC(=O)NC1=O,128.087,4,2,0,1,5,79.25,-1.36333,0
COC1=C(N)C(=N)N=N1,126.11900000000001,4,2,1,1,5,83.82000000000001,0.20367000000000018,0
CC(=O)n1ncc(=N)o1,127.10299999999998,5,1,0,1,5,71.88,-0.38433,0
NC1=CC=NC(=O)C1=O,124.09899999999999,3,1,0,1,4,72.52,-0.9909000000000001,0
CC(O)c1nc1=NC=N,125.131,3,2,2,1,4,69.33000000000001,-0.48172999999999994,1
N=C1C=C(N)C(=O)O1,112.088,4,2,0,1,4,76.17,-0.6369300000000002,0
N=C1C=C(N)C(N)=N1,110.12000000000002,3,3,0,1,4,88.25,-0.8229299999999997,0
Nc1nocc1C=O,112.08799999999998,4,1,1,1,4,69.12,0.06930000000000003,0
N=C1CC(=O)OC(=N)O1,128.087,5,2,0,1,5,83.23,-0.13806000000000002,0
Cn1nc(C=N)n1C=N,125.13499999999999,5,2,2,1,5,70.45,-0.32556,0
Nc1ncc(CO)n1N,128.135,5,3,1,1,5,90.08999999999999,-1.3286,0
N=c1[nH]ncnc1C=O,124.10299999999998,4,2,1,1,5,82.49000000000001,-0.9033300000000004,0
CNC(=O)c1cn[nH]c1,125.13099999999999,2,2,1,1,4,57.78,-0.2307000000000003,0
O=c1ccc(CO)n[nH]1,126.11500000000001,3,2,1,1,4,65.97999999999999,-0.7378000000000002,0
N=C1N=C(N)OC1=O,113.076,4,2,0,1,5,88.53,-1.16483,0
Nc1cnc(N)c(=O)o1,127.103,5,2,0,1,5,95.14,-0.8008,0
N=c1nc(C=O)nc(N)[nH]1,139.118,5,3,1,1,6,108.50999999999999,-1.3211300000000004,0
N=C(N)n1ncn1C=O,127.10699999999999,5,2,1,1,6,89.69,-1.5355299999999996,0
N=C1COC(=N)OC(=N)O1,143.102,6,3,0,1,6,99.24,-0.10338999999999998,0
CC(O)C1=NN=C1N,113.12000000000002,4,2,1,1,4,70.97,-0.9060000000000001,1
CN1CON(C=N)C1=O,129.119,3,1,1,1,5,56.63,-0.15003000000000005,0
CC1=NC(=O)N=C1N,111.104,2,1,0,1,4,67.81,-0.061899999999999844,0
CC(=N)C1=NC(=N)O1,111.104,3,2,1,1,4,69.29,0.38954,0
N=CC1=NN=C(N)C1=O,124.103,5,2,1,1,5,91.66,-1.06813,0
N=C1OCC(=O)OC1=N,128.087,5,2,0,1,5,83.22999999999999,-0.48566000000000015,0
NC=C1N=C([O-])N=NN1,126.099,6,2,0,1,6,98.19,-1.5693000000000004,0
Cc1noc(=O)c(=N)o1,128.087,5,1,0,1,5,80.09,-0.5843099999999999,0
CC(=O)C1=NOC1=N,112.088,4,1,1,1,4,62.51,-0.06112999999999996,0
O=CC1CN=NC(=O)O1,128.087,4,0,1,1,5,68.09,0.15629999999999994,1
N=CNc1ncc(N)o1,126.119,4,3,2,1,5,87.93,0.27577,0
N=C(O)c1cnc(N)o1,127.103,4,3,1,1,5,96.13,0.14016999999999996,0
CN=C1OC(=O)C1CO,129.115,4,1,1,1,4,58.89,-0.8200000000000003,1
N=c1nc[nH]c(C=O)n1,124.10299999999998,4,2,1,1,5,82.49,-0.90333,0
CNC1=NOC(=O)C1=O,128.087,5,1,0,1,5,67.76,-1.3548000000000002,0
N=C1COC(=N)OCO1,130.103,5,2,0,1,5,75.39,-0.08066000000000012,0
N#CCc1nc(N)no1,124.10300000000001,5,1,1,1,5,88.73,-0.28212000000000004,0
N=C1NC(=O)C(=O)CO1,128.087,4,2,0,1,5,79.25000000000001,-1.36333,0
CC(=O)NC1NC1=O,114.10399999999998,2,2,1,1,4,68.11000000000001,-1.4216000000000002,1
N=c1ocnc(=O)o1,114.05999999999999,5,1,0,1,5,80.09,-0.89273,0
N=CC1=C(N)OC1=O,112.088,4,2,1,1,4,76.17000000000002,-0.6369300000000002,0
N=C1COC(=N)C(=N)O1,127.103,5,3,0,1,5,90.01,-0.034989999999999966,0
C#CC(N)C1=NC(=N)O1,123.115,3,2,1,1,4,71.46,-0.6896300000000002,1
N=C1NC(=N)OCO1,115.092,4,3,0,1,5,78.19000000000001,-0.55016,0
N=C1NC(=O)C(=O)CO1,128.087,4,2,0,1,5,79.25000000000001,-1.36333,0
N=CC1=CN=C(N)C1=N,122.131,4,3,1,1,4,86.08000000000001,-0.08955999999999997,0
N=C1NC(=O)C(=O)N1,113.076,3,3,0,1,5,82.05000000000001,-1.8328300000000004,0
NC1=NC(CO)=C1N,113.11999999999999,4,3,1,1,4,84.63,-1.4802,0
N#CC(=N)C1=NC=N1,106.088,4,1,1,1,4,72.36,-0.029849999999999988,0
N=C(N)C1NC(=O)O1,115.09199999999998,3,3,1,1,5,88.2,-1.0117299999999996,1
CNc1ncnc(=O)[nH]1,126.11899999999999,4,2,1,1,5,70.67,-0.7934000000000001,0
CN=c1nc1C(=O)NC,125.13099999999999,3,1,1,1,4,54.35,-1.1527000000000003,0
N=C1NC(C=O)N1C=O,127.103,3,2,2,1,5,73.26,-1.4922300000000004,1
N=C1NCC(=O)NCO1,129.119,3,3,0,1,5,74.21000000000001,-1.3853300000000002,0
N=C1N=C(N)OC1=O,113.076,4,2,0,1,5,88.53,-1.16483,0
N=C1NC=CCN=NCO1,140.14600000000002,4,2,0,1,5,69.83,0.46436999999999995,0
Cc1cc(O)nn1N,113.12000000000002,4,2,0,1,4,64.07000000000001,-0.38908000000000026,0
NC1=C(C=O)C(C=O)=N1,124.09899999999999,4,1,2,1,4,72.52000000000001,-0.9909000000000001,0
N=C1N=NC(N)=C1N,111.10800000000002,4,3,0,1,5,100.61,-0.4840300000000001,0
N#CC1COCON1C=N,141.13,4,1,1,1,5,69.34,-0.29305,1
N=CN1OCOC1=O,116.076,4,1,1,1,5,62.62000000000001,-0.06523000000000007,0
CN=C1C=NC(=O)O1,112.08799999999998,3,0,0,1,4,51.019999999999996,0.23569999999999997,0
CC1=NC(=O)C(N)=N1,111.104,3,1,0,1,4,67.81,-0.6978,0
Cc1nc(N)nnc1N,125.13500000000002,5,2,0,1,5,90.71,-0.6555800000000003,0
Nc1ncc(OC=O)cn1,139.11399999999998,5,1,2,1,5,78.10000000000001,-0.40600000000000014,0
CC(O)c1cnnn1O,129.11900000000003,5,2,1,1,5,71.17,-0.43129999999999996,1
N=Cn1cnc(=O)o1,113.07599999999998,5,1,1,1,5,71.88,-0.7085299999999999,0
CN1COC(=O)C(=O)N1,130.10299999999998,4,1,0,1,5,58.64,-1.5362999999999996,0
N=C1NC(C=O)=C1N,111.104,3,3,1,1,4,78.97,-1.0639300000000003,0
Cc1conc1N=N,111.10400000000001,4,1,1,1,4,62.24,1.64549,0
CNc1cnc(=O)[nH]n1,126.119,4,2,1,1,5,70.67,-0.7934000000000003,0
N=C1NC(=O)OC1=O,114.05999999999999,4,2,0,1,5,79.25,-0.76993,0
COc1nc(C=O)n[nH]1,127.103,4,1,2,1,5,67.87,-0.37420000000000025,0
CNC(=O)C1=NN=C1O,127.103,3,2,1,1,5,74.05,-0.9415000000000002,0
CC(=O)C1=NC(=O)N1,112.088,2,1,1,1,4,58.53,-0.3028999999999999,0
NC1=C(O)C(=[NH2+])N=C1,112.11200000000001,2,3,0,1,4,84.2,-2.0432999999999995,0
N=C1N=CN=C1C(N)=O,124.103,3,2,1,1,5,91.66,-1.0681300000000002,0
Cc1nc(N)nn1C=N,125.135,5,2,1,1,5,80.58,-0.3761100000000001,0
Nc1cnc([O-])n1CO,128.111,5,2,1,1,5,87.13000000000001,-1.5113,0
CC(C(=N)N)N1CO1,115.13600000000001,3,2,2,1,4,65.41,-0.48443000000000014,2
N=CN1C(=O)OC1=NO,129.075,5,2,1,1,6,85.98,-0.20912999999999998,0
N=CN1CCOC(=N)C1=O,141.13,4,2,1,1,5,77.24000000000001,-0.5704600000000002,0
N=CN1COCNC1=O,129.119,3,2,1,1,5,65.42000000000002,-0.4497299999999999,0
N=c1[nH]c(=N)oc(=O)o1,129.075,5,3,0,1,6,106.83999999999999,-1.4801600000000006,0
Nc1ocnc1NC=O,127.10299999999998,4,2,2,1,5,81.15,-0.1749,0
CN=C1N=C(N)C=[N+]1[O-],126.119,3,1,0,1,5,76.80999999999999,-1.0758999999999999,0
N=C1COC(=N)OCN1,129.119,4,3,0,1,5,78.19,-0.5076600000000002,0
Nc1cn[nH]c1C=NC=O,138.13,3,2,2,1,5,84.13,-0.4328000000000001,0
N=C1COC(=O)C(N)O1,130.103,5,2,0,1,5,85.4,-1.1781300000000001,1
CC1=NC(=N)N=C1O,111.10399999999998,1,2,0,1,4,68.8,0.3521700000000001,0
Cc1nc(N)[nH]c(=O)n1,126.119,4,2,0,1,5,84.66,-0.9444800000000002,0
N=C1NC(=N)C(=O)N1,112.092,3,4,0,1,5,88.83000000000001,-1.3821599999999998,0
CN=C1N=CN=C1N,110.12,3,1,0,1,4,63.099999999999994,-0.5861999999999998,0
N=C1OC(=O)OCC1=O,129.071,5,1,0,1,5,76.44999999999999,-0.30043,0
N=CN1C=NC=C(O)N1,126.11899999999997,4,3,1,1,5,71.71000000000001,-0.20113000000000003,0
N=c1ncoc(N)n1,112.09200000000001,5,2,0,1,5,88.79,-0.86873,0
Cc1noc(=N)n1C=N,126.119,5,2,1,1,5,78.66,-0.2808399999999999,0
N=CN1C(=N)NC1=O,112.09199999999998,3,3,1,1,5,80.04,-0.44656,0
N#COCC1=NC(N)=N1,124.10300000000002,5,1,2,1,5,83.75999999999999,-0.78912,0
N=C1NCC(=O)C(=O)CO1,142.114,4,2,0,1,5,79.25000000000001,-1.32083,0
N=CN1COCOC1=N,129.119,4,2,1,1,5,69.4,-0.2079600000000001,0
N#CCOc1c[nH]c(N)n1,138.13,4,2,2,1,5,87.72,-0.10572000000000015,0
N=CC1(N)NCOC1=O,129.119,5,3,1,1,5,88.20000000000002,-1.6051300000000004,1
O=Cc1ocnc1CO,127.09899999999999,4,1,2,1,4,63.33,-0.02059999999999998,0
N=C1CC(=O)NCO1,114.10399999999998,3,2,0,1,4,62.18000000000001,-0.5423300000000002,0
N#CC1=NNN=CN1C=O,137.10199999999998,5,1,1,1,6,80.85,-1.17162,0
N=CN1CC(=O)OC1O,130.10299999999998,4,2,1,1,5,73.62,-1.27183,1
CN=C1N=NC(=N)O1,112.09199999999998,3,1,0,1,5,70.16,0.38937000000000005,0
N=C1N=CC(CO)=C1N,125.131,3,3,1,1,4,82.46,-0.7468300000000001,0
CNC(=O)C1=NN=C1N,126.11900000000001,4,2,1,1,5,79.84,-1.5408,0
CC(=O)C1=NC(N)=N1,111.10400000000001,4,1,1,1,4,67.81,-0.6978,0
Nn1oc(C=O)nc1=O,129.075,6,1,1,1,6,91.12,-1.6374000000000002,0
COC1=NC=C1N=N,111.104,4,1,1,1,4,57.800000000000004,0.91727,0
CC1=NC(N)=NC1=O,111.104,3,1,0,1,4,67.81,-0.6978,0
N=C(O)C1=CC(=O)N1,112.08799999999998,2,3,1,1,4,73.17999999999999,-0.46463000000000004,0
N=C1N=C(CO)N=C1N,126.119,4,3,1,1,5,94.82,-1.2747300000000001,0
N=C1NCC(=O)NCO1,129.119,3,3,0,1,5,74.21000000000001,-1.3853300000000002,0
CC1=NC(=N)N=C1F,113.095,1,1,0,1,4,48.57,0.7636700000000001,0
N=C1COC(=N)C(=O)O1,128.087,5,2,0,1,5,83.23,-0.48566000000000015,0
Cc1nocnc1=O,112.088,4,0,0,1,4,55.99,-0.2617800000000001,0
COC1=NC(N)=NC1=O,127.10300000000001,4,1,0,1,5,77.03999999999999,-1.1138000000000001,0
N#CCc1n[nH]nc1N,123.11900000000001,4,2,1,1,5,91.38,-0.5470200000000003,0
N=C1COC(=N)C(=O)O1,128.087,5,2,0,1,5,83.23,-0.48566000000000015,0
CN=C1C=NN=C1C=N,122.13099999999999,4,1,1,1,4,60.93,0.14716999999999997,0
N=CN1COC(=N)CO1,129.119,4,2,1,1,5,69.4,-0.2079600000000001,0
Nc1cc(OC=O)c[nH]1,126.11499999999998,3,2,2,1,4,68.11,0.1321,0
N=CN1N=COC1C=O,127.10299999999997,4,1,2,1,5,65.75,-0.6060300000000001,1
CC1=C(N)C(=O)N=N1,111.104,3,1,0,1,4,67.81,0.16900000000000015,0
N=C1N=C(C(N)=O)O1,113.076,3,2,1,1,5,88.53000000000002,-1.1648300000000003,0
N=C1COC(=N)C(=N)N1,126.119,4,4,0,1,5,92.81,-0.46199000000000007,0
N=C1COC(C=O)C(=O)O1,143.09799999999998,5,1,1,1,5,76.45,-0.8954300000000002,1
C=C1NC(=O)NC(=O)O1,128.087,3,2,0,1,5,67.43,-0.09299999999999986,0
N=C1C=C(N)C(N)=N1,110.12000000000002,3,3,0,1,4,88.25,-0.8229299999999997,0
N=C1N=C(O)C1C=O,112.08799999999997,2,2,1,1,4,73.50999999999999,-0.25113000000000013,1
COC1=CC(=N)N=C1O,126.115,2,2,1,1,4,65.67,0.46407,0
CC(=O)C1=NC(=N)O1,112.088,3,1,1,1,4,62.510000000000005,-0.06112999999999996,0
N=Cc1ncn[nH]c1=N,123.119,4,3,1,1,5,89.27000000000001,-0.7181600000000001,0
COc1cnc(=O)[nH]n1,127.103,4,1,1,1,5,67.87,-0.8265000000000002,0
N=Cc1nnc(C=O)[nH]1,124.10299999999998,4,2,2,1,5,82.49000000000001,-0.38513000000000014,0
N=C1OCC(=O)C(=N)O1,128.087,5,2,0,1,5,83.23,-0.48566000000000015,0
N#CN1C=CC(N)N(C=N)O1,153.145,5,2,1,1,6,89.37,-0.66275,1
N=C1OC(N)=CC1=O,112.088,4,2,0,1,4,76.16999999999999,-0.6369300000000002,0
O=C1CONC(=O)C1,115.088,3,1,0,1,4,55.4,-0.9929999999999999,0
N=C1NC(=N)C(C=O)O1,127.10299999999998,4,3,1,1,5,86.03000000000002,-0.9142600000000001,1
N=CN1CC(=O)C1=O,112.08799999999998,3,1,1,1,4,61.230000000000004,-0.9952300000000001,0
Cn1c(N)ncnc1=N,125.13499999999999,5,2,0,1,5,80.58000000000001,-1.12323,0
N=CN1CC(=O)NCO1,129.119,3,2,1,1,5,65.42,-1.0856299999999999,0
CNC(=O)C1=NC(=N)N1,126.119,2,3,1,1,5,77.34,-1.3311300000000001,0
CC(=O)C1=NC(=O)N1,112.088,2,1,1,1,4,58.53,-0.3028999999999999,0
CNc1nonc1C=O,127.10299999999998,5,1,2,1,5,68.02000000000001,-0.0762000000000001,0
CNC1=NNC(=O)C1=N,126.11899999999999,4,3,0,1,5,77.34,-1.3311299999999993,0
N=C1OCNC(=O)CO1,130.10299999999998,4,2,0,1,5,71.41,-0.9583300000000003,0
N=C1ONC(=O)CC1=O,128.087,4,2,0,1,5,79.25,-1.0157300000000002,0
N=CN1CC(=O)OC1=O,128.087,4,1,1,1,5,70.46000000000001,-0.42772999999999994,0
N=CC1=C(N)C(N)=N1,110.12000000000002,4,3,1,1,4,88.25,-0.8229299999999997,0
CC1=NC(=N)NC1=O,111.10399999999998,2,2,0,1,4,65.31,-0.4881300000000001,0
Nc1noc(C=O)c1O,128.087,5,2,1,1,5,89.35000000000001,-0.22510000000000002,0
CCc1nc(=O)[nH]n1O,129.119,4,2,1,1,5,70.91,-0.6289000000000005,0
COC1=NC(N)=NC1=N,126.11900000000001,4,2,0,1,5,83.82,-0.66313,0
Cc1c(O)nnn1N,114.10800000000003,5,2,0,1,5,76.96000000000001,-0.9940800000000003,0
NC1=NC(C=O)=NC1=O,125.08699999999997,4,1,1,1,5,84.88,-1.5188,0
Nc1noc(C=O)c1CO,142.114,5,2,2,1,5,89.35000000000001,-0.43840000000000007,0
O=C1COC(=O)N=CN1,128.087,3,1,0,1,5,67.76,-0.7188999999999999,0
Nc1nc(C=O)oc1N,127.10299999999998,5,2,1,1,5,95.14,-0.3485,0
N=CN1CC(=O)NCO1,129.119,3,2,1,1,5,65.42,-1.0856299999999999,0
N=C1COC=NNC1=O,127.103,4,2,0,1,5,74.53999999999999,-0.9041300000000003,0
CC1=NC(=N)N=C1N,110.12,2,2,0,1,4,74.59,-0.24712999999999996,0
NC1=NC(=O)N=C1N,112.092,3,2,0,1,5,93.83,-1.1656,0
N=C1N=CN=C1CN,110.12,3,2,1,1,4,74.59,-0.59473,0
N=CN1COC(=N)CN1,128.135,4,3,1,1,5,72.2,-0.6349600000000002,0
N=c1oc(=N)oc(=O)o1,130.059,6,2,0,1,6,104.19000000000001,-1.21526,0
CNC1=NC(=O)N=C1N,126.119,3,2,0,1,5,79.84,-0.9049,0
O=CC(=O)NC1=NOC1,128.087,4,1,1,1,5,67.76,-1.3548000000000002,0
N=CN=C1NC(C=O)O1,127.10299999999997,3,2,2,1,5,74.54,-0.9057300000000001,1
CC(N)N1C=NC1=O,113.11999999999999,2,1,1,1,4,58.69,-0.24499999999999983,1
COc1cc(=O)oc(=N)o1,143.09799999999998,5,1,1,1,5,76.43,-0.27913000000000004,0
N#CCC1=NC(CO)=N1,123.115,4,1,2,1,4,68.74,-0.29702,0
CC(=O)C1=NC(=O)O1,113.07199999999999,3,0,1,1,4,55.730000000000004,0.12410000000000004,0
Cc1[nH]nnc1NC=N,125.13499999999999,3,3,2,1,5,77.45,0.13208999999999999,0
CC1=NC(=O)N=C1N,111.104,2,1,0,1,4,67.81,-0.061899999999999844,0
CC(O)C1=C(O)C(=N)O1,129.11499999999998,4,3,1,1,4,73.54,0.14426999999999995,1
N=C1OC(N)=C1C=O,112.088,4,2,1,1,4,76.16999999999999,-0.6369300000000002,0
O=CC1N=CNC(=O)O1,128.087,4,1,1,1,5,67.76,-0.7205000000000001,1
N=C1NC(=O)CN=CO1,127.103,4,2,0,1,5,74.54,-0.9041300000000001,0
COc1n[nH]c(=N)n1C=O,142.118,5,2,2,1,6,83.75999999999999,-1.26243,0
CN=c1c(N)nc1=O,111.104,4,1,0,1,4,68.34,-1.5698999999999999,0
N=C(O)C1=NC=NC1=O,125.08699999999999,3,2,1,1,5,85.87,-0.4688300000000001,0
NC1=NC(=O)C(C=O)=C1,124.09899999999996,3,1,1,1,4,72.52,-0.9909000000000001,0
COc1nnc(N)n1C=O,142.118,6,1,2,1,6,83.03,-1.0928,0
N=CC1=CC(=CN)N=N1,122.13100000000001,4,2,1,1,4,74.59,0.7857700000000001,0
CC1=NC(=O)C(N)=N1,111.104,3,1,0,1,4,67.81,-0.6978,0
C=C(N)C1=NC(=N)O1,111.10399999999998,3,2,1,1,4,71.46,-0.17772999999999983,0
Nc1cnoc(=O)c1O,128.087,5,2,0,1,5,89.35000000000001,-0.6774,0
CC(O)C1=NNC1=N,113.12,3,3,1,1,4,68.47,-0.6963300000000001,1
NC1=C(O)C(C=O)=N1,112.088,4,2,1,1,4,75.68,-0.6742999999999999,0
CC(=O)C1=NOC1=O,113.07199999999999,4,0,1,1,4,55.73,-0.5118,0
CN=C1N=C(N)N1C=O,126.119,3,1,1,1,5,71.05,-1.2411,0
N=C1OCC(=O)OC1N,130.10299999999998,5,2,0,1,5,85.39999999999999,-1.1781300000000001,1
N=CN1CC(C=O)C(=O)N1,141.12999999999997,3,2,2,1,5,73.26,-1.2446300000000001,1
N=C1CNC(O)=NC1=O,127.10299999999998,3,3,0,1,5,85.53999999999999,-0.9500300000000004,0
N=C(N)N1N=CC1=N,111.10799999999999,3,3,0,1,5,89.32,-0.8414599999999999,0
O=C1CN=COC(=O)O1,129.07099999999997,5,0,0,1,5,64.96,-0.29190000000000005,0
N=C1N=C(N)C(=O)CO1,127.103,4,2,0,1,5,88.53000000000002,-1.1223299999999998,0
N=C1CC(=O)C(=O)CO1,127.09899999999998,4,1,0,1,4,67.22,-0.4778300000000002,0
N=COC1=NCC(=N)O1,127.103,5,2,1,1,5,78.52,-0.026460000000000095,0
N#CCC1=NOC1=O,110.07199999999999,4,0,1,1,4,62.449999999999996,-0.18712,0
N=C1COC(=N)OCO1,130.103,5,2,0,1,5,75.39,-0.08066000000000012,0
Cc1nnc(N)oc1=N,126.119,5,2,0,1,5,88.78999999999999,-0.5603100000000001,0
CCc1coc(=N)nn1,125.131,4,1,1,1,4,62.77,0.11147000000000001,0
O=Cn1ccnc1O,112.088,4,1,1,1,4,55.120000000000005,-0.37300000000000016,0
N=C1N=C(O)C=C1C=O,124.09899999999996,2,2,1,1,4,73.50999999999999,0.059069999999999956,0
CN=C1N=C(O)N=C1N,126.119,3,2,0,1,5,83.33,-0.7004999999999999,0
O=Cc1cn[nH]c(=O)n1,125.08699999999999,4,1,1,1,5,75.71000000000001,-1.0226,0
COc1cnc(O)n1C=N,141.13,5,2,2,1,5,71.13,0.052469999999999795,0
CN=C1N=C(N)N1C=O,126.119,3,1,1,1,5,71.05,-1.2411,0
NC(=O)C1=NC=NC1=O,125.08699999999999,3,1,1,1,5,84.88,-1.5188,0
N=C1CN=NC1CCO,127.14699999999998,4,2,2,1,4,68.8,0.22297,1
COc1n[nH]cnc1=N,126.11899999999999,4,2,1,1,5,74.65,-0.70723,0
N=c1nccc(N)n1CO,140.14600000000002,5,3,1,1,5,87.92,-1.1054300000000001,0
CN=C1N=C(N)C(O)=N1,126.119,2,2,0,1,5,83.33,-0.7004999999999999,0
CNC1=NOC(=N)C1=O,127.10299999999998,5,2,0,1,5,74.54,-0.9041300000000003,0
N=C1OCC(=O)C(=N)O1,128.087,5,2,0,1,5,83.23,-0.48566000000000015,0
COc1cnoc(=N)n1,127.103,5,1,1,1,5,72.0,-0.44233000000000006,0
N#Cc1nn[nH]c1CO,124.10299999999998,4,2,1,1,5,85.59,-0.8313200000000003,0
N=CN1CC(=O)OCN1,129.119,4,2,1,1,5,65.42,-1.0856300000000003,0
CNC(=O)C1=NN=C1N,126.11900000000001,4,2,1,1,5,79.84,-1.5408,0
COC1=NC(CO)=C1N,128.131,4,2,1,1,4,67.84,-0.7925000000000002,0
N#CC1OCC(=N)N1O,127.103,4,2,0,1,5,80.34,-0.4652499999999999,1
COC1=NN=CC1=N,111.10399999999998,4,1,0,1,4,57.800000000000004,0.05046999999999996,0
Cn1ncc(=O)oc1=N,127.103,5,1,0,1,5,71.88,-1.14723,0
CNC1OCOC(=O)C1=N,144.13000000000002,5,2,1,1,5,71.41,-0.91743,1
N=C1OCC(=O)NC1=O,128.087,4,2,0,1,5,79.25,-1.36333,0
N=CON1C(=O)C=C1N,127.103,4,2,2,1,5,79.41,-0.83263,0
N=C1N=CC(=O)C(O)=N1,125.08699999999999,2,2,0,1,5,85.87,-0.46883000000000014,0
CN=C1N=CN=C1N,110.12,3,1,0,1,4,63.099999999999994,-0.5861999999999998,0
NC(=O)Nc1cnco1,127.10299999999998,3,2,1,1,5,81.15,0.16520000000000035,0
O=CN=C1NN=C1CO,127.103,3,2,2,1,5,74.05,-1.5071999999999999,0
COC1=NC(=N)NC1=O,127.103,3,2,0,1,5,74.53999999999999,-0.9041300000000003,0
N=Cc1ncc(N)n1C=N,137.14600000000002,5,3,2,1,5,91.53999999999999,-0.08185999999999993,0
CNC1=C(N)C(=O)N=N1,126.11900000000001,4,2,1,1,5,79.83999999999999,-0.6740000000000002,0
N=C1NC(=O)OC1=N,113.076,4,3,0,1,5,86.03,-0.3192599999999998,0
CC(=O)NC1=NC(=O)N1,127.103,2,2,0,1,5,70.56,-0.7983,0
N#CCN1N=C(N)C1=O,124.103,4,1,1,1,5,82.47999999999999,-1.37562,0
Nc1ncc(C=O)n1O,127.10299999999998,5,2,1,1,5,81.14,-0.48490000000000005,0
N=C1NCOC(O)=CO1,130.10299999999998,4,3,0,1,5,74.57000000000001,-0.12803000000000014,0
CN=C1OC(=N)C(=O)O1,128.087,5,1,0,1,5,71.74,-0.47713,0
O=CC1=CN=C1NCO,126.11499999999998,4,2,2,1,4,61.69,-0.9793000000000003,0
NC1=C(N)C(=O)C=N1,111.10399999999998,4,2,0,1,4,81.47,-1.2736000000000003,0
N=C1N=C(N)N=C1C=O,124.103,4,2,1,1,5,91.66,-1.06813,0
NC1=NC(C=O)OCN1,129.119,5,2,1,1,5,76.71,-1.5966,1
N=C1N=C(F)C=NC1=O,127.07799999999999,2,1,0,1,5,65.64,-0.05732999999999994,0
N=CN1CC(O)C(=O)O1,130.10299999999998,4,2,1,1,5,73.62000000000002,-1.2718300000000002,1
N=C1NC=NC(C=O)O1,127.10299999999998,4,2,1,1,5,74.54,-0.9057300000000001,1
COC1=NOC(=N)C1=O,128.087,5,1,0,1,5,71.74000000000001,-0.47713,0
N=C1COC(=O)C(=N)O1,128.087,5,2,0,1,5,83.23,-0.48566000000000015,0
N=C(O)C1NC(C=O)O1,130.10299999999998,4,3,2,1,5,82.41000000000001,-1.00743,2
CC(N)C1=CN=NC1=O,125.13099999999999,3,1,1,1,4,67.81,0.2099000000000001,1
N=CN1C(=N)OC1=NCO,142.118,5,3,2,1,6,92.76,-0.8337600000000001,0
N=C1NCOC(C=O)O1,130.10299999999998,4,2,1,1,5,71.41,-0.9599300000000002,1
N=C1OC(=NCC=O)O1,128.087,5,1,2,1,5,71.74,-0.47713000000000005,0
N=C1NCOC(=O)CO1,130.103,4,2,0,1,5,71.41,-0.9583300000000001,0
N=C1N=CNC(=O)CO1,127.10299999999998,3,2,0,1,5,74.54,-0.9041300000000001,0
CC(=O)n1ncn1N,114.108,5,1,0,1,5,65.84,-0.9415,0
N=C1OC(C=O)=C1N,112.088,4,2,1,1,4,76.17,-0.63693,0
Nc1cnnn1CC=O,126.119,5,1,2,1,5,73.8,-0.9408000000000003,0
Cn1nc(O)c(CO)n1,129.11899999999997,5,2,1,1,5,71.17,-0.9870000000000001,0
N=CN1C=NC(C=O)N1,126.11899999999997,4,2,2,1,5,68.55,-1.0330300000000001,1
Cn1nc(N)nc1C=O,126.119,5,1,1,1,5,73.80000000000001,-0.7902,0
COC1=NC(N)=NC1=O,127.10300000000001,4,1,0,1,5,77.03999999999999,-1.1138000000000001,0
N=C(N)C1=NC(N)=N1,111.10800000000002,4,3,1,1,5,100.61,-1.3508299999999998,0
N=C(N)OC1N=CC=N1,126.11899999999999,4,2,1,1,5,83.82000000000001,-0.66473,0
CC(=O)C1=NC(=N)N=N1,124.10300000000001,3,1,1,1,5,78.0,0.3744700000000001,0
NC(=O)C1NCC(=O)O1,130.10299999999998,4,2,1,1,5,81.42,-2.0557999999999996,1
N=C1NC(=O)NC1=O,113.076,3,3,0,1,5,82.05000000000001,-1.19693,0
N=C1C=NC(N)=C1C=O,123.115,4,2,1,1,4,79.30000000000001,-0.5402300000000002,0
CN=C1N=CNC1=N,110.11999999999999,2,2,0,1,4,60.6,-0.3765300000000002,0
CN=c1nc(N)cn[nH]1,125.135,4,2,0,1,5,79.94999999999999,-1.0826,0
COC1=NC(=N)C(=N)O1,127.103,4,2,0,1,5,78.52,-0.02646000000000004,0
Cc1n[nH]c(=O)c(=O)o1,128.087,4,1,0,1,5,75.96000000000001,-0.96848,0
N=C1NCC(=NO)CO1,129.119,4,3,0,1,5,77.7,-0.6288300000000002,0
Nc1ncc(C=O)nc1N,138.12999999999997,5,2,1,1,5,94.89,-0.5465000000000002,0
CNC(=O)C1=NN=C1N,126.11900000000001,4,2,1,1,5,79.84,-1.5408,0
N=C1OC(=O)NC1=O,114.05999999999999,4,2,0,1,5,79.25,-0.7699300000000002,0
N=C1NCC(N)(C=O)N1,128.13500000000002,3,4,1,1,5,91.0,-2.0321299999999995,1
N#CCn1nnc(=N)[nH]1,124.107,5,2,1,1,6,94.13999999999999,-1.3907500000000002,0
N=c1oc(N)nn1C=O,128.091,6,2,1,1,6,97.9,-1.4239300000000001,0
N=CN1COCOC1=O,130.10299999999998,4,1,1,1,5,62.62000000000001,-0.022729999999999917,0
CNc1nc(=N)cn[nH]1,125.13499999999999,4,3,1,1,5,77.45,-0.6741300000000006,0
Nc1ncnc(CO)n1,126.11899999999999,5,2,1,1,5,84.92,-1.0539000000000003,0
N=CC1N=C(O)C(=O)N1,127.10299999999998,3,3,1,1,5,85.53999999999999,-0.9516300000000002,1
N=C1N=C(C(N)=O)O1,113.076,3,2,1,1,5,88.53000000000002,-1.1648300000000003,0
CN=C1CNC(C=O)N1,127.14699999999996,3,2,1,1,4,53.49,-1.2674999999999998,1
CC1=NC(=N)OC(=N)C1,125.13099999999999,3,2,0,1,4,69.28999999999999,0.7796400000000001,0
N#CCc1onnc1O,125.08699999999999,5,1,1,1,5,82.94,-0.15872000000000008,0
CCC1NC(=O)OC(=O)O1,145.11399999999998,4,1,1,1,5,64.63,0.5989,1
CC(=O)c1nc(N)no1,127.10300000000001,5,1,1,1,5,82.01,-0.14560000000000006,0
CC1NC(=O)NC(=O)O1,130.10299999999998,3,2,0,1,5,67.43,-0.21819999999999984,1
Cc1ncnc(=N)n1N,125.135,5,2,0,1,5,80.58,-1.2202099999999994,0
N=C1NCCOC(=N)O1,129.119,4,3,0,1,5,78.19000000000001,-0.50766,0
Cc1noc(=N)oc1=N,127.103,5,2,0,1,5,86.87,-0.46503999999999984,0
NC=C1N=C(N)NC1=O,126.119,4,3,0,1,5,93.5,-1.7690000000000001,0
CN=C1N=C(N)OC1=O,127.103,4,1,0,1,5,77.03999999999999,-1.1138,0
N=C1CC(=O)OC(=O)N1,128.087,4,2,0,1,5,79.25,-0.37983000000000006,0
CC1=NC(N)=NC1=O,111.104,3,1,0,1,4,67.81,-0.6978,0
N=C(N)N1COC(=O)C1,129.11899999999997,3,2,0,1,5,79.41,-1.30383,0
N=C1CN=CNC(=O)O1,127.10299999999998,4,2,0,1,5,74.54,-0.26823000000000013,0
CC(=O)NC1=NC(=O)O1,128.087,3,1,0,1,5,67.76,-0.3712999999999999,0
NC(=O)C1=NNC1=O,113.076,3,2,1,1,5,84.55000000000001,-2.0425,0
Nc1ocnc1C=O,112.08799999999998,4,1,1,1,4,69.12,0.06930000000000014,0
O=NC1C=NN=C1O,113.076,4,1,1,1,5,74.38,0.07730000000000004,1
N#COc1nocc1N,125.087,5,1,1,1,5,85.07,0.11668,0
N=C1COC(=O)N=CN1,127.103,3,2,0,1,5,74.53999999999999,-0.26823000000000013,0
N=C1NC(=O)C(=N)CO1,127.103,4,3,0,1,5,86.03000000000002,-0.9126600000000002,0
CC1=NC(=O)N=CNC1,125.13099999999999,2,1,0,1,4,53.82,0.19880000000000003,0
N=c1ncoc(=O)n1CO,143.102,6,2,1,1,6,92.11,-1.7344300000000004,0
N=C1N=CC(N)=C1C=O,123.115,3,2,1,1,4,79.30000000000001,-0.5402300000000002,0
N=C1OCC(=O)C(=O)O1,129.071,5,1,0,1,5,76.45,-0.9363300000000001,0
C#CCNC1=C(N)N=N1,122.13100000000001,4,2,2,1,4,62.769999999999996,-0.2396999999999999,0
NC1(C=O)OC1=NO,116.076,5,2,1,1,5,88.21000000000001,-1.3418000000000003,1
N=C1C(N)=NN=C1C=O,124.10299999999998,5,2,1,1,5,91.66,-1.0681300000000002,0
N=C1OC(=N)C(=O)O1,114.05999999999999,5,2,0,1,5,83.23,-0.5281600000000002,0
N=C1CNC(=N)OCO1,129.119,4,3,0,1,5,78.19000000000001,-0.5076600000000004,0
CC1=NN=C1OC=CN,125.13099999999999,4,1,1,1,4,59.97,0.2209000000000001,0
Nc1cnc(C=O)n1N,126.119,5,2,1,1,5,86.92999999999999,-1.0084,0
N=C1C=C(N)C(=O)O1,112.088,4,2,0,1,4,76.17,-0.6369300000000002,0
Cc1nc(N)nn1C=N,125.135,5,2,1,1,5,80.58,-0.3761100000000001,0
N=C1CC(=N)OCNCO1,143.146,5,3,0,1,5,78.19000000000001,-0.11756000000000005,0
CC1=NN=C(N)C1=O,111.104,4,1,0,1,4,67.81,-0.6978,0
N=C1COC(=O)C(=N)O1,128.087,5,2,0,1,5,83.23,-0.48566000000000015,0
CC1OC(=N)N=NC1=O,127.103,3,1,0,1,5,74.87,0.31867,1
N#COCCC1=NOC1=O,140.098,5,0,3,1,5,71.68,-0.21302,0
N=C1OC=NCNC1=O,127.103,4,2,0,1,5,74.53999999999999,-0.9041300000000003,0
N=C1NC(=O)COC1=N,127.103,4,3,0,1,5,86.03,-0.9126600000000002,0
NC1C(=O)OC1C=O,115.08799999999998,4,1,1,1,4,69.39000000000001,-1.5620000000000005,2
CC(=O)C1=C(N)N=N1,111.10400000000001,4,1,1,1,4,67.81,0.16900000000000004,0
N=C(O)C1=CN=C1N,111.104,3,3,1,1,4,82.46,-0.22362999999999988,0
N=C1OCNC(=O)CO1,130.10299999999998,4,2,0,1,5,71.41,-0.9583300000000003,0
N=C1OC(=N)C(=O)O1,114.05999999999999,5,2,0,1,5,83.23,-0.5281600000000002,0
Cc1noc(=N)n1C=O,127.103,5,1,1,1,5,71.88,-0.69771,0
N=C1N=C(C=O)C(=N)O1,125.08699999999997,4,2,1,1,5,86.36,-0.4314599999999999,0
N=CN1C=NC(C=O)O1,127.10299999999997,4,1,2,1,5,65.75,-0.6060300000000001,1
O=CNC1=NN=CC1=O,125.08699999999999,4,1,1,1,5,70.89,-1.3006000000000002,0
CC1=NC(CO)=NC1=O,126.11499999999998,3,1,1,1,4,62.02,-0.6217000000000001,0
O=C1CONC(=O)OC1,131.087,4,1,0,1,5,64.63,-0.7730999999999999,0
N=c1nc1C(=O)C=O,110.07199999999997,4,1,2,1,4,70.88,-1.1817300000000002,0
N=C1C=NC(=O)C(N)=N1,124.10300000000001,3,2,0,1,5,91.66,-1.06813,0
N=C1OCNC(=O)CO1,130.10299999999998,4,2,0,1,5,71.41,-0.9583300000000003,0
N=C1CC(=O)NC(=O)O1,128.087,4,2,0,1,5,79.25000000000001,-0.37983000000000006,0
NC1=NC(N)=C1C=O,111.10399999999998,4,2,1,1,4,81.47,-1.2735999999999998,0
NC1=NC(=O)C(C=O)=N1,125.08699999999997,4,1,1,1,5,84.88,-1.5188,0
CC(=O)n1cnnc1O,127.103,5,1,0,1,5,68.01,-0.3562,0
NC(=O)C1=CC(N)=N1,111.104,3,2,1,1,4,81.47,-1.2735999999999998,0
CNc1cnc(C=N)nn1,137.146,5,2,2,1,5,74.55000000000001,-0.08903000000000033,0
CC(O)c1nc(O)n[nH]1,129.119,4,3,1,1,5,82.03,-0.43640000000000007,1
N=COC1=NC(=N)C=N1,124.103,4,2,1,1,5,81.64999999999999,0.027739999999999987,0
N=C1OCC(=O)OC1=O,129.071,5,1,0,1,5,76.44999999999999,-0.9363300000000001,0
COC1=NC(=NCO)O1,130.103,4,1,1,1,5,63.41000000000001,-0.6752,0
NC1=C(CO)C(=O)N=N1,127.103,4,2,1,1,5,88.04,-0.8586000000000003,0
NC(=O)C1=NN=C1N,112.09200000000001,4,2,1,1,5,93.83,-1.8014999999999999,0
N=CN1C=NC(=O)OC1,127.10299999999998,3,1,1,1,5,65.75,0.031470000000000053,0
N=C1C=NC(=N)OCO1,127.103,4,2,0,1,5,78.52000000000001,-0.026460000000000095,0
NC1=CC(=O)C(N)=N1,111.10400000000001,4,2,0,1,4,81.47,-1.2735999999999998,0
NCC1=NC(=O)C(N)=C1,125.13099999999999,3,2,1,1,4,81.47,-1.2311000000000003,0
N=CC1=C(N)C(N)=N1,110.12000000000002,4,3,1,1,4,88.25,-0.8229299999999997,0
Cc1[nH]nnc(=O)c1N,126.119,4,2,0,1,5,84.66,-0.9444800000000002,0
N=Cn1nncc1N,111.10799999999999,5,2,1,1,5,80.58,-0.6845300000000003,0
N=Cc1nnc(N)o1,112.092,5,2,1,1,5,88.79,-0.35052999999999995,0
Nc1cnc(C=O)nn1,124.103,5,1,1,1,5,81.76,-0.7337,0
N=C1CNCOC(=N)O1,129.119,5,3,0,1,5,78.19000000000001,-0.5076600000000004,0
CC1=C(O)N=NC1=N,111.10400000000001,3,2,0,1,4,68.80000000000001,1.2189699999999999,0
CNc1nc(C#N)no1,124.103,5,1,1,1,5,74.74000000000001,-0.01702000000000009,0
N=CC(=O)C1=CN=N1,109.08800000000001,4,1,2,1,4,65.64,0.5122700000000001,0
N=c1c(=O)oc1=NO,114.05999999999999,5,2,0,1,5,86.65,-1.71523,0
COc1cnc(=O)[nH]n1,127.103,4,1,1,1,5,67.87,-0.8265000000000002,0
N=CC1=C(N)OC1=N,111.104,4,3,1,1,4,82.95000000000002,-0.18625999999999998,0
CNC(=O)C1=NOC1=N,127.103,4,2,1,1,5,74.53999999999999,-0.9041300000000001,0
NC1=NN=C1C=O,97.07699999999998,4,1,1,1,4,67.81,-1.0879,0
N=C1NCC(=NO)CO1,129.119,4,3,0,1,5,77.7,-0.6288300000000002,0
CN=C1N=CN=C1CO,125.13099999999999,3,1,1,1,4,57.31,-0.5101,0
N=C1N=C(CO)C(=N)O1,127.10299999999998,4,3,1,1,5,89.52,-0.6380600000000001,0
Nc1nc(C=O)oc1N,127.10299999999998,5,2,1,1,5,95.14,-0.3485,0
N=C1OC=CNC(=O)O1,128.087,4,2,0,1,5,71.41,0.14876999999999996,0
N=C1ONC=C(C=O)O1,128.087,5,2,1,1,5,71.41,-0.48713000000000006,0
NC=C1NCOC(=O)N1,129.119,4,3,0,1,5,76.38,-0.9690999999999999,0
N=CC1=NC(=O)C(N)=N1,124.10300000000001,4,2,1,1,5,91.66,-1.06813,0
CNC(=O)c1non1C,129.119,4,1,1,1,5,60.06,-0.6273000000000002,0
CNC(=O)C1=NC(=O)O1,128.087,3,1,1,1,5,67.76,-0.7189000000000001,0
N=C1N=C(C(N)C=O)O1,127.10299999999998,4,2,2,1,5,88.53000000000002,-1.12393,1
CC(=N)N1OCC1=O,114.10399999999998,3,1,0,1,4,53.39000000000001,-0.24263000000000007,0
C#CCc1nn[nH]c1O,123.115,3,2,1,1,4,61.8,-0.31400000000000017,0
Cc1nnc(N)n1C=N,125.135,5,2,1,1,5,80.58,-0.3761100000000001,0
Nc1ncc(N)c(=O)[nH]1,126.119,4,3,0,1,5,97.78999999999999,-1.0656999999999999,0
Nc1ncc(N)c(C=O)n1,138.13,5,2,1,1,5,94.89,-0.5465,0
COC1=NC(N)=NC1=N,126.11900000000001,4,2,0,1,5,83.82,-0.66313,0
N=c1ncoc(N)c1N,126.11900000000001,5,3,0,1,5,101.92,-0.68153,0
CC1=NC(=O)C(N)=N1,111.104,3,1,0,1,4,67.81,-0.6978,0
N=Cc1nncoc1=N,124.10299999999998,5,2,1,1,5,86.62,-0.45326000000000016,0
Nc1cc(C=O)[nH][n+]1[O-],127.103,3,2,1,1,5,85.82000000000001,-0.9572,0
N=C1N=C(O)C(CN)=N1,126.119,2,3,1,1,5,94.82,-0.70903,0
N=C1N=CC(CO)=N1,111.104,2,2,1,1,4,68.8,-0.5611300000000001,0
COC1=NC(=N)C(F)=N1,129.094,3,1,0,1,5,57.8,0.34767000000000003,0
N=COC1C(CO)=[N+]1[O-],130.103,4,2,3,1,5,79.38,-1.10663,1
N=C1NC=NC1COC=O,141.13,4,2,3,1,5,74.53999999999999,-0.8632300000000002,1
N=C1NCOC(=O)CO1,130.103,4,2,0,1,5,71.41,-0.9583300000000001,0
NC1=C(N)C(=O)N=C1,111.10399999999998,3,2,0,1,4,81.47,-1.2736000000000003,0
N=C1OCC(CO)=[N+]1[O-],130.103,4,2,1,1,5,79.38,-1.1050300000000002,0
N=C(CO)C1=NN=C1N,126.11900000000001,5,3,2,1,5,94.82,-1.2747300000000001,0
N=COCc1conc1O,142.114,5,2,3,1,5,79.34,0.5038699999999998,0
N=C1OC(=O)NC1C=O,128.087,4,2,1,1,5,79.25,-0.7290300000000003,1
N=C1NC(CC=O)N=CO1,141.13,4,2,2,1,5,74.54,-0.51563,1
COC1=NC(N)=C1O,114.104,4,2,0,1,4,67.84,-0.26930000000000015,0
Nc1ncnnc1C=O,124.10299999999998,5,1,1,1,5,81.75999999999999,-0.7337000000000002,0
Cc1cc(=N)on1N,113.12000000000002,4,2,0,1,4,67.94,-0.41721,0
Nc1cn(C=O)oc1=NO,143.102,6,2,1,1,6,93.75,-1.0085000000000002,0
CNC1=NC(=O)C(=N)O1,127.10299999999998,4,2,0,1,5,74.54,-0.9041300000000001,0
COC1=CN=C(N)C1=O,126.115,4,1,1,1,4,64.68,-0.5859000000000001,0
N=Cc1cn(C(N)=O)[nH]1,126.119,3,3,1,1,5,87.66,-0.25932999999999995,0
N=C1OC(=O)N=C1N,113.07600000000001,4,2,0,1,5,88.53,-0.5289300000000001,0
Nc1ncc(C=O)n1O,127.10299999999998,5,2,1,1,5,81.14,-0.48490000000000005,0
O=CN1C=NC(=O)CO1,128.087,3,0,1,1,5,58.97,-1.0551000000000001,0
NC(=O)c1ncn[nH]1,112.092,3,2,1,1,5,84.66,-1.0964000000000005,0
N=Cn1cc(C(N)=O)o1,127.103,4,2,2,1,5,85.01,-0.36482999999999993,0
N=C1CNC(=N)OCCO1,143.146,4,3,0,1,5,78.19000000000001,-0.46516000000000046,0
COC1=NC(=O)C(=N)O1,128.087,4,1,0,1,5,71.74,-0.47713,0
N=C1N=CN=C(N)C1=O,124.103,4,2,0,1,5,91.66,-1.06813,0
N#CC(N)c1cnoc1,123.11499999999998,4,1,1,1,4,75.84,0.19798000000000004,1
N=C(N)C1=NC=NC1=O,124.103,3,2,1,1,5,91.66,-1.06813,0
COC1=NC(=O)N=C1N,127.10300000000001,3,1,0,1,5,77.03999999999999,-0.47789999999999994,0
N=c1[nH]ncn1NCC=O,141.134,5,3,3,1,6,86.56,-1.5669300000000008,0
NC1=C(CO)N=CC1=O,126.11499999999998,4,2,1,1,4,75.68,-1.1975000000000002,0
N=COc1noc(=O)[nH]1,129.075,5,2,2,1,6,91.97,-0.6512300000000002,0
Nc1nc(=O)c(N)co1,127.10299999999998,5,2,0,1,5,95.14,-0.8008,0
CN=C1N=NOC1=N,112.09199999999998,4,1,0,1,5,70.16,0.38937000000000005,0
Cn1ncnc1OC=N,126.11899999999999,5,1,2,1,5,63.79,-0.19902999999999976,0
N=CN1CCOC(=N)C1=O,141.13,4,2,1,1,5,77.24000000000001,-0.5704600000000002,0
COc1[nH]nnc1C=N,126.119,4,2,2,1,5,74.65,-0.1890300000000002,0
N=Cc1nnn[nH]c1=N,124.107,5,3,1,1,6,102.16,-1.32316,0
CC(O)C1=NN=C1N,113.12000000000002,4,2,1,1,4,70.97,-0.9060000000000001,1
C#CC1=NOC(=N)C1=N,121.09899999999999,4,2,0,1,4,69.28999999999999,0.0028400000000000647,0
Nc1nocc1C=O,112.08799999999998,4,1,1,1,4,69.12,0.06930000000000003,0
O=Cc1n[nH]nc1C=O,125.08699999999997,4,1,2,1,5,75.71000000000001,-0.5703000000000003,0
Cc1nc(=N)oc(=O)o1,128.087,5,1,0,1,5,80.09,-0.5843100000000001,0
CNC1=NOC(=N)C1=N,126.11899999999999,5,3,0,1,5,81.32000000000001,-0.45346000000000036,0
C#CC(O)n1cn[nH]1,111.104,3,2,1,1,4,53.839999999999996,-0.6647000000000003,1
N#CCc1nc(N)n[nH]1,123.11900000000001,4,2,1,1,5,91.38,-0.5470200000000003,0
NC(=O)C1=NN=C1O,113.076,3,2,1,1,5,88.04,-1.2022,0
N=C1N=CNC(O)CO1,129.11899999999997,4,3,0,1,5,77.7,-1.11233,1
Cc1nc(N)nc[n+]1[O-],126.119,4,1,0,1,5,78.74,-0.9993799999999999,0
O=c1ncoc(=O)o1,115.04399999999998,5,0,0,1,5,73.31,-1.0119999999999998,0
N=C1NC(=O)C(=N)CO1,127.103,4,3,0,1,5,86.03000000000002,-0.9126600000000002,0
Nc1cc(NC=O)no1,127.103,4,2,2,1,5,81.14999999999999,-0.17490000000000022,0
O=CNC1=CN=NC1=O,125.08699999999999,3,1,2,1,5,70.89,-0.4338000000000002,0
CN=C1NC(=N)NC1=O,126.11899999999999,3,3,0,1,5,77.34,-1.3311300000000001,0
N=C1NC(C(N)=O)O1,115.09200000000001,3,3,1,1,5,88.2,-1.6476300000000004,1
N=C1COC(=N)C(=O)O1,128.087,5,2,0,1,5,83.23,-0.48566000000000015,0
N=C1N=CN=C(N)C1=O,124.103,4,2,0,1,5,91.66,-1.06813,0
N=C1N=NC(CO)=N1,112.092,3,2,1,1,5,81.16,-0.22222999999999993,0
N=C1NC(C=O)N=CO1,127.103,4,2,1,1,5,74.54,-0.9057300000000001,1
NCC1=NN=C1CC=O,125.13099999999997,4,1,3,1,4,67.81,-0.6553,0
N=Cn1cc(O)nc1N,126.119,5,3,1,1,5,87.92,-0.37393000000000004,0
CC1=NN=C(O)C1=N,111.10399999999998,3,2,0,1,4,68.80000000000001,0.35217,0
N=C1COC(=N)OCO1,130.103,5,2,0,1,5,75.39,-0.08066000000000012,0
N=C1C=NC(N)=C1F,113.09500000000001,3,2,0,1,4,62.230000000000004,0.18787000000000004,0
CC(O)C1=NN=C1N,113.12000000000002,4,2,1,1,4,70.97,-0.9060000000000001,1
CN=NC1=C(C(=N)O)N1,126.11899999999999,4,3,2,1,5,90.74,0.37596999999999997,0
N=C1ON=C1C=NCO,127.10299999999998,5,2,2,1,5,78.03,-0.6295300000000001,0
N=C1N=C(C=O)C(=O)O1,126.07099999999997,4,1,1,1,5,79.58,-0.8821300000000001,0
NC1=NC(=O)NC1=O,113.07599999999998,3,2,0,1,5,84.54999999999998,-1.4066,0
Nc1coc(=O)nc1N,127.10300000000001,5,2,0,1,5,95.14,-0.8008,0
N=C1N=C(N)N1C=O,112.092,3,2,1,1,5,82.53999999999999,-1.29213,0
N=CN1OCCNC1=O,129.119,3,2,1,1,5,65.42000000000002,-0.4497299999999999,0
N=Cc1nc(C=O)co1,124.09899999999998,4,1,2,1,4,66.95,0.4847700000000001,0
CC(=O)C1=NN=C1N,111.10400000000001,4,1,1,1,4,67.81,-0.6978,0
CNC(=O)c1cnn[nH]1,126.119,3,2,1,1,5,70.67,-0.8357000000000003,0
CC(=O)Nc1ncon1,127.103,4,1,1,1,5,68.02000000000001,0.02799999999999986,0
CC(=O)n1[nH]ncc1=O,127.10299999999998,4,1,0,1,5,67.75,-0.7685000000000002,0
N=C1OCC(=NO)CO1,130.103,5,2,0,1,5,74.9,-0.20183000000000012,0
COC1=C(N)N=C1C=O,126.115,4,1,2,1,4,64.68,-0.5859000000000001,0
N=CNC1N=C1OC=O,127.10299999999998,4,2,3,1,5,74.53999999999999,-0.9057300000000001,1
CNCC1=NN=CC1=O,125.13099999999999,4,1,2,1,4,53.82,-0.7847000000000002,0
NC1=C(O)C(=O)N=C1,112.088,3,2,0,1,4,75.68,-0.6742999999999999,0
COC1=NN=C1C=N,111.10399999999998,4,1,1,1,4,57.800000000000004,0.05046999999999996,0
N=c1nn[nH]c(C=O)n1,125.09099999999998,5,2,1,1,6,95.38000000000001,-1.5083300000000002,0
N=C1COCOC(=O)N1,130.103,4,2,0,1,5,71.41,-0.32242999999999994,0
NC(=O)n1cc(O)o1,116.07599999999998,4,2,0,1,5,81.39,-0.2864999999999999,0
N=CC1=NC=NC1=N,108.104,3,2,1,1,4,72.42,0.09614,0
N=C(CO)c1cn[nH]n1,126.119,4,3,2,1,5,85.64999999999999,-0.8351300000000004,0
O=C1CNC(=O)OC=N1,128.087,3,1,0,1,5,67.76,-0.7188999999999999,0
CN(O)C1=CN=NC1=N,126.119,4,2,1,1,5,72.03999999999999,0.59187,0
COC1=NNC(=O)C1=O,128.087,4,1,0,1,5,67.75999999999999,-1.3548000000000002,0
Nc1cnoc1C=O,112.08799999999998,4,1,1,1,4,69.12,0.06930000000000014,0
N=C(O)C1=NC=NC1=O,125.08699999999999,3,2,1,1,5,85.87,-0.4688300000000001,0
COC1=NC(N)=C1C=O,126.115,4,1,1,1,4,64.68,-0.5859000000000001,0
N#CC1OCCON1C=N,141.13,4,1,1,1,5,69.34,-0.29305,1
N=C1COC(=O)NC1=O,128.087,4,2,0,1,5,79.25,-0.7274300000000002,0
N#Cc1nnoc1C=O,123.07099999999997,5,0,1,1,5,79.78,-0.24622,0
COC1=NC(=N)OC1=O,128.087,4,1,0,1,5,71.74000000000001,-0.47713,0
N=C1N=CNC(=O)CO1,127.10299999999998,3,2,0,1,5,74.54,-0.9041300000000001,0
N=C1COC(=N)OCO1,130.103,5,2,0,1,5,75.39,-0.08066000000000012,0
N=C(N)C1=NC(C=O)=N1,124.103,4,2,2,1,5,91.66000000000001,-1.06813,0
N=C1OCC(=O)OC1=N,128.087,5,2,0,1,5,83.22999999999999,-0.48566000000000015,0
Cc1nc(N)noc1=O,127.103,5,1,0,1,5,82.00999999999999,-0.6795800000000001,0
CC1=C(CO)N=NC1=N,125.131,3,2,1,1,4,68.80000000000001,0.6957700000000001,0
N=C1N=CN=C1CN,110.12,3,2,1,1,4,74.59,-0.59473,0
Nc1ncc(CO)c(N)n1,140.146,5,3,1,1,5,98.05,-0.8667000000000002,0
Nc1n[nH]c(C=O)c1O,127.10299999999997,4,3,1,1,5,92.0,-0.4900000000000003,0
NC1=C(O)N=CC1=O,112.088,4,2,0,1,4,75.68,-0.6743000000000001,0
COc1nc[nH]c(=N)n1,126.119,4,2,1,1,5,74.65,-0.70723,0
CC(=O)C1=NOC1=N,112.088,4,1,1,1,4,62.51,-0.06112999999999996,0
O=Cc1cn[nH]c(=O)n1,125.08699999999999,4,1,1,1,5,75.71000000000001,-1.0226,0
N=C1N=C(N)C(C=O)=N1,124.103,3,2,1,1,5,91.66000000000001,-1.06813,0
Nc1coc(=O)nc1CO,142.114,5,2,1,1,5,89.35000000000001,-0.8907,0
CNc1nc(=N)[nH]n1C=O,141.134,5,3,2,1,6,86.56,-1.2293300000000005,0
N=Cc1cc(N)cnn1,122.13100000000001,4,2,1,1,4,75.65,0.05646999999999991,0
N=C1OC(=O)C(=NO)O1,130.059,6,2,0,1,6,91.97,-0.71773,0
N=CN1C(=O)C1C=O,112.08799999999997,3,1,2,1,4,61.0,-0.9968300000000001,1
N#CC(=N)OC1COC1,126.11499999999998,4,1,1,1,4,66.10000000000001,-0.09735000000000005,0
NC(=O)C1NCOC1=O,130.10299999999998,4,2,1,1,5,81.42000000000002,-2.0558000000000005,1
N=C1OC(=N)C1CN,113.12,4,3,1,1,4,82.95,-0.4539600000000001,0
Cc1nnc(C=N)n1N,125.135,5,2,1,1,5,80.58,-0.70201,0
Nc1nc(C=O)c(O)[nH]1,127.10299999999997,4,3,1,1,5,92.0,-0.49000000000000016,0
O=CC1COC(=O)CO1,130.099,4,0,1,1,4,52.60000000000001,-0.8727,1
N=C1NCCOC(=N)N1,128.13500000000002,3,4,0,1,5,80.99000000000001,-0.93466,0
CC(=N)OC1=NOC1=O,128.087,5,1,0,1,5,71.74000000000001,-0.1295300000000001,0
N=C1NCC(=O)NC(=O)N1,142.118,3,4,0,1,6,94.08000000000001,-1.6498299999999997,0
CNC(=O)C1=NOC1=N,127.103,4,2,1,1,5,74.53999999999999,-0.9041300000000001,0
N=C1CNC(=N)C(=O)O1,127.10299999999998,4,3,0,1,5,86.03000000000002,-0.9126600000000005,0
N=C1OC(=N)C(=O)O1,114.05999999999999,5,2,0,1,5,83.23,-0.5281600000000002,0
NC(=O)n1cncc1N,126.119,4,2,0,1,5,86.93,-0.6079000000000001,0
NC1=CN=NC1=NC=O,124.103,3,1,1,1,5,80.16999999999999,-0.19280000000000003,0
N=C1OC(=N)C(=O)O1,114.05999999999999,5,2,0,1,5,83.23,-0.5281600000000002,0
N=C1OCC(=O)C(=N)O1,128.087,5,2,0,1,5,83.23,-0.48566000000000015,0
N=C1COC(=N)OCO1,130.103,5,2,0,1,5,75.39,-0.08066000000000012,0
N=C1CN(C(N)=O)N1,114.108,2,3,0,1,5,82.21000000000001,-1.1374299999999997,0
N=C1COCNC1OC=O,144.13,5,2,2,1,5,71.41,-0.9174300000000004,1
COc1ncc(N)n1C=O,141.13,5,1,2,1,5,70.14,-0.48780000000000023,0
N=CCn1cnnc1N,125.135,5,2,2,1,5,80.58,-0.4901300000000001,0
Nc1nc(=O)c(N)co1,127.10299999999998,5,2,0,1,5,95.14,-0.8008,0
N=C1ON=C1CC=O,112.08799999999998,4,1,2,1,4,62.51,-0.06113000000000007,0
CN=C1C=NC(=N)N=N1,123.119,2,1,0,1,5,73.28999999999999,0.48606999999999995,0
CN=C1N=CN=C1N,110.12,3,1,0,1,4,63.099999999999994,-0.5861999999999998,0
CC(O)C1=NN=C1N,113.12000000000002,4,2,1,1,4,70.97,-0.9060000000000001,1
Cc1cc(N)nc(=N)[nH]1,124.14700000000002,3,3,0,1,4,78.55,-0.22021000000000013,0
NC1=NC(=O)N=C1N,112.092,3,2,0,1,5,93.83,-1.1656,0
CNC1=NC(=N)N=C1N,125.135,3,3,0,1,5,86.62,-1.0901299999999996,0
N=C1NCC(=O)C(=N)N1,126.119,3,4,0,1,5,88.83000000000001,-1.3396600000000003,0
N=Cn1c(=O)[nH]c[n+]1[O-],128.09099999999998,4,2,1,1,6,88.58,-1.7350300000000003,0
Nc1nc(NC=O)n[nH]1,127.10699999999999,4,3,2,1,6,96.69,-1.0448000000000006,0
N=C1OC(=O)C(N)C1=N,127.103,5,3,0,1,5,100.02000000000001,-1.1324600000000002,1
CN1N=C(CO)C1=N,113.11999999999999,3,2,1,1,4,59.68,-0.7426300000000003,0
Cc1nc(C=N)c(N)[nH]1,124.14699999999999,3,3,1,1,4,78.55000000000001,0.29799,0
Nc1cn(C=O)c(N)n1,126.119,5,2,1,1,5,86.92999999999999,-0.9142000000000001,0
Nc1ncc(CO)n1CO,143.14600000000002,5,3,2,1,5,84.3,-1.0926000000000002,0
CNC1=NC(=N)N=C1O,126.11899999999999,2,3,0,1,5,80.83,-0.49083000000000016,0
N=CNc1c[nH]c(=O)o1,127.10299999999998,3,3,2,1,5,81.88000000000001,-0.013130000000000197,0
CN1COC(=O)C(=O)N1,130.10299999999998,4,1,0,1,5,58.64,-1.5362999999999996,0
Nc1[nH]ncc1C=O,111.10399999999997,3,2,1,1,4,71.77000000000001,-0.19560000000000038,0
O=CNN1C(=O)C=C1O,128.087,3,2,2,1,5,69.64,-1.1110000000000002,0
N=C1CC(=O)NOC1=N,127.10299999999998,4,3,0,1,5,86.03,-0.5650600000000003,0
N=C(O)C1=NNC1=O,113.076,3,3,1,1,5,85.53999999999999,-0.9925300000000001,0
Cn1ncc(N)c1CN,126.16300000000003,4,2,1,1,4,69.86,-0.5389999999999999,0
N=COC(=N)N1CC1=O,127.103,4,2,1,1,5,77.00999999999999,-0.6129600000000002,0
CNCN1OC(=O)C1=O,130.10299999999998,4,1,2,1,5,58.64,-1.5363000000000004,0
N=C1OCCOC(=O)C1=N,142.114,5,2,0,1,5,83.23,-0.44316000000000016,0
CCn1cnoc1=N,113.11999999999999,4,1,1,1,4,54.81,-0.024529999999999996,0
N=C1NC(C=O)N=CO1,127.103,4,2,1,1,5,74.54,-0.9057300000000001,1
CC(=O)c1cn[nH][n+]1[O-],127.103,3,1,1,1,5,72.69,-0.7543,0
N=C1N=C(N)N=C1N,111.10800000000002,4,3,0,1,5,100.61,-1.3508300000000002,0
COC1=NC(N)=NC1=O,127.10300000000001,4,1,0,1,5,77.03999999999999,-1.1138000000000001,0
CC1=NC(=N)N=C1O,111.10399999999998,1,2,0,1,4,68.8,0.3521700000000001,0
N#Cc1nc(=N)nc[nH]1,121.103,4,2,0,1,5,89.21000000000001,-0.8441500000000004,0
NC(=O)C1=NC(O)=N1,113.076,3,2,1,1,5,88.04,-1.2022000000000002,0
Cc1nc(=O)nc(N)o1,127.103,5,1,0,1,5,82.01,-0.6795800000000001,0
CC#Cc1n[nH]nc1N,122.13100000000001,3,2,0,1,4,67.59,-0.24169999999999991,0
Cc1n[nH]c(=N)n1C=N,125.13499999999999,4,3,1,1,5,81.31,-0.5457400000000003,0
N=C1NC(=O)C(=N)CO1,127.103,4,3,0,1,5,86.03000000000002,-0.9126600000000002,0
N#CC1=NC(C=O)=N1,107.07199999999999,4,0,1,1,4,65.58,-0.48052000000000006,0
CC(=O)C1=NC(O)=N1,112.088,3,1,1,1,4,62.019999999999996,-0.09849999999999998,0
N=C1NC(=O)C(=N)CO1,127.103,4,3,0,1,5,86.03000000000002,-0.9126600000000002,0
O=CNC1N=CC1=O,112.08799999999998,3,1,2,1,4,58.53,-1.2880000000000003,1
CN=C1C=NC(N)=[N+]1[O-],126.119,4,1,0,1,5,76.80999999999999,-1.0758999999999999,0
CCn1cnc(C=O)n1,125.13099999999999,4,0,2,1,4,47.78,0.11049999999999982,0
COn1c(N)coc1=N,129.119,5,2,1,1,5,77.17,-0.7988300000000002,0
N=CC1=NC(N)=NC1=O,124.10300000000001,4,2,1,1,5,91.66,-1.0681300000000002,0
N=C(O)C1=NOC1=N,113.076,4,3,1,1,5,89.52000000000001,-0.11485999999999996,0
N=CNC(=O)C1OC1=O,128.087,4,2,2,1,5,82.55000000000001,-1.3649300000000002,1
N=c1nc(C=O)nc[nH]1,124.10299999999998,4,2,1,1,5,82.49000000000001,-0.9033300000000004,0
C#Cc1nn[nH]c1N,108.104,3,2,0,1,4,67.59,-0.6318000000000001,0
CC(O)C1=NC(=N)O1,114.104,3,2,1,1,4,65.67,-0.26933000000000007,1
CC(=O)c1noc(N)n1,127.10300000000001,5,1,1,1,5,82.01,-0.14560000000000006,0
N=C1N=C(C(N)=O)N1,112.092,2,3,1,1,5,91.33000000000001,-1.5918300000000003,0
N=C1C=NC(N)=NC1=O,124.10300000000001,4,2,0,1,5,91.66,-1.0681300000000002,0
COc1ncnc(=N)[nH]1,126.119,4,2,1,1,5,74.65,-0.70723,0
N=C1COCOC(=N)O1,130.103,5,2,0,1,5,75.39,-0.0806599999999999,0
N=C1OC(=N)C(=NO)O1,129.075,6,3,0,1,6,98.75,-0.26705999999999996,0
N=C1NC(C=O)OC1=N,127.103,4,3,1,1,5,86.03,-0.9142600000000001,1
CNC1(O)CNC1=O,116.12,3,3,1,1,4,61.36,-1.9758000000000004,1
O=CC1=NC(=O)N=N1,111.06,3,0,1,1,5,71.22,0.16959999999999997,0
COc1cc(=N)nn[nH]1,126.11900000000001,4,2,1,1,5,74.65,-0.7072300000000002,0
N=CN1C=CNCOC1=O,141.13,4,2,1,1,5,65.42000000000002,0.06397000000000014,0
COC1=NCOC(=O)CN1,144.13,5,1,0,1,5,59.92,-0.9073000000000002,0
N=CC(=O)OC1NCO1,130.103,5,2,2,1,5,71.41000000000001,-0.9599300000000002,1
CN=C1N=NC(N)=N1,111.108,3,1,0,1,5,75.46,-0.24729999999999996,0
N=COC1=C(N)N=C1O,127.103,4,3,2,1,5,91.69,-0.2920300000000003,0
N=C1CNC(=O)C(=N)O1,127.10299999999998,4,3,0,1,5,86.03000000000002,-0.9126600000000002,0
COc1nc(OC=O)n[nH]1,143.102,5,1,3,1,6,77.1,-0.6515000000000004,0
O=C1N=C(CO)C(=O)N1,128.087,3,2,1,1,5,78.75999999999999,-1.3305,0
N=C1OC(C=O)OC1=N,128.087,5,2,1,1,5,83.22999999999999,-0.48725999999999997,0
N=C1NC(C=O)OCO1,130.103,4,2,1,1,5,71.41000000000001,-0.9599300000000002,1
CNc1cnoc(=N)n1,126.119,5,2,1,1,5,74.80000000000001,-0.40923000000000037,0
N=C1OCC(=O)C(=N)O1,128.087,5,2,0,1,5,83.23,-0.48566000000000015,0
NC1=C(O)N=CC1=O,112.088,4,2,0,1,4,75.68,-0.6743000000000001,0
CC1=NC(=O)C(C=O)=N1,124.09899999999998,3,0,1,1,4,58.86,-0.4151,0
COC1=NC(=N)N=C1O,127.103,2,2,0,1,5,78.03,-0.06383000000000005,0
N=C1COCOC(=N)O1,130.103,5,2,0,1,5,75.39,-0.0806599999999999,0
N#CC(=N)n1cco1,109.08799999999998,4,1,0,1,4,65.71000000000001,0.43005000000000004,0
N=C1COC(=N)OCO1,130.103,5,2,0,1,5,75.39,-0.08066000000000012,0
N=C1CNC(O)C1=N,113.11999999999998,4,4,0,1,4,79.96000000000001,-1.0524600000000006,1
C#CC(=O)n1cn[nH]1,109.088,3,1,0,1,4,50.68,-0.5154000000000001,0
N=C1C=C(N)C(F)=N1,113.09500000000001,2,2,0,1,4,62.230000000000004,0.18787000000000004,0
N=CN1CC(=O)C(=N)O1,127.10299999999998,4,2,1,1,5,77.24000000000001,-0.61296,0
CC(=O)NC1CC(=N)O1,128.131,3,2,1,1,4,62.18000000000001,-0.15383000000000008,1
N=C1OCC(=O)OC1=N,128.087,5,2,0,1,5,83.22999999999999,-0.48566000000000015,0
COC1=NC(N)=NC1=O,127.10300000000001,4,1,0,1,5,77.03999999999999,-1.1138000000000001,0
N=CC(O)C1=NN=C1N,126.11900000000003,5,3,2,1,5,94.82,-1.2763300000000002,1
N=C1ONC1C(=O)C=O,128.087,5,2,2,1,5,79.25,-1.3649300000000002,1
NC(=O)N1NCC1CO,131.135,3,3,1,1,5,78.59,-1.7537999999999998,1
NC(=O)c1coc(N)n1,127.103,4,2,1,1,5,95.14,-0.6443000000000001,0
N=C(N)OC1(C=O)OC1=N,143.102,5,3,2,1,6,112.55000000000001,-1.2008599999999998,1
Nc1c[nH]nc1C=NC=O,138.13,3,2,2,1,5,84.13,-0.4328000000000001,0
CC1=NC(=N)N=C1N,110.12,2,2,0,1,4,74.59,-0.24712999999999996,0
CN1C=NC(=O)NC1,113.11999999999999,2,1,0,1,4,44.7,-0.3728,0
COC1=NC(C=O)=C1N,126.115,4,1,1,1,4,64.67999999999999,-0.5859000000000001,0
N=CN1C(=O)COC1=O,128.087,4,1,1,1,5,70.46000000000001,-0.42772999999999994,0
N=COC1=NC=NC1=N,124.103,4,2,1,1,5,81.65,0.027739999999999987,0
N=Cc1oncc1N,111.104,4,2,1,1,4,75.9,0.25447000000000003,0
COC1=C(N)C(=N)N=C1,125.131,3,2,1,1,4,71.46000000000001,-0.13522999999999985,0
N=c1nc(C=O)cn[nH]1,124.10299999999998,4,2,1,1,5,82.49000000000001,-0.9033300000000002,0
N=C1C=C(OC=O)N=N1,125.08699999999999,4,1,2,1,5,74.87,0.44387,0
COC1=NN=C1NC=N,126.11899999999999,4,2,1,1,5,69.83000000000001,-0.4449300000000002,0
N=CNC1OCNC1=O,129.119,3,3,2,1,5,74.21000000000001,-1.3869300000000002,1
N#CCC1=C(O)N=N1,109.088,4,1,1,1,4,68.74,1.0929799999999998,0
O=Cn1nncc1CO,127.10299999999998,5,1,2,1,5,68.01,-1.1913000000000005,0
N=CNC1=NC=NC1=N,123.119,3,3,1,1,5,84.45,-0.3992599999999999,0
N=C1OCCOC(=O)C1=N,142.114,5,2,0,1,5,83.23,-0.44316000000000016,0
CC(N)C1=NC(=O)O1,114.10399999999998,3,1,1,1,4,64.67999999999999,-0.1176999999999998,1
Nc1ncc(C=O)n1N,126.119,5,2,1,1,5,86.92999999999999,-1.0084000000000004,0
CN1ON(C=N)C1C=O,129.11899999999997,4,1,2,1,5,56.63,-0.7875300000000003,1
CN=C1N=CN=C1N,110.12,3,1,0,1,4,63.099999999999994,-0.5861999999999998,0
CNC(=O)c1nc1=O,112.088,3,1,1,1,4,59.06,-1.323,0
N=C1CNC(=N)OCO1,129.119,4,3,0,1,5,78.19000000000001,-0.5076600000000004,0
N=C1C=NC(CO)=N1,111.104,3,2,1,1,4,68.8,-0.5611300000000001,0
N=C1OC=NC=NCO1,127.103,5,1,0,1,5,67.03,-0.01793,0
Cc1nc(=O)[nH]nc1N,126.119,4,2,0,1,5,84.66,-0.9444800000000002,0
COC1=NC(=N)N=C1,111.104,2,1,0,1,4,57.8,0.05046999999999996,0
CC1=C(CO)C(=N)N=N1,125.131,3,2,1,1,4,68.8,0.6957700000000001,0
N=C1C=NN=C1C=O,109.08799999999998,4,1,1,1,4,65.64,-0.35453,0
CN=C1C=NN=C1N,110.12,4,1,0,1,4,63.099999999999994,-0.5862,0
N=CN1CC(=O)NCO1,129.119,3,2,1,1,5,65.42,-1.0856299999999999,0
CC(N)C1=NOC1=O,114.10399999999998,4,1,1,1,4,64.68,-0.7536,1
Nc1cnoc1C=NC=O,139.11399999999998,4,1,2,1,5,81.47999999999999,-0.16789999999999994,0
COc1n[nH]nc1C#N,124.103,4,1,1,1,5,74.59,-0.31502000000000013,0
N=C1N=CN=C1CO,111.10399999999998,3,2,1,1,4,68.8,-0.5611300000000001,0
Nc1ncc(C=O)o1,112.08799999999998,4,1,1,1,4,69.12,0.06930000000000003,0
N=C1COC(=O)OC1=N,128.087,5,2,0,1,5,83.22999999999999,0.15023999999999993,0
CC(=N)c1ncnc(N)n1,137.14600000000002,5,2,1,1,5,88.54,-0.15842999999999996,0
NC1=NC(=O)N=C1CO,127.10299999999998,3,2,1,1,5,88.04,-1.0895000000000001,0
N=C1OCN=C(O)CO1,130.10299999999998,4,2,0,1,5,74.9,-0.11803000000000013,0
Cc1nc(N)cn[n+]1[O-],126.119,4,1,0,1,5,78.74,-0.9993799999999999,0
N=C1NC(=O)COC1=N,127.103,4,3,0,1,5,86.03,-0.9126600000000002,0
N=C1OC(N)=NC1=O,113.07600000000001,4,2,0,1,5,88.53,-1.1648300000000003,0
N=C1NCC(C(=N)O)N1,128.135,2,5,1,1,5,91.99000000000001,-0.9821600000000001,1
N=Cc1ncnnc1N,123.11900000000001,5,2,1,1,5,88.54,-0.5485300000000002,0
N=C1C=NN=C(N)C1=O,124.103,5,2,0,1,5,91.66,-1.06813,0
CNC(=O)C1=NC(N)=N1,126.11900000000001,4,2,1,1,5,79.84,-1.540799999999999,0
Cc1ncnnc1C=N,122.13099999999999,4,1,1,1,4,62.52,0.17768999999999996,0
Cc1cnc(N)n[n+]1[O-],126.11900000000001,4,1,0,1,5,78.74,-0.9993800000000002,0
N=c1[nH]cnc(=O)n1N,127.10700000000001,5,3,0,1,6,100.55,-2.2353299999999994,0
COc1noc(=N)n1C,129.119,5,1,1,1,5,64.04,-0.4988300000000001,0
N=CC1=NC=NC1=O,109.088,3,1,1,1,4,65.64,-0.35453,0
NC1=C(N)C(C=O)=N1,111.10399999999998,4,2,1,1,4,81.47,-1.2735999999999998,0
C#CC(=O)C1=NC(=N)N1,121.099,2,2,1,1,4,65.31,-0.87483,0
N=COC1=NCCNC1=N,140.14600000000002,4,3,1,1,5,81.32,-0.4109600000000004,0
CNC1(CC=O)OC(=N)O1,144.13,5,2,3,1,5,71.41,-0.5698300000000005,0
N=C1CNC(=N)C(=O)N1,126.11899999999999,3,4,0,1,5,88.83000000000001,-1.3396600000000005,0
Cn1cnc(=O)c(N)n1,126.119,5,1,0,1,5,73.8,-1.2425000000000004,0
N=CC1=NN=CC1=NO,124.10299999999998,5,2,1,1,5,81.16,-0.09343000000000007,0
N=C1OCC(=O)C(=O)O1,129.071,5,1,0,1,5,76.45,-0.9363300000000001,0
N#Cc1onnc1C=N,122.08699999999999,5,1,1,1,5,86.56,-0.06104999999999999,0
COc1cnc(N)c[n+]1[O-],141.13,4,1,1,1,5,75.08,-0.6942000000000002,0
N#CN1CC(=N)OC1=N,124.103,4,2,0,1,5,83.96000000000001,-0.2882799999999998,0
N=C1NC(C(N)=O)CO1,129.11900000000003,3,3,1,1,5,88.2,-1.6051300000000004,1
Cn1cc(O)nc1NC=O,141.13,4,2,2,1,5,67.15,-0.3060000000000002,0
Cc1nc(=N)on1C=N,126.11899999999999,5,2,1,1,5,78.66,-0.2808399999999999,0
COC1=CNC(=O)C1=N,126.11499999999998,3,2,1,1,4,62.18,-0.37623,0
CCN1C=C(N)ON=[N+]1[O-],144.13400000000001,5,1,1,1,6,76.91999999999999,-0.11140000000000005,0
N=C1CNC(=N)C1C=O,125.13099999999997,3,3,1,1,4,76.80000000000001,-0.5982600000000005,1
N=C1N=CC(CO)=[N+]1[O-],127.103,3,2,1,1,5,82.50999999999999,-1.0508300000000002,0
NC1=NC(=O)C(C=O)=N1,125.08699999999997,4,1,1,1,5,84.88,-1.5188,0
CC1=C(N)N=NC1=O,111.104,3,1,0,1,4,67.81,0.16900000000000015,0
N=c1ncoc(=N)n1N,127.10700000000001,6,3,0,1,6,104.67999999999999,-1.8511600000000001,0
CN=C1N=C(OC=N)O1,127.10299999999998,4,1,1,1,5,67.03,-0.017929999999999946,0
NC(=O)C1=NN=C1N,112.09200000000001,4,2,1,1,5,93.83,-1.8014999999999999,0
COc1noc(CO)n1,130.10299999999998,5,1,2,1,5,68.38000000000001,-0.42950000000000016,0
N=C1COCNC(=O)N1,129.119,3,3,0,1,5,74.21,-0.7494300000000003,0
O=c1nc[nH]c(=O)[nH]1,113.07599999999998,3,2,0,1,5,78.61,-1.5418,0
N=C1N=C(CO)C=[N+]1[O-],127.10299999999998,3,2,1,1,5,82.50999999999999,-1.0508300000000002,0
CN=C1N=C(N)C(O)=N1,126.119,2,2,0,1,5,83.33,-0.7004999999999999,0
Cc1nnc(CO)c(=N)o1,141.13,5,2,1,1,5,83.00000000000001,-0.65021,0
N=C1CNC(=O)OCO1,130.10299999999998,4,2,0,1,5,71.41000000000001,-0.3224300000000002,0
C#Cc1nonc1N,109.08800000000001,4,1,0,1,4,64.94,-0.36689999999999995,0
N=C1NC(=N)C(O)O1,115.09199999999998,4,4,0,1,5,89.19000000000001,-1.1633600000000002,1
N=C1NC(=O)C(=N)CO1,127.103,4,3,0,1,5,86.03000000000002,-0.9126600000000002,0
CNC1=NC(=N)N=C1N,125.135,3,3,0,1,5,86.62,-1.0901299999999996,0
Cc1noc(N)c1N,113.12000000000002,4,2,0,1,4,78.07,0.1474200000000001,0
N#CC1=NOC(CN)C1=O,139.114,5,1,1,1,5,88.47,-1.2074199999999997,1
N=C1OCOC(=O)CO1,131.087,5,1,0,1,5,68.61,-0.5313300000000001,0
CN=C1OC(=O)N1CO,130.103,4,1,1,1,5,62.129999999999995,-0.6257999999999999,0
N=C1NC(=O)COC1=N,127.103,4,3,0,1,5,86.03,-0.9126600000000002,0
N=C1N=CC(NCO)=N1,126.119,3,3,1,1,5,80.83,-1.05653,0
CN=C1C=NC(N)=[N+]1[O-],126.119,4,1,0,1,5,76.80999999999999,-1.0758999999999999,0
NC1=CC(=O)C(N)=N1,111.10400000000001,4,2,0,1,4,81.47,-1.2735999999999998,0
Nc1cnoc(=O)c1N,127.103,5,2,0,1,5,95.14,-0.8008,0
Nc1cnc(CO)nc1,125.13099999999999,4,2,1,1,4,72.03,-0.4489000000000001,0
COc1nn[nH]c1C=N,126.11899999999999,4,2,2,1,5,74.65,-0.1890300000000002,0
N=C1N=C(O)NC1=N,112.09199999999998,2,4,0,1,5,92.32,-0.5418600000000002,0
N#CC1=C(N)C(=O)N=C1,121.09899999999999,3,1,0,1,4,79.24,-0.66622,0
N=CN1CNCC(=O)O1,129.11899999999997,4,2,1,1,5,65.42,-1.0856299999999999,0
N#CC1COC(=N)N1C=N,138.13,4,2,1,1,5,83.96000000000001,-0.2473800000000001,1
COc1cn[nH]c(=O)n1,127.103,4,1,1,1,5,67.87,-0.8265,0
CC(=N)OC1=NC(=O)O1,128.087,4,1,0,1,5,71.74,0.50637,0
NC1=CC(=O)N=C1N,111.10400000000001,3,2,0,1,4,81.47,-1.2736000000000003,0
O=c1cc(O)on1CO,131.08700000000002,5,2,1,1,5,75.6,-0.9033000000000002,0
N=C1COCOC(=N)N1,129.119,4,3,0,1,5,78.19,-0.50766,0
O=CN1COC(=NO)C1,130.10299999999998,4,1,1,1,5,62.13000000000001,-0.7798,0
N=C1NCC(=O)NC1=O,127.103,3,3,0,1,5,82.05000000000001,-1.79033,0
CC(=O)n1cnc(N)n1,126.11900000000001,5,1,0,1,5,73.8,-0.47959999999999997,0
N=CN1CC(=O)NCN1,128.135,3,3,1,1,5,68.22,-1.5126299999999993,0
NC(=O)n1ccnc1N,126.119,4,2,0,1,5,86.93,-0.6079000000000001,0
CN=C1NC(=N)C1OC,127.14699999999998,3,2,1,1,4,57.47,-0.38983000000000034,1
NCC1=C(N)N=NC1=O,126.119,4,2,1,1,5,93.83000000000001,-0.8922000000000001,0
NC1=CON=C(N)N1C=O,142.11800000000002,5,2,1,1,6,93.94,-1.5377000000000003,0
NC(=O)C1C=C(O)O1,115.08799999999998,3,2,1,1,4,72.55000000000001,-0.7301000000000002,1
N=CN1CC(=O)OC1=O,128.087,4,1,1,1,5,70.46000000000001,-0.42772999999999994,0
N=C1NC(=O)OC1=N,113.076,4,3,0,1,5,86.03,-0.3192599999999998,0
Nc1conc1CO,114.104,4,2,1,1,4,72.28,-0.2508999999999998,0
Nc1cncc(=O)n1O,127.10299999999998,5,2,0,1,5,81.14,-0.9372000000000003,0
N=C1OCOC(=N)O1,116.076,5,2,0,1,5,75.39,-0.1231600000000001,0
N=C1C(=O)ON=C1CN,127.10300000000001,5,2,1,1,5,88.53,-1.1223300000000003,0
COc1c[nH]ncc1=N,125.13099999999999,3,2,1,1,4,61.76,-0.10223000000000015,0
CC#CC1=NC(=N)N=N1,120.11500000000001,2,1,0,1,4,60.93,0.80877,0
N#COCCc1nc(N)no1,154.12900000000002,6,1,3,1,6,97.96,-0.3080200000000001,0
N=C1NC(=O)C(=O)CO1,128.087,4,2,0,1,5,79.25000000000001,-1.36333,0
COC1=NC(C=N)=C1N,125.131,4,2,1,1,4,71.46,-0.13522999999999985,0
N=C1N=C(O)C(F)=N1,115.067,1,2,0,1,5,68.8,0.25927,0
CN=c1nc(CO)c1=O,126.11499999999998,4,1,1,1,4,62.550000000000004,-1.6598000000000004,0
N=C1OCNC(=O)CO1,130.10299999999998,4,2,0,1,5,71.41,-0.9583300000000003,0
N=C1C=NC(OCO)=N1,127.103,4,2,1,1,5,78.03,-0.6295300000000001,0
N=c1[nH]c(=N)oc(=N)o1,128.091,5,4,0,1,6,113.61999999999999,-1.3608900000000004,0
CN=C1N=NC(C=N)=N1,123.11899999999999,3,1,1,1,5,73.28999999999999,0.48607000000000006,0
CC(O)c1noc(N)n1,129.119,5,2,1,1,5,85.17,-0.2949000000000001,1
N=C1OCCNC1N=O,129.119,5,2,1,1,5,74.53999999999999,-0.3240300000000002,1
N=CC1=NN=CC1=O,109.08799999999998,4,1,1,1,4,65.64,-0.35453,0
N=C1OCC(=O)C1=O,113.07199999999999,4,1,0,1,4,67.22,-0.8679300000000001,0
N=C1OC=NC(CO)O1,130.10299999999998,5,2,1,1,5,74.9,-0.68533,1
NC(=O)c1nc(N)co1,127.103,4,2,1,1,5,95.14,-0.6443000000000003,0
COC1=NC(=N)NC1=O,127.103,3,2,0,1,5,74.53999999999999,-0.9041300000000003,0
N=C1OCC(=N)C(=N)O1,127.103,5,3,0,1,5,90.01,-0.034989999999999966,0
Cn1nc(N)cnc1=O,126.119,5,1,0,1,5,73.80000000000001,-1.2425000000000004,0
N#CC(C#N)n1cno1,122.087,5,0,1,1,5,78.54,0.06435999999999997,0
NC(=O)C1=NC(N)=N1,112.09200000000001,4,2,1,1,5,93.83,-1.8014999999999999,0
O=C1CNC(=O)OC=N1,128.087,3,1,0,1,5,67.76,-0.7188999999999999,0
CN=C1NC(O)=C1N=O,127.10299999999998,4,2,1,1,5,74.05000000000001,0.11140000000000005,0
N=C1N=CC(N)=NC1=O,124.10300000000001,3,2,0,1,5,91.66,-1.0681300000000002,0
CC(=O)C1=NC(=N)O1,112.088,3,1,1,1,4,62.510000000000005,-0.06112999999999996,0
CC(O)C1=NOC1=O,115.088,4,1,1,1,4,58.89000000000001,-0.7200000000000002,1
C#Cc1[nH]nnc1CO,123.115,3,2,1,1,4,61.8,-0.7217,0
N=COC1N=CN1C=N,126.11899999999999,4,2,3,1,5,72.53,-0.1553599999999999,1
N=C1C=NC(O)=C1N,111.104,4,3,0,1,4,82.46,-0.22362999999999988,0
COC1=NC(=N)N=C1N,126.11900000000001,3,2,0,1,5,83.82,-0.66313,0
N=c1cnoc(N)n1,112.09200000000001,5,2,0,1,5,88.79,-0.8687300000000002,0
N=C1N=C(N)C(C=O)=N1,124.103,3,2,1,1,5,91.66000000000001,-1.06813,0
Cn1cnc(NC=O)c1,125.13099999999997,3,1,2,1,4,46.92,-0.01160000000000011,0
CN=c1ncoc(=O)o1,128.087,5,0,0,1,5,68.6,-0.8417000000000001,0
CN=C1NC(C(=N)O)O1,129.11899999999997,3,3,1,1,5,77.7,-0.54663,1
Nc1cnc(=O)oc1O,128.087,5,2,0,1,5,89.35000000000001,-0.6774,0
NC1=NC(=O)C(O)=C1,112.08799999999997,3,2,0,1,4,75.67999999999999,-0.6742999999999999,0
C#Cc1nn[nH]c(=O)n1,122.08699999999999,4,1,0,1,5,71.53,-1.4588,0
N=COC1NC(=O)C1=O,128.087,4,2,2,1,5,79.25,-1.3649300000000002,1
COC1=NC(=O)NC1=O,128.087,3,1,0,1,5,67.75999999999999,-0.7189000000000001,0
N#Cc1nn[nH]c1CO,124.10299999999998,4,2,1,1,5,85.59,-0.8313200000000003,0
N=C1COC(=O)C(=N)O1,128.087,5,2,0,1,5,83.23,-0.48566000000000015,0
N=CN1C=CNC(=O)CN1,140.146,3,3,1,1,5,68.22,-0.9989300000000003,0
Cc1c[nH]nnc1=O,111.104,3,1,0,1,4,58.64,-0.52668,0
COC1=NC(=N)N=C1O,127.103,2,2,0,1,5,78.03,-0.06383000000000005,0
CC1=NC(N)=NC1=O,111.104,3,1,0,1,4,67.81,-0.6978,0
CC(=O)n1cnc([O-])n1,126.095,5,0,0,1,5,70.84,-0.9882000000000002,0
CC(=N)C1=NC(N)=N1,110.12000000000002,4,2,1,1,4,74.59,-0.24712999999999996,0
COc1n[nH]c(=O)n1CO,145.118,5,2,2,1,6,80.14,-1.4702000000000004,0
NC(=O)N1C=NCCN1,128.13500000000002,3,2,0,1,5,70.72,-1.0864,0
Cc1ncn[nH]c1=O,111.10399999999998,3,1,0,1,4,58.64,-0.52668,0
CC(O)c1nonc1N,129.119,5,2,1,1,5,85.17,-0.2949000000000001,1
N=C1OCC(=NO)CO1,130.103,5,2,0,1,5,74.9,-0.20183000000000012,0
N=C1COC(=N)OCN1,129.119,4,3,0,1,5,78.19,-0.5076600000000002,0
N=C1COC(=N)OCO1,130.103,5,2,0,1,5,75.39,-0.08066000000000012,0
CN=C1OC(=N)OC1=N,127.103,5,2,0,1,5,78.52000000000001,-0.02646000000000004,0
NC1=NC(N)=C1C=O,111.10399999999998,4,2,1,1,4,81.47,-1.2735999999999998,0
CNC1=NN=CC1=NC#N,135.13,5,1,0,1,5,72.9,-0.4742200000000001,0
Cc1nc(N)nn1C=O,126.119,5,1,1,1,5,73.8,-0.7929800000000002,0
N=C1OCCOC(=N)O1,130.103,5,2,0,1,5,75.39,-0.0806599999999999,0
CN=C1NCOC(=O)N1,129.119,3,2,0,1,5,62.720000000000006,-0.7409000000000001,0
NC(=O)CC1=NC(N)=N1,126.11900000000001,4,2,2,1,5,93.83,-1.4114,0
CC(=O)C(=O)C1=NN1,112.088,4,1,2,1,4,68.44,-0.9388000000000001,0
C#CC1=NC(O)=NC1=N,121.09899999999999,2,2,0,1,4,68.80000000000001,-0.03452999999999995,0
CN=C1N=NC(=N)CO1,126.11899999999999,3,1,0,1,5,70.16,0.43187000000000003,0
CN=C1N=NC(C=O)=N1,124.10299999999998,3,0,1,1,5,66.50999999999999,0.0354000000000001,0
C#CC(O)n1nccn1,123.115,4,1,1,1,4,50.94,-0.5978000000000001,1
N=C(N)C1=NC=NC1=O,124.103,3,2,1,1,5,91.66,-1.06813,0
C#Cc1n[nH]nnc1=O,122.08699999999999,4,1,0,1,5,71.53,-1.4588,0
N=C1NC(C(=N)CO)O1,129.119,4,4,2,1,5,89.19000000000001,-1.1208600000000002,1
N=C1OCNC(=O)CO1,130.10299999999998,4,2,0,1,5,71.41,-0.9583300000000003,0
N=COC1OC(=N)C1=N,127.103,5,3,2,1,5,90.00999999999999,-0.03658999999999979,1
N=CC1OC(=N)OC1=O,128.087,5,2,1,1,5,83.22999999999999,-0.48725999999999997,1
NC=C1C=NC(N)=N1,110.12,4,2,0,1,4,76.75999999999999,-0.8143999999999998,0
N=CNC1N=C(C=O)N1,126.11899999999999,4,3,3,1,5,77.34,-1.3327300000000002,1
N=C(N)NC1=COC1=O,127.10299999999998,3,3,1,1,5,88.20000000000002,-1.1323299999999998,0
Nc1nc(CC=O)no1,127.10299999999998,5,1,2,1,5,82.01,-0.6068000000000002,0
CNC1=NN=C1C=O,111.10399999999998,4,1,1,1,4,53.82,-0.8272000000000002,0
N=C1C=NC(N)=C1O,111.104,4,3,0,1,4,82.46000000000001,-0.22363000000000027,0
Nc1cnn[nH]c1=NC=O,139.118,4,2,1,1,6,97.02000000000001,-1.556,0
N=C1N=C(O)C(=N)O1,113.07599999999998,3,3,0,1,5,89.52,-0.11485999999999996,0
N=C1NC(=O)OC1=N,113.076,4,3,0,1,5,86.03,-0.3192599999999998,0
N=C1NCOC(=O)CN1,129.119,3,3,0,1,5,74.21,-1.3853300000000002,0
COC1=NC(=O)N1C=O,128.087,3,0,1,1,5,58.97,-0.4192,0
CN=C1N=C(N)C(=O)N1,126.119,3,2,0,1,5,79.84,-1.540799999999999,0
N=CN=C1OC=NC1=N,124.10299999999998,3,2,1,1,5,81.65,0.027739999999999987,0
CC1=CNC(=N)NCO1,127.147,2,3,0,1,4,57.14,-0.05063000000000012,0
O=C1CN=C(CO)C(=O)N1,142.11399999999998,4,2,1,1,5,78.75999999999999,-1.9238999999999997,0
CC(=O)C1=NN=C1O,112.088,3,1,1,1,4,62.019999999999996,-0.09849999999999998,0
CC(=O)C1=NC(=O)O1,113.07199999999999,3,0,1,1,4,55.730000000000004,0.12410000000000004,0
N=C1COC(=N)OCO1,130.103,5,2,0,1,5,75.39,-0.08066000000000012,0
COC1=NC(=N)C(N)=N1,126.11900000000001,4,2,0,1,5,83.82,-0.6631300000000002,0
N=c1cn[nH]nc1CO,126.11899999999999,4,3,1,1,5,85.65,-1.2235300000000005,0
N#CC(=O)n1cn[nH]1,110.076,4,1,0,1,5,74.47,-0.6250200000000001,0
Nc1c[nH]c(=O)n1CO,129.11900000000003,4,3,1,1,5,84.04,-1.2916,0
CNc1ncn[c-]1C=N,123.13899999999998,4,2,2,1,4,61.660000000000004,0.23487000000000002,0
N=CC1=NN=C1CN,110.12,4,2,2,1,4,74.59,-0.59473,0
Cc1n[nH]c(=O)n1OC=N,142.118,5,2,2,1,6,83.75999999999999,-1.0845099999999999,0
NC1=NC(=O)C(CO)=N1,127.10299999999998,4,2,1,1,5,88.03999999999999,-1.7253999999999996,0
COC1OCC(=N)C(=N)O1,144.13,5,2,1,1,5,75.39,-0.03976000000000013,1
NCc1cnc(N)[n+]([O-])n1,141.134,5,2,1,1,6,104.75999999999999,-1.8491,0
N=C1COC(=N)C(=O)N1,127.103,4,3,0,1,5,86.03,-0.9126600000000002,0
N=CN1C=COC(=O)CN1,141.13,4,2,1,1,5,65.42,-0.57193,0
N=CC1OCON1C=N,129.119,4,2,2,1,5,69.4,-0.2095599999999999,1
CC1=NC(NC=O)=[N+]1[O-],127.10299999999998,3,1,1,1,5,67.53,-0.9693,0
CNC1=C(N)C(=O)N=N1,126.11900000000001,4,2,1,1,5,79.83999999999999,-0.6740000000000002,0
COC1=NC(N)=C1OC=O,142.114,5,1,2,1,5,73.91,-0.6543000000000001,0
CN=c1ncoc(=O)[nH]1,127.10299999999998,4,1,0,1,5,71.25,-1.1066000000000003,0
N=C1CN=COC(=N)O1,127.10299999999998,5,2,0,1,5,78.52,-0.026460000000000095,0
CC(N)C1=NOC1=N,113.11999999999999,4,2,1,1,4,71.46000000000001,-0.30292999999999987,1
NC1=C(N)C(=O)C=N1,111.10399999999998,4,2,0,1,4,81.47,-1.2736000000000003,0
CC(=O)c1c[nH]n[n+]1[O-],127.103,3,1,1,1,5,72.69,-0.7543,0
N=C1OCC(=O)OC1=N,128.087,5,2,0,1,5,83.22999999999999,-0.48566000000000015,0
COC1=NN=C(N)C1=O,127.103,5,1,0,1,5,77.03999999999999,-1.1138000000000001,0
N=C1NC=NCOC1=O,127.103,4,2,0,1,5,74.53999999999999,-0.9041300000000001,0
CC1=NC(=N)N=C1N,110.12,2,2,0,1,4,74.59,-0.24712999999999996,0
N=CN1C=NC(=O)CO1,127.10299999999998,3,1,1,1,5,65.75,-0.60443,0
CNC1OC(=N)C(=O)O1,130.103,5,2,1,1,5,71.41,-0.9599300000000002,1
N=CN1CCOC(=N)C1=O,141.13,4,2,1,1,5,77.24000000000001,-0.5704600000000002,0
O=Cc1n[nH]c(CO)n1,127.10299999999998,4,2,2,1,5,78.87,-0.8905000000000001,0
N=C1OC(=O)CNC1=O,128.087,4,2,0,1,5,79.25,-1.36333,0
N=CN1CC(=O)OCN1,129.119,4,2,1,1,5,65.42,-1.0856300000000003,0
N=C1N=C(O)C(C=O)=N1,125.08699999999997,2,2,1,1,5,85.86999999999999,-0.4688300000000001,0
CN=C1OCOC1=NO,130.103,5,1,0,1,5,63.41,-0.19329999999999997,0
COC1=NC(N)=NC1=N,126.11900000000001,4,2,0,1,5,83.82,-0.66313,0
N=CN1CCC(=O)NC1,127.14699999999999,2,2,1,1,4,56.190000000000005,-0.6271300000000002,0
Nc1cc(C=O)[n+]([O-])cn1,139.11399999999998,4,1,1,1,5,82.92,-0.8903000000000001,0
CNC(=O)c1cnn[nH]1,126.119,3,2,1,1,5,70.67,-0.8357000000000003,0
N=C1OC(=CN)N=C1N,126.11900000000001,5,3,0,1,5,97.47999999999999,-0.8913300000000002,0
O=CC(=O)c1cnn[nH]1,125.087,4,1,2,1,5,75.71000000000001,-0.8137000000000003,0
N=COC1C(=N)NC1=O,127.103,4,3,2,1,5,86.03,-0.9142600000000003,1
CN=C1N=NC(CO)=N1,126.11899999999999,3,1,1,1,5,69.67,-0.17119999999999996,0
N=C1C=NC(C=O)=N1,109.088,3,1,1,1,4,65.64,-0.35453,0
CC(=O)C1=NC(=N)N1,111.104,2,2,1,1,4,65.31,-0.4881300000000001,0
N=c1oc(N)cn1C=O,127.103,5,2,1,1,5,85.00999999999999,-0.8189299999999999,0
N=C1NCOC(=O)CO1,130.103,4,2,0,1,5,71.41,-0.9583300000000001,0
N=Cc1nc(N)c(N)o1,126.11900000000001,5,3,1,1,5,101.92,-0.1633300000000001,0
COC(=O)C1NC(=N)O1,130.103,4,2,1,1,5,71.41,-0.9599300000000004,1
N=CC1=C(O)C(=N)N=C1,123.11499999999998,3,3,1,1,4,80.29,0.5097400000000001,0
N=C1N=C(N)N=C1C=O,124.103,4,2,1,1,5,91.66,-1.06813,0
CNn1c(C)n[nH]c1=O,128.135,4,2,1,1,5,62.71,-0.9468800000000006,0
N=CN1NCNC1C=O,128.135,4,3,2,1,5,68.22,-1.5142300000000002,1
N#CCc1nc(O)n[nH]1,124.103,4,2,1,1,5,85.59,-0.42362000000000005,0
COc1ncc(=O)[nH]n1,127.103,4,1,1,1,5,67.87,-0.8265000000000002,0
NC1=CC(=O)OC1=O,113.07199999999999,4,1,0,1,4,69.39000000000001,-1.0876000000000001,0
N#CC1(CO)OCOC1=O,143.09799999999998,5,1,1,1,5,79.55000000000001,-1.2280200000000001,1
N=CN=C1C(O)N1C=N,126.11899999999997,3,3,2,1,5,83.3,-0.7669600000000003,1
COc1n[nH]c(=N)n1C=O,142.118,5,2,2,1,6,83.75999999999999,-1.26243,0
CN=C1ON=C(O)C1=O,128.087,4,1,0,1,5,71.25,-0.5145,0
NC1=NCC(=O)OCO1,130.10299999999998,5,1,0,1,5,73.91,-1.1680000000000001,0
N=CC(=N)N1COC1=O,127.103,4,2,1,1,5,77.24000000000001,0.022940000000000016,0
CN=C1NC(=N)C(=O)O1,127.10299999999998,4,2,0,1,5,74.54,-0.9041300000000003,0
N=C1NCOC(=O)CO1,130.103,4,2,0,1,5,71.41,-0.9583300000000001,0
Nc1[nH]nc(C=O)c1N,126.11899999999999,4,3,1,1,5,97.79,-0.6134000000000004,0
COc1n[nH]nc1N=N,127.107,5,2,2,1,6,87.00999999999999,0.4757699999999998,0
NC1=NC(=O)N=C1CCO,141.13,3,2,2,1,5,88.04,-0.6993999999999998,0
N=C1N=C(N)C(=O)O1,113.076,4,2,0,1,5,88.53000000000002,-1.16483,0
N=C1OCC(=O)C(=O)O1,129.071,5,1,0,1,5,76.45,-0.9363300000000001,0
COC1=NC(=O)C(N)=N1,127.10300000000001,4,1,0,1,5,77.03999999999999,-1.1138000000000003,0
CC(=O)C1=NN=C1O,112.088,3,1,1,1,4,62.019999999999996,-0.09849999999999998,0
N=C(O)c1cn[nH]n1,112.092,3,3,1,1,5,85.64999999999999,-0.3119300000000002,0
O=C(O)C1CN=NC1=O,128.08700000000002,3,1,1,1,5,79.09,-0.3204,1
Nc1n[nH]nc1C=O,112.09199999999998,4,2,1,1,5,84.66,-0.8006000000000004,0
N=C1NCN=C(O)CO1,129.119,3,3,0,1,5,77.7,-0.5450300000000001,0
COc1nc(CO)n[nH]1,129.119,4,2,2,1,5,71.03,-0.6944000000000004,0
Cc1nnc(=N)[nH][n+]1[O-],127.107,4,2,0,1,6,92.36,-1.7740099999999996,0
N#CCc1connc1=N,136.114,5,1,1,1,5,86.56,-0.38484999999999997,0
C#CC(O)n1ncn1N,126.11900000000001,5,2,1,1,5,69.0,-1.4775000000000003,1
N=CN1C=COC(=N)O1,127.10299999999998,4,2,1,1,5,69.4,0.26324000000000003,0
NC(=O)C1=NNC1=O,113.076,3,2,1,1,5,84.55000000000001,-2.0425,0
N=C1OC(=N)C(=O)O1,114.05999999999999,5,2,0,1,5,83.23,-0.5281600000000002,0
N#CC(C=O)C1=CN=N1,121.099,4,0,2,1,4,65.58,0.63228,1
N=Cc1cnnc(N)n1,123.11900000000001,5,2,1,1,5,88.54,-0.5485300000000002,0
N=c1ocnc(N)[n+]1[O-],128.091,5,2,0,1,6,102.84,-1.6303299999999998,0
N=C1N=CNC=COC1=O,139.11399999999998,4,2,0,1,5,74.53999999999999,-0.39043000000000005,0
N=C1NC(=O)OC1=NO,129.07500000000002,5,3,0,1,6,94.77000000000001,-0.5088300000000001,0
N=c1oc(=O)oc(=O)o1,131.04299999999998,6,1,0,1,6,97.41000000000001,-1.33453,0
N=Cc1nnc(N)nc1N,138.134,6,3,1,1,6,114.56,-0.9663300000000004,0
COc1cnoc1N=O,128.087,5,0,2,1,5,64.69,1.0810999999999997,0
CC(O)C1=CNC1=N,112.13199999999999,2,3,1,1,3,56.11,-0.16842999999999997,1
N=C1COC(=N)C(=O)O1,128.087,5,2,0,1,5,83.23,-0.48566000000000015,0
COc1ncc(=O)[nH]n1,127.103,4,1,1,1,5,67.87,-0.8265000000000002,0
CC1=NC(N)=NC1=N,110.12,3,2,0,1,4,74.59,-0.24712999999999996,0
CC(=O)c1nn[nH]n1,112.09200000000001,4,1,1,1,5,71.53,-0.5977000000000001,0
N=C1NC(=O)C(=O)CO1,128.087,4,2,0,1,5,79.25000000000001,-1.36333,0
N=C1OC(=O)CC1=O,113.07199999999999,4,1,0,1,4,67.22,-0.52033,0
COC1OC(=O)NC1=N,130.103,4,2,1,1,5,71.41,-0.32403,1
N=C1NCCNC(=O)O1,129.119,3,3,0,1,5,74.21000000000001,-0.7494299999999996,0
Cc1nc(N)n(N)n1,113.12400000000002,5,2,0,1,5,82.75,-1.1174799999999998,0
N=CN1C=NC(C=O)O1,127.10299999999997,4,1,2,1,5,65.75,-0.6060300000000001,1
N=C1ONC(=O)C1C=O,128.087,4,2,1,1,5,79.25,-1.1598300000000001,1
CN=C1N=CC(=N)N=N1,123.119,2,1,0,1,5,73.28999999999999,0.48607000000000006,0
N=C1C=C(N)C(=O)O1,112.088,4,2,0,1,4,76.17,-0.6369300000000002,0
N=C1OCC(=N)C(=O)O1,128.087,5,2,0,1,5,83.23,-0.48566000000000015,0
N=CN1C(=O)OC1O,116.07599999999996,4,2,1,1,5,73.62,-0.6784300000000001,1
NC1=C(N)C(=O)N=C1,111.10399999999998,3,2,0,1,4,81.47,-1.2736000000000003,0
N=C1CC(N)OCOC=N1,143.14600000000002,4,2,0,1,5,80.69000000000001,-0.3288300000000002,1
CN=C1N=C(N)C=[N+]1[O-],126.119,3,1,0,1,5,76.80999999999999,-1.0758999999999999,0
N=C1OC(N)=NC1=O,113.07600000000001,4,2,0,1,5,88.53,-1.1648300000000003,0
CC(O)C1=NN=C1N,113.12000000000002,4,2,1,1,4,70.97,-0.9060000000000001,1
N=C1COC(=O)C(=N)O1,128.087,5,2,0,1,5,83.23,-0.48566000000000015,0
N=Cc1n[nH]nc1C=O,124.10299999999998,4,2,2,1,5,82.49000000000001,-0.38513,0
CN=C1N=C(N)C(=O)O1,127.103,4,1,0,1,5,77.04,-1.1138,0
N=C1COC(=O)C(=N)O1,128.087,5,2,0,1,5,83.23,-0.48566000000000015,0
N=CNn1ccoc1=O,127.10299999999997,4,2,2,1,5,71.02000000000001,-0.4081300000000001,0
N=C1OCCNC(=O)O1,130.103,4,2,0,1,5,71.41,-0.32243000000000016,0
Nc1nc(C=O)co1,112.08799999999997,4,1,1,1,4,69.12,0.06930000000000014,0
O=CNC1=NN=CC1=O,125.08699999999999,4,1,1,1,5,70.89,-1.3006000000000002,0
N#CC1=NC(=N)OCN1,124.103,4,2,0,1,5,81.26,-0.57945,0
CN1N=C(NC=O)C=NO1,142.118,5,1,1,1,6,66.29,-1.0913000000000004,0
N=CN1CC(=N)OC1=O,127.10299999999998,4,2,1,1,5,77.24000000000001,0.022940000000000016,0
COC1=NC(=N)N=C1N,126.11900000000001,3,2,0,1,5,83.82,-0.66313,0
N=C1C=NC(C(=N)O)=N1,124.103,3,3,1,1,5,92.65,-0.018159999999999954,0
N=C1NC(=O)C(=N)CO1,127.103,4,3,0,1,5,86.03000000000002,-0.9126600000000002,0
N=C1COC(=N)OCO1,130.103,5,2,0,1,5,75.39,-0.08066000000000012,0
CC1=NN=C(N)C1=N,110.12,4,2,0,1,4,74.59,-0.24712999999999996,0
Cn1cnc(=N)[nH]c1=O,126.11899999999999,4,2,0,1,5,74.53,-1.4121299999999999,0
CC(=O)NC1=NC(=O)N1,127.103,2,2,0,1,5,70.56,-0.7983,0
N=C1OCOCC(N)O1,132.119,5,2,0,1,5,77.56,-0.7731299999999999,1
Nc1c[nH][n+]([O-])c1C=O,127.10299999999998,3,2,1,1,5,85.82,-0.9571999999999998,0
N=C1COC(=N)N1C=O,127.103,4,2,1,1,5,77.24000000000001,-0.6129600000000002,0
NC1=NC(=O)N=C1N,112.092,3,2,0,1,5,93.83,-1.1656,0
C#CCc1nnoc1N,123.11500000000001,4,1,1,1,4,64.94,-0.1725,0
Cc1n[nH]nc1CN=N,125.135,4,2,2,1,5,77.78,0.6440899999999999,0
C#CCc1noc(=N)n1N,138.13,5,2,1,1,5,80.83,-1.1549299999999998,0
N=C1OCC(=O)OC1=N,128.087,5,2,0,1,5,83.22999999999999,-0.48566000000000015,0
CC1=NC(N)=NC1=O,111.104,3,1,0,1,4,67.81,-0.6978,0
NC(=O)OC1NCC1=O,130.103,4,2,1,1,5,81.42000000000002,-1.4199000000000004,1
N#CCC1=NC(=N)N=C1,120.115,2,1,1,1,4,72.36,0.36025000000000007,0
N=Cn1c(N)nncc1=O,139.118,6,2,1,1,6,97.65,-1.3243300000000002,0
COC1=NNC1=O,100.07699999999998,3,1,0,1,4,50.69,-0.9239000000000002,0
N=c1cn[nH]c(O)n1,112.09199999999998,4,3,0,1,5,85.65,-1.0102300000000004,0
N=c1nc(O)cno1,113.07599999999998,5,2,0,1,5,83.0,-0.74533,0
N=C(N)N1OCC1C=O,129.11899999999997,3,2,1,1,5,79.41,-1.3054299999999999,1
Cc1cnoc1OC#N,124.09899999999999,4,0,1,1,4,59.050000000000004,0.8429,0
N=CN1CC(=O)C(=N)O1,127.10299999999998,4,2,1,1,5,77.24000000000001,-0.61296,0
CC(=O)C1=NN=C1N,111.10400000000001,4,1,1,1,4,67.81,-0.6978,0
N=C1NC(=O)C(=O)CO1,128.087,4,2,0,1,5,79.25000000000001,-1.36333,0
N=CN=c1oncn1CN,141.134,5,2,2,1,6,93.19,-1.09993,0
N#CCn1cn[nH]c1=O,124.10299999999998,4,1,1,1,5,74.47,-0.9050200000000002,0
N=C1N=C(CO)C(=N)O1,127.10299999999998,4,3,1,1,5,89.52,-0.6380600000000001,0
Cc1cnnc(=O)n1N,126.11900000000001,5,1,0,1,5,73.8,-1.3394799999999996,0
CN=C1N=CN=C1N,110.12,3,1,0,1,4,63.099999999999994,-0.5861999999999998,0
N=C1COC(=N)C(=O)N1,127.103,4,3,0,1,5,86.03,-0.9126600000000002,0
N=Cn1ncnc1C=O,124.10299999999998,5,1,2,1,5,71.63,-0.4542299999999999,0
N=C1N=C(N)C(CO)=N1,126.119,3,3,1,1,5,94.82000000000001,-1.2747300000000001,0
O=CNCC1N=CN1C=O,141.13,3,1,4,1,5,61.77,-1.4412000000000005,1
N=C1CN=CNC(=O)N1,126.11899999999999,3,3,0,1,5,77.34,-0.6952300000000002,0
N=c1[nH]c(=O)oc(=N)o1,129.075,5,3,0,1,6,106.83999999999999,-1.4801599999999997,0
N#Cc1c[nH]c(=N)o1,109.08799999999998,3,2,0,1,4,76.57,-0.04115000000000002,0
N=C1OC(=O)N=C1CO,128.087,4,2,1,1,5,82.74,-0.45282999999999995,0
N=c1[nH]c(=O)[nH]c(=O)[nH]1,128.091,3,4,0,1,6,105.35999999999999,-2.12923,0
COC1=NC(=O)N=C1O,128.087,2,1,0,1,5,71.25,0.12140000000000001,0
CN=C1N=NC(N)=C1O,126.11899999999999,4,2,0,1,5,83.33,0.16630000000000017,0
N=CN1OC(=N)C1C=O,127.10299999999998,4,2,2,1,5,77.24000000000001,-0.6145600000000002,1
N#CCc1nnc(N)n1N,138.13400000000001,6,2,1,1,6,106.54,-1.35982,0
N=C1COC(=O)N=CO1,128.087,4,1,0,1,5,71.74,0.15877000000000002,0
NN(C=O)C1N=C1C=O,127.10299999999998,4,1,3,1,5,75.75999999999999,-1.7019000000000004,1
Cc1nc(CO)nn1N,128.135,5,2,1,1,5,76.96000000000001,-1.2073800000000001,0
CCc1nc(O)nn1N,128.135,5,2,1,1,5,76.96000000000001,-0.7401000000000002,0
N=C1OCCNC(=O)O1,130.103,4,2,0,1,5,71.41,-0.32243000000000016,0
N=C1CC(OC(N)=O)CO1,144.13,4,2,1,1,5,85.39999999999999,-0.15213000000000004,1
N=Cc1nocc1N,111.104,4,2,1,1,4,75.9,0.25447000000000003,0
N#CCc1nnoc1N,124.10300000000001,5,1,1,1,5,88.73,-0.28212000000000004,0
CN=C1NN=C1OC=N,126.11899999999999,4,2,1,1,5,69.83000000000001,-0.4449300000000002,0
N=Cn1nc(O)cc1N,126.11899999999999,5,3,1,1,5,87.92,-0.37393000000000004,0
Nc1cnc(NC=O)[nH]1,126.11899999999999,3,3,2,1,5,83.79999999999998,-0.43980000000000036,0
N=CN1C=COC(=O)N1,127.10299999999998,3,2,1,1,5,65.42,0.021469999999999934,0
CC(O)C1=NNC1=N,113.12,3,3,1,1,4,68.47,-0.6963300000000001,1
N=C1OCC(=O)NC1=O,128.087,4,2,0,1,5,79.25,-1.36333,0
CN=C1OC(=N)C(=O)O1,128.087,5,1,0,1,5,71.74,-0.47713,0
CN=C(N)C1=NC(=O)O1,127.10299999999998,3,1,1,1,5,77.04,-0.47789999999999994,0
N=C(C=O)OC1OC1=N,128.087,5,2,2,1,5,86.53,-0.48725999999999997,1
N=C1C=C(N)C(=O)N1,111.104,3,3,0,1,4,78.97,-1.0639300000000003,0
N=Cn1oc(=N)cc1N,126.119,5,3,1,1,5,91.79,-0.40206000000000003,0
N=COC1COC(=N)O1,130.103,5,2,2,1,5,75.39,-0.08225999999999994,1
CC1=NC(=N)N=C1C=O,123.11499999999998,2,1,1,1,4,65.64,0.035569999999999935,0
N=CN1CC(=N)OCO1,129.119,4,2,1,1,5,69.4,-0.2079600000000001,0
N=C1C=C(N)N=C1N,110.12000000000002,4,3,0,1,4,88.25,-0.8229300000000002,0
Nc1nc(=O)cn[nH]1,112.09199999999998,4,2,0,1,5,84.66,-1.2529000000000001,0
N=C1OCOC(=N)C1=O,128.087,5,2,0,1,5,83.22999999999999,-0.48566000000000015,0
CC(=O)n1ncnc1N,126.119,5,1,0,1,5,73.8,-0.47959999999999997,0
COC1=CN=C(N)C1=N,125.131,4,2,1,1,4,71.46000000000001,-0.13522999999999985,0
NC(=O)c1coc(=O)o1,129.07099999999997,4,1,1,1,5,86.44000000000001,-0.6683000000000001,0
CC1=C(O)C(=N)N=C1O,126.115,2,3,0,1,4,76.67,0.7657700000000001,0
N=CN1C(=O)OC1C=O,128.08699999999996,4,1,2,1,5,70.46000000000001,-0.42933,1
N=C1CC(=N)OC(=N)O1,127.10299999999998,5,3,0,1,5,90.01,0.31261,0
NC1=NC(=CO)C(N)=N1,126.11899999999999,5,3,0,1,5,96.99,-0.9286999999999999,0
N=CN1COC1=NCO,129.119,4,2,2,1,5,68.91000000000001,-0.8110300000000004,0
O=C1NN=C(CO)C1=O,128.087,4,2,1,1,5,78.75999999999999,-1.9664000000000006,0
N=C1COC(=O)NCO1,130.103,4,2,0,1,5,71.41,-0.3224300000000002,0
N=C1NC=NC1CO,113.11999999999999,3,3,1,1,4,68.47,-1.04393,1
N=CN1C(=N)OCC1=O,127.10299999999998,4,2,1,1,5,77.24000000000001,-0.6129600000000002,0
N=C(CN)OC1CC1=O,128.13099999999997,4,2,2,1,4,76.17000000000002,-0.71963,1
CN1CC(=N)OCOC1=O,144.13,4,1,0,1,5,62.62000000000001,0.01977000000000012,0
N=CN1C=C(O)COC1=O,142.11399999999998,4,2,1,1,5,73.62,0.4450700000000001,0
N=C(CN)c1nc1=O,111.10399999999998,4,2,2,1,4,79.83000000000001,-1.35603,0
N=C(N)N1CCC(=O)C1=N,140.146,3,3,0,1,5,94.03,-0.8680599999999998,0
O=CC(=O)N1COC=N1,128.087,4,0,1,1,5,58.97,-1.0551000000000001,0
Nc1cnoc1C=O,112.08799999999998,4,1,1,1,4,69.12,0.06930000000000014,0
N=C1N=NC=C1C=O,109.08799999999998,3,1,1,1,4,65.64,0.51227,0
Nc1ncc(OC=O)o1,128.087,5,1,2,1,5,78.35000000000001,-0.20800000000000013,0
NC(=O)C1=CN=C1O,112.08799999999998,2,2,1,1,4,75.68,-0.6742999999999999,0
NC1=CC(=O)C(=O)O1,113.07199999999999,4,1,0,1,4,69.39,-1.0876000000000001,0
Cc1nnc(CO)n1CO,143.14600000000002,5,2,2,1,5,71.17,-0.9713800000000001,0
CC1=C(CN)C(=O)N=N1,125.131,3,1,1,1,4,67.81,0.2114999999999999,0
N=C1COC(=O)OCO1,131.087,5,1,0,1,5,68.61,0.10457,0
CC(=O)C(O)N1NC1=N,129.119,3,3,2,1,5,86.1,-1.3512299999999997,1
Nc1cc(C=O)[n+]([O-])o1,128.087,4,1,1,1,5,83.17,-0.6922999999999999,0
Nc1nnc(C=O)[nH]1,112.09199999999998,4,2,1,1,5,84.66,-0.8006000000000004,0
Cc1nnc(CC=N)nn1,137.146,5,1,2,1,5,75.41,-0.23291000000000012,0
N=C1N=C(N)OC1=N,112.092,4,3,0,1,5,95.31,-0.7141600000000001,0
N=c1occ(C=O)n1N,127.10300000000001,5,2,1,1,5,85.01,-0.91313,0
N#Cc1cnoc1N,109.088,4,1,0,1,4,75.84,0.12848000000000004,0
N=C1CC(=N)OC(=O)O1,128.087,5,2,0,1,5,83.23,0.49784,0
N=c1nc(CN)nco1,126.119,5,2,1,1,5,88.79,-0.99223,0
N=C1COCN=CO1,114.104,4,1,0,1,4,54.67,-0.003730000000000011,0
N=COC1NCOC1=N,129.119,5,3,2,1,5,78.19,-0.5092600000000003,1
Nc1noccc1=O,112.08799999999998,4,1,0,1,4,69.12,-0.383,0
N#CC(=N)N1COCO1,127.103,4,1,0,1,5,69.34,-0.33394999999999997,0
Nc1ocnc1C=O,112.08799999999998,4,1,1,1,4,69.12,0.06930000000000014,0
COC1=NC(=O)C(=O)N1,128.087,3,1,0,1,5,67.75999999999999,-1.3548000000000002,0
COC(=N)C1=NC(=O)N1,127.103,3,2,1,1,5,74.53999999999999,-0.2682300000000001,0
N=C1NC(=O)C(=N)O1,113.076,4,3,0,1,5,86.03000000000002,-0.9551600000000002,0
N=C1NC(=O)CC(=O)O1,128.087,4,2,0,1,5,79.25000000000001,-1.0157300000000002,0
COC1=NC=NC1=N,111.104,3,1,0,1,4,57.800000000000004,0.05046999999999996,0
O=CN1CCOC(=O)N1,130.103,3,1,1,1,5,58.64,-0.9004000000000001,0
N=C1CC(=N)OC(=O)O1,128.087,5,2,0,1,5,83.23,0.49784,0
N=CC1=NC(=O)C(=O)O1,126.07099999999998,4,1,1,1,5,79.58,-0.8821300000000001,0
CC1=NC(N)=NC1=N,110.12,3,2,0,1,4,74.59,-0.24712999999999996,0
NC(=O)C1=NC=C1C=O,124.09899999999998,3,1,2,1,4,72.52000000000001,-0.9909000000000001,0
Nc1n[nH]cnc1=NC=O,139.118,4,2,1,1,6,97.02000000000001,-1.556,0
N=C1N=CNC(C=O)N1,126.11899999999997,3,3,1,1,5,77.34,-1.3327300000000002,1
N=c1nc[nH]cnc1=O,124.10299999999998,4,2,0,1,5,82.49000000000001,-1.3556300000000001,0
O=CN1CC(=O)COCN1,144.13,4,1,1,1,5,58.64,-1.4937999999999991,0
NC(=O)NC1=NCCO1,129.119,3,2,0,1,5,76.71000000000001,-0.9590999999999998,0
N=COC1COC(=N)N1,129.119,4,3,2,1,5,78.19,-0.5092600000000003,1
CC(=O)C1=C(O)N=N1,112.088,4,1,1,1,4,62.019999999999996,0.7683,0
C#Cc1nc(=N)nn[nH]1,121.10300000000001,4,2,0,1,5,78.31,-1.3395300000000003,0
CNC1=NC(=O)N1C=N,126.11899999999999,3,2,1,1,5,68.55000000000001,-0.3955299999999999,0
Cc1nnc(N)n1C=O,126.119,5,1,1,1,5,73.8,-0.7929800000000002,0
N=Cn1c(N)coc1=O,127.10299999999998,5,2,1,1,5,85.00999999999999,-0.5213300000000001,0
CC1=NC(=N)N=C1N,110.12,2,2,0,1,4,74.59,-0.24712999999999996,0
O=C1NCCC(=NO)N1,129.119,3,3,0,1,5,73.72,-0.5230000000000001,0
N=C1NN=C(CO)C1=O,127.10299999999998,4,3,1,1,5,85.53999999999999,-1.5157300000000002,0
CC(N)C1=NC(=N)O1,113.11999999999999,3,2,1,1,4,71.46,-0.30292999999999987,1
N=C(N)C1=NC=NC1=N,123.119,3,3,1,1,5,98.44,-0.6174600000000001,0
NC1=NOC(=O)C1=O,114.05999999999999,5,1,0,1,5,81.75,-1.6155,0
NC(=O)n1ccc(N)n1,126.119,4,2,0,1,5,86.93,-0.6079000000000001,0
N=C1OC(=N)C(=O)O1,114.05999999999999,5,2,0,1,5,83.23,-0.5281600000000002,0
CCn1oc(=O)nc1O,130.103,5,1,1,1,5,68.26,-0.4382000000000001,0
Cc1c(O)n[nH]c1N,113.12000000000002,3,3,0,1,4,74.93,0.00591999999999987,0
NC1=C(N)C(=O)C=N1,111.10399999999998,4,2,0,1,4,81.47,-1.2736000000000003,0
N#CCOC1C(=N)OC1=O,140.09799999999998,5,1,2,1,5,83.16999999999999,-0.5707500000000001,1
N=C1NCOC(C=O)O1,130.10299999999998,4,2,1,1,5,71.41,-0.9599300000000002,1
CCC1=NC(N)=NC1=O,125.131,3,1,1,1,4,67.81,-0.30770000000000003,0
N=C1N=NC=C1CN,110.12,3,2,1,1,4,74.59,0.27207000000000015,0
CCN1COC(=O)C(=N)N1,143.14600000000002,4,2,1,1,5,65.42,-0.69553,0
N=CN1NCOCC1=O,129.119,4,2,1,1,5,65.42000000000002,-1.0856299999999999,0
N=COC1=NC=NC1=O,125.08699999999999,4,1,1,1,5,74.87,-0.42293000000000003,0
N=Cc1nc(N)n(CO)n1,141.13400000000001,6,3,2,1,6,100.81,-1.1922300000000006,0
N=C1NC(=O)C(=O)CO1,128.087,4,2,0,1,5,79.25000000000001,-1.36333,0
Nc1nc(C=O)[nH]c1N,126.11899999999999,4,3,1,1,5,97.78999999999999,-0.6134000000000002,0
N=CN1CONC1C=O,129.11899999999997,4,2,2,1,5,65.42000000000002,-1.0872300000000001,1
COc1nnc(N)n1C=O,142.118,6,1,2,1,6,83.03,-1.0928,0
N=C1C=NC(=N)OCOC1,141.13,4,2,0,1,5,78.52000000000001,0.016039999999999888,0
N=C1COC(=N)C(=N)N1,126.119,4,4,0,1,5,92.81,-0.46199000000000007,0
CNC(=O)C1=NC(=N)N1,126.119,2,3,1,1,5,77.34,-1.3311300000000001,0
CC(=O)C1=NC(=O)O1,113.07199999999999,3,0,1,1,4,55.730000000000004,0.12410000000000004,0
N=CN1CC(=N)OCO1,129.119,4,2,1,1,5,69.4,-0.2079600000000001,0
Cn1cnc(=N)n1N,113.12400000000001,5,2,0,1,5,72.62,-1.5851299999999995,0
N=CC1=NC(=N)C(N)=N1,123.11900000000001,4,3,1,1,5,98.44,-0.6174600000000001,0
NC(=O)c1coc(=O)o1,129.07099999999997,4,1,1,1,5,86.44000000000001,-0.6683000000000001,0
N=CN1CC(N)=[N+]1[O-],114.108,3,2,1,1,5,79.17999999999999,-1.3084299999999998,0
N=C1N=C(N)C=C1N,110.12,3,3,0,1,4,88.25,-0.8229299999999997,0
Nc1ncnc(C=O)n1,124.10299999999998,5,1,1,1,5,81.76,-0.7337,0
CN=C1OC(=O)N=C1N,127.10300000000001,4,1,0,1,5,77.03999999999999,-0.47789999999999994,0
N=C1CCOC(=NO)O1,130.10299999999998,5,2,0,1,5,74.9,0.14577,0
CN=C1N=C(N)C(=O)N1,126.119,3,2,0,1,5,79.84,-1.540799999999999,0
N=COC1=NC=NC1=N,124.103,4,2,1,1,5,81.65,0.027739999999999987,0
N=C(N)C1CC(=O)CN1,127.147,3,3,1,1,4,78.97,-1.1466300000000003,1
O=C1CNNC(=O)O1,116.07599999999998,4,2,0,1,5,67.43,-1.2426000000000001,0
CN=c1nc(N)c1=O,111.104,4,1,0,1,4,68.34,-1.5698999999999999,0
N=C1OC(C=O)OC1=N,128.087,5,2,1,1,5,83.22999999999999,-0.48725999999999997,0
Nc1nncnc1C=O,124.10299999999998,5,1,1,1,5,81.75999999999999,-0.7337000000000002,0
N#CC(=O)N1CC(=N)O1,125.08699999999999,4,1,0,1,5,77.18,-0.73895,0
N=C(N)Oc1cnco1,127.10299999999998,4,2,1,1,5,85.13000000000001,-0.053129999999999844,0
N=CN1C(=N)N1C=O,112.09199999999998,3,2,2,1,5,70.78999999999999,-0.7827600000000001,0
N=C1COC(=N)OCO1,130.103,5,2,0,1,5,75.39,-0.08066000000000012,0
N=C1OCNC(=O)O1,116.07599999999998,4,2,0,1,5,71.41,-0.36493000000000014,0
NC1=CC(=O)N=C1N,111.10400000000001,3,2,0,1,4,81.47,-1.2736000000000003,0
N=C1NC(=O)C(=O)O1,114.05999999999999,4,2,0,1,5,79.25000000000001,-1.4058300000000001,0
N=c1oc(=O)c1=NO,114.05999999999999,5,2,0,1,5,86.65,-1.7152300000000005,0
NC(=O)C1=NN=C1C=O,125.08699999999999,4,1,2,1,5,84.88,-1.5188,0
CNC(=O)C1=NC(=O)O1,128.087,3,1,1,1,5,67.76,-0.7189000000000001,0
COc1cnc(=O)[nH]n1,127.103,4,1,1,1,5,67.87,-0.8265000000000002,0
N=CC1NC(=N)NCO1,128.13500000000002,3,4,1,1,5,80.99000000000001,-0.9362600000000003,1
COc1c[nH]nnc1=O,127.103,4,1,1,1,5,67.87,-0.8265,0
N=C1OCC(=N)C(=N)O1,127.103,5,3,0,1,5,90.01,-0.034989999999999966,0
N=c1[nH]c(=O)nco1,113.076,4,2,0,1,5,82.74,-1.15763,0
Cc1cnc(O)nc1N,125.131,4,2,0,1,4,72.03,0.07282000000000005,0
COC1NC(C#N)C(=N)O1,141.13,5,2,1,1,5,78.13000000000001,-0.5943500000000002,2
N=CN1C=C(N)OCN1,128.13500000000002,4,3,1,1,5,74.37,-0.8546300000000002,0
CN1OCC(=O)C(=N)O1,130.103,5,1,0,1,5,62.620000000000005,-0.6586300000000003,0
N=C1NC(=N)C(=O)O1,113.076,4,3,0,1,5,86.03000000000002,-0.95516,0
CC1(C(=N)O)OC1=O,115.08799999999998,3,2,1,1,4,73.68,-0.16283000000000003,1
CC(=O)n1cnnc1N,126.11900000000001,5,1,0,1,5,73.8,-0.47959999999999997,0
CNC1=C(N)C(=O)N=N1,126.11900000000001,4,2,1,1,5,79.83999999999999,-0.6740000000000002,0
N=CN1C=NC(=O)OC1,127.10299999999998,3,1,1,1,5,65.75,0.031470000000000053,0
NC(=O)C1=NC(=O)C=N1,125.08699999999999,3,1,1,1,5,84.88000000000001,-1.5188,0
N#CCC1=NC(=N)N=N1,121.10300000000001,3,1,1,1,5,84.72,0.69915,0
CC(=O)C1=NC(N)=N1,111.10400000000001,4,1,1,1,4,67.81,-0.6978,0
NN=C1NC(=O)C(=O)O1,129.075,5,2,0,1,6,93.77999999999999,-2.1109,0
N=Cc1n[nH]nc1CN,125.135,4,3,2,1,5,91.44,-0.7389300000000001,0
CN1CC([N+](=O)[O-])CN1,131.135,4,1,1,1,5,58.41,-0.9182999999999999,1
N=C1N=CC(F)=NC1=N,126.09400000000001,2,2,0,1,5,72.42,0.39334,0
N=C1NC(=O)C(C=O)O1,128.087,4,2,1,1,5,79.25000000000001,-1.3649300000000002,1
N=Cc1nncnc1N,123.119,5,2,1,1,5,88.54,-0.5485300000000002,0
COC1=NC(=O)C(=N)O1,128.087,4,1,0,1,5,71.74,-0.47713,0
CC(=O)C1=NC(O)=N1,112.088,3,1,1,1,4,62.019999999999996,-0.09849999999999998,0
N=CN1CNC1OC=O,129.11899999999997,4,2,3,1,5,65.42000000000002,-1.0872300000000001,1
N=C1OCC(=N)C(=O)O1,128.087,5,2,0,1,5,83.23,-0.48566000000000015,0
N=C1CNC(=O)COC1=N,141.13,4,3,0,1,5,86.03,-0.8701600000000003,0
N=C1N=C(CN)C(=O)N1,126.119,3,3,1,1,5,91.33000000000001,-1.5493299999999994,0
NC1=CN=C(N)C1=O,111.104,4,2,0,1,4,81.47,-1.2735999999999998,0
N=c1cncc(N)n1N,125.13500000000002,5,3,0,1,5,93.71,-1.34143,0
COc1nc[nH]c(=N)n1,126.119,4,2,1,1,5,74.65,-0.70723,0
Nc1n[nH]cnc1=NC=O,139.118,4,2,1,1,6,97.02000000000001,-1.556,0
N=CN1C=CNCOC1=O,141.13,4,2,1,1,5,65.42000000000002,0.06397000000000014,0
N=C1COC1NC(N)=O,129.119,3,3,1,1,5,88.19999999999999,-0.9692300000000003,1
CC(=O)n1cnc(N)n1,126.11900000000001,5,1,0,1,5,73.8,-0.47959999999999997,0
NC1=NC(F)=NC1=NCO,144.109,4,2,1,1,6,83.33,-0.9690000000000003,0
CN=c1nc[nH]c(=O)o1,127.10299999999998,4,1,0,1,5,71.25,-1.1066000000000003,0
CN=C1NC(=O)C(=O)O1,128.087,4,1,0,1,5,67.76,-1.3548000000000002,0
N=CN1C=NC(=N)CN1,125.13499999999999,3,3,1,1,5,75.33,-0.5807600000000002,0
Nn1cc(O)nc1C=O,127.10299999999998,5,2,1,1,5,81.13999999999999,-0.8850000000000002,0
N#CC1=NC(N)=NC1=O,122.087,4,1,0,1,5,91.6,-1.19412,0
Nc1coc(COCO)n1,144.13000000000002,5,2,3,1,5,81.51,-0.2768000000000001,0
N=C1C=NC(N)=[N+]1[O-],112.09200000000001,4,2,0,1,5,88.30000000000001,-1.12693,0
COC1NC(=O)N1C=N,129.119,3,2,2,1,5,65.42,-0.45132999999999973,1
CN=C1N=CC(C#N)=N1,120.115,2,0,0,1,4,60.87,0.021180000000000088,0
N=C1NC(=O)C(=N)CO1,127.103,4,3,0,1,5,86.03000000000002,-0.9126600000000002,0
N#CC1N=CC(=N)O1,109.08799999999998,4,1,0,1,4,69.23,-0.08565000000000006,1
N=COC1NC(=O)C1=O,128.087,4,2,2,1,5,79.25,-1.3649300000000002,1
N=C1OCNC(=O)CO1,130.10299999999998,4,2,0,1,5,71.41,-0.9583300000000003,0
N=C(N)C1N=CN=C1O,126.11899999999999,3,3,1,1,5,94.82000000000001,-0.7106300000000001,1
N=C1COC(=N)NCO1,129.119,4,3,0,1,5,78.19,-0.5076600000000002,0
Nc1nncnc1C=O,124.10299999999998,5,1,1,1,5,81.75999999999999,-0.7337000000000002,0
Cn1c(C=O)n[nH]c1=O,127.103,4,1,1,1,5,67.75,-1.0791000000000002,0
NC(=O)N1COC1=O,116.076,3,1,0,1,5,72.63,-0.5251999999999999,0
CNC1=NOC1=NC=O,127.10299999999998,4,1,1,1,5,63.050000000000004,-0.8956000000000002,0
N=CN1COC(=N)OC1,129.11899999999997,4,2,1,1,5,69.4,-0.2079600000000001,0
O=Cc1nn[nH]c1CO,127.10299999999998,4,2,2,1,5,78.87,-0.8905000000000001,0
N=CC1=NC(=N)N=N1,109.09200000000001,3,2,1,1,5,84.78,0.43504,0
CC1=NN=C(CO)C1=N,125.13099999999999,4,2,1,1,4,68.80000000000001,-0.1710299999999999,0
N=C1C=C(N)OC1=O,112.088,4,2,0,1,4,76.17000000000002,-0.6369300000000002,0
NC1=NC(=O)C=N1,97.07699999999998,3,1,0,1,4,67.81,-1.0879,0
C#CC1N=COC(=N)O1,124.09899999999998,4,1,0,1,4,54.67,-0.044430000000000025,1
CC1=NC(=O)C(N)=C1,110.11599999999999,2,1,0,1,3,55.45,-0.16989999999999988,0
CC1NC(=N)NC(=O)O1,129.119,3,3,0,1,5,74.21000000000001,-0.4034300000000001,1
N#CC(N)N1N=CC1=O,124.10299999999998,4,1,1,1,5,82.47999999999999,-1.3772199999999999,1
N=C(CN)N1OCC1=O,129.119,4,2,1,1,5,79.41,-1.3038300000000003,0
N=C(N)c1ncno1,112.092,4,2,1,1,5,88.79,-0.6463300000000001,0
N#CN=Cc1conc1N,136.11399999999998,5,1,1,1,5,88.2,0.15678000000000003,0
Cc1n[nH]c(NC=O)n1,126.11899999999999,3,2,2,1,5,70.67,-0.31858000000000025,0
Cc1n[nH]c(=N)c(=O)o1,127.10299999999998,4,2,0,1,5,82.74,-0.84921,0
N=C1N=C(O)C(=O)N1,113.07599999999998,2,3,0,1,5,85.53999999999999,-0.9925300000000001,0
N=C1OC=NC(CO)O1,130.10299999999998,5,2,1,1,5,74.9,-0.68533,1
O=Cc1ncn[nH]c1=O,125.08699999999999,4,1,1,1,5,75.71000000000001,-1.0226,0
N=C1OCC(=O)C(=N)O1,128.087,5,2,0,1,5,83.23,-0.48566000000000015,0
N=c1nco[nH]c1=O,113.076,4,2,0,1,5,82.74000000000001,-1.15763,0
N#CCC1=NC(=O)N=N1,122.087,3,0,1,1,5,77.94,0.88438,0
N=C1N=C(N)C(C=O)=N1,124.103,3,2,1,1,5,91.66000000000001,-1.06813,0
N=C1C(=O)ON=C1N,113.07600000000001,5,2,0,1,5,88.53,-1.16483,0
N#CCc1n[nH]c(=O)o1,125.08699999999999,4,1,1,1,5,82.67999999999999,-0.5710200000000001,0
COC1=NC(=N)OCN1,129.119,4,2,0,1,5,66.7,-0.49913000000000024,0
N=C1CC(C(=O)O)CO1,129.11499999999998,3,2,1,1,4,70.38000000000001,0.08476999999999996,1
NC(=O)c1cnc(N)o1,127.103,4,2,1,1,5,95.14,-0.6443000000000001,0
CC(N)C1=NN=C1C=N,124.14699999999999,4,2,2,1,4,74.59,-0.20622999999999986,1
COC1=NN=C(N)C1=O,127.103,5,1,0,1,5,77.03999999999999,-1.1138000000000001,0
Nc1nc(N)nc(C=O)n1,139.118,6,2,1,1,6,107.77999999999999,-1.1515000000000002,0
CN1N=NC(NC#N)=CO1,139.118,6,1,1,1,6,73.01,0.10017999999999999,0
CNC1=NC(=O)OC1=O,128.087,4,1,0,1,5,67.75999999999999,-0.7189000000000001,0
Cc1nc(OC=N)n[nH]1,126.11899999999999,4,2,2,1,5,74.65,0.09898999999999991,0
N#CN=C1OCCOC1=N,139.114,5,1,0,1,5,78.46000000000001,-0.10995000000000005,0
N=Cc1n[nH]ncc1=N,123.11899999999999,4,3,1,1,5,89.27000000000001,-0.7181600000000001,0
N=C1N=COC(=N)CN1,126.119,3,3,0,1,5,81.32,-0.45346000000000014,0
N=C(N)OC1=NN=C1,112.092,4,2,0,1,5,83.82000000000001,-0.70563,0
CC(=O)C1=NNC1=N,111.104,3,2,1,1,4,65.31,-0.4881300000000001,0
CC1=NC(=N)N=C1N,110.12,2,2,0,1,4,74.59,-0.24712999999999996,0
N#CC(N)c1cnno1,124.103,5,1,1,1,5,88.73,-0.40702000000000016,1
N=C1OCNC(=O)CO1,130.10299999999998,4,2,0,1,5,71.41,-0.9583300000000003,0
COc1cnc(=N)[nH]n1,126.119,4,2,1,1,5,74.65,-0.7072300000000002,0
N=C1NC(=O)CN=CO1,127.103,4,2,0,1,5,74.54,-0.9041300000000001,0
COc1nn[nH]c1C#N,124.103,4,1,1,1,5,74.59,-0.31502000000000013,0
N=C1CNC(=O)C(=O)O1,128.087,4,2,0,1,5,79.25000000000001,-1.3633300000000004,0
N=CN1C=NC(CO)C1=N,140.146,4,3,2,1,5,83.53,-0.7244600000000003,1
N=C1NCC(C(=O)O)N1,129.119,2,4,1,1,5,85.21000000000001,-1.4328300000000003,1
N=C1OCCOC(=N)C1=N,141.13,5,3,0,1,5,90.00999999999999,0.007510000000000017,0
CNC(=O)N1CC(=O)N1,129.119,2,2,0,1,5,61.440000000000005,-1.3273999999999995,0
Cc1noc(=O)n1N,115.09200000000001,5,1,0,1,5,74.05,-1.14148,0
COc1[nH]nnc1C=O,127.103,4,1,2,1,5,67.87,-0.37420000000000025,0
N=C1OCC(=O)C(=N)O1,128.087,5,2,0,1,5,83.23,-0.48566000000000015,0
Cn1c(C=N)noc1=N,126.11899999999999,5,2,1,1,5,78.66,-0.50976,0
N=C1C(N)=CN=C1N,110.12,4,3,0,1,4,88.25,-0.8229300000000002,0
N=C1NCC(=O)OCCO1,144.13,4,2,0,1,5,71.41000000000001,-0.9158300000000001,0
N=Cc1nnncc1N,123.119,5,2,1,1,5,88.54,-0.54853,0
N=C1OCN(C=O)C1O,130.10299999999998,4,2,1,1,5,73.62,-1.2718300000000005,1
N=C1N=C(CO)N=C1N,126.119,4,3,1,1,5,94.82,-1.2747300000000001,0
N=C1OCC(=O)OC1=N,128.087,5,2,0,1,5,83.22999999999999,-0.48566000000000015,0
COc1cnoc(=N)n1,127.103,5,1,1,1,5,72.0,-0.44233000000000006,0
N=C1NC=NC(=O)CO1,127.103,3,2,0,1,5,74.54,-0.9041300000000001,0
CC1=NC(CO)=NC1=N,125.13099999999999,3,2,1,1,4,68.80000000000001,-0.17103000000000002,0
N=Cc1n[nH]c(=N)n1N,126.123,5,4,1,1,6,107.33,-1.5978599999999998,0
N=C1OCC(=O)C(=N)O1,128.087,5,2,0,1,5,83.23,-0.48566000000000015,0
CNC1=NOC(=O)CN1,129.119,5,2,0,1,5,62.720000000000006,-1.3767999999999998,0
CC(=N)n1[nH]cnc1=O,126.11899999999999,4,2,0,1,5,74.53,-0.5833300000000001,0
Cn1nncc1NC=N,125.13499999999998,4,2,2,1,5,66.59,-0.16593000000000008,0
Cn1c(=N)cnoc1=N,126.11899999999999,5,2,0,1,5,78.66,-1.0279600000000002,0
CNC1=NN=C1C=O,111.10399999999998,4,1,1,1,4,53.82,-0.8272000000000002,0
N=c1occ(N)oc1=O,128.08700000000002,5,2,0,1,5,93.22,-0.70553,0
N=C1COC(=N)OCO1,130.103,5,2,0,1,5,75.39,-0.08066000000000012,0
N=C1N=C(C(=N)N)O1,112.092,3,3,1,1,5,95.31,-0.7141600000000001,0
NC(=O)C1=NN=C1N,112.09200000000001,4,2,1,1,5,93.83,-1.8014999999999999,0
N=C1COC(=O)N=CN1,127.103,3,2,0,1,5,74.53999999999999,-0.26823000000000013,0
N=C1NCOC(C=O)O1,130.10299999999998,4,2,1,1,5,71.41,-0.9599300000000002,1
NN1C(C=O)=C1C=O,112.08799999999998,4,1,2,1,4,63.17,-1.2149,0
Nc1ncc(=O)[nH]c1O,127.10299999999998,4,3,0,1,5,92.0,-0.9423000000000001,0
Nc1cnc(C=O)n1CO,141.13,5,2,2,1,5,81.14,-0.7724000000000002,0
NC(=O)c1nnco1,113.076,4,1,1,1,5,82.01,-0.8315000000000003,0
C[N+]1([O-])N=CC=NO1,115.09199999999998,4,0,0,1,5,57.010000000000005,-0.1524000000000001,1
N=C1C=C(N)C(=O)N1,111.104,3,3,0,1,4,78.97,-1.0639300000000003,0
Cc1nc(=O)on1N,115.092,5,1,0,1,5,74.05,-1.14148,0
N=CN1C=NC1(O)C=O,127.10299999999997,4,2,2,1,5,76.75,-1.2176300000000002,1
N=C1NC(O)C(=O)CO1,130.103,4,3,0,1,5,82.41000000000001,-1.5715299999999999,1
C#Cc1cnnn1N,108.10400000000001,4,1,0,1,4,56.730000000000004,-1.0268000000000002,0
CNC1(C(=N)O)OC1=N,129.119,4,4,2,1,5,92.49000000000001,-0.5551600000000001,1
N=C1OCOC(=O)CO1,131.087,5,1,0,1,5,68.61,-0.5313300000000001,0
N=CN1COC(=O)N1,115.09199999999998,3,2,1,1,5,65.42,-0.4922300000000001,0
O=CC1N=CNC(=O)N1,127.10299999999998,3,2,1,1,5,70.56,-1.1475000000000002,1
O=CN1C=NC(=O)OC1,128.087,3,0,1,1,5,58.97,-0.4192,0
Nc1n[nH]c(C=O)n1,112.09199999999998,4,2,1,1,5,84.66,-0.8006000000000004,0
CNc1conc1C=N,125.131,4,2,2,1,4,61.910000000000004,0.7139699999999999,0
N=C1NCC(=O)OCCO1,144.13,4,2,0,1,5,71.41000000000001,-0.9158300000000001,0
N=C1COC(=N)N=CO1,127.103,4,2,0,1,5,78.52,-0.026460000000000095,0
CC(=O)C1N=CNN=N1,126.119,5,1,1,1,5,66.18,-0.09980000000000006,1
Cc1noc(=N)c(=N)o1,127.103,5,2,0,1,5,86.87,-0.46504000000000006,0
CC(C)c1n[nH]nnc1=N,139.162,4,2,1,1,5,78.31,-0.19742999999999988,0
N=C1N=C(CO)N=C1N,126.119,4,3,1,1,5,94.82,-1.2747300000000001,0
CN=C1C=NC(N)=N1,110.12,3,1,0,1,4,63.099999999999994,-0.5862,0
NCC(=O)C1=NC=C1N,125.131,4,2,2,1,4,81.47,-1.2311000000000003,0
O=C1N=CNC1=NCO,127.10299999999998,3,2,1,1,5,74.05,-1.5071999999999999,0
N=C1NCC(=O)OC(=O)N1,143.102,4,3,0,1,6,91.28,-1.22283,0
Nc1ncc(N)c(=O)o1,127.103,5,2,0,1,5,95.14,-0.8008,0
NC1=NC(=O)C(C=O)=N1,125.08699999999997,4,1,1,1,5,84.88,-1.5188,0
N=CN1COC(=N)CN1,128.135,4,3,1,1,5,72.2,-0.6349600000000002,0
CC(=NO)C1NC(=O)O1,130.10299999999998,4,2,1,1,5,70.92,-0.0975999999999998,1
N=C1COC(=N)OCO1,130.103,5,2,0,1,5,75.39,-0.08066000000000012,0
N=C1OC(=N)C(=O)O1,114.05999999999999,5,2,0,1,5,83.23,-0.5281600000000002,0
N=c1[nH]nncc1C=O,124.10299999999998,4,2,1,1,5,82.49000000000001,-0.9033300000000004,0
N#CCNC1=C(O)N=N1,124.103,5,2,2,1,5,80.77,0.24997999999999998,0
COc1n[nH]nc(N)c1=O,142.118,5,2,1,1,6,93.88999999999999,-1.2443000000000002,0
CC(=O)C1=NNC1=N,111.104,3,2,1,1,4,65.31,-0.4881300000000001,0
N#CN1NNC1C=N,111.10799999999998,5,3,1,1,5,74.94,-1.23205,1
CC(=O)n1ccnn1,111.104,4,0,0,1,4,47.78,-0.06180000000000008,0
O=C(CO)c1cc1=O,112.08399999999999,3,1,2,1,3,54.37,-0.9026000000000001,0
OCN=Cc1nocc1O,142.114,5,2,2,1,5,78.85000000000001,-0.2511000000000001,0
Nc1nnc(C=O)n1N,127.107,6,2,1,1,6,99.82000000000001,-1.6134000000000004,0
N=CNC1N=COC1=O,127.10299999999998,4,2,2,1,5,74.53999999999999,-0.9057300000000001,1
CC(O)C1=NNC1=O,114.104,3,2,1,1,4,61.690000000000005,-1.1470000000000002,1
CNC1=NC=NC1=O,111.10399999999998,3,1,0,1,4,53.82,-0.8272000000000002,0
Nc1cnc(C=O)n1N,126.119,5,2,1,1,5,86.92999999999999,-1.0084,0
N=COC1=NCNC(=O)N1,142.118,4,3,1,1,6,86.57,-0.7636300000000003,0
N=C1OC(=NO)C1C=O,128.087,5,2,1,1,5,82.74000000000001,-0.4033300000000002,1
N=C1OCC(=O)C(=O)O1,129.071,5,1,0,1,5,76.45,-0.9363300000000001,0
CN=C1N=C(N)C(=O)O1,127.103,4,1,0,1,5,77.04,-1.1138,0
CC(O)C1=NN=C1N,113.12000000000002,4,2,1,1,4,70.97,-0.9060000000000001,1
Nc1n[nH]cc1C=O,111.10399999999997,3,2,1,1,4,71.77,-0.19560000000000038,0
N=C1NC(C=O)OC1=N,127.103,4,3,1,1,5,86.03,-0.9142600000000001,1
N=C1N=CC(N)=C1N,110.12000000000002,3,3,0,1,4,88.25,-0.8229300000000002,0
N=C1N=CC(=CN)O1,111.104,3,2,0,1,4,71.46000000000001,-0.17773000000000005,0
N=C1N=C(N)C(=O)O1,113.076,4,2,0,1,5,88.53000000000002,-1.16483,0
N=CNC1=NC1C=O,111.10399999999998,3,2,2,1,4,65.31,-0.8373300000000001,1
COC1=CNC(=O)C1=N,126.11499999999998,3,2,1,1,4,62.18,-0.37623,0
COC1=NC(=N)C(N)=N1,126.11900000000001,4,2,0,1,5,83.82,-0.6631300000000002,0
O=CC1=NC(=O)NOC1,128.087,3,1,1,1,5,67.76,-0.7189000000000001,0
NC(=O)C1=NC=C1N,111.104,3,2,1,1,4,81.47,-1.2736000000000003,0
CC(N)C1NCC(=O)O1,130.147,4,2,1,1,4,64.35,-1.193899999999999,2
N=CN1CC(=O)OCO1,130.10299999999998,4,1,1,1,5,62.620000000000005,-0.65863,0
N=C1CC(=O)OC(=O)N1,128.087,4,2,0,1,5,79.25,-0.37983000000000006,0
CN=C1N=CN=C1C=N,122.13099999999999,3,1,1,1,4,60.93,0.14717000000000008,0
N#CCC1=NC(=O)C=N1,121.09899999999999,3,0,1,1,4,65.58,-0.09041999999999994,0
Nc1cnc(=O)n(N)n1,127.10700000000001,6,2,0,1,6,99.82,-2.0656999999999996,0
N=C1OCC1NC(N)=O,129.119,3,3,1,1,5,88.19999999999999,-0.9692300000000003,1
N=CC1COC(=O)C(=N)O1,142.114,5,2,1,1,5,83.23,-0.44476,1
CC(=O)C1=NC(=N)N1,111.104,2,2,1,1,4,65.31,-0.4881300000000001,0
N=CC1=NC=NC1=N,108.104,3,2,1,1,4,72.42,0.09614,0
N=C1NCC(=O)N=CO1,127.103,3,2,0,1,5,74.54,-0.9041300000000001,0
N=C1N=C(C(=N)O)O1,113.07599999999998,3,3,1,1,5,89.52000000000001,-0.11485999999999996,0
CN=c1[nH]oc(=N)n1C=O,142.118,5,2,1,1,6,87.13999999999999,-1.5425299999999995,0
N=CC1(N)NCC(=O)N1,128.135,4,4,1,1,5,91.0,-2.0321299999999995,1
Cn1cnnc1CO,113.11999999999999,4,1,1,1,4,50.94,-0.6926000000000001,0
N=CC1=NN=C(N)OC=C1,138.13,5,2,1,1,5,83.82000000000001,-0.1494299999999999,0
CNC(=O)C1=NC(=N)O1,127.103,3,2,1,1,5,74.54,-0.9041300000000001,0
N=C1NC(=O)NCCO1,129.119,3,3,0,1,5,74.21000000000001,-0.74943,0
CC1(O)OC(=O)NC1=N,130.103,4,3,0,1,5,82.41,-0.58803,1
N=CN1COCOC1=N,129.119,4,2,1,1,5,69.4,-0.2079600000000001,0
N=C1N=C(N)OC1=O,113.076,4,2,0,1,5,88.53,-1.16483,0
N=C1OC(=O)C(O)CC1N,144.12999999999997,5,3,0,1,5,96.39999999999999,-1.4012300000000004,2
N=C1NC(=N)C(=O)O1,113.076,4,3,0,1,5,86.03000000000002,-0.95516,0
N=C1CN=COC(=O)N1,127.10299999999998,4,2,0,1,5,74.53999999999999,-0.26823000000000013,0
CC1=NC(=O)N=C1N,111.104,2,1,0,1,4,67.81,-0.061899999999999844,0
N=C1N=C(N)N=C1C=O,124.103,4,2,1,1,5,91.66,-1.06813,0
CC(=O)C1=NC(=N)O1,112.088,3,1,1,1,4,62.510000000000005,-0.06112999999999996,0
N=C1OC=NCC1=NO,127.103,5,2,0,1,5,78.03,-0.1476300000000001,0
N=C1N=NC(C=O)=N1,110.076,3,1,1,1,5,78.0,-0.015629999999999977,0
N#CC1=NN=C(N)C1=O,122.08699999999999,5,1,0,1,5,91.6,-1.19412,0
Nc1ncn(C=O)c1CO,141.13,5,2,2,1,5,81.14,-1.0041000000000002,0
NC(=O)C1=NC(=O)O1,114.05999999999999,3,1,1,1,5,81.75000000000001,-0.9796,0
C#CC1=NC(=N)N=N1,106.08800000000001,2,1,0,1,4,60.93,0.4186700000000001,0
CNC1NC(=O)C(=N)O1,129.119,4,3,1,1,5,74.21,-1.3869299999999998,1
N=C1C=C(C=O)N1O,112.08799999999998,3,2,1,1,4,64.39,-0.24873000000000006,0
Cc1n[nH]c(CN)nc1=O,140.14600000000002,4,2,1,1,5,84.66,-1.0679800000000002,0
CC1(N=O)CN=NCC1=O,141.13000000000002,5,0,1,1,5,71.22,0.5464000000000001,1
COC1=NOC(=O)C1=O,129.071,5,0,0,1,5,64.96000000000001,-0.9278000000000002,0
Nc1nc(C=O)n[nH]1,112.09199999999998,4,2,1,1,5,84.66,-0.8006000000000002,0
NC1=CN=C(N)C1=NC=O,138.13,4,2,1,1,5,93.82999999999998,-1.2452999999999999,0
CN=C1N=CC([N+](=O)O)=N1,141.10999999999999,2,1,0,1,6,77.39,-0.37679999999999997,0
N=Cc1nn[nH]c1C=O,124.10299999999998,4,2,2,1,5,82.49000000000001,-0.38513,0
N=C1N=COCOC1=N,127.103,4,2,0,1,5,78.52000000000001,-0.026460000000000095,0
O=C1COC(=O)C1CO,130.099,4,1,1,1,4,63.60000000000001,-1.2792000000000001,1
O=CNC1=CN=NC1=O,125.08699999999999,3,1,2,1,5,70.89,-0.4338000000000002,0
Cn1nnc(O)c1C=O,127.10299999999997,5,1,1,1,5,68.00999999999999,-0.6668000000000001,0
N#CC1CC(=O)CN=N1,123.11500000000001,4,0,0,1,4,65.58,0.30357999999999996,1
CN=C1N=C(CO)N=C1O,141.13,3,2,1,1,5,77.54,-0.6243999999999998,0
CN1NCOC(=O)C1=N,129.119,4,2,0,1,5,65.42,-1.08563,0
Cn1nc(N)nc1C=N,125.135,5,2,1,1,5,80.58000000000001,-0.6050300000000002,0
N=C1NC(N)=CC1=O,111.104,3,3,0,1,4,78.97,-1.0639299999999998,0
N=c1[nH]c(=O)[nH]c(=N)o1,128.091,4,4,0,1,6,109.49,-1.7450599999999996,0
Cc1noc(=N)[nH]c1=O,127.103,4,2,0,1,5,82.74000000000001,-0.84921,0
N=C1NC(=O)N=C1C=O,125.08699999999999,3,2,1,1,5,82.38,-0.67323,0
N=CN1OCC1C(=N)O,129.119,3,3,2,1,5,80.4,-0.25545999999999985,1
CC1(C(=N)OCO)CN1,130.147,4,3,2,1,4,75.25,-0.7080300000000002,1
N=C1COC(=N)C(=N)O1,127.103,5,3,0,1,5,90.01,-0.034989999999999966,0
N=C1NCC(C(=N)O)O1,129.119,3,4,1,1,5,89.19000000000001,-0.5551600000000001,1
CC1=NC(N)=NC1=N,110.12,3,2,0,1,4,74.59,-0.24712999999999996,0
N=COC1N=COC1=N,127.10299999999998,5,2,2,1,5,78.52000000000001,-0.02805999999999992,1
N=C1OC(=O)NC1=O,114.05999999999999,4,2,0,1,5,79.25,-0.7699300000000002,0
N=CN1OC(=O)C1=O,114.05999999999999,4,1,1,1,5,70.46000000000001,-1.10613,0
CC1NC(=N)N=C(C=N)O1,140.146,3,3,1,1,5,81.32000000000001,-0.06496000000000024,1
N=CC1=NC(N)=NC1=O,124.10300000000001,4,2,1,1,5,91.66,-1.0681300000000002,0
N=C(O)C1=CN=NC1=N,124.103,3,3,1,1,5,92.65,0.8486400000000001,0
N=C(C=O)n1cn[nH]1,112.092,4,2,1,1,5,74.53,-0.7645300000000002,0
CC(=O)C1=NOC1=N,112.088,4,1,1,1,4,62.51,-0.06112999999999996,0
N=CCC1=NN=C1N,110.12000000000002,4,2,2,1,4,74.59,-0.24712999999999996,0
N=C1ON(C=O)C1=N,113.07599999999998,4,2,1,1,5,77.24000000000001,-0.6554599999999999,0
Cc1nnc(O)nc1N,126.119,5,2,0,1,5,84.92,-0.5321800000000001,0
N=C1OC(=N)C(=N)O1,113.076,5,3,0,1,5,90.01,-0.07748999999999995,0
CNC1NC(=O)OC1=O,130.10299999999998,4,2,1,1,5,67.43,-1.2017000000000002,1
COC(=O)C1=NOC1=N,128.08700000000002,5,1,1,1,5,71.74000000000001,-0.47713,0
N=C1OCOC(=N)C(=N)O1,143.102,6,3,0,1,6,99.24,-0.10338999999999998,0
NC1=NN=C(CCO)C1=O,141.13,5,2,2,1,5,88.03999999999999,-1.3353,0
CCn1cnc(=O)oc1=N,141.13,5,1,1,1,5,71.88,-0.6643300000000001,0
NC1=NC(=O)C(C=O)=N1,125.08699999999997,4,1,1,1,5,84.88,-1.5188,0
N=C1OC(=O)NC1=O,114.05999999999999,4,2,0,1,5,79.25,-0.7699300000000002,0
N#CCc1nnoc1N,124.10300000000001,5,1,1,1,5,88.73,-0.28212000000000004,0
Nc1ncc(C=O)n1N,126.119,5,2,1,1,5,86.92999999999999,-1.0084000000000004,0
Nc1ncc(C=O)cn1,123.11499999999998,4,1,1,1,4,68.87,-0.12869999999999998,0
Cn1cc(NC=O)nn1,126.119,4,1,2,1,5,59.81,-0.6166000000000003,0
N=C1N=NC(N)=C1CO,126.119,4,3,1,1,5,94.82000000000001,-0.40793,0
N=C1CN=NC(=O)OC1,127.10299999999998,4,1,0,1,5,74.87,0.60857,0
CC1(N)NCNC1=O,115.136,3,3,0,1,4,67.15,-1.6618,1
N=CN1NCOC1C=O,129.11899999999997,4,2,2,1,5,65.42000000000002,-1.0872300000000001,1
C#CC1=NC(N)=NC1=N,120.11500000000001,3,2,0,1,4,74.59,-0.6338299999999999,0
CC(=O)n1cnc(=N)o1,127.103,5,1,0,1,5,71.88,-0.38433,0
N=c1[nH]cnnc1C=O,124.103,4,2,1,1,5,82.49000000000001,-0.90333,0
NC(=O)n1ccnn1,112.092,4,1,0,1,5,73.80000000000001,-0.7951000000000001,0
N=COC1OCOC1=N,130.103,5,2,2,1,5,75.39000000000001,-0.08226000000000017,1
Cc1n[nH]nc1CO,113.11999999999999,3,2,1,1,4,61.8,-0.39458000000000004,0
NC(=O)C1=NC(N)=N1,112.09200000000001,4,2,1,1,5,93.83,-1.8014999999999999,0
O=C1CNC(=O)C(=O)N1,128.087,3,2,0,1,5,75.27,-2.2409999999999997,0
COC(=O)c1cnc(N)o1,142.114,5,1,1,1,5,78.35,0.043399999999999994,0
N=CC(C#CN)C1=NN=N1,135.13000000000002,5,2,2,1,5,86.95,-0.04893000000000003,1
CNc1cnc(C#N)nn1,135.13,5,1,1,1,5,74.49000000000001,-0.21502000000000016,0
N=CC1OC(=O)N1C=N,127.103,4,2,2,1,5,77.24000000000001,0.021340000000000192,1
CN=C1N=C([O-])C(=N)O1,126.09499999999998,4,1,0,1,5,80.86,-1.2615300000000003,0
Nc1nc(C=O)oc1N,127.10299999999998,5,2,1,1,5,95.14,-0.3485,0
N=C1CN=NC(=O)OC1,127.10299999999998,4,1,0,1,5,74.87,0.60857,0
COC1COC(=N)C(C#N)O1,156.141,5,1,1,1,5,75.33,-0.12485000000000007,2
N=C1OCOC(=O)C(=O)O1,145.07,6,1,0,1,6,85.68,-1.0047300000000001,0
N=CC1=NC(N)=NC1=O,124.10300000000001,4,2,1,1,5,91.66,-1.0681300000000002,0
N=C1OCC(CO)=[N+]1[O-],130.103,4,2,1,1,5,79.38,-1.1050300000000002,0
Cn1cnnc1C(N)=O,126.119,4,1,1,1,5,73.80000000000001,-1.0860000000000003,0
N=C1OCNC(=O)C1=N,127.10299999999998,4,3,0,1,5,86.03,-0.9126600000000002,0
NC1=NC(C=O)=NC1=O,125.08699999999997,4,1,1,1,5,84.88,-1.5188,0
N=C1COC(=O)OC1=O,129.071,5,1,0,1,5,76.44999999999999,-0.3004300000000002,0
Nc1n[nH]cnc1=O,112.09199999999998,4,2,0,1,5,84.66,-1.2529000000000006,0
NC1=NC(=O)N=C1CO,127.10299999999998,3,2,1,1,5,88.04,-1.0895000000000001,0
N=COC1N=COC1=O,128.087,5,1,2,1,5,71.74000000000001,-0.4787300000000001,1
N=c1ncc(CO)n[nH]1,126.119,4,3,1,1,5,85.65,-1.2235300000000002,0
N=CN1OC(=N)C1=O,113.076,4,2,1,1,5,77.24000000000001,-0.6554600000000002,0
CN=C1C=NN=C1O,111.10399999999998,3,1,0,1,4,57.31,0.013099999999999945,0
N=C1N=CC(N)=C1OCN,140.146,4,3,2,1,5,97.48,-0.8488300000000002,0
COC1=NC(=N)N=C1N,126.11900000000001,3,2,0,1,5,83.82,-0.66313,0
N=C1OC(=N)C(=O)O1,114.05999999999999,5,2,0,1,5,83.23,-0.5281600000000002,0
COC1=NC(=N)C(=N)O1,127.103,4,2,0,1,5,78.52,-0.02646000000000004,0
N=C1N=CC(N)=NC1=N,123.11900000000001,3,3,0,1,5,98.44,-0.6174600000000001,0
N=CN1NCOC1=O,115.09199999999998,4,2,1,1,5,65.42000000000002,-0.49222999999999995,0
N=C1COC(=N)OCO1,130.103,5,2,0,1,5,75.39,-0.08066000000000012,0
COC1=NC(=N)OCO1,130.103,4,1,0,1,5,63.900000000000006,-0.07213000000000008,0
CC1OCOCNC1=N,130.147,3,2,0,1,4,54.34,-0.09643000000000013,1
N=C1OCC(=O)C(=N)O1,128.087,5,2,0,1,5,83.23,-0.48566000000000015,0
Nc1cnoc(=O)c1N,127.103,5,2,0,1,5,95.14,-0.8008,0
N=C1COC(=O)OC1=N,128.087,5,2,0,1,5,83.22999999999999,0.15023999999999993,0
CNc1n[nH]nc1NC=O,141.134,4,3,3,1,6,82.69999999999999,-0.5853000000000004,0
NCC1=C(C=O)N=C1N,125.13099999999999,4,2,2,1,4,81.47,-1.2311000000000003,0
CNC1=NN=C1C=N,110.11999999999999,4,2,1,1,4,60.6,-0.3765300000000002,0
N=C1CC(O)NC(=N)O1,129.119,4,4,0,1,5,89.19000000000001,-0.7732600000000003,1
Cn1cnc(=O)n1C#N,124.103,5,0,0,1,5,63.61,-1.08902,0
C#CC(=N)NC1=CN=N1,120.115,3,2,1,1,4,60.6,0.45116999999999996,0
N=C1CNC(=N)C(=O)N1,126.11899999999999,3,4,0,1,5,88.83000000000001,-1.3396600000000005,0
N=C1CC(=N)C(=N)OCO1,141.13,5,3,0,1,5,90.01000000000002,0.3551099999999999,0
Cc1n[nH]nc(C=O)c1=N,138.13,4,2,1,1,5,82.49000000000001,-0.59491,0
N=C1NCC(=O)NCO1,129.119,3,3,0,1,5,74.21000000000001,-1.3853300000000002,0
CC(O)C1=C(N)N=N1,113.12000000000002,4,2,1,1,4,70.97,-0.03919999999999996,1
NC1=CC(=O)C(N)=N1,111.10400000000001,4,2,0,1,4,81.47,-1.2735999999999998,0
CC(=O)C1=NC(N)=N1,111.10400000000001,4,1,1,1,4,67.81,-0.6978,0
CN=C1N=CC(=N)O1,111.10399999999998,3,1,0,1,4,57.8,0.05047000000000007,0
N=COc1cnc(N)cn1,138.13,5,2,2,1,5,84.88,0.044669999999999876,0
NC1=NC(C(=O)CO)=N1,127.10299999999998,5,2,2,1,5,88.03999999999999,-1.7253999999999996,0
COC1=NC(N)=NC1=N,126.11900000000001,4,2,0,1,5,83.82,-0.66313,0
N=C1OCCNC(=O)O1,130.103,4,2,0,1,5,71.41,-0.32243000000000016,0
N=C(N)C1N=COC1=N,126.11899999999999,4,3,1,1,5,95.31,-0.67326,1
CNC1COC(=O)C(=N)O1,144.13,5,2,1,1,5,71.41,-0.9174300000000004,1
N=C1N=CC([N+](N)=O)=N1,126.09900000000002,2,2,0,1,6,94.67,-0.94333,0
CNC(=O)C1=NN=C1O,127.103,3,2,1,1,5,74.05,-0.9415000000000002,0
N=C1OCC(=O)C(=N)O1,128.087,5,2,0,1,5,83.23,-0.48566000000000015,0
NC1=NC(=O)OC1=O,114.05999999999997,4,1,0,1,5,81.75,-0.9796,0
C#Cc1noc(C=N)n1,121.09899999999999,4,1,1,1,4,62.77,0.04856999999999995,0
CC1=NN=C(N)C1=N,110.12,4,2,0,1,4,74.59,-0.24712999999999996,0
N=Cn1cnc(CO)n1,126.11899999999999,5,2,2,1,5,74.79,-0.77443,0
C#CCc1noc(=N)o1,124.09899999999999,4,1,1,1,4,63.02,-0.07722999999999997,0
O=C1N=C(CO)N=C1O,128.087,3,2,1,1,5,82.25,-1.1261,0
CC1=NC(OC=N)=N1,111.10399999999998,4,1,1,1,4,57.8,0.3980700000000001,0
N=C1COCOC1=N,114.104,4,2,0,1,4,66.16,-0.012259999999999882,0
N=Cc1ncoc1O,112.08799999999998,4,2,1,1,4,70.11,0.37787,0
NC1=C(N)C(=O)C=N1,111.10399999999998,4,2,0,1,4,81.47,-1.2736000000000003,0
N=C1N=CC(N)=[N+]1[O-],112.09200000000001,3,2,0,1,5,88.30000000000001,-1.12693,0
N=CN=C1C=NN=C1N,123.119,4,2,1,1,5,86.95,-0.60893,0
N=C1ON=C(CO)C1=N,127.10299999999998,5,3,1,1,5,89.52000000000001,-0.6380600000000003,0
N=C1NCOC(=N)O1,115.092,4,3,0,1,5,78.19000000000001,-0.55016,0
CNc1cnnc(=N)o1,126.119,5,2,1,1,5,74.80000000000001,-0.40923000000000015,0
C#Cc1nc(O)nn1N,124.10300000000001,5,2,0,1,5,76.96000000000001,-1.3212000000000002,0
CC1=NC(=N)N=C1N,110.12,2,2,0,1,4,74.59,-0.24712999999999996,0
N=C1N=C(C(=O)CN)N1,126.119,3,3,2,1,5,91.33,-1.5493299999999994,0
CC(=O)C1=NN=C1O,112.088,3,1,1,1,4,62.019999999999996,-0.09849999999999998,0
N=C1N=C(C=NO)C1N,126.11899999999999,4,3,1,1,5,94.82,-0.7944300000000002,1
CCC1=NC(O)=NC1=N,125.13099999999999,2,2,1,1,4,68.80000000000001,0.74227,0
N=C1OCNC(=O)O1,116.07599999999998,4,2,0,1,5,71.41,-0.36493000000000014,0
NC1=NN=C1C=NCO,126.11899999999999,5,2,2,1,5,83.33,-1.2662000000000002,0
CN=C(N)C1=NC(O)=N1,126.11899999999999,3,2,1,1,5,83.33,-0.7004999999999999,0
CN=C1C=C(N)N=[N+]1[O-],126.11900000000001,4,1,0,1,5,76.80999999999999,-0.20909999999999973,0
N=C1CNC(=O)OCO1,130.10299999999998,4,2,0,1,5,71.41000000000001,-0.3224300000000002,0
O=C(CO)c1ncn[nH]1,127.10300000000001,4,2,2,1,5,78.87,-1.0203000000000002,0
N=Cn1c(N)cnc1N,125.135,5,3,1,1,5,93.71,-0.49733,0
CC1(O)CC(=N)OCO1,131.131,4,2,0,1,4,62.540000000000006,0.06657000000000007,1
COC1=NC(N)=NC1=N,126.11900000000001,4,2,0,1,5,83.82,-0.66313,0
CC(=O)C1=NC(=N)N=C1,123.115,2,1,1,1,4,65.64,0.035570000000000046,0
N=CN1CC(=NO)CO1,129.119,4,2,1,1,5,68.91000000000001,-0.32913000000000014,0
N=CN1C=NC(=O)CN1,126.11899999999999,3,2,1,1,5,68.55,-1.03143,0
N=C1COCNC(=O)O1,130.103,4,2,0,1,5,71.41,-0.32243000000000016,0
CC(=O)c1nnc(N)o1,127.10300000000001,5,1,1,1,5,82.01,-0.14559999999999984,0
Nc1coc(=O)nc1N,127.10300000000001,5,2,0,1,5,95.14,-0.8008,0
N=C1COC(=N)C(=O)N1,127.103,4,3,0,1,5,86.03,-0.9126600000000002,0
N=C1N=CN=C1C(N)=O,124.103,3,2,1,1,5,91.66,-1.0681300000000002,0
Nc1cnc(C=O)cn1,123.11499999999998,4,1,1,1,4,68.87,-0.12869999999999998,0
NC1=NC(C(N)C=O)=N1,126.11899999999999,5,2,2,1,5,93.83,-1.7606000000000004,1
N=COC1=NCNC(=O)O1,143.102,5,2,1,1,6,83.77,-0.33663000000000015,0
CC(=O)C1=NC(N)=N1,111.10400000000001,4,1,1,1,4,67.81,-0.6978,0
N=CN1C(=O)COC1=O,128.087,4,1,1,1,5,70.46000000000001,-0.42772999999999994,0
Nc1cc(=O)[nH]n1CO,129.11900000000003,4,3,1,1,5,84.04,-1.2916000000000005,0
NC1=C(N)C(=O)N=C1,111.10399999999998,3,2,0,1,4,81.47,-1.2736000000000003,0
NC=C1N=NC(N)=N1,111.108,5,2,0,1,5,89.11999999999999,-0.4755,0
NC(=O)C1=NC(N)=N1,112.09200000000001,4,2,1,1,5,93.83,-1.8014999999999999,0
CNC(=O)C1=NN=C1N,126.11900000000001,4,2,1,1,5,79.84,-1.5408,0
N=C1N=C(C(=N)CO)CO1,141.13,4,3,2,1,5,89.52000000000001,-0.5955600000000001,0
CCn1nc(N)c(=N)o1,128.135,5,2,1,1,5,80.83,-0.44233000000000006,0
N#CC1OCOC(=N)O1,128.087,5,1,0,1,5,75.33,-0.20825,1
C#Cc1n[nH]nc1O,109.08799999999998,3,2,0,1,4,61.8,-0.5084000000000001,0
COC1=NC(=O)C(=N)O1,128.087,4,1,0,1,5,71.74,-0.47713,0
N=C1OC(=O)OCC1=O,129.071,5,1,0,1,5,76.44999999999999,-0.30043,0
N=C1NC(=O)NC1=N,112.092,3,4,0,1,5,88.83000000000001,-0.7462599999999999,0
N=C1N=CN=C(N)C1=O,124.103,4,2,0,1,5,91.66,-1.06813,0
Cc1ncnn1C=N,110.11999999999999,4,1,1,1,4,54.56,0.04168999999999995,0
N=C(N)OC1=CC(=N)O1,127.10299999999998,4,3,1,1,5,92.18000000000002,-0.25466000000000005,0
CN=C1OC(=N)N=C1N,126.11900000000001,4,2,0,1,5,83.82,-0.66313,0
CN=c1ncc(C=O)no1,139.11399999999998,5,0,1,1,5,68.35,-0.5874000000000004,0
N=c1[nH]cc(O)n1C=O,127.103,4,3,1,1,5,81.87,-0.9604300000000001,0
N=C(O)Nc1cnco1,127.10299999999998,3,3,1,1,5,82.14,0.57927,0
COc1cn[nH]c(=O)n1,127.103,4,1,1,1,5,67.87,-0.8265,0
N=C1NC(C=O)C(=N)O1,127.103,4,3,1,1,5,86.03000000000002,-0.9142600000000001,1
N=C1N=NC=C1NC=O,124.10299999999998,3,2,2,1,5,77.67,0.01687000000000005,0
O=CNc1ncc(O)nn1,140.10199999999998,5,2,2,1,6,88.0,-0.8545000000000003,0
N=c1nc(C=O)nco1,125.08699999999997,5,1,1,1,5,79.84,-0.6384300000000003,0
Nc1ocnc1CN=O,127.103,5,1,2,1,5,81.47999999999999,0.5232000000000001,0
N=CN1C=NC(N)=CO1,126.11899999999999,4,2,1,1,5,74.7,-0.3734300000000001,0
Cn1cnc(NC=O)n1,126.11899999999999,4,1,2,1,5,59.81,-0.6166000000000003,0
N=CNC1=NC(C=O)O1,127.10299999999998,4,2,2,1,5,74.54,-0.9057300000000001,1
N=C1COC(=O)N=CO1,128.087,4,1,0,1,5,71.74,0.15877000000000002,0
COC1=NC(=N)N1CO,129.11900000000003,3,2,1,1,5,68.91,-0.8110299999999999,0
CC1=NC(=N)NC1=O,111.10399999999998,2,2,0,1,4,65.31,-0.4881300000000001,0
N=C1COCOC(=N)O1,130.103,5,2,0,1,5,75.39,-0.0806599999999999,0
N=CC1=NC=NC1=N,108.104,3,2,1,1,4,72.42,0.09614,0
COc1cnc(=N)[nH]n1,126.119,4,2,1,1,5,74.65,-0.7072300000000002,0
Cc1nc(COCO)n[nH]1,143.146,4,2,3,1,5,71.03,-0.42048000000000013,0
N=CC1=NC(=N)C(N)=N1,123.11900000000001,4,3,1,1,5,98.44,-0.6174600000000001,0
N=C1OCOCOC1=O,131.087,5,1,0,1,5,68.61000000000001,-0.5313300000000001,0
N=Cn1c(N)ncnc1=N,138.13400000000001,6,3,1,1,6,104.43,-1.20506,0
N=C1N=CN=C1CO,111.10399999999998,3,2,1,1,4,68.8,-0.5611300000000001,0
O=CN1CNC(=O)C1O,130.10299999999998,3,2,1,1,5,69.64,-2.1494999999999993,1
N=C1C=NC(CCO)=N1,125.131,3,2,2,1,4,68.8,-0.17102999999999996,0
Cc1cc(=N)[nH]oc1=N,125.131,3,3,0,1,4,76.63,-0.12493999999999994,0
N=C1OCC(=N)C(=O)O1,128.087,5,2,0,1,5,83.23,-0.48566000000000015,0
N#CC(=N)N1CC(=O)O1,125.08699999999999,4,1,0,1,5,77.18,-0.73895,0
COc1n[nH]c(=O)n1CO,145.118,5,2,2,1,6,80.14,-1.4702000000000004,0
N=C1OC=C(O)NCO1,130.103,5,3,0,1,5,74.57000000000001,-0.12803000000000003,0
CC1=NC(=O)N=C1O,112.08799999999998,1,1,0,1,4,62.019999999999996,0.5374000000000001,0
N#CC(N)C1=NOC1=N,124.103,5,2,1,1,5,95.25,-0.79925,1
N=C1C=C(CO)N=N1,111.104,3,2,1,1,4,68.8,0.30567000000000005,0
CN=c1nc(CO)c1=N,125.13099999999999,4,2,1,1,4,69.33000000000001,-1.5405300000000002,0
N=C1NCOC(=O)O1,116.076,4,2,0,1,5,71.41,-0.36493,0
O=CN1C=NC1CNO,129.119,4,2,3,1,5,64.93,-1.2084,1
N=C1COC(=O)NCO1,130.103,4,2,0,1,5,71.41,-0.3224300000000002,0
CNC1=NC=NC1=NC=O,138.13,3,1,1,1,5,66.18,-0.7989000000000002,0
NC1=CC(=O)N=C1N,111.10400000000001,3,2,0,1,4,81.47,-1.2736000000000003,0
CC(=O)C1=NC(N)=N1,111.10400000000001,4,1,1,1,4,67.81,-0.6978,0
N#CC1(O)N=COCO1,128.087,5,1,0,1,5,74.84,-0.81132,1
CNC1=NC(N)=NC1=O,126.119,4,2,0,1,5,79.84,-1.5408,0
CCC1CN=NC(=O)O1,128.131,3,0,1,1,4,51.019999999999996,1.3674,1
CC(=O)N1CN1C=N,113.12,2,1,1,1,4,46.94,-0.36993000000000004,0
N=C1NCNC(C=O)O1,129.11899999999997,4,3,1,1,5,74.21000000000001,-1.3869300000000004,1
CN=C1C=NC(N)=[N+]1[O-],126.119,4,1,0,1,5,76.80999999999999,-1.0758999999999999,0
CCn1oc(=N)oc1=O,130.10299999999998,5,1,1,1,5,72.13,-0.4663300000000001,0
CC1=NC(N)=NC1=N,110.12,3,2,0,1,4,74.59,-0.24712999999999996,0
CC(N)C1=NOC1=O,114.10399999999998,4,1,1,1,4,64.68,-0.7536,1
O=C1NC=NCOC1=O,128.087,4,1,0,1,5,67.75999999999999,-1.3548000000000002,0
NC(=O)C1C=NC(N)=N1,126.11900000000001,4,2,1,1,5,93.83,-1.7605999999999993,1
N=c1occ(O)n1C=O,128.087,5,2,1,1,5,79.22,-0.6955300000000002,0
N=C1COCNC(=O)O1,130.103,4,2,0,1,5,71.41,-0.32243000000000016,0
CN=C1N=CC(N)=[N+]1[O-],126.119,3,1,0,1,5,76.80999999999999,-1.0758999999999999,0
N=C1N=C(CO)C(N)O1,129.119,4,3,1,1,5,91.69,-1.3305300000000002,1
N=C1NC(=O)C(=N)O1,113.076,4,3,0,1,5,86.03000000000002,-0.9551600000000002,0
N=CN1CC(=O)OC1=O,128.087,4,1,1,1,5,70.46000000000001,-0.42772999999999994,0
N=c1oncnc1N,112.092,5,2,0,1,5,88.79,-0.86873,0
COC(=O)c1cnno1,128.08700000000002,5,0,1,1,5,65.22,-0.14380000000000015,0
N=CC1NC(=O)OC1=O,128.087,4,2,1,1,5,79.25,-0.7290300000000001,1
N=C1N=NC(CO)=C1N,126.119,4,3,1,1,5,94.82,-0.40793000000000007,0
O=C1CNC(CO)N1,116.11999999999999,3,3,1,1,4,61.36,-1.9757999999999991,1
NC(=O)c1cncn1N,126.119,4,2,1,1,5,86.93,-1.3042000000000002,0
Nc1nncn1CO,114.10799999999999,5,2,1,1,5,76.96,-1.1899000000000004,0
NC1=NC(=O)N=C1O,113.07599999999998,2,2,0,1,5,88.04,-0.5663,0
C#CC(N)C1=NN=C1N,122.13100000000001,4,2,1,1,4,76.75999999999999,-1.3262999999999998,1
N=C1N=CN=C(N)C1=O,124.103,4,2,0,1,5,91.66,-1.06813,0
COC1=NC(=O)C(O)=N1,128.087,3,1,0,1,5,71.25,-0.5145,0
Nc1oc(=O)cnc1[O-],127.07899999999998,5,1,0,1,5,92.18,-1.3094,0
N#CC(N)C1=NN=C1,108.104,4,1,1,1,4,74.53,-0.7223200000000001,1
NC1=C(N)C(=O)N=N1,112.092,4,2,0,1,5,93.83,-0.9347000000000003,0
N#CC1=NC(=O)C(O)=N1,123.07099999999998,3,1,0,1,5,85.81,-0.5948200000000001,0
C[N+]1([O-])COC(=N)O1,118.092,4,1,0,1,5,65.37,-0.21513,1
COc1cnoc1N=N,127.103,5,1,2,1,5,71.47,1.34567,0
Cc1noc(=N)n1CO,129.11900000000003,5,2,1,1,5,75.04,-0.7862100000000003,0
COc1nncc(CO)n1,141.12999999999997,5,1,2,1,5,68.13000000000001,-0.6275000000000002,0
CNC=C1N=NC(N)=N1,125.13500000000002,5,2,1,1,5,75.13,-0.2148,0
N=Cc1ncc(N)cn1,122.131,4,2,1,1,4,75.65,0.05646999999999991,0
Cc1onnc1NC=O,127.10299999999998,4,1,2,1,5,68.02000000000001,-0.053680000000000117,0
N=C1CN=C(C=O)NC1,125.13099999999999,4,2,1,1,4,65.31,-0.7932300000000001,0
Nc1nc(C=O)c(O)[nH]1,127.10299999999997,4,3,1,1,5,92.0,-0.49000000000000016,0
CN=C1N=CN(N)C1=O,126.119,3,1,0,1,5,71.05000000000001,-1.2411,0
N=C1NC(=O)OCO1,116.076,4,2,0,1,5,71.41000000000001,-0.36493,0
N=c1nc[nH]nc1C=O,124.10299999999998,4,2,1,1,5,82.49000000000001,-0.90333,0
N#CCc1nc(N)n[nH]1,123.11900000000001,4,2,1,1,5,91.38,-0.5470200000000003,0
NC(=O)n1ccc(=O)o1,128.087,4,1,0,1,5,78.23,-0.6318999999999999,0
N=CN1CC(=O)NCO1,129.119,3,2,1,1,5,65.42,-1.0856299999999999,0
N#CC(N)c1cnno1,124.103,5,1,1,1,5,88.73,-0.40702000000000016,1
N=C1CNC(=O)OCO1,130.10299999999998,4,2,0,1,5,71.41000000000001,-0.3224300000000002,0
CN=C1N=CN=C1N,110.12,3,1,0,1,4,63.099999999999994,-0.5861999999999998,0
Nc1ncc(C=O)n1O,127.10299999999998,5,2,1,1,5,81.14,-0.48490000000000005,0
CC1=NC(=O)N=C1N,111.104,2,1,0,1,4,67.81,-0.061899999999999844,0
O=C1C=C(NCO)C=N1,126.115,3,2,2,1,4,61.69,-0.9793000000000003,0
N=C(N)N1C=NC1C=O,126.11899999999997,3,2,1,1,5,82.53999999999999,-1.2512299999999998,1
CC(=O)n1cnc(N)n1,126.11900000000001,5,1,0,1,5,73.8,-0.47959999999999997,0
N=C1N=CC(=O)OCO1,128.087,4,1,0,1,5,71.74000000000001,-0.47713000000000005,0
Cc1noc(=N)n1C=N,126.119,5,2,1,1,5,78.66,-0.2808399999999999,0
NC1=NC(=O)C(C=O)=N1,125.08699999999997,4,1,1,1,5,84.88,-1.5188,0
N=C1C=NC(=N)N1O,112.092,3,3,0,1,5,83.53,-0.32595999999999997,0
CC1=NC(=N)OC1=N,111.10399999999998,3,2,0,1,4,69.28999999999999,0.38954000000000005,0
N=C1OCOC(=O)C1=N,128.087,5,2,0,1,5,83.23,-0.48566000000000015,0
N=C1NCC(=O)N=CO1,127.103,3,2,0,1,5,74.54,-0.9041300000000001,0
NC(=O)c1ncoc1O,128.087,4,2,1,1,5,89.35000000000001,-0.5209000000000003,0
N=c1nc[nH]nc1C=O,124.10299999999998,4,2,1,1,5,82.49000000000001,-0.90333,0
N=CN1OC=CNC1=N,126.11899999999999,3,3,1,1,5,72.20000000000002,-0.16376000000000002,0
NC(C=O)N1N=CC1=O,127.103,4,1,2,1,5,75.76,-1.7019000000000004,1
CNC(=N)c1cnno1,126.119,4,2,1,1,5,74.80000000000001,-0.38563000000000036,0
NC(=O)C1=NC(O)=N1,113.076,3,2,1,1,5,88.04,-1.2022000000000002,0
O=Cc1[nH]nnc1CO,127.103,4,2,2,1,5,78.87,-0.8905000000000001,0
N=C1N=C(N)N1C=O,112.092,3,2,1,1,5,82.53999999999999,-1.29213,0
Cc1noc(=N)n[n+]1[O-],128.091,5,1,0,1,6,89.71000000000001,-1.50911,0
Cn1nc(N)c(=O)o1,115.092,5,1,0,1,5,74.05000000000001,-1.0445,0
N=Cc1cn[nH]c(=N)n1,123.119,4,3,1,1,5,89.27,-0.7181600000000001,0
N=C1CNC(=O)OC1=O,128.087,4,2,0,1,5,79.25,-0.7274300000000002,0
CC(=O)C1=NC(=O)O1,113.07199999999999,3,0,1,1,4,55.730000000000004,0.12410000000000004,0
CN=C1ON=NC1=N,112.092,4,1,0,1,5,70.16,0.38937000000000005,0
O=C1N=CC([N+](=O)[O-])=N1,127.059,3,0,0,1,6,84.92999999999999,-0.134,0
N=C1NCC(=O)N=CO1,127.103,3,2,0,1,5,74.54,-0.9041300000000001,0
NCc1oc(=O)ncc1N,141.12999999999997,5,2,1,1,5,95.14,-0.9243000000000003,0
N=C1COC(=N)OC(=O)O1,144.08599999999998,6,2,0,1,6,92.46,0.08184000000000002,0
COC1=NC(O)=NC1=N,127.103,3,2,0,1,5,78.03,-0.06383000000000016,0
N=C1C=C(N)OC1=O,112.088,4,2,0,1,4,76.17000000000002,-0.6369300000000002,0
C#CCn1onc1N,111.104,4,1,1,1,4,56.980000000000004,-0.30850000000000016,0
N=C1CC(=O)NC(=O)O1,128.087,4,2,0,1,5,79.25000000000001,-0.37983000000000006,0
N=C1N=CN=C1C(N)=O,124.103,3,2,1,1,5,91.66,-1.0681300000000002,0
CN=C1N=CN=C1O,111.10399999999998,2,1,0,1,4,57.31,0.013100000000000056,0
N=C1OCC(=O)C(=N)O1,128.087,5,2,0,1,5,83.23,-0.48566000000000015,0
N=C1N=CC(=O)OCO1,128.087,4,1,0,1,5,71.74000000000001,-0.47713000000000005,0
N=CN1C(=N)OCC1=O,127.10299999999998,4,2,1,1,5,77.24000000000001,-0.6129600000000002,0
NCC(=O)c1ncno1,127.103,5,1,2,1,5,82.01,-0.7890000000000004,0
N=C1OC=NCNC1=O,127.103,4,2,0,1,5,74.53999999999999,-0.9041300000000003,0
CC(O)C1=NN=C1N,113.12000000000002,4,2,1,1,4,70.97,-0.9060000000000001,1
N=CN1C(=N)OC1=O,113.07599999999998,4,2,1,1,5,77.24000000000001,-0.01955999999999991,0
CC(N)C1=NN=C1N,112.13600000000001,4,2,1,1,4,76.75999999999999,-0.9396,1
COC1=NC(=O)C(N)=N1,127.10300000000001,4,1,0,1,5,77.03999999999999,-1.1138000000000003,0
Nc1ncc(NC=O)[nH]1,126.11899999999999,3,3,2,1,5,83.79999999999998,-0.43980000000000036,0
N#CNC1=COC1=O,110.07199999999997,4,1,1,1,4,62.12,-0.5447200000000001,0
N=C1OC=NCOC1=N,127.103,5,2,0,1,5,78.52000000000001,-0.026460000000000095,0
CN=C1OC(=N)NC1=O,127.103,4,2,0,1,5,74.53999999999999,-0.9041300000000003,0
N=C1OC=NCC(=O)O1,128.087,5,1,0,1,5,71.74,-0.47713000000000005,0
N=C1COCNC(=O)N1,129.119,3,3,0,1,5,74.21,-0.7494300000000003,0
N=C1N=NC(C=O)=N1,110.076,3,1,1,1,5,78.0,-0.015629999999999977,0
CC(=O)NC1=NNC1=N,126.119,3,3,0,1,5,77.34,-0.9835299999999998,0
N#CCc1n[nH]nc1N,123.11900000000001,4,2,1,1,5,91.38,-0.5470200000000003,0
N=C1C=NC(=O)N1N,112.09200000000001,3,2,0,1,5,82.54,-0.6562300000000001,0
O=C1CC(=O)C(=O)N1,113.07199999999999,3,1,0,1,4,63.24,-1.3980000000000001,0
N=CNC1C(=N)OCC1=O,141.13,4,3,2,1,5,86.03,-0.8717600000000001,1
N=C1NCOC(=O)CO1,130.103,4,2,0,1,5,71.41,-0.9583300000000001,0
N=COC1N=CN1C=N,126.11899999999999,4,2,3,1,5,72.53,-0.1553599999999999,1
N=C1N=C(F)OC1=N,115.067,3,2,0,1,5,69.28999999999999,0.29664,0
NC(C=O)C1=NC(=O)O1,128.087,4,1,2,1,5,81.75000000000001,-0.9387000000000001,1
Cn1c(N)ncnc1=N,125.13499999999999,5,2,0,1,5,80.58000000000001,-1.12323,0
COc1c[nH]nc1N=O,127.103,4,1,2,1,5,67.34,0.8161999999999998,0
Cc1n[nH]c(=N)nc1N,125.135,4,3,0,1,5,91.44,-0.82521,0
COc1nc(CO)n[nH]1,129.119,4,2,2,1,5,71.03,-0.6944000000000004,0
CN=C1N=C(N)C(N)=N1,125.13500000000002,3,2,0,1,5,89.11999999999999,-1.2997999999999994,0
COC1=NC(N)=NC1=N,126.11900000000001,4,2,0,1,5,83.82,-0.66313,0
N=C(O)C1=NC=NC1=N,124.103,3,3,1,1,5,92.65,-0.018159999999999954,0
N=C1OCOC(=N)C1=N,127.103,5,3,0,1,5,90.00999999999999,-0.034989999999999966,0
N=CN1CC(=O)OCN1,129.119,4,2,1,1,5,65.42,-1.0856300000000003,0
N=C(CN)c1cnn[nH]1,125.13499999999999,4,3,2,1,5,91.44,-0.86873,0
N=CNC1COC(=O)C1=O,142.114,4,2,2,1,5,79.25,-1.3224300000000002,1
N=C1OC1OC(=O)C=O,129.071,5,1,2,1,5,79.75,-0.9379300000000002,1
NC1=NC(C=O)=C1N,111.10399999999998,4,2,1,1,4,81.47,-1.2736000000000003,0
CN=C1N=COC1=N,111.10399999999998,3,1,0,1,4,57.800000000000004,0.05047000000000007,0
COC1=CC(=N)N=C1N,125.13100000000001,3,2,1,1,4,71.46,-0.13522999999999985,0
Nc1cnoc1NC=O,127.10299999999998,4,2,2,1,5,81.15,-0.1749,0
N=c1[nH]occc1=O,112.08799999999998,3,2,0,1,4,69.85,-0.55263,0
N=CN1CC(O)C(=N)O1,129.11899999999997,4,3,1,1,5,80.40000000000002,-0.8211600000000003,1
N=C1OC(=O)N=C1CO,128.087,4,2,1,1,5,82.74,-0.45282999999999995,0
N=COC1=CN=NC1=N,124.103,4,2,2,1,5,81.65,0.8945399999999999,0
N=C1COC(=N)OCO1,130.103,5,2,0,1,5,75.39,-0.08066000000000012,0
CN=C1N=C(N)C(O)=N1,126.119,2,2,0,1,5,83.33,-0.7004999999999999,0
COC1=NC(O)=C1N,114.104,4,2,0,1,4,67.84,-0.2693,0
COc1nc(=N)n(C)o1,129.119,5,1,1,1,5,64.03999999999999,-0.4988300000000001,0
N=c1occc(=O)o1,113.07199999999999,4,1,0,1,4,67.2,-0.2877299999999998,0
COC(=O)c1nc1=N,112.08800000000001,4,1,1,1,4,63.04,-0.7767299999999999,0
CN=C1C=NOC1=NO,127.10299999999998,5,1,0,1,5,66.54,-0.13910000000000006,0
N=CNc1cc(N)cnn1,137.146,4,3,2,1,5,87.68,0.07776999999999978,0
N=C1NC(=O)C(C=O)O1,128.087,4,2,1,1,5,79.25000000000001,-1.3649300000000002,1
N=C1N=C(CO)C1O,114.10399999999997,3,3,1,1,4,76.67,-1.2285300000000003,1
N=c1[nH]cnnc1C=O,124.103,4,2,1,1,5,82.49000000000001,-0.90333,0
Nc1cnoc(=O)c1N,127.103,5,2,0,1,5,95.14,-0.8008,0
N=C1N=CC(N)=C1C=O,123.115,3,2,1,1,4,79.30000000000001,-0.5402300000000002,0
CNC(=O)c1ncn[nH]1,126.119,3,2,1,1,5,70.67,-0.8357000000000003,0
N=CN1COCOC1=O,130.10299999999998,4,1,1,1,5,62.62000000000001,-0.022729999999999917,0
N=C1NCN=C(O)CN1,128.135,2,4,0,1,5,80.5,-0.9720300000000002,0
N=CC1=NC(O)=CC1=N,123.11499999999998,4,3,1,1,4,80.28999999999999,0.5097400000000001,0
N=C1NCC(=O)OCO1,130.103,4,2,0,1,5,71.41000000000001,-0.9583300000000001,0
N=CN1CC(=O)NCO1,129.119,3,2,1,1,5,65.42,-1.0856299999999999,0
COC1=NC(=O)C(=O)N1,128.087,3,1,0,1,5,67.75999999999999,-1.3548000000000002,0
CN=C1OC(=O)N1CO,130.103,4,1,1,1,5,62.129999999999995,-0.6257999999999999,0
N=C1NC(=O)C(=O)CO1,128.087,4,2,0,1,5,79.25000000000001,-1.36333,0
Cn1oc(CO)nc1=O,130.103,5,1,1,1,5,68.25999999999999,-1.1344,0
N=CN1CNC(C=O)O1,129.11899999999997,4,2,2,1,5,65.42,-1.0872300000000001,1
Cc1nc(N)n[nH]c1=N,125.135,4,3,0,1,5,91.44,-0.82521,0
N=c1[nH]c(N)coc1=O,127.103,4,3,0,1,5,95.87,-0.9704300000000003,0
Cc1nc(=O)[nH]n1N,114.108,4,2,0,1,5,76.7,-1.4063799999999995,0
NC(=O)NC1=NC=NC1,126.119,3,2,0,1,5,79.84,-0.9049,0
NC(=O)NC1NC1=O,115.09199999999998,2,3,1,1,5,94.13,-1.8894000000000002,1
N=C1N=CN=C1F,99.068,2,1,0,1,4,48.57,0.37357,0
N=c1occ(N)n1CO,129.11900000000003,5,3,1,1,5,88.17,-0.9074300000000004,0
N=C1OC(C=O)OC1=N,128.087,5,2,1,1,5,83.22999999999999,-0.48725999999999997,0
N=Cc1nocc1N,111.104,4,2,1,1,4,75.9,0.25447000000000003,0
N=C1N=C(N)N=C1C=O,124.103,4,2,1,1,5,91.66,-1.06813,0
N=C1OC(=NO)C1C=O,128.087,5,2,1,1,5,82.74000000000001,-0.4033300000000002,1
Nc1cc(=O)[nH]nc1N,126.11900000000001,4,3,0,1,5,97.79,-1.0657000000000003,0
N=C1NC(=O)C(=N)O1,113.076,4,3,0,1,5,86.03000000000002,-0.9551600000000002,0
N=C1C=NC(N)=C1N,110.12000000000002,4,3,0,1,4,88.25,-0.8229300000000002,0
CN1OCOC(=O)C1=O,131.087,4,0,0,1,5,55.84,-1.1093000000000002,0
N=C1OCC(=O)C(=N)O1,128.087,5,2,0,1,5,83.23,-0.48566000000000015,0
N=COC1CN1C=O,114.104,3,1,3,1,4,53.16,-0.5918300000000001,1
N=CN1CC(=O)OCO1,130.10299999999998,4,1,1,1,5,62.620000000000005,-0.65863,0
N=C1OC(CO)C1C=O,129.11499999999998,4,2,2,1,4,70.38,-0.8301300000000003,2
N=CN1C=C(O)OC=N1,127.10299999999998,4,2,1,1,5,68.91000000000001,0.22587000000000002,0
NC(=O)C1=NC(N)=N1,112.09200000000001,4,2,1,1,5,93.83,-1.8014999999999999,0
NC1=NN=C(C=O)ON1,128.09099999999998,6,2,1,1,6,89.07000000000001,-1.6517000000000002,0
N=c1nc(N)nc(O)o1,128.091,6,3,0,1,6,109.02000000000001,-1.16313,0
N=C1N=NC(CO)=N1,112.092,3,2,1,1,5,81.16,-0.22222999999999993,0
N=C1OCOC(=O)CO1,131.087,5,1,0,1,5,68.61,-0.5313300000000001,0
CC1=NC(=N)OC1=O,112.08799999999998,3,1,0,1,4,62.51,-0.06112999999999996,0
NC1=NC=C(C=O)OC=N1,139.11399999999998,5,1,1,1,5,77.03999999999999,-0.6001000000000001,0
Cn1oc(C=O)nc1=O,128.087,5,0,1,1,5,65.1,-0.8142,0
CC1=NN=C(N)C1=O,111.104,4,1,0,1,4,67.81,-0.6978,0
N=c1onc(N)nc1O,128.091,6,3,0,1,6,109.02000000000001,-1.1631300000000002,0
NC=C1N=CN=C1O,111.10399999999998,3,2,0,1,4,70.97,-0.21510000000000012,0
N=COC1NCOC1=O,130.10299999999998,5,2,2,1,5,71.41,-0.9599300000000002,1
N=C1NC(=O)C(=O)CO1,128.087,4,2,0,1,5,79.25000000000001,-1.36333,0
CN=C1ON=C1C=O,112.08799999999998,4,0,1,1,4,51.02,-0.4001999999999999,0
COc1nc(C=N)n[nH]1,126.119,4,2,2,1,5,74.65,-0.18903000000000014,0
CN=C1N=NC(CO)=N1,126.11899999999999,3,1,1,1,5,69.67,-0.17119999999999996,0
CN=C1N=C(N)C=[N+]1[O-],126.119,3,1,0,1,5,76.80999999999999,-1.0758999999999999,0
N=CC1=NC=NC1=O,109.088,3,1,1,1,4,65.64,-0.35453,0
N=C(N)OC1CNC1=O,129.119,3,3,1,1,5,88.20000000000002,-1.6051300000000004,1
CNC(=O)C1=NC(N)=N1,126.11900000000001,4,2,1,1,5,79.84,-1.540799999999999,0
COC1=NN=C(N)C1=N,126.119,5,2,0,1,5,83.82,-0.66313,0
O=C1N=CCOC1=O,113.07199999999999,3,0,0,1,4,55.73,-0.8594000000000002,0
N=C1N=CC(N)=C1O,111.104,3,3,0,1,4,82.46000000000001,-0.22363000000000027,0
N=C(N)C1=NC(=O)O1,113.076,3,2,1,1,5,88.53000000000002,-0.5289299999999999,0
O=C1COC(=O)CON1,131.087,4,1,0,1,5,64.63000000000001,-1.4089999999999998,0
C#CCn1nn[nH]c1=N,123.119,4,2,1,1,5,70.35,-1.2811299999999999,0
NC1=NC(C=O)=NC1=O,125.08699999999997,4,1,1,1,5,84.88,-1.5188,0
Nc1[nH]cnc1C=O,111.10399999999998,3,2,1,1,4,71.77000000000001,-0.19559999999999994,0
N=C1NCC(=O)C(=O)O1,128.087,4,2,0,1,5,79.25000000000001,-1.36333,0
Nc1noc(C=O)c1N,127.103,5,2,1,1,5,95.14,-0.3485000000000002,0
N=c1nc(C=O)cn[nH]1,124.10299999999998,4,2,1,1,5,82.49000000000001,-0.9033300000000002,0
N=C1N=CNC(C=O)O1,127.10299999999997,4,2,1,1,5,74.54,-0.9057300000000001,1
N=CN=C1OCOC1=N,127.10299999999998,4,2,1,1,5,78.52000000000001,-0.026460000000000095,0
N#Cc1nnc(O)n1C=N,137.10199999999998,6,2,1,1,6,98.57999999999998,-0.6894500000000001,0
COC1=CC(N)=NC1=N,125.13100000000001,3,2,1,1,4,71.46000000000001,-0.13522999999999985,0
COC1=NN=C(N)C1=O,127.103,5,1,0,1,5,77.03999999999999,-1.1138000000000001,0
CC1=NN=C(CO)C1=N,125.13099999999999,4,2,1,1,4,68.80000000000001,-0.1710299999999999,0
N=c1cn[nH]c(=O)n1N,127.107,5,3,0,1,6,100.55,-2.2353299999999994,0
N#Cc1nncc(N)n1,121.103,5,1,0,1,5,88.48,-0.67452,0
CC(=O)C1=NN=C1N,111.10400000000001,4,1,1,1,4,67.81,-0.6978,0
Nc1cn(C=O)c(O)n1,127.10299999999998,5,2,1,1,5,81.14,-0.7908000000000002,0
CC1=NC(C(=O)O)NO1,130.10299999999998,4,2,1,1,5,70.92,-0.6497000000000002,1
N=C1OCC(=O)OC1=N,128.087,5,2,0,1,5,83.22999999999999,-0.48566000000000015,0
CC1=NC(C=N)=NC1=N,122.13099999999999,3,2,1,1,4,72.42,0.48624,0
N=C1COCC(=NO)O1,130.103,5,2,0,1,5,74.9,-0.20183000000000012,0
O=CN1C=NC(=O)CN1,127.103,3,1,1,1,5,61.77,-1.4820999999999998,0
N=CN1C=NOCC=NC1,140.146,4,1,1,1,5,61.040000000000006,-0.10273000000000021,0
Cc1nc(=O)oc(=N)[nH]1,127.10299999999998,4,2,0,1,5,82.74000000000001,-0.84921,0
CC(=O)C1=NNC1=N,111.104,3,2,1,1,4,65.31,-0.4881300000000001,0
C=Cn1[nH]c(=N)c(=O)o1,127.10299999999998,4,2,1,1,5,74.78,-0.6506299999999998,0
N=C1OCOC(=O)C(=N)O1,144.08599999999998,6,2,0,1,6,92.46000000000001,-0.5540600000000002,0
N#CC(=O)C1=NN=C1,107.072,4,0,1,1,4,65.58,-0.48052000000000006,0
N#CCc1nnc(C=N)[nH]1,135.13,4,2,2,1,5,89.21000000000001,-0.13155000000000017,0
N=C1C=NC(N)=C1N,110.12000000000002,4,3,0,1,4,88.25,-0.8229300000000002,0
N=Cc1cc(N)n(O)n1,126.11900000000001,5,3,1,1,5,87.92,-0.2997300000000002,0
N=C1OCCC(=O)NC1=O,142.114,4,2,0,1,5,79.25,-0.9732300000000003,0
NC1=NC(=O)C(=O)N1,113.07599999999998,3,2,0,1,5,84.55,-2.0425000000000004,0
CCN=C1N=NC(N)=N1,125.13500000000002,3,1,1,1,5,75.46,0.14280000000000015,0
NC1=NC(=O)C(C=O)=N1,125.08699999999997,4,1,1,1,5,84.88,-1.5188,0
COc1cnn[nH]c1=N,126.119,4,2,1,1,5,74.65,-0.70723,0
N=C1CC(=O)OC(=N)O1,128.087,5,2,0,1,5,83.23,-0.13806000000000002,0
CCc1cnoc(=N)n1,125.13099999999999,4,1,1,1,4,62.77,0.11147000000000001,0
CC(=O)C1=NC(=N)O1,112.088,3,1,1,1,4,62.510000000000005,-0.06112999999999996,0
N=C1N=CN=C1F,99.068,2,1,0,1,4,48.57,0.37357,0
N=CN1OCNC1C=O,129.119,4,2,2,1,5,65.42000000000002,-1.0872300000000001,1
Nc1cnc(C=O)nc1O,139.114,5,2,1,1,5,89.10000000000001,-0.4230999999999999,0
CC(=O)n1ncc(N)n1,126.119,5,1,0,1,5,73.8,-0.47959999999999997,0
N=C1OC(=O)C(=O)O1,115.04399999999998,5,1,0,1,5,76.45,-0.9788300000000001,0
N=C1OCOC(=O)C1=N,128.087,5,2,0,1,5,83.23,-0.48566000000000015,0
C#CC(O)c1nn[nH]n1,124.10300000000002,4,2,1,1,5,74.69,-1.1337000000000004,1
N=COC1=NOC1=NC=O,141.08599999999998,5,1,2,1,6,84.1,-0.49133000000000004,0
N=C1NC(=O)C(=O)CO1,128.087,4,2,0,1,5,79.25000000000001,-1.36333,0
N=C1OC(O)C(=N)C1O,130.103,5,4,0,1,5,97.39,-1.3070600000000003,2
N=C1OC(=N)C(C=O)O1,128.087,5,2,1,1,5,83.23,-0.48726000000000025,1
N=C1OCC(C=O)OC1=N,142.11399999999998,5,2,1,1,5,83.22999999999999,-0.44476,1
N=C1N=C(N)N=C1C=O,124.103,4,2,1,1,5,91.66,-1.06813,0
N=c1oc(=N)oc(=N)o1,129.075,6,3,0,1,6,110.97000000000001,-1.0959900000000002,0
N=C1NC(=O)C(=N)O1,113.076,4,3,0,1,5,86.03000000000002,-0.9551600000000002,0
CC(=N)OC1OC(=O)O1,131.087,5,1,1,1,5,68.61,0.4505699999999999,0
N=C1NCC(=O)NC(=O)O1,143.102,4,3,0,1,6,91.28000000000002,-1.22283,0
N=Cn1[nH]c(=O)oc1=N,128.09099999999998,5,3,1,1,6,98.63,-1.2959600000000002,0
N=C1N=C(N)C(=O)O1,113.076,4,2,0,1,5,88.53000000000002,-1.16483,0
N=C1OC(N)=NC1=O,113.07600000000001,4,2,0,1,5,88.53,-1.1648300000000003,0
N=C1ONCN=C1C=O,127.103,5,2,1,1,5,74.53999999999999,-0.9041300000000001,0
N=c1[nH]c(=N)oc(=O)o1,129.075,5,3,0,1,6,106.83999999999999,-1.4801600000000006,0
N=CC1COC(=N)NCO1,143.14600000000002,4,3,1,1,5,78.19,-0.4667600000000003,1
COc1cnoc(=N)n1,127.103,5,1,1,1,5,72.0,-0.44233000000000006,0
N=C1NCC(=N)C(=O)O1,127.103,4,3,0,1,5,86.03000000000002,-0.91266,0
CC1=NC(N)=NC1=O,111.104,3,1,0,1,4,67.81,-0.6978,0
CC(=O)C1=NC(N)=[N+]1[O-],127.10300000000001,4,1,1,1,5,81.52,-1.1874999999999998,0
CC1=NN=C(N)C1=O,111.104,4,1,0,1,4,67.81,-0.6978,0
N#Cc1nnc(C=O)[nH]1,122.08699999999997,4,1,1,1,5,82.43,-0.51112,0
COc1cnc(N)n1C=O,141.13,5,1,2,1,5,70.14,-0.48780000000000023,0
N=C1C=NC(F)=[N+]1[O-],115.06700000000001,3,1,0,1,5,62.28,-0.11613000000000001,0
Cn1ncnc1CO,113.11999999999999,4,1,1,1,4,50.94,-0.6926000000000001,0
C#CC(N)C1=NC(=O)N1,123.115,2,2,1,1,4,67.47999999999999,-0.9314,1
COC1=NN=C([O-])C1=N,126.09499999999998,5,1,0,1,5,80.86000000000001,-1.2615300000000003,0
COC1=NC(=N)N1C=N,126.119,3,2,1,1,5,72.53,-0.15376,0
N=CC1=C(N)N=C1C=O,123.115,4,2,2,1,4,79.30000000000001,-0.5402300000000002,0
N=C1NC(=N)C(=O)O1,113.076,4,3,0,1,5,86.03000000000002,-0.95516,0
N=Cc1cc(=N)[nH]nn1,123.11900000000001,4,3,1,1,5,89.27,-0.7181600000000004,0
O=C1N=C(CO)C(=O)O1,129.07099999999997,4,1,1,1,5,75.96,-0.9035,0
CNC1=[N+]([O-])C(=N)C=N1,126.11899999999999,4,2,0,1,5,74.31,-0.8662300000000003,0
N=C1COC(=O)C(=N)O1,128.087,5,2,0,1,5,83.23,-0.48566000000000015,0
N=c1[nH]cncnc1=O,124.103,4,2,0,1,5,82.49000000000001,-1.3556300000000001,0
O=CN1CC(=O)NC1=O,128.087,3,1,1,1,5,66.48,-1.3054000000000001,0
CN=NC1NCOC1C=O,143.146,5,1,2,1,5,63.050000000000004,-0.4607000000000001,2
N=c1[nH]ncnc1CO,126.11899999999999,4,3,1,1,5,85.65,-1.2235300000000005,0
N=C1CNC(=O)C(O)N1,129.11899999999997,3,4,0,1,5,85.21000000000001,-1.9985300000000001,1
Nc1c[n+]([O-])c(C=O)[nH]1,127.10299999999998,3,2,1,1,5,85.82,-0.9571999999999998,0
CN=c1nc(N)nco1,126.119,5,1,0,1,5,77.3,-0.8177000000000003,0
N=C1N=C(CO)C(=O)O1,128.087,4,2,1,1,5,82.74,-1.0887300000000002,0
N#Cn1occ1C(=N)N,124.103,4,2,1,1,5,91.73,-0.3056499999999999,0
N=C(N)C1=COC1=N,111.10399999999998,3,3,1,1,4,82.95000000000002,-0.18626000000000004,0
COc1cnc(=O)[nH]n1,127.103,4,1,1,1,5,67.87,-0.8265000000000002,0
COc1cnc(=N)[nH]n1,126.119,4,2,1,1,5,74.65,-0.7072300000000002,0
Nc1nnccc1C=O,123.11499999999997,4,1,1,1,4,68.87,-0.1287000000000002,0
CC(=O)C1=NC(=N)O1,112.088,3,1,1,1,4,62.510000000000005,-0.06112999999999996,0
CNC1=NC(=O)N=C1O,127.10299999999998,2,2,0,1,5,74.05,-0.3055999999999999,0
N=CN1C=NC1C(=O)O,127.10299999999997,3,2,2,1,5,76.75,-0.6519299999999999,1
N=c1occ(N)n1C=O,127.10300000000001,5,2,1,1,5,85.00999999999999,-0.8189300000000002,0
NC1=NC(=O)C(=O)N=C1,125.08699999999997,3,1,0,1,5,84.88,-1.5188,0
NN=C1OC=NCN1C=O,142.118,5,1,1,1,6,80.28,-1.3095000000000003,0
Cn1cnc(=N)c(=N)o1,126.11899999999999,5,2,0,1,5,78.66000000000001,-1.02796,0
N#CCc1nnoc1N,124.10300000000001,5,1,1,1,5,88.73,-0.28212000000000004,0
NC1=NC(C=O)=C1N,111.10399999999998,4,2,1,1,4,81.47,-1.2736000000000003,0
N=C1OCCNC(=O)O1,130.103,4,2,0,1,5,71.41,-0.32243000000000016,0
CNc1cnoc1O,114.10399999999998,4,2,1,1,4,58.290000000000006,0.4218999999999998,0
CC1=NC(=O)N=C1N,111.104,2,1,0,1,4,67.81,-0.061899999999999844,0
CN=C1N=NC(=O)O1,113.07599999999998,3,0,0,1,5,63.379999999999995,0.5746,0
COc1n[nH]c(=O)n1C=N,142.118,5,2,2,1,6,83.75999999999999,-0.9648300000000001,0
N=C1OCC(=O)C(=N)O1,128.087,5,2,0,1,5,83.23,-0.48566000000000015,0
N=C1OC(=O)OCC1=O,129.071,5,1,0,1,5,76.44999999999999,-0.30043,0
CC(O)C1=C(N)N=C1N,127.14700000000002,4,3,1,1,4,84.63,-1.0916999999999997,1
COc1n[nH]nc1C=N,126.11899999999999,4,2,2,1,5,74.65,-0.1890300000000002,0
CN=C1N=CN=C1N,110.12,3,1,0,1,4,63.099999999999994,-0.5861999999999998,0
N=C1OCC(=O)OC1=N,128.087,5,2,0,1,5,83.22999999999999,-0.48566000000000015,0
COc1cn[nH]c(=N)n1,126.119,4,2,1,1,5,74.65,-0.70723,0
O=Cc1cn[nH]c1N=O,125.08699999999999,4,1,2,1,5,75.18,0.6201,0
CC(=N)c1noc(N)n1,126.11900000000001,5,2,1,1,5,88.79,0.03957000000000005,0
CC1NC(=N)OC(=N)O1,129.119,4,3,0,1,5,78.19000000000001,-0.1616599999999998,1
COC1=NC(C=N)=NC1=O,139.114,4,1,1,1,5,74.87,-0.38043,0
N=C1OC=COCC1=NO,142.114,5,2,0,1,5,74.9,0.31187,0
O=Cc1onnc1O,114.05999999999999,5,1,1,1,5,76.22,-0.41230000000000006,0
N=C1OCC(=O)C1=O,113.07199999999999,4,1,0,1,4,67.22,-0.8679300000000001,0
C#CC(=O)Nc1nc1=N,121.09899999999999,3,2,1,1,4,65.84,-0.99163,0
CNC1=NC(N)=NC1=N,125.135,4,3,0,1,5,86.62,-1.0901299999999996,0
N#Cc1nn[nH]c1C=O,122.08699999999997,4,1,1,1,5,82.43,-0.51112,0
N#CC(=N)NC1=COC1,123.11499999999998,3,2,1,1,4,68.9,-0.05154999999999993,0
N=CN1C=NC(=N)OC1,126.11899999999999,3,2,1,1,5,72.53,-0.15376000000000006,0
N=C1NC=NCN1CO,128.13500000000002,3,3,1,1,5,71.71000000000001,-1.23803,0
CNn1c(C)noc1=O,129.119,5,1,1,1,5,60.06,-0.68198,0
N=C1N=CC(N)=C1N,110.12000000000002,3,3,0,1,4,88.25,-0.8229300000000002,0
N#CCNc1ncno1,124.103,5,1,2,1,5,74.74000000000001,0.005080000000000029,0
N=CN1NCOC1C=O,129.11899999999997,4,2,2,1,5,65.42000000000002,-1.0872300000000001,1
CN=C1N=C(O)C(=O)N1,127.10299999999998,2,2,0,1,5,74.05,-0.9415,0
COc1c[nH]c(=N)c(=O)o1,142.11399999999998,4,2,1,1,5,79.08,-0.5440300000000002,0
N=C(O)C1C(=N)C1=O,112.088,3,3,1,1,4,85.0,-0.25965999999999995,1
N=C1OC(C=O)C1=NO,128.087,5,2,1,1,5,82.74,-0.6084300000000002,1
NC(=O)n1ccnc1N,126.119,4,2,0,1,5,86.93,-0.6079000000000001,0
C#CCc1nn[nH]c1N,122.13100000000001,3,2,1,1,4,67.59,-0.4374000000000002,0
CC1=NC(N)=NC1=N,110.12,3,2,0,1,4,74.59,-0.24712999999999996,0
O=CC1=NC(=O)N=N1,111.06,3,0,1,1,5,71.22,0.16959999999999997,0
CC(=O)c1nnc(N)o1,127.10300000000001,5,1,1,1,5,82.01,-0.14559999999999984,0
N=C1CNC(=O)OC=N1,127.10299999999998,3,2,0,1,5,74.54,-0.26823000000000013,0
N=C1C=C(N)N1C=O,111.104,3,2,1,1,4,70.18,-0.7642300000000002,0
CC(O)C1=NN=C1CO,128.131,4,2,2,1,4,65.18,-0.8299000000000003,1
COC1=NNC(=N)C1=O,127.10299999999998,4,2,0,1,5,74.53999999999999,-0.9041300000000003,0
N=CN1CNCNC1=O,128.135,3,3,1,1,5,68.22,-0.8767300000000005,0
NC(=O)CC1=NC(N)=N1,126.11900000000001,4,2,2,1,5,93.83,-1.4114,0
COc1ncc(C=N)n1O,141.13,5,2,2,1,5,71.13,0.12666999999999984,0
N=C1OC(=N)C(C=O)O1,128.087,5,2,1,1,5,83.23,-0.48726000000000025,1
NC(=O)C1=NN=C1C=O,125.08699999999999,4,1,2,1,5,84.88,-1.5188,0
N#CC(N)c1cnon1,124.103,5,1,1,1,5,88.73,-0.40702000000000016,1
O=CC1=NC(=O)NCO1,128.087,3,1,1,1,5,67.76,-0.7189000000000001,0
N#CC(N)C1=NC(N)=N1,123.11900000000001,5,2,1,1,5,100.55,-1.4359199999999994,1
N=C1NN=C(N)C1=N,111.108,4,4,0,1,5,98.11000000000001,-1.1411600000000002,0
CN1C=NC(C=O)NC1=O,141.12999999999997,3,1,1,1,5,61.77,-0.8053000000000001,1
N=CN1OCC1C(=O)O,130.103,3,2,2,1,5,73.62,-0.7061299999999999,1
N=c1ncoc(=N)o1,113.076,5,2,0,1,5,86.87,-0.77346,0
N=CN1COCNC1=O,129.119,3,2,1,1,5,65.42000000000002,-0.4497299999999999,0
CNC1=NC(N)=NC1=O,126.119,4,2,0,1,5,79.84,-1.5408,0
NC1=NN=C1C(=O)C=O,125.08699999999997,5,1,2,1,5,84.88,-1.5188,0
Nc1nc(CC=O)n[nH]1,126.11899999999999,4,2,2,1,5,84.66,-0.8717000000000004,0
NC(=O)C1=NC(N)=N1,112.09200000000001,4,2,1,1,5,93.83,-1.8014999999999999,0
CNC1=C(N)C(=N)N=N1,125.13500000000002,4,3,1,1,5,86.61999999999999,-0.22332999999999992,0
CC(=O)C1=NC(=N)O1,112.088,3,1,1,1,4,62.510000000000005,-0.06112999999999996,0
N=C1N=COC(=O)CO1,128.087,4,1,0,1,5,71.74,-0.47713000000000005,0
N=C1OCC(=O)OC1=N,128.087,5,2,0,1,5,83.22999999999999,-0.48566000000000015,0
CN=C1ON=C1C=O,112.08799999999998,4,0,1,1,4,51.02,-0.4001999999999999,0
N=C(N)C1=NOC1=N,112.092,4,3,1,1,5,95.31,-0.7141600000000001,0
N=C1CN=CON=CO1,127.10299999999998,5,1,0,1,5,67.03,-0.01793,0
N=Cc1ncc(O)c(N)n1,138.13,5,3,1,1,5,95.88,-0.23793000000000009,0
N=C1CN=NCC1=O,111.10399999999998,4,1,0,1,4,65.64,0.041069999999999995,0
N=C1NCC(=O)N=CO1,127.103,3,2,0,1,5,74.54,-0.9041300000000001,0
Cc1n[nH]nc1C=NC=O,138.13,3,1,2,1,5,71.0,-0.3115800000000002,0
COC1=NN=C1C=N,111.10399999999998,4,1,1,1,4,57.800000000000004,0.05046999999999996,0
N=C1NC(=O)COC1=N,127.103,4,3,0,1,5,86.03,-0.9126600000000002,0
CC1=C(N)C(=CO)N=N1,125.13099999999999,4,2,0,1,4,70.97,1.0418000000000003,0
CN1N=C(OC=N)C1=N,126.11899999999999,4,2,1,1,5,72.53,-0.15376,0
N=Cc1nncoc1=N,124.10299999999998,5,2,1,1,5,86.62,-0.45326000000000016,0
COC1=NC(=N)C(O)=N1,127.103,3,2,0,1,5,78.03,-0.06383000000000005,0
N=C1OCC(=O)NC1=O,128.087,4,2,0,1,5,79.25,-1.36333,0
NCc1ocnc1N=O,127.103,5,1,2,1,5,81.47999999999999,0.5311999999999999,0
CN=C(O)c1ncn[nH]1,126.119,3,2,1,1,5,74.16,-0.26089999999999985,0
N=C1C(O)=CN=C1N,111.10400000000001,4,3,0,1,4,82.46,-0.22362999999999988,0
CC(=O)c1nnc(N)o1,127.10300000000001,5,1,1,1,5,82.01,-0.14559999999999984,0
CN=C1C=NC(N)=[N+]1[O-],126.119,4,1,0,1,5,76.80999999999999,-1.0758999999999999,0
N#CC1=CC(=N)N=N1,106.08800000000001,3,1,0,1,4,72.36,0.8369499999999999,0
N=C1OC=NCOC1=N,127.103,5,2,0,1,5,78.52000000000001,-0.026460000000000095,0
Nc1nocc1C=O,112.08799999999998,4,1,1,1,4,69.12,0.06930000000000003,0
N=CN1COCOC1=N,129.119,4,2,1,1,5,69.4,-0.2079600000000001,0
N=CNC1CNC(=O)O1,129.119,3,3,2,1,5,74.21000000000001,-0.7510300000000003,1
N#CCC1=NN=C1N,108.10400000000001,4,1,1,1,4,74.53,-0.37311999999999984,0
N=CNC1=NC(=O)OC1,127.103,3,2,1,1,5,74.54,-0.26822999999999997,0
N=COC1COC=NC1=N,141.13,4,2,2,1,5,78.52000000000001,0.014439999999999842,1
NC1=NC(CO)=NC1=O,127.10299999999998,4,2,1,1,5,88.03999999999999,-1.7254,0
N#CC(N)C1=NC=[N+]1[O-],124.103,4,1,1,1,5,88.24000000000001,-1.2120199999999999,1
N=Cn1cc(CN)nn1,125.13500000000002,5,2,2,1,5,80.58,-0.80803,0
N=C1N=C(N)C(CO)=N1,126.119,3,3,1,1,5,94.82000000000001,-1.2747300000000001,0
N=C(N)C1=NOC1=N,112.092,4,3,1,1,5,95.31,-0.7141600000000001,0
Nc1nc(C=O)[nH][n+]1[O-],128.09099999999998,4,2,1,1,6,98.71,-1.5622,0
CN=C1OC(=O)N=C1O,128.087,3,1,0,1,5,71.25,0.12140000000000001,0
N=C1NC(=O)C(=O)CO1,128.087,4,2,0,1,5,79.25000000000001,-1.36333,0
N=C1OCC(=O)OC1=O,129.071,5,1,0,1,5,76.44999999999999,-0.9363300000000001,0
N=COC1=CN=NC1=O,125.08699999999999,4,1,2,1,5,74.87,0.44387,0
N=CN1COC(=O)CO1,130.10299999999998,4,1,1,1,5,62.620000000000005,-0.6586300000000003,0
CC(O)c1n[nH]c(N)n1,128.13500000000002,4,3,1,1,5,87.82000000000001,-0.5598000000000003,1
CC(O)C1=NC(=N)O1,114.104,3,2,1,1,4,65.67,-0.26933000000000007,1
N=C1NC(=O)NC1=NO,128.091,4,4,0,1,6,97.57000000000001,-0.9358300000000002,0
COC1=NC(CO)=NC1=N,141.13,4,2,1,1,5,78.03,-0.5870300000000002,0
N=C1N=C(N)N=C1C=O,124.103,4,2,1,1,5,91.66,-1.06813,0
CN=C1NC(=O)N1CO,129.119,3,2,1,1,5,64.93,-1.0528000000000002,0
N#CCNC1=NC(=N)O1,124.103,4,2,1,1,5,81.26,-0.57945,0
N=C1OCNC(=O)C1=O,128.087,4,2,0,1,5,79.25,-1.3633300000000004,0
Nc1nn[nH]c1C=O,112.09199999999997,4,2,1,1,5,84.66,-0.8006000000000004,0
N=C1COC(=O)N=CO1,128.087,4,1,0,1,5,71.74,0.15877000000000002,0
COC1=NNC(=N)C1=O,127.10299999999998,4,2,0,1,5,74.53999999999999,-0.9041300000000003,0
N=C(O)C1=NC=C1N,111.104,3,3,1,1,4,82.46,-0.22362999999999988,0
N#CC(O)C1=NN=C1N,124.10300000000002,5,2,1,1,5,94.75999999999999,-1.4023200000000002,1
O=Cc1ncnc(O)c1O,140.09799999999998,5,2,1,1,5,83.31,-0.2997000000000001,0
N=C1OC(=O)N=C1CN,127.10300000000001,4,2,1,1,5,88.53,-0.48642999999999986,0
O=CC1=NC(C(=O)O)O1,129.07099999999997,4,1,2,1,5,75.96000000000001,-0.9753000000000003,1
CN=C1N=CN=C1N,110.12,3,1,0,1,4,63.099999999999994,-0.5861999999999998,0
Nc1cnnc(=NC=O)o1,140.102,5,1,1,1,6,94.36999999999999,-1.2911,0
N=c1[nH]cnc(=O)o1,113.076,4,2,0,1,5,82.74,-1.15763,0
NC1=CC(=O)N=C1N,111.10400000000001,3,2,0,1,4,81.47,-1.2736000000000003,0
CN=C1CONC(=O)O1,130.10299999999998,4,1,0,1,5,59.92,-0.3139,0
COC(=O)c1cn[nH]c1,126.115,3,1,1,1,4,54.98,0.19629999999999986,0
CN=C1OC(=O)C1O,115.08799999999998,4,1,0,1,4,58.89,-1.0676,1
N=C1NC(=O)C(N)N1,114.108,3,4,0,1,5,91.0,-2.07463,1
N=C1C(=O)NN=C1CO,127.103,4,3,1,1,5,85.54,-1.51573,0
CNC(=O)c1ncn[nH]1,126.119,3,2,1,1,5,70.67,-0.8357000000000003,0
N=C1N=C(N)C(C=O)=N1,124.103,3,2,1,1,5,91.66000000000001,-1.06813,0
COC1=NC(=N)C(N)=N1,126.11900000000001,4,2,0,1,5,83.82,-0.6631300000000002,0
N=C1OC(C=O)=C1NO,128.087,5,3,2,1,5,82.41,-0.61683,0
N=CC(O)C1=NC(=N)O1,127.10300000000001,4,3,2,1,5,89.52,-0.6396600000000001,1
CCC1=NC(=N)OC1=O,126.11499999999998,3,1,1,1,4,62.51,0.32897000000000004,0
NC1=NN=C(CO)C1=O,127.10299999999998,5,2,1,1,5,88.03999999999999,-1.7254,0
N=Cn1nc(N)nc1CN,140.15,6,3,2,1,6,106.6,-1.2258299999999998,0
CC(=O)OC1=NC(N)=N1,127.10300000000002,5,1,0,1,5,77.03999999999999,-0.7662,0
N=C1OCNC(=O)CO1,130.10299999999998,4,2,0,1,5,71.41,-0.9583300000000003,0
CN=c1cnoc(N)n1,126.119,5,1,0,1,5,77.3,-0.8177000000000001,0
NC1=CC(=O)N=C1N,111.10400000000001,3,2,0,1,4,81.47,-1.2736000000000003,0
Cn1cnc(COC#N)n1,138.13,5,0,2,1,5,63.730000000000004,-0.18722000000000016,0
N=CN1CC(=O)OC1=N,127.10299999999998,4,2,1,1,5,77.24000000000001,-0.61296,0
N=CC1=NC(=N)C(O)=N1,124.103,3,3,1,1,5,92.65,-0.018159999999999954,0
COc1cnnc(O)c1N,141.12999999999997,5,2,1,1,5,81.26,-0.22699999999999998,0
Cc1nnc(CO)n1N,128.135,5,2,1,1,5,76.96000000000001,-1.2073800000000001,0
Cn1ncc(=O)nc1N,126.11900000000001,5,1,0,1,5,73.8,-1.2425000000000004,0
CC(=O)C1=NC(=N)O1,112.088,3,1,1,1,4,62.510000000000005,-0.06112999999999996,0
N=Cn1cn[nH]c1=N,111.10799999999999,4,3,1,1,5,81.31,-0.8541600000000003,0
CNC(=O)c1nn[nH]n1,127.10700000000001,4,2,1,1,6,83.56,-1.4407,0
N=CC1=NC(O)=NC1=N,124.103,3,3,1,1,5,92.65,-0.018159999999999954,0
C#CC(=O)N1C=NC1=N,121.09899999999999,2,1,0,1,4,56.52,-0.5751300000000001,0
N=C1N=C(N)N1C=CO,126.11899999999999,3,3,1,1,5,85.7,-0.41933000000000004,0
N=CN1COC1C=NO,129.119,4,2,2,1,5,68.91000000000001,-0.33073000000000013,1
NC(=O)Cn1nc[nH]1,114.10799999999999,3,2,2,1,5,76.7,-1.3035000000000003,0
N=Cc1noc(O)c1N,127.103,5,3,1,1,5,96.13,-0.03993000000000002,0
CC(C#N)C1=NN=N1,108.10400000000001,4,0,1,1,4,60.87,0.9253800000000001,1
N=C1NCOC(=O)CO1,130.103,4,2,0,1,5,71.41,-0.9583300000000001,0
N=CN1CC(=O)OCO1,130.10299999999998,4,1,1,1,5,62.620000000000005,-0.65863,0
Nc1nnc(C=O)c(N)n1,139.118,6,2,1,1,6,107.78,-1.1515000000000002,0
N=C1N=NC(CN)=N1,111.10800000000002,3,2,1,1,5,86.95,-0.2558299999999999,0
CN=C1N=COC1=O,112.08799999999998,3,0,0,1,4,51.02,-0.4001999999999999,0
N=C1C(N)=NN=C1C=O,124.10299999999998,5,2,1,1,5,91.66,-1.0681300000000002,0
CCC1=NC(=O)C(CO)=N1,140.14199999999997,3,1,2,1,4,62.019999999999996,-0.23159999999999997,0
N#Cc1ncoc1N,109.088,4,1,0,1,4,75.84,0.12848000000000004,0
N#CC(O)C1=NN=C1N,124.10300000000002,5,2,1,1,5,94.75999999999999,-1.4023200000000002,1
N=C1N=C=CN=C(N)O1,124.103,4,2,0,1,5,83.82000000000001,-0.55053,0
N=Cc1c[nH]nc1N,110.12,3,3,1,1,4,78.55,-0.010429999999999995,0
N=C1COC(=N)OCO1,130.103,5,2,0,1,5,75.39,-0.08066000000000012,0
CC(=O)OC1=NC(N)=N1,127.10300000000002,5,1,0,1,5,77.03999999999999,-0.7662,0
N=CCn1cnoc1=N,126.11899999999999,5,2,2,1,5,78.66,-0.39485999999999993,0
O=CC1=CNC(O)OC1=O,143.09799999999996,5,2,1,1,5,75.63,-1.5085000000000002,1
CC1=NC(=N)C(N)=N1,110.12,3,2,0,1,4,74.59,-0.24712999999999996,0
N=C1OCC(N)C(=N)O1,129.119,5,3,0,1,5,92.17999999999999,-0.72746,1
Nc1nccn1C=O,111.10399999999998,4,1,1,1,4,60.91,-0.4964000000000002,0
Cc1nnc(NC=N)o1,126.11899999999999,4,2,2,1,5,74.80000000000001,0.39698999999999995,0
N=C1OCC(=N)C(O)O1,130.10299999999998,5,3,0,1,5,86.39,-0.6938600000000001,1
Nc1[nH]cnc1C=O,111.10399999999998,3,2,1,1,4,71.77000000000001,-0.19559999999999994,0
N=CN1C(=O)N1C=O,113.07599999999998,3,1,2,1,5,64.00999999999999,-0.5975300000000001,0
Nc1cn[nH]c1C=O,111.10399999999998,3,2,1,1,4,71.77,-0.19559999999999994,0
NC(=O)c1cnnc(N)n1,139.118,5,2,1,1,6,107.78,-1.4473000000000005,0
NC1=NC=C(O)C1=O,112.08799999999998,4,2,0,1,4,75.68,-0.6743000000000001,0
N=C1OCC(O)C(=O)O1,131.087,5,2,0,1,5,79.61,-1.1445300000000003,1
N=C1N=C(N)N=C1C=O,124.103,4,2,1,1,5,91.66,-1.06813,0
N=C1NCOC(=O)CO1,130.103,4,2,0,1,5,71.41,-0.9583300000000001,0
N=C1CNC(=N)OCO1,129.119,4,3,0,1,5,78.19000000000001,-0.5076600000000004,0
N#CCC1=NC(=N)N=N1,121.10300000000001,3,1,1,1,5,84.72,0.69915,0
NC1=NC(CO)=NC1=O,127.10299999999998,4,2,1,1,5,88.03999999999999,-1.7254,0
N=C1C=NC(=NO)N1,112.092,3,3,0,1,5,80.83,-0.6171300000000002,0
N=C1OCNC(=O)C(=N)O1,143.10199999999998,5,3,0,1,6,95.26,-0.9810600000000003,0
N=c1ncc(=N)n(O)[nH]1,127.107,5,4,0,1,6,101.54000000000002,-1.5925599999999998,0
COC1=NC(O)=NC1=N,127.103,3,2,0,1,5,78.03,-0.06383000000000016,0
N=C1N=CN=C1C=O,109.08799999999998,3,1,1,1,4,65.64,-0.35453,0
COC1=C(O)N=NC1=N,127.103,4,2,1,1,5,78.03,0.80297,0
COc1c[nH]nc1N=N,126.119,4,2,2,1,5,74.12,1.0807699999999998,0
N=CN1OCC1=NC(=N)O,142.11800000000002,3,3,1,1,6,92.76,-0.26806,0
CC(=O)n1ncc(=N)[nH]1,126.11899999999999,4,2,0,1,5,74.53,-0.6492300000000002,0
COC1=CC(=O)N=C1N,126.11500000000001,3,1,1,1,4,64.67999999999999,-0.5859000000000001,0
N=C1NC=CNC(=N)N1,125.135,2,5,0,1,5,83.79,-0.8904600000000005,0
Nn1cc(O)nc1C=O,127.10299999999998,5,2,1,1,5,81.13999999999999,-0.8850000000000002,0
CN=C1N=CC(N)=[N+]1[O-],126.119,3,1,0,1,5,76.80999999999999,-1.0758999999999999,0
N=C(N)C1CNC(N)=N1,127.15100000000002,4,4,1,1,5,100.28,-1.791129999999999,1
COc1cnnoc1=N,127.103,5,1,1,1,5,72.0,-0.44233000000000006,0
O=C1NCNCOC1=O,130.10299999999998,4,2,0,1,5,67.43,-1.8360000000000007,0
N=C1CNC(=O)OCO1,130.10299999999998,4,2,0,1,5,71.41000000000001,-0.3224300000000002,0
N=CN1C=NC1C=O,111.10399999999997,3,1,2,1,4,56.52,-0.53763,1
N=C1CCNC(=O)OC1,128.13099999999997,3,2,0,1,4,62.18000000000001,0.13606999999999997,0
Cc1ncnnc1N,110.12,4,1,0,1,4,64.69,-0.23778,0
N=c1onc(N)n1CCO,144.13400000000001,6,3,2,1,6,101.06000000000002,-1.4699300000000002,0
Nc1cc(=O)nc(CO)o1,142.114,5,2,1,1,5,89.35000000000001,-0.8907000000000003,0
N=C1OCNC(C=O)O1,130.10299999999998,5,2,1,1,5,71.41,-0.9599300000000004,1
N=CN1CC(N)C(=O)O1,129.119,4,2,1,1,5,79.41000000000001,-1.30543,1
N=C1COC(=N)N=CO1,127.103,4,2,0,1,5,78.52,-0.026460000000000095,0
N=C1OCC=NN1C=O,127.103,4,1,1,1,5,65.75,-0.6044300000000002,0
N#CCN1C(=N)OC1=O,125.08699999999997,4,1,1,1,5,77.18,-0.10304999999999981,0
NC1=NC(=O)C(CO)=N1,127.10299999999998,4,2,1,1,5,88.03999999999999,-1.7253999999999996,0
N=C1NCC(O)N=CO1,129.119,4,3,0,1,5,77.7,-1.11233,1
Nc1ocnc1C=NC=O,139.11399999999998,4,1,2,1,5,81.47999999999999,-0.16789999999999994,0
N=CN1COC(=O)OC1,130.10299999999998,4,1,1,1,5,62.620000000000005,-0.02273000000000014,0
N=C1CC(=N)C(=NO)O1,127.10299999999998,5,3,0,1,5,89.52000000000001,0.19144,0
COC1NCC(=O)C1=N,128.131,4,2,1,1,4,62.18,-0.84903,1
NC(=O)C1=NN=C1N,112.09200000000001,4,2,1,1,5,93.83,-1.8014999999999999,0
Cn1cnnc1NC=N,125.13499999999999,4,2,2,1,5,66.59,-0.16593000000000052,0
Nc1nc(C=O)c(O)o1,128.08699999999996,5,2,1,1,5,89.35,-0.2250999999999999,0
Cn1cnc(=N)oc1=N,126.11899999999999,5,2,0,1,5,78.66,-1.0279600000000002,0
N=C1OC(=O)OC1C=O,129.07099999999997,5,1,1,1,5,76.44999999999999,-0.30203,1
N=C1OCC(=O)OC1=N,128.087,5,2,0,1,5,83.22999999999999,-0.48566000000000015,0
Nc1nonc1C=NC=O,140.10199999999998,5,1,2,1,6,94.37,-0.7729000000000004,0
N=c1occ(C=O)nc1N,139.11399999999998,5,2,1,1,5,92.97,-0.45122999999999996,0
NC1=NC(=O)C(=O)N1,113.07599999999998,3,2,0,1,5,84.55,-2.0425000000000004,0
N#CCc1cnoc1N,123.115,4,1,1,1,4,75.84,0.32288000000000006,0
N=C1C=NN1C(N)=O,112.092,3,2,0,1,5,82.53999999999999,-0.6562299999999999,0
CC1=NC(N)=C1CO,112.13199999999999,3,2,1,1,3,58.61,-0.37649999999999995,0
CC(=O)n1cnc(=N)o1,127.103,5,1,0,1,5,71.88,-0.38433,0
N=C1NCC(=O)NCO1,129.119,3,3,0,1,5,74.21000000000001,-1.3853300000000002,0
CC1=C(N)C(=NO)N=N1,126.119,4,2,0,1,5,83.33,0.4301000000000001,0
N=c1o[nH]c(=N)c(=O)o1,129.075,5,3,0,1,6,106.83999999999999,-1.4801600000000006,0
N=CN1C=NC(=N)OC1,126.11899999999999,3,2,1,1,5,72.53,-0.15376000000000006,0
NC1=CC(N)=NC1=O,111.10400000000001,3,2,0,1,4,81.47,-1.2736000000000003,0
N#CCC1=NOC1=N,109.088,4,1,1,1,4,69.22999999999999,0.26355,0
CNC1=CC(=O)N=C1N,125.13100000000001,3,2,1,1,4,67.48,-1.0129,0
COC1=NC(CO)=NC1=N,141.13,4,2,1,1,5,78.03,-0.5870300000000002,0
NC=C1N=CN=C1N,110.12,4,2,0,1,4,76.75999999999999,-0.8144,0
N=Cn1ccn1C(=N)O,126.11899999999999,4,3,1,1,5,77.79,0.08563999999999994,0
N=C1OCCNC(=O)CO1,144.13,4,2,0,1,5,71.41,-0.9158300000000001,0
Nc1cc(=O)c(O)no1,128.087,5,2,0,1,5,89.35000000000001,-0.6774000000000002,0
NCC1=NC(=O)N=C1N,126.119,3,2,1,1,5,93.83,-1.1231,0
COc1[nH]nnc1C=N,126.119,4,2,2,1,5,74.65,-0.1890300000000002,0
COC1=NN=C1C#N,109.088,4,0,0,1,4,57.74,-0.07552000000000009,0
N=CNC1OCNC1=O,129.119,3,3,2,1,5,74.21000000000001,-1.3869300000000002,1
O=C1N=C(CO)NC1=O,128.087,3,2,1,1,5,78.75999999999999,-1.9663999999999997,0
COC1=NN=C1NC=O,127.10299999999998,4,1,1,1,5,63.050000000000004,-0.8956000000000002,0
N=C1N=CN=C1CO,111.10399999999998,3,2,1,1,4,68.8,-0.5611300000000001,0
CN=C1N=CN=C1N,110.12,3,1,0,1,4,63.099999999999994,-0.5861999999999998,0
N=C1C(CN)=NN1C=O,126.119,4,2,2,1,5,82.53999999999999,-1.24963,0
CC1=C(N)C(=O)N=N1,111.104,3,1,0,1,4,67.81,0.16900000000000015,0
O=CC1=NC(=O)C(=O)N1,126.07099999999998,3,1,1,1,5,75.6,-1.7598000000000005,0
O=Cc1nc(O)c(O)[nH]1,128.087,4,3,1,1,5,86.21000000000001,-0.3666000000000001,0
CN=C1OC(=N)N=C1O,127.103,3,2,0,1,5,78.03,-0.06383000000000005,0
N#CC(N)Cn1cno1,126.119,5,1,2,1,5,80.77,-0.6730200000000004,1
NC(N)CC(=O)C(=O)O,132.119,4,3,3,0,5,106.41000000000001,-1.7263000000000002,0
N=C1N=C(N)N=C1C=O,124.103,4,2,1,1,5,91.66,-1.06813,0
COC1=NC(=O)C(N)=N1,127.10300000000001,4,1,0,1,5,77.03999999999999,-1.1138000000000003,0
C#CC(=O)c1ncon1,122.083,4,0,1,1,4,55.99,-0.11450000000000005,0
N=C1OC(C=O)OC1=O,129.071,5,1,1,1,5,76.44999999999999,-0.9379300000000002,1
N=C1C(=O)NN=C1CO,127.103,4,3,1,1,5,85.54,-1.51573,0
CN=C1C=NC(N)=[N+]1[O-],126.119,4,1,0,1,5,76.80999999999999,-1.0758999999999999,0
N=C1OC(=N)C(=NO)O1,129.075,6,3,0,1,6,98.75,-0.26705999999999996,0
O=CN1COCC1=NO,130.103,4,1,1,1,5,62.13000000000001,-0.7798,0
NC(=O)C1COC(=O)C1,129.11499999999998,3,1,1,1,4,69.39000000000001,-0.9652000000000001,1
Cn1nc(N)nc1C#N,123.11900000000001,5,1,0,1,5,80.52000000000001,-0.73102,0
N=C1C=CNC(=O)CO1,126.11499999999998,3,2,0,1,4,62.18000000000001,-0.3762300000000003,0
CC(=O)C1=NC(N)=N1,111.10400000000001,4,1,1,1,4,67.81,-0.6978,0
N=Cc1nc(C=O)co1,124.09899999999998,4,1,2,1,4,66.95,0.4847700000000001,0
N=C1OCC(=N)C(=O)O1,128.087,5,2,0,1,5,83.23,-0.48566000000000015,0
N=CN1NCC1C(=O)O,129.119,3,3,2,1,5,76.42,-1.1331300000000002,1
CN=C1ON=C(N)C1=O,127.103,5,1,0,1,5,77.03999999999999,-1.1138,0
N=C1OCC(=O)C(=N)O1,128.087,5,2,0,1,5,83.23,-0.48566000000000015,0
C#CC(=O)OC1=NO1,111.056,4,0,0,1,4,51.19,-0.536,0
COc1c[nH]nc(N)c1=O,141.13,4,2,1,1,5,81.0,-0.6393000000000002,0
N=CN1C=CNC(=O)O1,127.10299999999998,3,2,1,1,5,65.42,0.021469999999999934,0
N=c1nc(C=O)nco1,125.08699999999997,5,1,1,1,5,79.84,-0.6384300000000003,0
CC1=NC(N)=NC1=N,110.12,3,2,0,1,4,74.59,-0.24712999999999996,0
N=c1nc(CCO)c1=O,126.11499999999998,4,2,2,1,4,74.03999999999999,-1.66833,0
CC1=C(N)N=NC1=O,111.104,3,1,0,1,4,67.81,0.16900000000000015,0
CN=C1NN=C(N)C1=O,126.119,4,2,0,1,5,79.84,-1.5408,0
CC1=C(NC=O)OC1=O,127.09899999999998,3,1,2,1,4,55.4,-0.47930000000000006,0
COc1n[nH]c(C=N)n1,126.11899999999999,4,2,2,1,5,74.65,-0.1890300000000002,0
Cc1nc(=N)[nH]n1C=O,126.11899999999999,4,2,1,1,5,74.53,-0.9626100000000002,0
CC(=O)n1ncc(=N)o1,127.10299999999998,5,1,0,1,5,71.88,-0.38433,0
N=C1OCC(=O)C(=N)O1,128.087,5,2,0,1,5,83.23,-0.48566000000000015,0
N=C1CC(=O)NOC1=O,128.087,4,2,0,1,5,79.25,-1.0157300000000002,0
NC1=NC(=O)C(=O)O1,114.05999999999997,4,1,0,1,5,81.75,-1.6155,0
CC1(C(=N)N)OCO1,116.12,3,2,1,1,4,68.33000000000001,-0.35713000000000017,0
CNC1OC(=N)C(=N)O1,129.119,5,3,1,1,5,78.19000000000001,-0.5092600000000003,0
CN=C1N=C(N)C(N)=N1,125.13500000000002,3,2,0,1,5,89.11999999999999,-1.2997999999999994,0
CC(=O)n1cn[nH]c1=N,126.119,4,2,0,1,5,74.53,-0.6492300000000002,0
N=C1NCOC(=N)O1,115.092,4,3,0,1,5,78.19000000000001,-0.55016,0
Cn1nnc(=N)cc1N,125.13499999999999,5,2,0,1,5,80.58,-1.12323,0
Cn1cnc(=N)oc1=N,126.11899999999999,5,2,0,1,5,78.66,-1.0279600000000002,0
COC1=NN=C1C=O,112.08799999999998,4,0,1,1,4,51.02,-0.4002000000000001,0
N=C1COC(=N)C1OC=O,142.11399999999998,5,2,2,1,5,83.22999999999999,-0.44476000000000027,1
N=C1OCOC1C=NO,130.103,5,2,1,1,5,74.9,-0.20342999999999994,1
N=C1CN=NC(=O)OC1,127.10299999999998,4,1,0,1,5,74.87,0.60857,0
N=c1[nH]cnoc1=N,112.092,4,3,0,1,5,89.52000000000001,-1.0383600000000002,0
NC(=O)C1=NN=C1N,112.09200000000001,4,2,1,1,5,93.83,-1.8014999999999999,0
Cc1nc(N)noc1=O,127.103,5,1,0,1,5,82.00999999999999,-0.6795800000000001,0
COC1=NC(=O)C(N)=N1,127.10300000000001,4,1,0,1,5,77.03999999999999,-1.1138000000000003,0
CC(=O)n1cc(N)o1,114.104,4,1,0,1,4,61.16,0.3234,0
CC1=NC(=N)N=C1N,110.12,2,2,0,1,4,74.59,-0.24712999999999996,0
N=CNC1OCC(=O)O1,130.103,4,2,2,1,5,71.41,-0.9599300000000002,1
COc1cnnoc1=N,127.103,5,1,1,1,5,72.0,-0.44233000000000006,0
N=C1OC(=O)C(=O)O1,115.04399999999998,5,1,0,1,5,76.45,-0.9788300000000001,0
N=C1NC(=N)C(=O)CO1,127.103,4,3,0,1,5,86.03000000000002,-0.91266,0
N=C1COC(=N)OCO1,130.103,5,2,0,1,5,75.39,-0.08066000000000012,0
O=CNc1coc(O)n1,128.08699999999996,4,2,2,1,5,75.36,-0.051500000000000046,0
CNC(=O)C1=NN=C1C,125.131,3,1,1,1,4,53.82,-0.43710000000000004,0
N=C1NC=NC(=O)CO1,127.103,3,2,0,1,5,74.54,-0.9041300000000001,0
N=CNC1OC(=O)C1=O,128.087,4,2,2,1,5,79.25,-1.3649300000000002,1
N#CCC1=NC(=N)N=N1,121.10300000000001,3,1,1,1,5,84.72,0.69915,0
NC(=O)C1=NC(O)=N1,113.076,3,2,1,1,5,88.04,-1.2022000000000002,0
N=C1OCN=CCOC1=O,142.11399999999998,5,1,0,1,5,71.74000000000001,-0.43463000000000007,0
C#Cc1nc(N)cn1N,122.13100000000001,4,2,0,1,4,69.86,-0.8396000000000001,0
CC(=N)OC1=NN=C1N,126.11900000000001,5,2,0,1,5,83.82,-0.31553000000000003,0
N#CCC1=CN=NC1=O,121.09899999999999,3,0,1,1,4,65.58,0.7763799999999998,0
NCc1cc(N)nnn1,125.13500000000002,5,2,1,1,5,90.71000000000001,-1.0875000000000001,0
N=C(N)c1cnon1,112.092,4,2,1,1,5,88.79,-0.6463299999999998,0
N=Cn1[nH]c(O)cc1=N,126.11899999999997,4,4,1,1,5,88.65,-0.5435600000000003,0
N=CN1OCN=C1CO,129.11900000000003,4,2,2,1,5,68.91000000000001,-0.8110299999999999,0
CC(=O)n1cn[nH]c1=O,127.103,4,1,0,1,5,67.75,-0.7685,0
Cc1nc(NC=O)n[nH]1,126.11899999999999,3,2,2,1,5,70.67,-0.31858000000000025,0
Cn1nc(N)c(N)n1,113.12400000000002,5,2,0,1,5,82.75,-1.0204999999999995,0
N=COC1COC(=N)O1,130.103,5,2,2,1,5,75.39,-0.08225999999999994,1
N=C(N)C1=NC(=O)C=N1,124.103,3,2,1,1,5,91.66000000000001,-1.06813,0
CN=c1nc(N)c1=N,110.12,4,2,0,1,4,75.12,-1.4506299999999994,0
NC1=NC(=O)N=C1O,113.07599999999998,2,2,0,1,5,88.04,-0.5663,0
Cn1c(N)coc1=N,113.11999999999998,4,2,0,1,4,67.94,-0.32022999999999996,0
N=CNC1=C(O)OC1=O,128.087,4,3,2,1,5,82.41,-0.5330300000000001,0
N=C1OC(CN)C1=NO,129.11900000000003,5,3,1,1,5,91.69,-0.8486300000000002,1
N=C1N=C(N)C=C1N,110.12,3,3,0,1,4,88.25,-0.8229299999999997,0
N=CN1C(=N)NC1=O,112.09199999999998,3,3,1,1,5,80.04,-0.44656,0
COC1=NC(=N)N=N1,112.09200000000001,3,1,0,1,5,70.16,0.38937,0
N=C1C(=O)NN=C1O,113.076,3,3,0,1,5,85.54,-0.9925299999999999,0
Nc1nc(C=O)[nH]c1CO,141.13,4,3,2,1,5,92.0,-0.7033000000000003,0
O=[N+]([O-])C1=NC(O)=C1,114.05999999999999,4,1,0,1,5,75.73,0.07459999999999994,0
N=C1NCC(=O)NCCO1,143.14600000000002,3,3,0,1,5,74.21000000000001,-1.3428300000000002,0
CN=C1N=CNC1=N,110.11999999999999,2,2,0,1,4,60.6,-0.3765300000000002,0
N=c1occ(OC=O)o1,129.071,5,1,2,1,5,76.43,-0.11272999999999994,0
N=C1N=C(C=O)C(=N)O1,125.08699999999997,4,2,1,1,5,86.36,-0.4314599999999999,0
N=C1OCC(=O)C(=O)O1,129.071,5,1,0,1,5,76.45,-0.9363300000000001,0
CC1=NN=C(CN)C1=N,124.147,4,2,1,1,4,74.59,-0.20462999999999998,0
N=C1OCNC(C=O)O1,130.10299999999998,5,2,1,1,5,71.41,-0.9599300000000004,1
COc1cnc(=N)[nH]n1,126.119,4,2,1,1,5,74.65,-0.7072300000000002,0
N#Cc1ncc(=N)on1,122.08699999999999,5,1,0,1,5,86.56,-0.57925,0
N=Cc1ocnc1N,111.10400000000001,4,2,1,1,4,75.9,0.25447000000000014,0
Nc1nc(O)[nH]c1C=O,127.10299999999997,4,3,1,1,5,92.0,-0.4900000000000002,0
N=C1ON=C1OC=O,114.05999999999997,5,1,1,1,5,71.74000000000001,-0.51963,0
N=C1N=CNC(=O)CO1,127.10299999999998,3,2,0,1,5,74.54,-0.9041300000000001,0
C#Cc1nnc(=N)on1,122.08699999999999,5,1,0,1,5,75.66,-1.07463,0
N=C1NC(=O)C(C=O)N1,127.10299999999998,3,3,1,1,5,82.05000000000001,-1.7919299999999998,1
N=C1OCOC(C=O)C1=N,142.11399999999998,5,2,1,1,5,83.23,-0.44476,1
Nc1coc(CO)[n+]1[O-],130.103,4,2,1,1,5,86.33,-1.0125,0
N#CCc1nc(O)no1,125.08699999999999,5,1,1,1,5,82.94,-0.15872000000000008,0
Cn1nc(C=N)c(=O)o1,127.10299999999998,5,1,1,1,5,71.88,-0.62903,0
NCC(=O)C1=NC(N)=N1,126.11900000000001,5,2,2,1,5,93.83,-1.7589999999999995,0
N=C1CON=COC1=N,127.10299999999998,5,2,0,1,5,78.52000000000001,-0.026460000000000095,0
N=c1nc[nH]nc1C=O,124.10299999999998,4,2,1,1,5,82.49000000000001,-0.90333,0
N=C1CONC(=O)CO1,130.10299999999998,4,2,0,1,5,71.41,-0.9583300000000003,0
N=C1NC(=O)OC1=N,113.076,4,3,0,1,5,86.03,-0.3192599999999998,0
N=C1COC(=N)OC=N1,127.103,4,2,0,1,5,78.52,-0.026460000000000095,0
N=Cc1n[nH]cnc1=N,123.11899999999999,4,3,1,1,5,89.27000000000001,-0.7181600000000001,0
N#CN=Cc1n[nH]nc1N,136.118,5,2,1,1,6,103.74,-0.7131200000000002,0
NC(C=O)C1=NC(=O)O1,128.087,4,1,2,1,5,81.75000000000001,-0.9387000000000001,1
COC1=NC(N)=NC1=N,126.11900000000001,4,2,0,1,5,83.82,-0.66313,0
N=CN1OCC(=N)C1CO,143.14600000000002,4,3,2,1,5,80.4,-0.7786600000000004,1
CNC1=NC(=N)C=[N+]1[O-],126.11899999999999,3,2,0,1,5,74.31,-0.8662300000000003,0
CN=C1N=CC(CO)=N1,125.13099999999999,2,1,1,1,4,57.31,-0.5101,0
COC1=NC(=N)N=C1O,127.103,2,2,0,1,5,78.03,-0.06383000000000005,0
N=C1C(=O)OC=C1N,112.088,4,2,0,1,4,76.17,-0.63693,0
CC1=NC(N)=NC1=N,110.12,3,2,0,1,4,74.59,-0.24712999999999996,0
N=C1N=C(C=O)N=C1N,124.103,4,2,1,1,5,91.66,-1.06813,0
N=C1COC(=N)NC=N1,126.119,3,3,0,1,5,81.32,-0.4534600000000002,0
CN=C1N=COC1=O,112.08799999999998,3,0,0,1,4,51.02,-0.4001999999999999,0
COC#CC1=C(N)N=N1,123.11500000000001,4,1,0,1,4,59.97,0.18730000000000002,0
CC(=O)N1CC(=N)CN1,127.147,3,2,0,1,4,56.190000000000005,-0.62713,0
COC1=NC(C=N)=NC1=N,138.13,4,2,1,1,5,81.65,0.07023999999999997,0
N=CN1CC(=O)OCN1,129.119,4,2,1,1,5,65.42,-1.0856300000000003,0
N=C1NC(=O)OCC1=O,128.087,4,2,0,1,5,79.25,-0.72743,0
CC1=NN=C(N)C1=O,111.104,4,1,0,1,4,67.81,-0.6978,0
N#CCC1=NOC1=O,110.07199999999999,4,0,1,1,4,62.449999999999996,-0.18712,0
CCn1cnc(=N)c(O)n1,140.146,5,2,1,1,5,74.79,-0.5169300000000002,0
CC(=O)C1=CC(=N)N1,110.11599999999999,2,2,1,1,3,52.95,0.03976999999999997,0
N=CN1C(=O)OC1C=O,128.08699999999996,4,1,2,1,5,70.46000000000001,-0.42933,1
CC(O)C1=NN=C1N,113.12000000000002,4,2,1,1,4,70.97,-0.9060000000000001,1
O=c1nc(CO)cn[nH]1,127.10299999999998,4,2,1,1,5,78.87,-1.3428000000000004,0
CCOC1C(=O)C1=NO,129.115,4,1,2,1,4,58.89,-0.19560000000000016,1
N=CN1C(=N)N=C1CO,126.11899999999999,3,3,2,1,5,83.53,-0.76536,0
Nc1coc(=O)n1OC=O,144.08599999999998,6,1,2,1,6,87.46000000000001,-1.3914999999999997,0
N#CCc1n[nH]nc1N,123.11900000000001,4,2,1,1,5,91.38,-0.5470200000000003,0
N=Cc1ncc(N)c(=O)o1,139.114,5,2,1,1,5,92.97000000000001,-0.3853300000000001,0
N=c1oc(=N)oc(=O)o1,130.059,6,2,0,1,6,104.19000000000001,-1.21526,0
COC1=NN=C(N)C1=O,127.103,5,1,0,1,5,77.03999999999999,-1.1138000000000001,0
CC(=O)n1cnc(=N)o1,127.103,5,1,0,1,5,71.88,-0.38433,0
N=C1COC(=N)OCO1,130.103,5,2,0,1,5,75.39,-0.08066000000000012,0
N#CC1=CC(O)=NC1=O,122.08299999999998,2,1,0,1,4,73.44999999999999,-0.06692000000000009,0
COc1[nH]nnc1C=N,126.119,4,2,2,1,5,74.65,-0.1890300000000002,0
CC1(OC=O)CC(=O)O1,130.099,4,0,2,1,4,52.60000000000001,-0.1775,1
N=CNC1N=COC1=O,127.10299999999998,4,2,2,1,5,74.53999999999999,-0.9057300000000001,1
N=C(O)C1=NN=C1CO,127.103,4,3,2,1,5,89.03,-0.67543,0
N=C1NCC(=O)C(=N)O1,127.103,4,3,0,1,5,86.03000000000002,-0.9126600000000002,0
CN=C1C=NC(=N)N1O,126.11899999999999,3,2,0,1,5,72.04,-0.27493,0
CN=C1N=COC1=N,111.10399999999998,3,1,0,1,4,57.800000000000004,0.05047000000000007,0
N=C1OCN(C=O)CO1,130.10299999999998,4,1,1,1,5,62.620000000000005,-0.6586300000000003,0
CN=c1cnc(N)no1,126.119,5,1,0,1,5,77.3,-0.8177000000000001,0
N=C1N=NC(CO)=N1,112.092,3,2,1,1,5,81.16,-0.22222999999999993,0
C#CC(N)C1=NN=C1N,122.13100000000001,4,2,1,1,4,76.75999999999999,-1.3262999999999998,1
CC(=O)n1nc[nH]c1=N,126.11899999999999,4,2,0,1,5,74.53,-0.6492300000000002,0
CNC#CC1=NOC1=N,123.115,4,2,0,1,4,57.470000000000006,-0.46983000000000014,0
N=C1CNC(=O)OC1=N,127.10299999999998,4,3,0,1,5,86.03,-0.27676000000000023,0
CN=C1N=C(N)C(O)=N1,126.119,2,2,0,1,5,83.33,-0.7004999999999999,0
Cc1nnc(=N)[nH]n1,111.108,4,2,0,1,5,78.31,-1.0124100000000003,0
N=C1NCC(=N)C(=O)N1,126.119,3,4,0,1,5,88.83000000000001,-1.3396599999999999,0
COc1nnoc1C=N,127.10299999999998,5,1,2,1,5,72.0,0.07586999999999994,0
COc1nc(=O)[nH]n1O,131.091,5,2,1,1,6,80.14,-1.1827000000000003,0
N=Cn1cc(N)n1C=O,126.119,5,2,2,1,5,76.8,-0.63473,0
N=C1OC=C(O)NCO1,130.103,5,3,0,1,5,74.57000000000001,-0.12803000000000003,0
CC(=O)C1=NC(=N)O1,112.088,3,1,1,1,4,62.510000000000005,-0.06112999999999996,0
Cc1nc(=O)[nH]n1C=O,127.10299999999998,4,1,1,1,5,67.75,-1.0818800000000002,0
N=C1N=COCOC1=N,127.103,4,2,0,1,5,78.52000000000001,-0.026460000000000095,0
CC(=O)C1=NOC1=N,112.088,4,1,1,1,4,62.51,-0.06112999999999996,0
O=CC(=O)NC1OC1O,131.087,4,2,2,1,5,78.93,-2.0238000000000005,2
N=C1COC(=N)C(=N)O1,127.103,5,3,0,1,5,90.01,-0.034989999999999966,0
N=C1N=C(C=O)C(=O)O1,126.07099999999997,4,1,1,1,5,79.58,-0.8821300000000001,0
N=C1CNC(C=O)C(=O)N1,141.12999999999997,4,3,1,1,5,82.05000000000001,-1.7494300000000005,1
CN1OCC(=O)OC1=O,131.087,4,0,0,1,5,55.839999999999996,-0.47340000000000004,0
NCC1=NC(=O)C(=O)N1,127.10299999999998,3,2,1,1,5,84.55,-2.0,0
NC1=NN=C(C=O)C1=O,125.08699999999997,5,1,1,1,5,84.88,-1.5188,0
COC1(C(=N)N)OC1=O,130.103,4,2,2,1,5,88.69999999999999,-1.17813,1
N=C1OCC(=NC=O)O1,128.087,4,1,1,1,5,71.74,-0.47713000000000005,0
CC(=O)C1=COC1=N,111.09999999999998,3,1,1,1,3,50.150000000000006,0.46676999999999996,0
N=C1C=C(N)OC1=O,112.088,4,2,0,1,4,76.17000000000002,-0.6369300000000002,0
N=C1N=CC(N)=C1N,110.12000000000002,3,3,0,1,4,88.25,-0.8229300000000002,0
N#CC1=NC(N)=C1C=O,121.09899999999999,4,1,1,1,4,79.24000000000001,-0.66622,0
N=C1NCNC(=O)O1,115.09199999999998,3,3,0,1,5,74.21000000000001,-0.79193,0
N=CC1=NC(N)=NC1=O,124.10300000000001,4,2,1,1,5,91.66,-1.0681300000000002,0
N#CC1CON(C=N)C1,125.131,3,1,1,1,4,60.11,-0.019550000000000012,1
CC1(O)N=COC(=N)N1,129.119,4,3,0,1,5,77.70000000000002,-0.7647300000000001,1
CC1=NC(N)=NC1=N,110.12,3,2,0,1,4,74.59,-0.24712999999999996,0
CN=C1OC(=N)C(=O)O1,128.087,5,1,0,1,5,71.74,-0.47713,0
N=C1NC(=O)N=C1O,113.076,2,3,0,1,5,85.54,-0.35663000000000006,0
NC1=NC=C(C=O)C1=O,124.09899999999998,4,1,1,1,4,72.52,-0.9909000000000001,0
O=CC1OCNC(=O)O1,131.087,4,1,1,1,5,64.63,-0.7747000000000002,1
O=CN1COCC1=NO,130.103,4,1,1,1,5,62.13000000000001,-0.7798,0
NC1=NC(=O)C(=O)N=C1,125.08699999999997,3,1,0,1,5,84.88,-1.5188,0
CC1=NC(=O)N=C1N,111.104,2,1,0,1,4,67.81,-0.061899999999999844,0
CC(=O)C1=NN=C1N,111.10400000000001,4,1,1,1,4,67.81,-0.6978,0
CC1=NC(=N)C(N)=N1,110.12,3,2,0,1,4,74.59,-0.24712999999999996,0
N=C1CNC(=O)OCO1,130.10299999999998,4,2,0,1,5,71.41000000000001,-0.3224300000000002,0
N=CCc1cnoc1N,125.131,4,2,2,1,4,75.9,0.44887000000000005,0
N=C1OC(=N)C(C=O)O1,128.087,5,2,1,1,5,83.23,-0.48726000000000025,1
NC1=CC(=O)C(N)=N1,111.10400000000001,4,2,0,1,4,81.47,-1.2735999999999998,0
N=CN1NCNC1C=O,128.135,4,3,2,1,5,68.22,-1.5142300000000002,1
CC1OC(=N)C(=N)OC1=O,142.11399999999998,5,2,0,1,5,83.22999999999999,-0.09716000000000002,1
N=C1COC(=N)N1C=O,127.103,4,2,1,1,5,77.24000000000001,-0.6129600000000002,0
CC1=NC(=N)C(C=O)=N1,123.11499999999998,3,1,1,1,4,65.64,0.035569999999999935,0
CN=C1NC(C=O)NC1=O,141.12999999999997,3,2,1,1,5,70.56,-1.7409000000000001,1
NC(=O)N1CC(=O)CO1,130.103,3,1,0,1,5,72.63000000000001,-1.1185999999999998,0
N=Cn1c(N)cnnc1=N,138.13400000000001,6,3,1,1,6,104.43,-1.20506,0
N=CN1OCNC1C=O,129.119,4,2,2,1,5,65.42000000000002,-1.0872300000000001,1
CC(N)C(=O)C1=CN=N1,125.13099999999999,4,1,2,1,4,67.81,0.2099000000000001,1
N=C1NC(=O)C(=O)CO1,128.087,4,2,0,1,5,79.25000000000001,-1.36333,0
N=C1C=NC(N)=C1N,110.12000000000002,4,3,0,1,4,88.25,-0.8229300000000002,0
CN=C1OCC(=[N+]=[N-])O1,127.10300000000001,3,0,0,1,5,67.22,-0.3527,0
N=C1N=C(CO)N1C=O,127.10299999999998,3,2,2,1,5,76.75,-1.2160300000000002,0
N=C1C=NC(C=O)=N1,109.088,3,1,1,1,4,65.64,-0.35453,0
N=C(N)OC1CC(=O)O1,130.10299999999998,4,2,1,1,5,85.40000000000002,-0.83053,1
NC1=NC(=O)C(N)=N1,112.092,4,2,0,1,5,93.83,-1.8014999999999999,0
NC1=NC(=O)C(C=O)=N1,125.08699999999997,4,1,1,1,5,84.88,-1.5188,0
C#Cc1nonc1N,109.08800000000001,4,1,0,1,4,64.94,-0.36689999999999995,0
NC(=O)OC1NCC1=O,130.103,4,2,1,1,5,81.42000000000002,-1.4199000000000004,1
COC1=NC(=O)C(=N)N=C1,139.114,3,1,0,1,5,74.87,-0.38043000000000005,0
N=C1NCNC(=O)CO1,129.119,3,3,0,1,5,74.21000000000001,-1.3853300000000002,0
C#CCN1N=CNC(N)=N1,137.146,5,2,1,1,5,66.00999999999999,-1.3021999999999994,0
O=Cc1n[nH]nc1C=O,125.08699999999997,4,1,2,1,5,75.71000000000001,-0.5703000000000003,0
N=C1N=C(CO)NC1=N,126.11899999999999,3,4,1,1,5,92.32,-1.0650600000000003,0
O=CN1C=NC1CO,114.10399999999998,3,1,2,1,4,52.900000000000006,-1.1949000000000003,1
CC1(OC(=O)O)OC1=N,131.087,4,2,1,1,5,82.91,0.40467,1
N=CC1NC(=O)C(=O)O1,128.087,4,2,1,1,5,79.25000000000001,-1.3649300000000002,1
N=C1NCNC(=O)CO1,129.119,3,3,0,1,5,74.21000000000001,-1.3853300000000002,0
N=C1NCC(=N)C(=O)O1,127.103,4,3,0,1,5,86.03000000000002,-0.91266,0
CC(O)C1=NC(N)=N1,113.12000000000002,4,2,1,1,4,70.97,-0.9060000000000001,1
N=CN1C=NC(O)OC1,129.11899999999997,4,2,1,1,5,68.91000000000001,-0.8126300000000002,1
N=CN1CCOC(=O)N1,129.119,3,2,1,1,5,65.42,-0.44973000000000013,0
CC(=O)c1noc(=N)[nH]1,127.103,4,2,1,1,5,82.74000000000001,-0.31523000000000007,0
N=C1OC=NCNC1=O,127.103,4,2,0,1,5,74.53999999999999,-0.9041300000000003,0
N=C1N=CN=C1C(N)=O,124.103,3,2,1,1,5,91.66,-1.0681300000000002,0
COC1=NC(=N)N=N1,112.09200000000001,3,1,0,1,5,70.16,0.38937,0
N=C1CC(=N)C(=O)OCO1,142.11399999999998,5,2,0,1,5,83.23000000000002,-0.09556000000000003,0
N=C1NC(=O)C(=N)O1,113.076,4,3,0,1,5,86.03000000000002,-0.9551600000000002,0
CN=C1N=C(O)C(=O)O1,128.087,3,1,0,1,5,71.25,-0.5145,0
Cc1noc(=O)c(N)n1,127.10300000000001,5,1,0,1,5,82.01,-0.6795800000000003,0
N=C1N=CN=C1NC=CN,137.14599999999996,4,3,1,1,5,86.62,-0.5764300000000002,0
CC(=O)C1=NC(=N)O1,112.088,3,1,1,1,4,62.510000000000005,-0.06112999999999996,0
O=CNCNC1=CN=N1,126.11899999999999,4,2,4,1,5,65.85,-0.4558000000000004,0
Cn1nnc(CO)n1,114.10799999999999,5,1,1,1,5,63.83,-1.2976000000000003,0
N=C1N=C(C(=O)O)O1,114.05999999999997,3,2,1,1,5,82.74000000000001,-0.5655299999999999,0
N=C1OC(=O)OC1=NO,130.059,6,2,0,1,6,91.97,-0.08182999999999996,0
Cc1ncnc(N)[n+]1[O-],126.119,4,1,0,1,5,78.74,-0.9993799999999999,0
N=c1cc(OC=O)oo1,129.07099999999997,5,1,2,1,5,76.43,-0.11272999999999994,0
N=CCc1nocc1N,125.131,4,2,2,1,4,75.9,0.44887000000000005,0
N#CCC1=NOC1=N,109.088,4,1,1,1,4,69.22999999999999,0.26355,0
Cc1oc(=N)ncc1N,125.131,4,2,0,1,4,75.9,0.04469000000000001,0
N=C(CO)C1NC(=O)O1,130.10299999999998,4,3,2,1,5,82.41000000000001,-0.9356300000000002,1
CC(=O)C1=NC(=N)O1,112.088,3,1,1,1,4,62.510000000000005,-0.06112999999999996,0
N=CN1COCNC1=O,129.119,3,2,1,1,5,65.42000000000002,-0.4497299999999999,0
NC(=O)CC1=NC(O)=N1,127.103,3,2,2,1,5,88.04,-0.8121000000000003,0
N=Cc1n[nH]nc1C=O,124.10299999999998,4,2,2,1,5,82.49000000000001,-0.38513,0
CCN1C(=O)N=C1N,113.12,2,1,1,1,4,58.69,-0.24339999999999995,0
N=C1COC(=O)C(O)O1,131.087,5,2,0,1,5,79.61,-1.1445300000000003,1
CNC1=NC(=N)NC1C=O,140.146,3,3,1,1,5,77.34,-1.2902299999999998,1
CC1=NC(N)=NC1=N,110.12,3,2,0,1,4,74.59,-0.24712999999999996,0
Nc1nn[nH]c(=O)c1C=O,140.10199999999998,5,2,1,1,6,101.72999999999999,-1.4404000000000006,0
CC(C)(O)c1nc1=O,113.116,3,1,1,1,3,50.190000000000005,-0.4552000000000001,0
NC1=NC(=O)N=C1C=O,125.08699999999997,3,1,1,1,5,84.88,-0.8829,0
N=CNC(=O)C1OCO1,130.10299999999998,4,2,2,1,5,71.41000000000001,-0.9599300000000002,0
N=C1NCC(=O)N=CO1,127.103,3,2,0,1,5,74.54,-0.9041300000000001,0
N=C1OCOC(=O)C1=N,128.087,5,2,0,1,5,83.23,-0.48566000000000015,0
NC1=NC(=O)C(=O)O1,114.05999999999997,4,1,0,1,5,81.75,-1.6155,0
N=C1NCC(=O)N=CO1,127.103,3,2,0,1,5,74.54,-0.9041300000000001,0
NC(C=O)c1ncn[nH]1,126.119,4,2,2,1,5,84.66,-0.9966000000000002,1
CN=C(O)C1=NC(=N)N1,126.119,2,3,1,1,5,80.83000000000001,-0.49083000000000004,0
CC1=NNC(=N)C1=N,110.11999999999999,3,3,0,1,4,72.09,-0.03745999999999988,0
N=C1N=CC(=O)NCO1,127.103,3,2,0,1,5,74.54,-0.9041300000000001,0
N=CNC1=CN=NC1=O,124.103,3,2,2,1,5,77.67,0.01687000000000005,0
Nc1cnc(C=O)n1N,126.119,5,2,1,1,5,86.92999999999999,-1.0084,0
Nc1n[nH]c(CC=O)n1,126.11899999999999,4,2,2,1,5,84.66,-0.8717000000000006,0
CCn1cnnc1N,112.13600000000001,4,1,1,1,4,56.730000000000004,-0.11980000000000002,0
CN=C1N=C(N)OC1=O,127.103,4,1,0,1,5,77.03999999999999,-1.1138,0
NC(=O)c1nc(O)co1,128.087,4,2,1,1,5,89.35000000000001,-0.5209,0
CNc1nc(C=O)no1,127.10299999999998,5,1,2,1,5,68.02000000000001,-0.07619999999999999,0
N=CC(=O)N1CNC1=N,126.119,3,3,1,1,5,80.04,-1.03996,0
N=C1N=C(N)N=C1C=O,124.103,4,2,1,1,5,91.66,-1.06813,0
O=COc1n[nH]c(CO)n1,143.102,5,2,3,1,6,88.1,-1.1678000000000004,0
N=C1OCNC(=O)CC1=O,142.11399999999998,4,2,0,1,5,79.25,-0.9732300000000003,0
NC1=CC(=O)C(O)=N1,112.088,3,2,0,1,4,75.68,-0.6743000000000001,0
CN=C1N=NC(=O)O1,113.07599999999998,3,0,0,1,5,63.379999999999995,0.5746,0
Cc1nc(N)nn1C=N,125.135,5,2,1,1,5,80.58,-0.3761100000000001,0
NC(=O)C(=O)C1=CO1,113.07199999999997,3,1,2,1,4,72.69,-1.0876000000000001,0
COc1noc(=N)n1C=O,143.102,6,1,2,1,6,81.11000000000001,-0.99753,0
N=C1C=C(N)C(O)=N1,111.104,2,3,0,1,4,82.46000000000001,-0.22363000000000005,0
N=C1N=C(N)C(C=O)=N1,124.103,3,2,1,1,5,91.66000000000001,-1.06813,0
N=CN=c1nnocc1N,139.11799999999997,5,2,1,1,6,101.14999999999999,-0.8404300000000002,0
CC(N)(N)C1=NN=N1,113.12400000000001,5,2,1,1,5,89.12,-0.6006999999999998,0
Cc1c(N)n[nH]c1C=O,125.13099999999999,3,2,1,1,4,71.77,0.11282000000000009,0
CNC1OC(=N)OC1=O,130.103,5,2,1,1,5,71.41,-0.9599300000000002,1
O=C(CO)c1ncno1,128.08700000000002,5,1,2,1,5,76.22,-0.7554000000000001,0
N=CNC1OC(=N)C1=O,127.103,4,3,2,1,5,86.03,-0.9142600000000003,1
N=C1NCC(=O)C(=N)O1,127.103,4,3,0,1,5,86.03000000000002,-0.9126600000000002,0
CN=C1N=NC(N)=N1,111.108,3,1,0,1,5,75.46,-0.24729999999999996,0
N=CN1COCOC1=O,130.10299999999998,4,1,1,1,5,62.62000000000001,-0.022729999999999917,0
Nc1ccn(NC=O)n1,126.119,4,2,2,1,5,72.94,-0.8348000000000004,0
N=C1COC(=N)NCO1,129.119,4,3,0,1,5,78.19,-0.5076600000000002,0
CC1=NC(N)=NC1=N,110.12,3,2,0,1,4,74.59,-0.24712999999999996,0
Nc1nocc1C=O,112.08799999999998,4,1,1,1,4,69.12,0.06930000000000003,0
N=C1NC(=N)C(=N)O1,112.092,4,4,0,1,5,92.81000000000002,-0.5044900000000001,0
N=COC1=CN=NC1=N,124.103,4,2,2,1,5,81.65,0.8945399999999999,0
N=c1nnc(C=O)c[nH]1,124.10299999999998,4,2,1,1,5,82.49000000000001,-0.9033300000000002,0
NC(=O)C1=NC(=O)N1,113.076,2,2,1,1,5,84.55000000000001,-1.4066,0
CCc1noc(=N)c(=N)o1,141.13,5,2,1,1,5,86.87,-0.21106000000000014,0
N=C1CN(C=O)NCN1,128.135,3,3,1,1,5,68.22,-1.5126299999999993,0
NC(=O)c1ncnn1N,127.10700000000001,5,2,1,1,6,99.82000000000001,-1.9092000000000002,0
O=C1CC(=O)C(=O)N1,113.07199999999999,3,1,0,1,4,63.24,-1.3980000000000001,0
COc1cnc(O)n1N,129.119,5,2,1,1,5,73.3,-0.6889000000000003,0
N=CN1OCNC1C=O,129.119,4,2,2,1,5,65.42000000000002,-1.0872300000000001,1
CN=C1N=C(N)C=[N+]1[O-],126.119,3,1,0,1,5,76.80999999999999,-1.0758999999999999,0
N=c1[nH]c(C=O)no1,113.076,4,2,1,1,5,82.74,-0.7053300000000002,0
COc1n[nH]nc1CO,129.119,4,2,2,1,5,71.03,-0.6944000000000001,0
N=C1ONC(=O)C1C=O,128.087,4,2,1,1,5,79.25,-1.1598300000000001,1
CNC(=O)C1=NOC1=O,128.087,4,1,1,1,5,67.75999999999999,-1.3548000000000002,0
COC1=NC(N)=NC1=O,127.10300000000001,4,1,0,1,5,77.03999999999999,-1.1138000000000001,0
NC(=O)C1=CC(=O)O1,113.07199999999997,3,1,1,1,4,69.39,-1.0876000000000001,0
N#CCc1cnoc1N,123.115,4,1,1,1,4,75.84,0.32288000000000006,0
CNC1OC(=O)OC1=N,130.103,5,2,1,1,5,71.41,-0.32403,1
N#CC1NC(=N)OC(=O)O1,141.08599999999998,5,2,0,1,6,95.2,-0.47275000000000017,1
N=C(O)C1=NNC1=O,113.076,3,3,1,1,5,85.53999999999999,-0.9925300000000001,0
COC1=NC(N)=NC1=O,127.10300000000001,4,1,0,1,5,77.03999999999999,-1.1138000000000001,0
N=C1CCN=NC(=O)O1,127.10299999999998,4,1,0,1,5,74.87,0.95617,0
N=Cc1nc(C=O)no1,125.08699999999999,5,1,2,1,5,79.84,-0.12023,0
COC1=NC(=N)N=C1N,126.11900000000001,3,2,0,1,5,83.82,-0.66313,0
N=c1oncnc1N,112.092,5,2,0,1,5,88.79,-0.86873,0
Cc1n[nH]nc1N=O,112.092,4,1,1,1,5,71.0,0.5110199999999999,0
N=C1CNC(=O)OC1,114.10399999999998,3,2,0,1,4,62.18000000000001,-0.2540300000000002,0
N=CN1CC(=O)C(=O)N1,127.10299999999998,3,2,1,1,5,73.26,-1.4906300000000001,0
CC1=NC(=O)N=C1N,111.104,2,1,0,1,4,67.81,-0.061899999999999844,0
COC1=C(N)N=C1N,113.12000000000002,4,2,1,1,4,73.63,-0.8686,0
CC(=N)OC1NC1=O,114.10399999999998,3,2,1,1,4,72.09,-0.5439300000000002,1
N=COC1OC(=N)C1=N,127.103,5,3,2,1,5,90.00999999999999,-0.03658999999999979,1
CC(O)C1=C(N)N=N1,113.12000000000002,4,2,1,1,4,70.97,-0.03919999999999996,1
NC1=NC(=O)N=C1CO,127.10299999999998,3,2,1,1,5,88.04,-1.0895000000000001,0
N=C1C=NC(=O)C(N)CO1,141.13,4,2,0,1,5,88.53,-1.0814300000000001,1
NCC(=O)C1=CC(N)=N1,125.131,4,2,2,1,4,81.47,-1.2310999999999999,0
Nc1nc(F)nnc1C=O,142.093,5,1,1,1,6,81.75999999999999,-0.5946000000000002,0
N=c1ncc(CO)no1,127.103,5,2,1,1,5,83.0,-0.9586300000000001,0
NC1=NC(=O)N=C1CO,127.10299999999998,3,2,1,1,5,88.04,-1.0895000000000001,0
N=CC1=C(N)C(=N)N=N1,123.11900000000001,4,3,1,1,5,98.44,0.24934000000000006,0
N=C1C=NC(CCO)=[N+]1[O-],141.13,4,2,2,1,5,82.50999999999999,-0.66073,0
C#CC(=N)NC1NCO1,125.13099999999999,3,3,1,1,4,57.14,-0.9526300000000001,1
COC1=NC(=N)N=C1N,126.11900000000001,3,2,0,1,5,83.82,-0.66313,0
N=C1N=C(C(N)=O)O1,113.076,3,2,1,1,5,88.53000000000002,-1.1648300000000003,0
N=Cn1c(N)cnc1CO,140.14600000000002,5,3,2,1,5,87.92,-0.5872299999999999,0
N=CN1CC(=N)OC=N1,126.11899999999999,4,2,1,1,5,72.53,-0.15376000000000006,0
CNC1=NNC(=O)C1=N,126.11899999999999,4,3,0,1,5,77.34,-1.3311299999999993,0
Nc1n[nH]nc1C=O,112.09199999999998,4,2,1,1,5,84.66,-0.8006000000000004,0
NC1=NC(C=O)=NC1=O,125.08699999999997,4,1,1,1,5,84.88,-1.5188,0
CNC(=O)c1ncno1,127.103,4,1,1,1,5,68.02000000000001,-0.5708000000000002,0
CC(O)C1=NC(=N)N=N1,126.11900000000001,3,2,1,1,5,81.16000000000001,0.16626999999999992,1
NC(=O)c1cno[n+]1[O-],129.075,4,1,1,1,6,96.06,-1.5931,0
CN=C1C=NC(=O)O1,112.08799999999998,3,0,0,1,4,51.019999999999996,0.23569999999999997,0
N=CN=CC1=NC=NC1=O,136.114,3,1,2,1,5,78.0,-0.32623,0
CC(=O)c1nnc(N)o1,127.10300000000001,5,1,1,1,5,82.01,-0.14559999999999984,0
CC1=NC(=N)C(N)=N1,110.12,3,2,0,1,4,74.59,-0.24712999999999996,0
N=C1COC(=N)N=CO1,127.103,4,2,0,1,5,78.52,-0.026460000000000095,0
N=c1[nH]c(=O)nco1,113.076,4,2,0,1,5,82.74,-1.15763,0
N=Cc1ncnc(N)c1N,137.146,5,3,1,1,5,101.67,-0.3613300000000001,0
N=C1N=C(C(=O)C=O)O1,126.07099999999997,4,1,2,1,5,79.58,-0.8821300000000001,0
N=C1N=C(C=O)N1CO,127.10299999999998,3,2,2,1,5,76.75,-1.2160300000000002,0
N=Cn1c(O)coc1=O,128.08699999999996,5,2,1,1,5,79.22,-0.39793,0
CC(=O)Nc1cnn[nH]1,126.119,3,2,1,1,5,70.67,-0.23690000000000028,0
Cn1cn[n+]([O-])c1C=N,126.11899999999999,4,1,1,1,5,68.61,-0.9488300000000003,0
Nc1ncc(C=O)nn1,124.103,5,1,1,1,5,81.76,-0.7337000000000002,0
Nc1cnc(C=O)c(N)n1,138.13,5,2,1,1,5,94.89,-0.5465,0
N=C1OCC(=O)C(=N)O1,128.087,5,2,0,1,5,83.23,-0.48566000000000015,0
N=c1[nH]cnc(=O)o1,113.076,4,2,0,1,5,82.74,-1.15763,0
NC1=C(CO)C(=O)N=N1,127.103,4,2,1,1,5,88.04,-0.8586000000000003,0
N=C1OC(=O)OC1=O,115.04399999999998,5,1,0,1,5,76.44999999999999,-0.34293,0
N=C1NC(C=O)N=CO1,127.103,4,2,1,1,5,74.54,-0.9057300000000001,1
Cc1nncc(=O)c(N)n1,138.13,5,1,0,1,5,81.76,-0.87758,0
NC=C1NC=NC1=O,111.10399999999998,3,2,0,1,4,67.47999999999999,-1.0554000000000001,0
N#CC(=O)C1=NN=C1,107.072,4,0,1,1,4,65.58,-0.48052000000000006,0
N#CC1=NC(=N)OCN1,124.103,4,2,0,1,5,81.26,-0.57945,0
O=Cc1nnc(CO)[nH]1,127.10299999999998,4,2,2,1,5,78.87,-0.8905000000000001,0
CN=C1OCNC(=N)O1,129.119,4,2,0,1,5,66.7,-0.49913000000000024,0
N=C1N=C(C(N)=O)N1,112.092,2,3,1,1,5,91.33000000000001,-1.5918300000000003,0
N=C1N=C(N)N=C1C=O,124.103,4,2,1,1,5,91.66,-1.06813,0
N=C1NC(C=O)OCO1,130.103,4,2,1,1,5,71.41000000000001,-0.9599300000000002,1
Cc1nc(N)nc(N)n1,125.13500000000002,5,2,0,1,5,90.71,-0.6555800000000003,0
NCC1=NN=C(N)C1=O,126.11899999999999,5,2,1,1,5,93.82999999999998,-1.7590000000000003,0
COC1=NC(=O)NC1=O,128.087,3,1,0,1,5,67.75999999999999,-0.7189000000000001,0
N=C1COC(=N)OC=CN1,141.13,4,3,0,1,5,78.19,0.006039999999999934,0
N=C1COC(=N)OCO1,130.103,5,2,0,1,5,75.39,-0.08066000000000012,0
N=C1N=NC(CN)=N1,111.10800000000002,3,2,1,1,5,86.95,-0.2558299999999999,0
CN=C1N=C(N)NC1=O,126.119,3,2,0,1,5,79.84,-1.5408,0
N=C1COC(=NO)CO1,130.103,5,2,0,1,5,74.9,-0.20183000000000012,0
N#CC1=NC=NC1=N,106.088,3,1,0,1,4,72.36,-0.029849999999999988,0
CC(O)C1=NC(O)=N1,114.104,3,2,1,1,4,65.18,-0.30670000000000003,1
CN=c1ncc(N)n[nH]1,125.135,4,2,0,1,5,79.94999999999999,-1.0826,0
N=CN1OCCOC1=O,130.103,4,1,1,1,5,62.62000000000001,-0.022729999999999917,0
N=CNC(=O)C1=NN=N1,125.09100000000001,5,2,2,1,6,90.03,-0.5110300000000001,0
Cn1nnc(CCO)n1,128.135,5,1,2,1,5,63.83,-1.2551000000000003,0
COC1=NC(N)=NC1=O,127.10300000000001,4,1,0,1,5,77.03999999999999,-1.1138000000000001,0
CC1NCC(=N)OC(=O)N1,143.14600000000002,4,3,0,1,5,74.21,-0.36093000000000014,1
CN=C1N=C(N)C(=O)O1,127.103,4,1,0,1,5,77.04,-1.1138,0
C#Cc1nonc1N,109.08800000000001,4,1,0,1,4,64.94,-0.36689999999999995,0
N=C1N=CN=C1C=O,109.08799999999998,3,1,1,1,4,65.64,-0.35453,0
COC1=C(O)C=NC1=O,127.09899999999998,3,1,1,1,4,58.89,0.013400000000000023,0
N=C1C=C(N)C(=N)O1,111.104,4,3,0,1,4,82.95,-0.18625999999999998,0
CCc1nc(N)nn1C=O,140.14600000000002,5,1,2,1,5,73.8,-0.5390000000000001,0
N=C1COC(=N)OCO1,130.103,5,2,0,1,5,75.39,-0.08066000000000012,0
CN=c1[nH]ncoc1=O,127.10299999999998,4,1,0,1,5,71.25,-1.1066000000000003,0
N=C1N=C(N)C(C=O)=N1,124.103,3,2,1,1,5,91.66000000000001,-1.06813,0
N=C1CC(=N)OC(=O)CO1,142.11399999999998,5,2,0,1,5,83.23,-0.09556000000000003,0
N=CN1C=NC(C=O)N1,126.11899999999997,4,2,2,1,5,68.55,-1.0330300000000001,1
NC1=CC(=O)OC1=O,113.07199999999999,4,1,0,1,4,69.39000000000001,-1.0876000000000001,0
N=C1OCNC(=O)CO1,130.10299999999998,4,2,0,1,5,71.41,-0.9583300000000003,0
N=C1NCCC(=O)OCO1,144.13,4,2,0,1,5,71.41000000000001,-0.5682300000000002,0
N#CCC1=NN=C1C=O,121.09899999999999,4,0,2,1,4,65.58,-0.09042,0
N=C1C=NC(=N)N1C=O,124.103,3,2,1,1,5,80.37,-0.5587600000000001,0
COC1=NC(=N)N=C1,111.104,2,1,0,1,4,57.8,0.05046999999999996,0
COC1=NC(=N)C(=O)O1,128.087,4,1,0,1,5,71.74,-0.47713,0
COC1=NC(=O)C(=N)O1,128.087,4,1,0,1,5,71.74,-0.47713,0
CC1OC(=N)C(O)=[N+]1[O-],130.10299999999998,3,2,0,1,5,79.38,-0.19333,1
N=Cc1oc(N)nc1N,126.11900000000003,5,3,1,1,5,101.92,-0.1633300000000001,0
Cc1nc(=O)[nH]n1C=O,127.10299999999998,4,1,1,1,5,67.75,-1.0818800000000002,0
Nc1ncc(=O)[nH]c1O,127.10299999999998,4,3,0,1,5,92.0,-0.9423000000000001,0
N=C1CNCOC(=O)O1,130.10299999999998,5,2,0,1,5,71.41,-0.3224300000000002,0
CC1NC(=O)C(=O)O1,115.08799999999998,3,1,0,1,4,55.400000000000006,-0.9946000000000002,1
Cc1n[nH]nc1COC=O,141.13,4,1,3,1,5,67.87,-0.21388000000000007,0
N=C1OCC(=N)C(=N)O1,127.103,5,3,0,1,5,90.01,-0.034989999999999966,0
N=C1N=COC(C(=N)O)N1,142.118,3,4,1,1,6,101.55,-0.5693600000000001,1
O=Cc1nc(CO)n[nH]1,127.103,4,2,2,1,5,78.87,-0.8905000000000003,0
NC1=NC(O)=CC1=O,112.08799999999997,4,2,0,1,4,75.68,-0.6743000000000001,0
Nc1cc(N)c(=O)on1,127.10300000000001,5,2,0,1,5,95.14,-0.8008,0
N=C1NCC1OC(N)=O,129.119,3,3,1,1,5,88.19999999999999,-0.9692300000000003,1
N#CC(N)C1=NC(=O)O1,125.08699999999999,4,1,1,1,5,88.47000000000001,-0.61402,1
COC1=NNC(=O)C1=O,128.087,4,1,0,1,5,67.75999999999999,-1.3548000000000002,0
N=C1COCOC(=O)N1,130.103,4,2,0,1,5,71.41,-0.32242999999999994,0
N=C1OC(=N)C(C=O)O1,128.087,5,2,1,1,5,83.23,-0.48726000000000025,1
N=C1NC(=O)OC1C=O,128.087,4,2,1,1,5,79.25,-0.7290300000000001,1
Cc1nonc1OC#N,125.08699999999999,5,0,1,1,5,71.94,0.23789999999999994,0
COC1=NC(=O)C(N)=N1,127.10300000000001,4,1,0,1,5,77.03999999999999,-1.1138000000000003,0
N=c1cccnn1N,110.12000000000002,4,2,0,1,4,67.69,-0.9236300000000002,0
N=C1C=NN=C1C(N)=O,124.103,4,2,1,1,5,91.66,-1.0681300000000002,0
N=C1NCOC(C=O)N1,129.119,3,3,1,1,5,74.21,-1.3869300000000004,1
N=C1OCCOC(=O)O1,131.087,5,1,0,1,5,68.61,0.10457000000000011,0
N=C1COCNC(=O)O1,130.103,4,2,0,1,5,71.41,-0.32243000000000016,0
N=C1N=COCC(=O)N1,127.103,3,2,0,1,5,74.53999999999999,-0.9041300000000001,0
COC1=NC(=O)N=C1N,127.10300000000001,3,1,0,1,5,77.03999999999999,-0.47789999999999994,0
Nc1cncn1C=O,111.10399999999998,4,1,1,1,4,60.91,-0.49639999999999995,0
CN=C1NCNC(=O)O1,129.119,3,2,0,1,5,62.72,-0.7409000000000003,0
O=CC1=NC(CO)=N1,112.088,4,1,2,1,4,62.019999999999996,-1.0118,0
NC1=C(N)C(=O)N=C1,111.10399999999998,3,2,0,1,4,81.47,-1.2736000000000003,0
NC1=NC(=O)N=C1N,112.092,3,2,0,1,5,93.83,-1.1656,0
N=C1N=COCNC1=O,127.103,3,2,0,1,5,74.53999999999999,-0.9041300000000003,0
Cc1nc(=N)[nH]n1C=N,125.13499999999999,4,3,1,1,5,81.31,-0.5457400000000003,0
COC1=NN=C(N)C1=O,127.103,5,1,0,1,5,77.03999999999999,-1.1138000000000001,0
N=C1N=C(N)N=C1C=O,124.103,4,2,1,1,5,91.66,-1.06813,0
Nc1nnc(C=O)[nH]1,112.09199999999998,4,2,1,1,5,84.66,-0.8006000000000004,0
N=C1NC=NC(C=O)O1,127.10299999999998,4,2,1,1,5,74.54,-0.9057300000000001,1
N=C1CNC(=N)OCO1,129.119,4,3,0,1,5,78.19000000000001,-0.5076600000000004,0
NC(=O)c1cn[nH]c1O,127.10299999999998,3,3,1,1,5,92.00000000000001,-0.7858000000000003,0
N=CN1C=NC(=O)OC1,127.10299999999998,3,1,1,1,5,65.75,0.031470000000000053,0
Nc1cn(CO)c(N)n1,128.135,5,3,1,1,5,90.09,-1.0027000000000001,0
N=C1CNC(=O)OC=N1,127.10299999999998,3,2,0,1,5,74.54,-0.26823000000000013,0
Nc1c(O)noc1C=O,128.087,5,2,1,1,5,89.35,-0.22510000000000002,0
N=C(N)C1=NC(=O)C=N1,124.103,3,2,1,1,5,91.66000000000001,-1.06813,0
NC1=NC(=O)NC1=O,113.07599999999998,3,2,0,1,5,84.54999999999998,-1.4066,0
NC(=O)n1nccc1N,126.11899999999999,4,2,0,1,5,86.93,-0.6079000000000003,0
N=C1OCC(C(=N)O)O1,130.10299999999998,4,3,1,1,5,86.39,-0.12816000000000005,1
CC1=NC(=N)N=C1N,110.12,2,2,0,1,4,74.59,-0.24712999999999996,0
COc1nnc(N)n1C=O,142.118,6,1,2,1,6,83.03,-1.0928,0
NC1=NN=C1C(N)C=O,126.11899999999999,5,2,2,1,5,93.82999999999998,-1.7606000000000004,1
N=c1ocnc(N)c1N,126.11900000000001,5,3,0,1,5,101.92,-0.6815300000000002,0
N#CCc1nonc1N,124.10300000000001,5,1,1,1,5,88.73,-0.28212000000000004,0
N=CN1CC(=O)NCO1,129.119,3,2,1,1,5,65.42,-1.0856299999999999,0
NC(=O)C1NC(=O)CO1,130.10299999999998,3,2,1,1,5,81.42,-2.0557999999999996,1
C#Cc1c[nH]nnc1=N,120.115,3,2,0,1,4,65.42,-0.7345300000000003,0
CCn1cnnc1O,113.11999999999999,4,1,1,1,4,50.94,0.003599999999999881,0
N=c1ncoc(=O)o1,114.05999999999999,5,1,0,1,5,80.09,-0.89273,0
CCc1n[nH]c(=O)n1N,128.135,4,2,1,1,5,76.7,-1.1523999999999996,0
N=CN1CN=CC(=O)O1,127.10299999999997,4,1,1,1,5,65.75,-0.6044300000000002,0
N=c1nc(CO)nn[nH]1,127.107,5,3,1,1,6,98.53999999999999,-1.8285300000000002,0
COC1OC(=N)C(=O)O1,131.087,5,1,1,1,5,68.61,-0.5329300000000001,1
O=C1N=CN=C1CO,112.08799999999998,3,1,1,1,4,62.019999999999996,-1.0118,0
O=CC1=NN=C1CO,112.08799999999998,4,1,2,1,4,62.019999999999996,-1.0118000000000003,0
Nc1onnc1CC=O,127.10299999999998,5,1,2,1,5,82.00999999999999,-0.6068000000000002,0
CN=C1N=CC(N)N=N1,125.135,3,1,0,1,5,75.46,-0.2063999999999998,1
N=CN1CNC(=O)C1=O,127.10299999999997,3,2,1,1,5,73.26,-1.4906300000000001,0
N=C1CNC(C=O)O1,114.10399999999997,4,2,1,1,4,62.18000000000001,-0.8915300000000004,1
Nc1nc(C=O)n[nH]1,112.09199999999998,4,2,1,1,5,84.66,-0.8006000000000002,0
Cc1nc(N)oc1CO,128.131,4,2,1,1,4,72.28,0.05752000000000007,0
NCC1=NC(=O)N=C1CO,141.13,3,2,2,1,5,88.04,-1.0470000000000002,0
N=c1ocnc(=O)o1,114.05999999999999,5,1,0,1,5,80.09,-0.89273,0
N=C1CNC(=O)N=CO1,127.10299999999998,3,2,0,1,5,74.54,-0.26823000000000013,0
COc1nnc(N)n1C,128.135,5,1,1,1,5,65.96000000000001,-0.5941000000000003,0
N=C1COC(=N)OCO1,130.103,5,2,0,1,5,75.39,-0.08066000000000012,0
NCN1C(=O)N=C1CO,129.119,3,2,2,1,5,78.92,-1.271,0
Nc1nocc1CO,114.10399999999998,4,2,1,1,4,72.28,-0.2509,0
Nc1ncc(=O)[nH]c1N,126.119,4,3,0,1,5,97.78999999999999,-1.0657000000000003,0
Nc1cc(C=O)n(O)n1,127.103,5,2,1,1,5,81.14,-0.48490000000000005,0
Nc1c(O)noc1C=O,128.087,5,2,1,1,5,89.35,-0.22510000000000002,0
N=c1nc(CN)c1=N,110.12,4,3,1,1,4,86.61000000000001,-1.6251599999999993,0
N=C1N=CC(=N)C(=O)N1,124.103,3,3,0,1,5,89.16,-0.8584600000000002,0
NCc1noc(C=O)n1,127.10299999999998,5,1,2,1,5,82.01,-0.6592000000000002,0
Cc1nc(N)noc1=N,126.119,5,2,0,1,5,88.78999999999999,-0.5603100000000001,0
N=c1oc(=N)oc(=N)o1,129.075,6,3,0,1,6,110.97000000000001,-1.0959900000000002,0
NC(C=O)c1nc1=O,112.088,4,1,2,1,4,73.05000000000001,-1.4839000000000002,1
N=C1OCC(C=O)N1C=O,142.11399999999998,4,1,2,1,5,70.46000000000001,-1.0227300000000001,1
N=CNc1cc(O)no1,127.10299999999998,4,3,2,1,5,82.14,0.39916999999999986,0
CC(O)C1=NN=C1N,113.12000000000002,4,2,1,1,4,70.97,-0.9060000000000001,1
Nc1nocc1C=O,112.08799999999998,4,1,1,1,4,69.12,0.06930000000000003,0
N=C1COC(=N)C(=O)O1,128.087,5,2,0,1,5,83.23,-0.48566000000000015,0
COc1noncc1=N,127.103,5,1,1,1,5,72.0,-0.44233000000000006,0
C#CC1=NN=C1OC#N,119.08299999999998,4,0,0,1,4,57.74,-0.11461999999999997,0
N#CC1=NC(N)=NC1=N,121.10300000000001,4,2,0,1,5,98.38,-0.7434500000000002,0
N=C1NN=C1C(N)=O,112.092,3,3,1,1,5,91.33000000000001,-1.5918300000000003,0
NC1=CC(=O)N=C1N,111.10400000000001,3,2,0,1,4,81.47,-1.2736000000000003,0
NC1=C(N)C(=O)C=N1,111.10399999999998,4,2,0,1,4,81.47,-1.2736000000000003,0
NC1=NC(=O)N=C1N,112.092,3,2,0,1,5,93.83,-1.1656,0
N=C1COC(=O)N=CN1,127.103,3,2,0,1,5,74.53999999999999,-0.26823000000000013,0
Cn1c(CO)n[nH]c1=N,128.135,4,3,1,1,5,77.69,-1.2800300000000002,0
N=c1ocnnc1C=O,125.08699999999999,5,1,1,1,5,79.84,-0.6384300000000003,0
N=C1NC(=O)N=C1CO,127.103,3,3,1,1,5,85.54,-0.8798300000000001,0
N=COc1cc(O)[nH]n1,127.10299999999998,4,3,2,1,5,81.99,0.10116999999999993,0
N=C1C=C(CO)N=C1N,125.131,4,3,1,1,4,82.46,-0.7468300000000001,0
C#Cc1nonc1N,109.08800000000001,4,1,0,1,4,64.94,-0.36689999999999995,0
COc1nc(C=O)no1,128.087,5,0,2,1,5,65.22,-0.10930000000000017,0
CN=C1N=NC=C1N,110.11999999999999,3,1,0,1,4,63.099999999999994,0.28060000000000007,0
COC1=NC(=N)N=C1N,126.11900000000001,3,2,0,1,5,83.82,-0.66313,0
CC(N)(O)n1cn[nH]1,116.124,4,3,1,1,5,79.85999999999999,-1.2076000000000002,1
N=C1OCC(=O)C(=N)O1,128.087,5,2,0,1,5,83.23,-0.48566000000000015,0
CC1=NC(N)=NC1=N,110.12,3,2,0,1,4,74.59,-0.24712999999999996,0
N=C1OC(O)=C1NC=O,128.087,4,3,2,1,5,82.41,-0.5330300000000001,0
Cn1c(N)nccc1=N,124.14699999999998,4,2,0,1,4,67.69,-0.5182300000000002,0
CCn1cnc(N)[n+]1[O-],128.13500000000002,4,1,1,1,5,70.78,-0.8813999999999997,0
O=Cc1n[nH]nc1C=O,125.08699999999997,4,1,2,1,5,75.71000000000001,-0.5703000000000003,0
CC(=O)C1=NOC1=N,112.088,4,1,1,1,4,62.51,-0.06112999999999996,0
CN=c1ncoc(=O)[nH]1,127.10299999999998,4,1,0,1,5,71.25,-1.1066000000000003,0
O=CC1=NCNCC1=O,126.115,4,1,1,1,4,58.53,-1.2439000000000002,0
CNC(=O)n1cn[nH]1,114.108,3,2,0,1,5,62.71,-0.6013000000000002,0
N=CNC1COC1=NO,129.11900000000003,4,3,2,1,5,77.7,-0.63043,1
Nc1nncc(=O)n1C=O,140.10199999999998,6,1,1,1,6,90.87,-1.7412,0
Cc1n[nH]c(=O)c(=N)o1,127.10299999999998,4,2,0,1,5,82.74,-0.8492100000000002,0
N=C1OCCOC(=N)O1,130.103,5,2,0,1,5,75.39,-0.0806599999999999,0
Cc1nc(=O)[nH]n1C=N,126.11899999999999,4,2,1,1,5,74.53,-0.6650100000000001,0
CC(=O)C(N)N1CO1,116.12,4,1,2,1,4,58.63,-0.9350999999999998,2
CC1=NC(=O)N=C1N,111.104,2,1,0,1,4,67.81,-0.061899999999999844,0
N=C1COC(=N)C1=O,112.088,4,2,0,1,4,74.0,-0.41726000000000013,0
Cc1nnc(CO)c(N)n1,140.146,5,2,1,1,5,84.92,-0.7454800000000001,0
Nc1n[nH]nc1CCO,128.135,4,3,2,1,5,87.82000000000001,-1.0783000000000005,0
N=CN1CC(=N)NC1=O,126.11899999999999,3,3,1,1,5,80.04,-0.40406000000000003,0
CN=C1C=NC(N)=[N+]1[O-],126.119,4,1,0,1,5,76.80999999999999,-1.0758999999999999,0
NC(=O)n1nccc1N,126.11899999999999,4,2,0,1,5,86.93,-0.6079000000000003,0
COC(=N)c1cn[nH]n1,126.119,4,2,1,1,5,74.65,-0.22353000000000017,0
N=C1NCC(=O)C(N)O1,129.119,4,3,0,1,5,88.2,-1.60513,1
CN=C1C=NN=C1O,111.10399999999998,3,1,0,1,4,57.31,0.013099999999999945,0
N=Cc1cn[nH]c(=N)n1,123.119,4,3,1,1,5,89.27,-0.7181600000000001,0
CN=C1N=COC1=N,111.10399999999998,3,1,0,1,4,57.800000000000004,0.05047000000000007,0
N=CC1=NC(=N)N=C1O,124.103,2,3,1,1,5,92.65,-0.018159999999999954,0
N=COC1=NCC1=O,112.088,4,1,1,1,4,62.51,-0.40873000000000004,0
N=C1OCC(C=O)C(=N)O1,142.11399999999998,5,2,1,1,5,83.23,-0.23966000000000015,1
COc1cn[nH]c(=N)n1,126.119,4,2,1,1,5,74.65,-0.70723,0
N=CN1C=NC(CO)C=N1,140.14599999999996,4,2,2,1,5,72.04,-0.7159300000000002,1
Nc1[nH]n[n+]([O-])c1C=O,128.09099999999998,4,2,1,1,6,98.71000000000001,-1.5622,0
N=Cc1cnncc1N,122.131,4,2,1,1,4,75.65,0.05647000000000013,0
NC(=O)C(C=O)N1CO1,130.103,4,1,3,1,5,75.7,-1.7561000000000004,2
N=C1OCC(=N)C(=O)O1,128.087,5,2,0,1,5,83.23,-0.48566000000000015,0
N#COC1=NN=C1CN,124.10300000000002,5,1,1,1,5,83.75999999999999,-0.78912,0
CC(O)C1=NC(=N)O1,114.104,3,2,1,1,4,65.67,-0.26933000000000007,1
Cc1noc(=N)nc1N,126.11900000000001,5,2,0,1,5,88.79,-0.5603100000000001,0
N=C1OC=NCOC1=N,127.103,5,2,0,1,5,78.52000000000001,-0.026460000000000095,0
N=C1CONC(=O)CN1,129.119,3,3,0,1,5,74.21,-1.3853300000000002,0
Nc1ncc(=O)o[n+]1[O-],129.075,5,1,0,1,6,96.06,-1.7496000000000003,0
CNC(=O)C1=NN=C1N,126.11900000000001,4,2,1,1,5,79.84,-1.5408,0
N=C1N=C(O)C(C=O)=N1,125.08699999999997,2,2,1,1,5,85.86999999999999,-0.4688300000000001,0
N=C(N)OC1NC=CO1,129.11899999999997,4,3,1,1,5,80.36000000000001,-0.7289300000000003,1
N=C1N=C(N)C(CO)=N1,126.119,3,3,1,1,5,94.82000000000001,-1.2747300000000001,0
N=C1OCNC1=NC=O,127.10299999999998,3,2,1,1,5,74.53999999999999,-0.9041300000000003,0
N=C1NN=C(O)C1=N,112.09199999999998,3,4,0,1,5,92.32,-0.5418600000000002,0
N=c1cc(O)[nH]n1C=O,127.10299999999998,4,3,1,1,5,81.87,-0.9604300000000003,0
Cn1nc(N)c(CO)n1,128.135,5,2,1,1,5,76.96000000000001,-1.1104,0
Nc1c[nH]c(=O)n1CO,129.11900000000003,4,3,1,1,5,84.04,-1.2916,0
N=c1ncc(N)c(O)[nH]1,126.119,4,4,0,1,5,98.78,-0.8230300000000004,0
NC1=NC(=O)C(C=O)=N1,125.08699999999997,4,1,1,1,5,84.88,-1.5188,0
N=CN1COC(=O)CN1,129.119,4,2,1,1,5,65.42,-1.0856300000000003,0
O=c1cnc(CO)no1,128.087,5,1,1,1,5,76.22,-1.0779,0
N#CC(N)c1ncno1,124.103,5,1,1,1,5,88.73,-0.40701999999999994,1
COC1=NC(=N)OC1=N,127.103,4,2,0,1,5,78.52000000000001,-0.02646000000000004,0
CC1=NC(=N)C(N)=N1,110.12,3,2,0,1,4,74.59,-0.24712999999999996,0
CNC1=NOC(=O)C1=NO,143.102,6,2,0,1,6,83.28,-1.0937000000000003,0
Nc1nc(NC=O)co1,127.10299999999997,4,2,2,1,5,81.14999999999999,-0.17490000000000044,0
N=CNC1C(=O)NC1=O,127.103,3,3,2,1,5,82.05000000000001,-1.7919299999999998,0
N=C1NN=C1CNC=O,126.11899999999999,3,3,3,1,5,77.34,-1.3311300000000001,0
N=C1OCOC(=O)CO1,131.087,5,1,0,1,5,68.61,-0.5313300000000001,0
N=C1C=C(N)N=C1CO,125.131,4,3,1,1,4,82.46000000000001,-0.7468300000000003,0
COC(=O)c1nc[nH]n1,127.10300000000001,4,1,1,1,5,67.87,-0.4087,0
CN=C1N=C(N)N1C=O,126.119,3,1,1,1,5,71.05,-1.2411,0
N=C1C=C(N)N1C=O,111.104,3,2,1,1,4,70.18,-0.7642300000000002,0
CC1=NC(=O)N=C1O,112.08799999999998,1,1,0,1,4,62.019999999999996,0.5374000000000001,0
CN=c1c(N)nc1=O,111.104,4,1,0,1,4,68.34,-1.5698999999999999,0
N=C1C=C(N)C(N)=N1,110.12000000000002,3,3,0,1,4,88.25,-0.8229299999999997,0
CN1C=NNC=NC1=N,125.13499999999999,3,2,0,1,5,63.839999999999996,-0.57223,0
NC(=O)C1=NC(N)=N1,112.09200000000001,4,2,1,1,5,93.83,-1.8014999999999999,0
N=C1N=C(N)N=C1C=O,124.103,4,2,1,1,5,91.66,-1.06813,0
CNC1=NC(N)=NC1=O,126.119,4,2,0,1,5,79.84,-1.5408,0
CN=C1N=C(N)N=C1N,125.13500000000002,4,2,0,1,5,89.11999999999999,-1.2997999999999994,0
N=CC1(C=O)OC1=NO,128.087,5,2,2,1,5,86.04,-0.6084300000000002,1
NC1=NC(=O)C(C=O)=N1,125.08699999999997,4,1,1,1,5,84.88,-1.5188,0
N=CN1C=CNC(O)=N1,126.11899999999999,3,3,1,1,5,71.71000000000001,-0.20113000000000003,0
CN(C#N)C1=NOC1=O,125.08699999999999,5,0,0,1,5,65.69,-0.7304200000000001,0
COC(C#N)C1=NN=N1,124.10300000000002,5,0,2,1,5,70.1,0.3042799999999999,1
COC(=N)C1=NNC1=N,126.119,4,3,1,1,5,81.32,-0.45346000000000036,0
COC(=O)C1=NN=C1N,127.10300000000002,5,1,1,1,5,77.03999999999999,-1.1138000000000001,0
N=C1CC(=N)C(=N)CN1,124.14699999999999,3,4,0,1,4,83.58000000000001,-0.003490000000000104,0
CN=C1N=CC(N)=[N+]1[O-],126.119,3,1,0,1,5,76.80999999999999,-1.0758999999999999,0
N=C1OCC(N)(C=O)O1,130.103,5,2,1,1,5,85.39999999999999,-1.1781300000000001,1
O=CNC1=NN=C1CO,127.103,4,2,2,1,5,74.05,-1.5072000000000003,0
N=COc1nonc1N,128.091,6,2,2,1,6,98.02,-0.3623300000000002,0
Nc1nc(C=O)oc1O,128.08699999999996,5,2,1,1,5,89.35000000000001,-0.2250999999999999,0
Nc1oc(=O)oc1C=O,129.07099999999997,5,1,1,1,5,86.44,-0.3725,0
CN=C(N)C1=NC(=N)O1,126.11899999999999,3,2,1,1,5,83.82000000000001,-0.66313,0
N#CCC1=NN=NC1=N,121.10300000000001,4,1,1,1,5,84.72,0.69915,0
N=Cn1c(F)noc1=N,130.082,5,2,1,1,6,78.66,-0.45016000000000006,0
N=C1OC(=O)C(=O)O1,115.04399999999998,5,1,0,1,5,76.45,-0.9788300000000001,0
CC(=O)C1C=NOC1=O,127.09899999999999,4,0,1,1,4,55.73,-0.26580000000000004,1
NC(=O)C1=CC(=O)O1,113.07199999999997,3,1,1,1,4,69.39,-1.0876000000000001,0
N=c1nc(N)nco1,112.092,5,2,0,1,5,88.79,-0.8687300000000002,0
Cn1cnnc1C=N,110.11999999999999,4,1,1,1,4,54.56,-0.18723000000000017,0
CC1=NC(=N)NC1=O,111.10399999999998,2,2,0,1,4,65.31,-0.4881300000000001,0
N=C1OCNC(=O)CO1,130.10299999999998,4,2,0,1,5,71.41,-0.9583300000000003,0
Nc1ncc(C=O)n1N,126.119,5,2,1,1,5,86.92999999999999,-1.0084000000000004,0
N#CC(=O)c1ncn[nH]1,122.087,4,1,1,1,5,82.43,-0.48901999999999995,0
N=C1C=NC(N)=NC1=O,124.10300000000001,4,2,0,1,5,91.66,-1.0681300000000002,0
N=Cc1nc(N)[n+]([O-])[nH]1,127.10700000000001,4,3,1,1,6,105.49000000000001,-1.3770300000000004,0
N=CC1OCNN1C=N,128.13500000000002,4,3,2,1,5,72.2,-0.63656,1
N=C1NC(C=O)OCO1,130.103,4,2,1,1,5,71.41000000000001,-0.9599300000000002,1
N=C1NC(=N)C(=O)OCO1,143.102,5,3,0,1,6,95.26000000000002,-0.98106,0
NC(=O)c1cnc(O)o1,128.087,4,2,1,1,5,89.35000000000001,-0.5209,0
CNC1=NNC(=O)C1=O,127.10299999999998,4,2,0,1,5,70.56,-1.7817999999999996,0
CCC1=C(N)C(=O)N=N1,125.131,3,1,1,1,4,67.81,0.5591,0
N=C1NCC(=O)NCO1,129.119,3,3,0,1,5,74.21000000000001,-1.3853300000000002,0
N=C1OC(=N)C(=O)O1,114.05999999999999,5,2,0,1,5,83.23,-0.5281600000000002,0
CC1=NC(=N)NC1=NC=O,138.13,2,2,1,1,5,77.67,-0.4598300000000002,0
COC1=NC(=O)N=C1O,128.087,2,1,0,1,5,71.25,0.12140000000000001,0
N#CCC1=NC(=N)O1,109.088,3,1,1,1,4,69.23,0.26355,0
CN=C1N=C(N)OC1=O,127.103,4,1,0,1,5,77.03999999999999,-1.1138,0
N=CN1COCOC1=N,129.119,4,2,1,1,5,69.4,-0.2079600000000001,0
N=c1nncc(N)n1CO,141.13400000000001,6,3,1,1,6,100.81000000000002,-1.7104300000000006,0
O=Cc1c[nH]c(CO)n1,126.11499999999998,3,2,2,1,4,65.98,-0.2855,0
N=C1N=C(N)C=C1N,110.12,3,3,0,1,4,88.25,-0.8229299999999997,0
N=Cc1nc(CN)no1,126.11900000000001,5,2,2,1,5,88.79,-0.4740300000000001,0
CC(=O)n1ncnc1O,127.10299999999998,5,1,0,1,5,68.01,-0.3562,0
NC(=O)c1cnc(N)o1,127.103,4,2,1,1,5,95.14,-0.6443000000000001,0
Cc1nc(N)nn1C=N,125.135,5,2,1,1,5,80.58,-0.3761100000000001,0
N#CCN=C1N=CC(O)N1,138.12999999999997,3,2,1,1,5,80.77,-1.14162,1
CN=c1nc(N)c1=O,111.104,4,1,0,1,4,68.34,-1.5698999999999999,0
CN=c1[nH]c(=N)c1=O,111.10399999999998,3,2,0,1,4,69.07,-1.7395300000000002,0
N=COC1NN(C=O)C1=O,143.10199999999998,5,2,3,1,6,82.49000000000001,-1.5606300000000002,1
CC(=O)c1nn[nH]n1,112.09200000000001,4,1,1,1,5,71.53,-0.5977000000000001,0
N=C1NC(=N)C(=O)CO1,127.103,4,3,0,1,5,86.03000000000002,-0.91266,0
CN=C1N=CC(N)=[N+]1[O-],126.119,3,1,0,1,5,76.80999999999999,-1.0758999999999999,0
N=C1N=CC(N)=C1N,110.12000000000002,3,3,0,1,4,88.25,-0.8229300000000002,0
CC(=O)c1n[nH]c(=O)[nH]1,127.103,3,2,1,1,5,78.61,-0.6994000000000002,0
N=C1COC(=O)NC1=O,128.087,4,2,0,1,5,79.25,-0.7274300000000002,0
O=C1N=CC(=O)OCN1,128.087,3,1,0,1,5,67.76,-0.7188999999999999,0
Cc1noc(=O)nc1N,127.10300000000001,5,1,0,1,5,82.01,-0.6795800000000001,0
COC1=C(OC=N)C(=O)N1,142.11399999999998,4,2,3,1,5,71.41,-0.44463,0
N=c1nc(N)cno1,112.092,5,2,0,1,5,88.79,-0.8687300000000002,0
Nc1nc(C=O)[nH]c1N,126.11899999999999,4,3,1,1,5,97.78999999999999,-0.6134000000000002,0
NC=C1N=C(N)ON1C=O,142.118,5,2,1,1,6,93.94,-1.5377000000000003,0
N=C1COCOC(=N)N1,129.119,4,3,0,1,5,78.19,-0.50766,0
N=C1OCN=NC1C=O,127.10299999999998,5,1,1,1,5,74.87,-0.028930000000000122,1
N=C1C=C(O)N=C1N,111.104,4,3,0,1,4,82.46,-0.22362999999999988,0
NC(=O)C1=NC(N)=N1,112.09200000000001,4,2,1,1,5,93.83,-1.8014999999999999,0
CC(O)C1=NNC1=O,114.104,3,2,1,1,4,61.690000000000005,-1.1470000000000002,1
N=C1N=CN=C1C(N)=O,124.103,3,2,1,1,5,91.66,-1.0681300000000002,0
N=C1ON=C(F)C1=N,115.067,4,2,0,1,5,69.28999999999999,0.29664,0
CN=C1NC(=O)OCO1,130.10299999999998,4,1,0,1,5,59.92,-0.31390000000000007,0
N=CN1CC(=O)OCO1,130.10299999999998,4,1,1,1,5,62.620000000000005,-0.65863,0
CNc1cnc(=O)[nH]n1,126.119,4,2,1,1,5,70.67,-0.7934000000000003,0
COC1=NC(N)=NC1=O,127.10300000000001,4,1,0,1,5,77.03999999999999,-1.1138000000000001,0
COC1=NC(N)=C1C=O,126.115,4,1,1,1,4,64.68,-0.5859000000000001,0
CC(O)C1=NC(=N)N=C1,125.131,2,2,1,1,4,68.80000000000001,-0.17263,1
Nc1nc(C=O)c(C=O)o1,140.09799999999996,5,1,2,1,5,86.19,-0.1181999999999998,0
N=CN1CC(=O)OC1=N,127.10299999999998,4,2,1,1,5,77.24000000000001,-0.61296,0
N=CC1=NN=CC1=O,109.08799999999998,4,1,1,1,4,65.64,-0.35453,0
CC1=NC(N)=NC1=O,111.104,3,1,0,1,4,67.81,-0.6978,0
COC1=NC(=O)C(N)=N1,127.10300000000001,4,1,0,1,5,77.03999999999999,-1.1138000000000003,0
N=CC1OC(=N)C(=N)O1,127.103,5,3,1,1,5,90.01,-0.03659000000000001,0
N=C1OC=NCC(=O)O1,128.087,5,1,0,1,5,71.74,-0.47713000000000005,0
N=C1COC(=O)OCN1,130.103,4,2,0,1,5,71.41,-0.32243000000000016,0
N=CN=C1C=NN=C1N,123.119,4,2,1,1,5,86.95,-0.60893,0
CC1=NC(=O)C(F)=N1,114.079,2,0,0,1,4,41.79,0.31300000000000006,0
CN=C(O)C1=CN=[N+]1[O-],127.103,3,1,1,1,5,71.02,0.39020000000000005,0
Nc1cnn[nH]c1=O,112.092,4,2,0,1,5,84.66,-1.2529000000000006,0
N=CC1NC(=O)N1C=N,126.119,3,3,2,1,5,80.04,-0.40565999999999985,1
N=C1COC(=N)C(=O)O1,128.087,5,2,0,1,5,83.23,-0.48566000000000015,0
N=CCc1onnc1N,126.11900000000001,5,2,2,1,5,88.79,-0.15613,0
N=C1N=C(O)C(O)=N1,113.07599999999998,1,3,0,1,5,89.03,-0.1522300000000002,0
CNC(=N)N1C=NC1,112.136,2,2,0,1,4,51.480000000000004,-0.5580300000000002,0
Cn1nc(CO)c(=N)o1,129.119,5,2,1,1,5,75.03999999999999,-1.01513,0
N=C1N=C(N)C=C1OCO,141.13,4,3,2,1,5,91.69000000000001,-0.8152299999999999,0
CC(=O)n1ncnc1N,126.119,5,1,0,1,5,73.8,-0.47959999999999997,0
O=CC1=NC(=O)C(=O)N1,126.07099999999998,3,1,1,1,5,75.6,-1.7598000000000005,0
N=C1OCC(=O)OC1=N,128.087,5,2,0,1,5,83.22999999999999,-0.48566000000000015,0
N=CN1CCOC(=O)N1,129.119,3,2,1,1,5,65.42,-0.44973000000000013,0
N=C1OCOC(=O)OC1=N,144.086,6,2,0,1,6,92.46000000000001,0.08183999999999991,0
N=C1C(N)=NN=C1C=O,124.10299999999998,5,2,1,1,5,91.66,-1.0681300000000002,0
NC1=C(C=O)C(=O)C=N1,124.09899999999999,4,1,1,1,4,72.52000000000001,-0.9909000000000001,0
N#CCC1=NN=C1NC=O,136.114,4,1,2,1,5,77.61,-0.5858200000000002,0
COC1=NC(=N)NC1=N,126.119,3,3,0,1,5,81.32,-0.45346000000000036,0
Cc1nc(=N)on1N,114.108,5,2,0,1,5,80.83,-1.02221,0
N=C1C=C(N)OC1=N,111.104,4,3,0,1,4,82.95000000000002,-0.18625999999999998,0
N=C1OCOC(=O)C(=N)O1,144.08599999999998,6,2,0,1,6,92.46000000000001,-0.5540600000000002,0
N=C1NCC(=O)OCO1,130.103,4,2,0,1,5,71.41000000000001,-0.9583300000000001,0
N=CC1=NC(=O)N=C1N,124.10300000000001,3,2,1,1,5,91.66,-0.43223000000000006,0
CN=Cn1ncoc1=O,127.10299999999998,5,0,1,1,5,60.39,-0.6574999999999998,0
COC1=NN=C1C=NC=N,138.13,4,1,2,1,5,70.16,0.07876999999999995,0
CC(O)C1=NN=C1N,113.12000000000002,4,2,1,1,4,70.97,-0.9060000000000001,1
N=c1cc(O)nc[nH]1,111.10399999999998,3,3,0,1,4,72.75999999999999,-0.40523000000000015,0
Nc1nocc1NC=O,127.10299999999998,4,2,2,1,5,81.15,-0.17490000000000022,0
N=C1OC(C=NO)C1=N,127.103,5,3,1,1,5,89.52000000000001,-0.15776,1
N=C1OC=NC1C(=O)O,128.087,4,2,1,1,5,82.74,-0.5246300000000002,1
N=C1OC=NCCOC1=O,142.114,5,1,0,1,5,71.74000000000001,-0.43463000000000007,0
N=Cc1conc1N,111.10400000000001,4,2,1,1,4,75.9,0.25447000000000014,0
N=c1nc(CO)cno1,127.10299999999998,5,2,1,1,5,83.0,-0.9586300000000001,0
CN=C1C=NC(=O)N1,111.10399999999998,2,1,0,1,4,53.82,-0.19129999999999997,0
N=C1NC=C(O)OCO1,130.103,4,3,0,1,5,74.57000000000001,-0.12803000000000014,0
CC(=O)C1=NC(=N)O1,112.088,3,1,1,1,4,62.510000000000005,-0.06112999999999996,0
NC=NC1NCOC1=O,129.119,4,2,1,1,5,76.71000000000001,-1.5966,1
CN=C1N=NC(CO)=N1,126.11899999999999,3,1,1,1,5,69.67,-0.17119999999999996,0
N#CC(=N)n1cno1,110.076,5,1,0,1,5,78.60000000000001,-0.17494999999999988,0
N=C1N=CN=C(N)C1=O,124.103,4,2,0,1,5,91.66,-1.06813,0
Cc1nc(N)nn1C=O,126.119,5,1,1,1,5,73.8,-0.7929800000000002,0
CC(O)C1=NN=NC1=N,126.11900000000001,4,2,1,1,5,81.16,0.16626999999999992,1
N=C1NCOC(=O)CN1,129.119,3,3,0,1,5,74.21,-1.3853300000000002,0
N=CN1C=NC1CO,113.11999999999998,3,2,2,1,4,59.68000000000001,-0.7442300000000002,1
N#CCn1ncnc1N,123.119,5,1,1,1,5,80.52,-0.61612,0
N=C1NCC(=O)OCCO1,144.13,4,2,0,1,5,71.41000000000001,-0.9158300000000001,0
N=C1OC(=O)C(C=O)O1,129.07099999999997,5,1,1,1,5,76.45,-0.9379300000000002,1
N=CC1N=C1C(=O)O,112.08799999999998,3,2,2,1,4,73.51,-0.4562300000000002,1
N=C1CN=C1NC=O,111.10399999999998,3,2,1,1,4,65.31,-0.8357300000000003,0
CC1=NC(=O)C(N)=N1,111.104,3,1,0,1,4,67.81,-0.6978,0
N=C1OCNCOC1=N,129.119,5,3,0,1,5,78.19,-0.5076600000000004,0
N=C1OCOC(=N)C1=O,128.087,5,2,0,1,5,83.22999999999999,-0.48566000000000015,0
CNc1nc(C=O)n[nH]1,126.11899999999999,4,2,2,1,5,70.67,-0.3411000000000001,0
N=C1OCNC(C=O)O1,130.10299999999998,5,2,1,1,5,71.41,-0.9599300000000004,1
CNC#CC1=NC(=N)N=N1,135.13,3,2,0,1,5,72.96000000000001,-0.034230000000000094,0
COc1cnc(=O)on1,128.087,5,0,1,1,5,65.22,-0.5616000000000001,0
CN=C1C=NC(=N)N1,110.11999999999999,2,2,0,1,4,60.6,-0.3765300000000002,0
N=C1OC(=O)NC1N,115.092,4,3,0,1,5,88.2,-1.0117300000000002,1
CNC(=O)C1=NOC1=N,127.103,4,2,1,1,5,74.53999999999999,-0.9041300000000001,0
O=CCOc1conn1,128.087,5,0,3,1,5,65.22,-0.35270000000000024,0
N=c1ncoc(=O)o1,114.05999999999999,5,1,0,1,5,80.09,-0.89273,0
CC1=NC(CN)=NC1=O,125.131,3,1,1,1,4,67.81,-0.6553,0
N=CN1OCOC1C=O,130.10299999999998,4,1,2,1,5,62.62000000000001,-0.6602300000000001,1
COc1nc(=N)n(N)o1,130.10700000000003,6,2,1,1,6,90.06,-1.32203,0
N=C1NC(=O)C(C=O)O1,128.087,4,2,1,1,5,79.25000000000001,-1.3649300000000002,1
Cn1oc(=N)nc1O,115.092,5,2,0,1,5,75.04,-0.80183,0
N=C(O)n1ccc(=O)[nH]1,127.10299999999998,3,3,0,1,5,81.87,-0.48273000000000005,0
Nc1cn(N)c(C=O)n1,126.119,5,2,1,1,5,86.92999999999999,-1.0084,0
Cc1noc(=N)c(=O)o1,128.087,5,1,0,1,5,80.09,-0.5843100000000001,0
N=C1OCOC(=O)CO1,131.087,5,1,0,1,5,68.61,-0.5313300000000001,0
N=c1cnc(CO)n[nH]1,126.119,4,3,1,1,5,85.65,-1.2235300000000005,0
Nc1nc(C=O)c(O)[nH]1,127.10299999999997,4,3,1,1,5,92.0,-0.49000000000000016,0
COC1=C(N)N=NC1=O,127.10300000000001,4,1,1,1,5,77.03999999999999,-0.247,0
N=CC1=NN=CC1=N,108.10399999999998,4,2,1,1,4,72.42,0.09614,0
N=c1[nH]c(O)c(C=O)o1,128.087,4,3,1,1,5,90.08,-0.39473,0
CC(=O)c1cnnn1N,126.11900000000001,5,1,1,1,5,73.8,-0.8055000000000001,0
CN=C1N=C(N)C(=O)O1,127.103,4,1,0,1,5,77.04,-1.1138,0
Cc1cnc(C=O)nn1,123.115,4,0,1,1,4,55.74,-0.007480000000000153,0
N=C1CN=NC(CO)=N1,126.11899999999999,4,2,1,1,5,81.16,-0.17972999999999995,0
Cn1cnc(N)c1CO,127.14699999999999,4,2,1,1,4,64.07000000000001,-0.5054000000000002,0
N=C1CC(=N)C(=O)CO1,126.11499999999998,4,2,0,1,4,74.00000000000001,-0.027160000000000017,0
N=C1COC(=N)NCO1,129.119,4,3,0,1,5,78.19,-0.5076600000000002,0
CC1=NC(N)=NC1=N,110.12,3,2,0,1,4,74.59,-0.24712999999999996,0
O=Cc1c(O)n[nH]c1O,128.087,4,3,1,1,5,86.21,-0.3666000000000001,0
N=C(N)C1OCOC1=N,129.119,4,3,1,1,5,92.18,-0.72746,1
CN=C1NC(C#N)OCO1,141.13,4,1,0,1,5,66.64,-0.5842200000000002,1
C#CC(=N)N1COCN1,125.131,3,2,0,1,4,48.35000000000001,-0.6513300000000002,0
CNC#Cn1cn[nH]c1=N,137.14600000000002,4,3,0,1,5,69.49000000000001,-1.3234299999999994,0
Nc1cnc(N)n1C=O,126.119,5,2,1,1,5,86.92999999999998,-0.9142000000000001,0
N=C1NC(C=O)OC1=O,128.087,4,2,1,1,5,79.25,-1.3649300000000002,1
COC1=NC(=O)C(N)=N1,127.10300000000001,4,1,0,1,5,77.03999999999999,-1.1138000000000003,0
Cc1n[nH]c(NC=O)n1,126.11899999999999,3,2,2,1,5,70.67,-0.31858000000000025,0
N=COC1=C(N)C=NC1=O,139.114,4,2,2,1,5,88.53,-0.6086300000000002,0
CC1=C(N)N=NC1=N,110.12,3,2,0,1,4,74.59,0.6196700000000002,0
COc1n[nH]c(=O)n1CN,144.134,5,2,2,1,6,85.92999999999999,-1.5037999999999994,0
N=c1ncc(N)nn1N,126.12300000000003,6,3,0,1,6,106.60000000000001,-1.9464300000000003,0
N=CN1C(=O)N1C=O,113.07599999999998,3,1,2,1,5,64.00999999999999,-0.5975300000000001,0
CN=C1N=CN=C1N,110.12,3,1,0,1,4,63.099999999999994,-0.5861999999999998,0
CC(O)C1=NC(=O)N1,114.104,2,2,1,1,4,61.690000000000005,-0.5111000000000001,1
N=C1OCOC(C=O)O1,131.087,5,1,1,1,5,68.61,-0.5329300000000001,1
NC(=O)C1=NNC1=O,113.076,3,2,1,1,5,84.55000000000001,-2.0425,0
CN=c1[nH]onc1N,114.108,4,2,0,1,5,80.2,-0.8846000000000003,0
N=C1N=CCOC(=N)O1,127.103,4,2,0,1,5,78.52,-0.026460000000000095,0
COc1nc(=N)on1CO,145.118,6,2,2,1,6,84.27,-1.0860300000000003,0
N=C1OC=NC(=O)CO1,128.087,4,1,0,1,5,71.74,-0.47713000000000005,0
CC1=NC(=O)N=C1N,111.104,2,1,0,1,4,67.81,-0.061899999999999844,0
N=CC1OC(=N)C(=O)O1,128.087,5,2,1,1,5,83.23,-0.48725999999999997,1
N=C1N=C(N)C=C1CO,125.13099999999999,3,3,1,1,4,82.46000000000001,-0.7468299999999999,0
Cn1cnnc1CCO,127.14699999999999,4,1,2,1,4,50.94,-0.6501000000000001,0
NC1=CN=C(NC=O)C1=O,139.11399999999998,4,2,1,1,5,84.54999999999998,-1.4863,0
CN=C1N=C(O)N=C1N,126.119,3,2,0,1,5,83.33,-0.7004999999999999,0
N=C1CONC(=O)CO1,130.10299999999998,4,2,0,1,5,71.41,-0.9583300000000003,0
N=C1OCC(=O)C1=NO,128.087,5,2,0,1,5,82.74,-0.60683,0
N=C(N)Oc1ncco1,127.10299999999998,4,2,1,1,5,85.13000000000001,-0.053130000000000066,0
N=C1OCC(CO)C(=N)O1,144.13,5,3,1,1,5,86.39,-0.44626000000000027,1
COC(=O)C1=NNC1=N,127.10300000000001,4,2,1,1,5,74.53999999999999,-0.9041300000000001,0
O=C1NN=C(CO)C1=O,128.087,4,2,1,1,5,78.75999999999999,-1.9664000000000006,0
N=C1CN=NC(=O)CN1,126.11899999999999,3,2,0,1,5,77.67,-0.45433000000000007,0
CNC(=O)C1=CC(=O)O1,127.09899999999998,3,1,1,1,4,55.400000000000006,-0.8269000000000002,0
Nc1nc(C=O)c(C=O)[nH]1,139.11399999999998,4,2,2,1,5,88.84,-0.38309999999999994,0
NC1=NC(=O)C(CO)=N1,127.10299999999998,4,2,1,1,5,88.03999999999999,-1.7253999999999996,0
N=Cn1[nH]c(O)cc1=N,126.11899999999997,4,4,1,1,5,88.65,-0.5435600000000003,0
NC=C1N=C([O-])N=C1N,125.111,5,2,0,1,5,99.82,-2.1264000000000003,0
NC=C1C=NN=C1N,110.12,4,2,0,1,4,76.75999999999999,-0.8144,0
N=C1C=NC(=O)OCCO1,142.114,4,1,0,1,5,71.74000000000001,0.20127,0
N=C(N)c1cn[nH][n+]1[O-],127.107,3,3,1,1,6,105.49000000000001,-1.6728299999999996,0
C#CCc1nnoc1N,123.11500000000001,4,1,1,1,4,64.94,-0.1725,0
COC1=CC(N)=NC1=N,125.13100000000001,3,2,1,1,4,71.46000000000001,-0.13522999999999985,0
COC1=CC(N)=NC1=N,125.13100000000001,3,2,1,1,4,71.46000000000001,-0.13522999999999985,0
N=C1COCOC(=N)O1,130.103,5,2,0,1,5,75.39,-0.0806599999999999,0
N=C1NOCOC1C=O,130.10299999999998,4,2,1,1,5,71.41,-0.9599300000000002,1
Nc1[n-]nc(C=O)c1N,125.11099999999999,4,2,1,1,5,96.10000000000001,-0.9843000000000002,0
NC1=NC(CO)=NC1=O,127.10299999999998,4,2,1,1,5,88.03999999999999,-1.7254,0
N=c1ncoc(=O)[nH]1,113.076,4,2,0,1,5,82.74000000000001,-1.1576300000000002,0
Nn1c(O)cnc1C=O,127.10299999999998,5,2,1,1,5,81.13999999999999,-0.8850000000000002,0
N=C1NC=NCC(=O)O1,127.103,4,2,0,1,5,74.54,-0.9041300000000001,0
N=c1oc(=O)ncn1N,128.091,6,2,0,1,6,97.89999999999999,-1.9704300000000003,0
CC(C)c1n[nH]n[n+]1[O-],128.13500000000002,3,1,1,1,5,68.51,-0.43849999999999983,0
COc1nc(C=O)no1,128.087,5,0,2,1,5,65.22,-0.10930000000000017,0
N=C1CC(=O)OC(O)C1,129.11499999999995,4,2,0,1,4,70.38000000000001,-0.3384299999999998,1
N=C1C(CN)=NN1N,113.12400000000002,4,3,1,1,5,91.49,-1.53233,0
CC1=NN=C(N)C1=N,110.12,4,2,0,1,4,74.59,-0.24712999999999996,0
Cn1cnc(=O)n1CO,129.119,5,1,1,1,5,60.05,-1.4684000000000004,0
N=CN1CC(=O)NC1=O,127.10299999999998,3,2,1,1,5,73.26,-0.85473,0
N=C1NCCNC(=O)O1,129.119,3,3,0,1,5,74.21000000000001,-0.7494299999999996,0
N=C1NC(=O)C(=O)O1,114.05999999999999,4,2,0,1,5,79.25000000000001,-1.4058300000000001,0
N=C1NCC(O)=NCO1,129.119,3,3,0,1,5,77.7,-0.5450299999999999,0
CNC(=O)c1ncn[nH]1,126.119,3,2,1,1,5,70.67,-0.8357000000000003,0
N=COC1OCOC1=N,130.103,5,2,2,1,5,75.39000000000001,-0.08226000000000017,1
N#CC(N)N1C=NC1=O,124.10299999999998,3,1,1,1,5,82.47999999999999,-0.74132,1
N=C(CO)c1ncn[nH]1,126.119,4,3,2,1,5,85.65,-0.8351300000000001,0
NC(=O)C1=NC(O)=N1,113.076,3,2,1,1,5,88.04,-1.2022000000000002,0
N=c1o[nH]c(=O)c(=N)o1,129.075,5,3,0,1,6,106.83999999999999,-1.4801599999999997,0
Nn1cc([O-])nc1C=O,126.09499999999998,5,1,1,1,5,83.97,-1.5170000000000008,0
COC1=NC(N)=NC1=O,127.10300000000001,4,1,0,1,5,77.03999999999999,-1.1138000000000001,0
N=C1OCCOC(=O)C1=N,142.114,5,2,0,1,5,83.23,-0.44316000000000016,0
N=CN1C=NCNC1=O,126.11899999999999,3,2,1,1,5,68.55000000000001,-0.3955299999999999,0
N=CN1CC=NC(=O)N1,126.11899999999999,2,2,1,1,5,68.55,-0.3955300000000001,0
N=c1oc(=N)oc(=N)o1,129.075,6,3,0,1,6,110.97000000000001,-1.0959900000000002,0
Cc1ncc(NC=N)nn1,137.146,4,2,2,1,5,74.55000000000001,0.1989899999999999,0
CC1=NC(=N)OC1=N,111.10399999999998,3,2,0,1,4,69.28999999999999,0.38954000000000005,0
N#CC1=NN(C(N)=O)C1,124.103,3,1,0,1,5,82.47999999999999,-0.7397199999999999,0
Cn1cnc(=O)n1CCN,142.16199999999998,5,1,2,1,5,65.84,-1.4594999999999987,0
N=C1N=C(N)N=C1O,112.092,3,3,0,1,5,94.82000000000001,-0.7515299999999998,0
N=C1N=CC(CN)=[N+]1[O-],126.11900000000001,3,2,1,1,5,88.30000000000001,-1.08443,0
N=C1OCC(=O)OC1=CN,142.11399999999998,5,2,0,1,5,85.39999999999999,-0.66283,0
COc1nc(C=O)n[nH]1,127.103,4,1,2,1,5,67.87,-0.37420000000000025,0
N=CCc1nc(N)no1,126.11900000000001,5,2,2,1,5,88.79,-0.15613,0
N=C1OC(=O)N=C1N,113.07600000000001,4,2,0,1,5,88.53,-0.5289300000000001,0
N=COC(=O)C1=NCO1,128.087,5,1,2,1,5,71.74,-0.47713000000000005,0
N=C1CNC(=O)C(=O)O1,128.087,4,2,0,1,5,79.25000000000001,-1.3633300000000004,0
N=C1N=NC(CN)=C1O,126.119,4,3,1,1,5,94.82000000000001,0.15777000000000002,0
N#CCc1nc(CO)n[nH]1,138.13,4,2,2,1,5,85.59,-0.6369200000000002,0
CN1CC(=O)C(=O)O1,115.08799999999998,4,0,0,1,4,46.61,-1.0409000000000002,0
N#CC(N)C1=CN=N1,108.104,4,1,1,1,4,74.53,0.14448000000000005,1
CNc1cnoc(=N)n1,126.119,5,2,1,1,5,74.80000000000001,-0.40923000000000037,0
Cc1noc(=N)n1O,115.092,5,2,0,1,5,75.04,-0.49871000000000015,0
NC(=O)n1ccc(=O)[nH]1,127.10299999999998,3,2,0,1,5,80.88,-0.8968,0
CNC(=O)c1nc1=N,111.104,3,2,1,1,4,65.84,-1.20373,0
C#Cc1nonnc1=N,122.087,5,1,0,1,5,75.66,-1.0746300000000002,0
N=Cn1oc(=N)oc1=O,129.075,6,2,1,1,6,95.98000000000002,-1.0310599999999999,0
Nc1ocnc(=O)c1N,127.103,5,2,0,1,5,95.14,-0.8008,0
N=C1COC(=O)N=CO1,128.087,4,1,0,1,5,71.74,0.15877000000000002,0
N#CC(N)c1c[nH]nn1,123.119,4,2,1,1,5,91.38,-0.6719200000000003,1
N=C1NC(=N)C(=O)O1,113.076,4,3,0,1,5,86.03000000000002,-0.95516,0
CC(=O)c1cnoc1N,126.115,4,1,1,1,4,69.12,0.45940000000000014,0
N=C1NC(=O)CN=CO1,127.103,4,2,0,1,5,74.54,-0.9041300000000001,0
N=c1cc(N)cnn1N,125.13500000000002,5,3,0,1,5,93.71,-1.3414300000000001,0
CN=C1OC(=N)NC1=O,127.103,4,2,0,1,5,74.53999999999999,-0.9041300000000003,0
CC(N)C1=NN=C1N,112.13600000000001,4,2,1,1,4,76.75999999999999,-0.9396,1
N=C1OCOC1C(N)=O,130.103,4,2,1,1,5,85.4,-1.1781300000000001,1
CNc1nc(C=O)n[nH]1,126.11899999999999,4,2,2,1,5,70.67,-0.3411000000000001,0
Nn1cc(CO)nc1CO,143.14600000000002,5,3,2,1,5,84.3,-1.4185,0
C#CC1N=COC(=N)N1,123.11499999999998,3,2,0,1,4,57.47,-0.47142999999999996,1
CN1CNC(=O)NC1=N,128.135,2,3,0,1,5,68.22,-0.8767300000000002,0
Cc1nc(=O)[nH]nc1N,126.119,4,2,0,1,5,84.66,-0.9444800000000002,0
N=C1NC(=O)NCCO1,129.119,3,3,0,1,5,74.21000000000001,-0.74943,0
CC1=NC(=O)N=C1N,111.104,2,1,0,1,4,67.81,-0.061899999999999844,0
C#Cc1nonc1N,109.08800000000001,4,1,0,1,4,64.94,-0.36689999999999995,0
N=C1COC(O)=NCO1,130.103,4,2,0,1,5,74.9,-0.11803000000000013,0
CNc1n[nH]nc1C=N,125.13499999999999,4,3,2,1,5,77.45,-0.15593000000000046,0
N=C1CN=NC(C=O)N1,126.11899999999997,4,2,1,1,5,77.67,-0.4559300000000001,1
CC(=O)n1cnc(=N)[nH]1,126.119,4,2,0,1,5,74.53,-0.6492300000000002,0
N#CC1OCNC(=N)O1,127.103,4,2,0,1,5,78.13000000000001,-0.6352500000000003,1
Nc1coc(NC=O)n1,127.103,4,2,2,1,5,81.14999999999999,-0.17490000000000022,0
N=c1[nH]cc(O)c(=N)[nH]1,126.119,3,5,0,1,5,99.50999999999999,-0.9926600000000001,0
N=C1OCOC(=O)C1=N,128.087,5,2,0,1,5,83.23,-0.48566000000000015,0
N=C1COC(=N)OCO1,130.103,5,2,0,1,5,75.39,-0.08066000000000012,0
N=C1OC(=N)C(C=O)O1,128.087,5,2,1,1,5,83.23,-0.48726000000000025,1
N=C1CNC(=O)N=CO1,127.10299999999998,3,2,0,1,5,74.54,-0.26823000000000013,0
NC=C1N=C(O)N=C1N,126.119,4,3,0,1,5,96.99,-0.9287000000000003,0
Cc1nnc(N)n1C=N,125.135,5,2,1,1,5,80.58,-0.3761100000000001,0
Nc1nocc1C=NCO,141.13,5,2,2,1,5,84.64,-0.3745000000000002,0
Nc1nn[nH]c1C=O,112.09199999999997,4,2,1,1,5,84.66,-0.8006000000000004,0
NC1=NC(O)=CC1=O,112.08799999999997,4,2,0,1,4,75.68,-0.6743000000000001,0
CC1OC=NC(C#N)O1,126.11499999999998,4,0,0,1,4,54.61,0.2571799999999999,2
NC(=O)c1conc1N,127.103,4,2,1,1,5,95.14,-0.6443000000000001,0
N=C1NC=NC(=O)CO1,127.103,3,2,0,1,5,74.54,-0.9041300000000001,0
N=C1N=NC=C1CO,111.10399999999998,3,2,1,1,4,68.8,0.30566999999999994,0
N=C(N)c1cocn1,111.10399999999998,3,2,1,1,4,75.9,-0.04132999999999981,0
CC(=O)C1=NN=C1N,111.10400000000001,4,1,1,1,4,67.81,-0.6978,0
N=C1N=NC=C1C=O,109.08799999999998,3,1,1,1,4,65.64,0.51227,0
N#CCN1C(CN)=[N+]1[O-],126.119,4,1,2,1,5,78.88999999999999,-1.3919199999999994,0
CC1OC(=N)C(=O)O1,115.08799999999998,4,1,0,1,4,59.379999999999995,-0.11693000000000014,1
N=C1CC(=O)NC(=O)N1,127.10299999999998,3,3,0,1,5,82.05000000000001,-0.8068300000000002,0
N=c1cnc(C=O)c[nH]1,123.11499999999998,3,2,1,1,4,69.6,-0.29832999999999993,0
Cc1coc(=N)n1CN,127.14700000000002,4,2,1,1,4,67.94,-0.21480999999999983,0
N=C1CC(=NO)COCO1,144.12999999999997,5,2,0,1,5,74.9,0.18827,0
Nc1nncc(C=O)n1,124.10299999999998,5,1,1,1,5,81.76,-0.7337000000000005,0
CC1(O)OCNC1=O,117.104,3,2,0,1,4,58.56,-1.2012,1
CN=c1c(N)nc1=O,111.104,4,1,0,1,4,68.34,-1.5698999999999999,0
N=c1nncc(CO)[nH]1,126.11899999999999,4,3,1,1,5,85.65,-1.2235300000000005,0
N=C1OC=NCOC1=O,128.087,5,1,0,1,5,71.74000000000001,-0.47713000000000005,0
CC1=NC(=O)C(F)=N1,114.079,2,0,0,1,4,41.79,0.31300000000000006,0
N=CN1NC=CNC1=N,125.13499999999998,3,4,1,1,5,75.0,-0.5907600000000002,0
O=Cc1nc(CO)n[nH]1,127.103,4,2,2,1,5,78.87,-0.8905000000000003,0
O=C1N=CC(F)=C1O,115.06299999999999,2,1,0,1,4,49.66,0.3365,0
N=C1N=CCNC(=N)O1,126.119,3,3,0,1,5,81.32000000000001,-0.45346000000000036,0
N=C1OC=NCOC1=N,127.103,5,2,0,1,5,78.52000000000001,-0.026460000000000095,0
COC1=NC(=N)N=C1N,126.11900000000001,3,2,0,1,5,83.82,-0.66313,0
N=C1COC(O)C(=O)N1,130.10299999999998,4,3,0,1,5,82.41,-1.5715300000000003,1
C#CC(N)NC1=CN=N1,122.13099999999999,4,2,2,1,4,62.769999999999996,-0.24130000000000001,1
N=Cc1conc1N,111.10400000000001,4,2,1,1,4,75.9,0.25447000000000014,0
N=C1COC(=N)NCO1,129.119,4,3,0,1,5,78.19,-0.5076600000000002,0
N=C1NC(=O)C(=N)O1,113.076,4,3,0,1,5,86.03000000000002,-0.9551600000000002,0
CN=C1OC(=N)N=C1O,127.103,3,2,0,1,5,78.03,-0.06383000000000005,0
CNC1=NN=C1C=N,110.11999999999999,4,2,1,1,4,60.6,-0.3765300000000002,0
N=C1NCCOC(=O)N1,129.119,3,3,0,1,5,74.21,-0.74943,0
NC1=NC(C=O)=C1N,111.10399999999998,4,2,1,1,4,81.47,-1.2736000000000003,0
N=C1NC(=O)COC1=N,127.103,4,3,0,1,5,86.03,-0.9126600000000002,0
COC1=NC(=O)N=C1N,127.10300000000001,3,1,0,1,5,77.03999999999999,-0.47789999999999994,0
N=CN1C=COC(CO)=N1,141.12999999999997,4,2,2,1,5,68.91000000000001,-0.29733000000000004,0
N=C1OCC(=O)C(=N)O1,128.087,5,2,0,1,5,83.23,-0.48566000000000015,0
CNC(=O)C1=NC(N)=N1,126.11900000000001,4,2,1,1,5,79.84,-1.540799999999999,0
CNC(=O)C1(N)COC1,130.147,3,2,1,1,4,64.35000000000001,-1.5399000000000003,0
COc1n[nH]c(=O)n1C=N,142.118,5,2,2,1,6,83.75999999999999,-0.9648300000000001,0
N=C1COC(=O)OC1=N,128.087,5,2,0,1,5,83.22999999999999,0.15023999999999993,0
N=C1NC(=O)OCC1O,130.103,4,3,0,1,5,82.41000000000001,-0.93563,1
NC1=C(N)C(=O)C=N1,111.10399999999998,4,2,0,1,4,81.47,-1.2736000000000003,0
N=CC1=NC(=O)OC1=O,126.07099999999998,4,1,1,1,5,79.58000000000001,-0.24623,0
N=C1CC(=N)OC=N1,111.10399999999998,3,2,0,1,4,69.29,0.38954,0
COc1cn[nH]c(=N)n1,126.119,4,2,1,1,5,74.65,-0.70723,0
C#CC(=N)n1cn[nH]1,108.104,3,2,0,1,4,57.46,-0.3302300000000002,0
O=C1CNC(=O)OCO1,131.087,4,1,0,1,5,64.63000000000001,-0.7730999999999999,0
N=C1OC=NCOC1=N,127.103,5,2,0,1,5,78.52000000000001,-0.026460000000000095,0
Nc1ncc(N)c(=O)o1,127.103,5,2,0,1,5,95.14,-0.8008,0
N=C1N=C(N)N=C1C=O,124.103,4,2,1,1,5,91.66,-1.06813,0
N#CC(=O)N1COC1=N,125.08699999999999,4,1,0,1,5,77.18,-0.73895,0
CNC(=N)C1=NC=[N+]1[O-],126.119,3,2,1,1,5,74.31,-0.8662300000000003,0
O=[N+]C1=NC(=O)C=N1,111.05999999999999,4,0,0,1,5,72.96000000000001,-0.9444000000000001,0
N=C1C(C=O)=NCNC1O,141.13000000000002,5,3,1,1,5,85.54,-1.4748300000000003,1
N=C1NC=COC(=O)N1,127.103,3,3,0,1,5,74.21,-0.27823000000000014,0
COc1cnc(=N)oc1N,141.12999999999997,5,2,1,1,5,85.13,-0.2551300000000002,0
N=C1C(=NO)CC1O,114.10399999999997,4,3,0,1,4,76.67,-0.39902999999999994,1
N=c1cnncn1CO,126.11899999999999,5,2,1,1,5,74.79,-1.2926300000000004,0
Cc1nc(N)noc1=O,127.103,5,1,0,1,5,82.00999999999999,-0.6795800000000001,0
CC1(O)C(=N)ONC1=O,130.103,4,3,0,1,5,82.41,-1.2239300000000002,1
CC(N)C1=NC(=O)N=N1,126.119,3,1,1,1,5,80.17,0.3179000000000002,1
CC(=N)OC1COCN1,130.147,4,2,1,1,4,54.34,-0.09643000000000018,1
N=C1OCOC(=O)CO1,131.087,5,1,0,1,5,68.61,-0.5313300000000001,0
Nc1cnc(C=O)nn1,124.103,5,1,1,1,5,81.76,-0.7337,0
N=c1[nH]c(=O)oc(=O)[nH]1,129.075,4,3,0,1,6,102.70999999999998,-1.8643300000000003,0
N=C1N=CN=C1C=O,109.08799999999998,3,1,1,1,4,65.64,-0.35453,0
CC1=CC(N)=NC1=N,109.13200000000002,2,2,0,1,3,62.23,0.28077000000000013,0
N=C1OCC(=O)OC1=N,128.087,5,2,0,1,5,83.22999999999999,-0.48566000000000015,0
N=C(O)C1=NC=NC1=O,125.08699999999999,3,2,1,1,5,85.87,-0.4688300000000001,0
Nc1ncoc(=O)n1,113.076,5,1,0,1,5,82.01,-0.988,0
N#CCC1=NC(=N)N=N1,121.10300000000001,3,1,1,1,5,84.72,0.69915,0
Cn1oc(=N)nc1CO,129.11900000000003,5,2,1,1,5,75.04,-1.0151299999999999,0
Cn1cnnc1NC=O,126.11899999999999,4,1,2,1,5,59.81,-0.6166000000000005,0
Nc1c[n+]([O-])c(N)cn1,126.119,4,2,0,1,5,91.86999999999999,-1.1206,0
N[N+](=O)C1=NC(=O)O1,116.056,3,1,0,1,6,84.76,-0.8548,0
N=C1NCC(=O)OCO1,130.103,4,2,0,1,5,71.41000000000001,-0.9583300000000001,0
N=C1NCC(=O)N=CO1,127.103,3,2,0,1,5,74.54,-0.9041300000000001,0
CC1(O)N=COC(=N)N1,129.119,4,3,0,1,5,77.70000000000002,-0.7647300000000001,1
Nc1[nH]cnc1C=O,111.10399999999998,3,2,1,1,4,71.77000000000001,-0.19559999999999994,0
NC1=NC(=O)C(N)=N1,112.092,4,2,0,1,5,93.83,-1.8014999999999999,0
NC1=NC(=O)OCC=N1,127.10299999999998,4,1,0,1,5,77.03999999999999,-0.4779,0
N=C1NCCOC(=N)O1,129.119,4,3,0,1,5,78.19000000000001,-0.50766,0
Cc1nc(N)nnc1C#N,135.13,5,1,0,1,5,88.47999999999999,-0.36610000000000026,0
NCN=C1OCN=C1C=O,141.13,5,1,2,1,5,77.03999999999999,-1.0713000000000001,0
N=c1ncc(CO)n[nH]1,126.119,4,3,1,1,5,85.65,-1.2235300000000002,0
N=CNC1=NC(CO)O1,129.119,4,3,2,1,5,77.7,-1.11233,1
NC(=O)CN1C=NCO1,129.119,4,1,2,1,5,67.92,-1.2953,0
N=C1NC(C=O)C(=O)O1,128.087,4,2,1,1,5,79.25000000000001,-1.3649300000000002,1
CC(=O)c1cnoc1O,127.09899999999998,4,1,1,1,4,63.33,0.5828,0
CC(=O)C1=NC(=N)N1,111.104,2,2,1,1,4,65.31,-0.4881300000000001,0
COC1=C(N)C=NC1=O,126.115,3,1,1,1,4,64.68,-0.5859000000000001,0
C#Cc1nonc1O,110.07199999999999,4,1,0,1,4,59.150000000000006,-0.2435000000000001,0
CNc1cn(N)c(=O)o1,129.119,5,2,1,1,5,73.19,-0.8032000000000001,0
N=C1NC(=N)C(=O)CO1,127.103,4,3,0,1,5,86.03000000000002,-0.91266,0
Cn1cnc(NC=O)n1,126.11899999999999,4,1,2,1,5,59.81,-0.6166000000000003,0
C#CC(O)C1=NC(=N)O1,124.099,3,2,1,1,4,65.67,-0.6560300000000001,1
CC1=NC(N)=NC1=N,110.12,3,2,0,1,4,74.59,-0.24712999999999996,0
COC1=NC(N)=NC1=O,127.10300000000001,4,1,0,1,5,77.03999999999999,-1.1138000000000001,0
NC(=O)C1=CC(=O)N1,112.08799999999998,2,2,1,1,4,72.19,-1.5146,0
N=CC1NC(=O)OC1=N,127.103,4,3,1,1,5,86.03,-0.27836000000000005,1
N=CC1NCC(=N)C(=O)O1,141.13,5,3,1,1,5,86.03000000000002,-0.8717600000000001,1
N=CN1CC(=O)NC(=O)O1,143.10199999999998,4,2,1,1,6,82.49000000000001,-0.92313,0
N#CC1(O)C=NC(=N)O1,125.08699999999999,4,2,0,1,5,89.46,-0.7656500000000002,1
N=CNC(=O)OC1=NC1,127.103,4,2,1,1,5,74.54,-0.26822999999999997,0
CN=C1N=CN=C1N,110.12,3,1,0,1,4,63.099999999999994,-0.5861999999999998,0
CC(=O)C1N=NCCO1,128.131,4,0,1,1,4,51.019999999999996,0.3839,1
N=C1OCC(=NO)CO1,130.103,5,2,0,1,5,74.9,-0.20183000000000012,0
N=C1OCC(=O)C(=O)O1,129.071,5,1,0,1,5,76.45,-0.9363300000000001,0
C[N+](=O)C1=NC(N)=C1,112.11200000000001,3,1,0,1,4,58.459999999999994,-0.39270000000000005,0
N=C1NCOC(=O)CO1,130.103,4,2,0,1,5,71.41,-0.9583300000000001,0
COC1=NC(=N)N1C=O,127.103,3,1,1,1,5,65.75,-0.6044300000000002,0
Cc1nn[nH]c1NC=O,126.11899999999997,3,2,2,1,5,70.67,-0.31858000000000025,0
N=C1COC(=N)OCO1,130.103,5,2,0,1,5,75.39,-0.08066000000000012,0
N=c1[nH]c(=O)[nH]c(=N)o1,128.091,4,4,0,1,6,109.49,-1.7450599999999996,0
N=c1[nH]c(=O)oc(=O)o1,130.059,5,2,0,1,6,100.05999999999999,-1.59943,0
CN=C1N=C(N)C(O)=N1,126.119,2,2,0,1,5,83.33,-0.7004999999999999,0
CC1=NC(=NO)COC1,128.13099999999997,3,1,0,1,4,54.18000000000001,0.26520000000000005,0
N=CN1COC(C(=N)O)O1,145.118,4,3,2,1,6,89.63000000000001,-0.32385999999999987,1
COc1cn[nH]c(=O)n1,127.103,4,1,1,1,5,67.87,-0.8265,0
N=Cn1c(N)noc1=O,128.091,6,2,1,1,6,97.9,-1.1263300000000003,0
N=CC1=NC=NC1=N,108.104,3,2,1,1,4,72.42,0.09614,0
N=C1OCNC=NC1=O,127.10299999999998,4,2,0,1,5,74.53999999999999,-0.9041300000000003,0
N=C1N=C(N)N=C1CO,126.119,4,3,1,1,5,94.82000000000001,-1.27473,0
O=C1C=C(F)OC1=O,116.047,3,0,0,1,4,43.370000000000005,-0.07680000000000003,0
NC1=NC(C(=O)O)=N1,113.07599999999998,4,2,1,1,5,88.03999999999999,-1.2022000000000002,0
N=C1NCCNC(=O)C1O,143.14600000000002,3,4,0,1,5,85.21000000000001,-1.956029999999999,1
CC(=O)c1n[nH]c(=N)o1,127.103,4,2,1,1,5,82.74,-0.31523000000000007,0
N=CN1CC(=N)OC1=O,127.10299999999998,4,2,1,1,5,77.24000000000001,0.022940000000000016,0
N#CCc1noc(N)n1,124.10300000000001,5,1,1,1,5,88.73,-0.28212000000000004,0
NC(=O)c1cnc(O)o1,128.087,4,2,1,1,5,89.35000000000001,-0.5209,0
N=C1OC(=O)C(C=O)O1,129.07099999999997,5,1,1,1,5,76.45,-0.9379300000000002,1
N=C1OCC(=O)C(=N)O1,128.087,5,2,0,1,5,83.23,-0.48566000000000015,0
CN=C1N=CC(=N)N1O,126.11899999999999,3,2,0,1,5,72.04,-0.2749299999999998,0
N=C1ON=C(CN)C1=O,127.103,5,2,1,1,5,88.53,-1.1223299999999998,0
N=C1CNCNC(=O)C1,127.14699999999999,3,3,0,1,4,64.98,-0.9268300000000007,0
Nc1ncn(C=O)c1N,126.11899999999999,5,2,1,1,5,86.92999999999999,-0.9142000000000001,0
N=c1[nH]ncc(=O)n1O,128.09099999999998,5,3,0,1,6,94.76,-1.7118299999999997,0
N=C(C=O)N1NC1=N,112.092,3,3,1,1,5,89.72,-1.08246,0
CC1=C(N)N=NC1=N,110.12,3,2,0,1,4,74.59,0.6196700000000002,0
Nc1nc(C=O)[n+]([O-])[nH]1,128.09099999999998,4,2,1,1,6,98.71000000000001,-1.5622,0
N=c1nnc(CO)c[nH]1,126.11899999999999,4,3,1,1,5,85.65,-1.2235300000000002,0
N=C1CC(=N)OC(=O)O1,128.087,5,2,0,1,5,83.23,0.49784,0
CN=C1N=NC(CO)=N1,126.11899999999999,3,1,1,1,5,69.67,-0.17119999999999996,0
N=C1NCC(=O)NCO1,129.119,3,3,0,1,5,74.21000000000001,-1.3853300000000002,0
N=Cc1nncc(N)n1,123.119,5,2,1,1,5,88.54,-0.5485300000000002,0
CC(O)C1=CN=NC1=N,125.131,3,2,1,1,4,68.80000000000001,0.6941700000000001,1
NC(=O)n1ccc(O)n1,127.10299999999998,4,2,0,1,5,81.14,-0.48450000000000004,0
NC1=CC(N)=NC1=O,111.10400000000001,3,2,0,1,4,81.47,-1.2736000000000003,0
CN=C1N=NC(F)=[N+]1[O-],130.082,3,0,0,1,6,63.14999999999999,0.27380000000000004,0
N=C1COC(=O)N=CO1,128.087,4,1,0,1,5,71.74,0.15877000000000002,0
COc1nn[nH]c1C=O,127.10299999999998,4,1,2,1,5,67.87,-0.37420000000000025,0
N=c1nc(O)c(N)co1,127.10299999999998,5,3,0,1,5,96.13,-0.5581300000000002,0
N=C1N=C(CO)C(=N)O1,127.10299999999998,4,3,1,1,5,89.52,-0.6380600000000001,0
CN=c1nconc1N,126.119,5,1,0,1,5,77.3,-0.8177000000000003,0
O=C1ON=C(CO)C1=O,129.071,5,1,1,1,5,75.96000000000001,-1.5394,0
N=Cc1nc(C=O)no1,125.08699999999999,5,1,2,1,5,79.84,-0.12023,0
NC(=O)C1N=CN=C1O,127.10299999999998,3,2,1,1,5,88.04,-1.1613000000000002,1
NCC1=NN=C1CO,113.11999999999998,4,2,2,1,4,70.97,-1.2520000000000002,0
COC1=NC(=N)C(N)=N1,126.11900000000001,4,2,0,1,5,83.82,-0.6631300000000002,0
N=C1NCNC(=O)CO1,129.119,3,3,0,1,5,74.21000000000001,-1.3853300000000002,0
Nc1noc(=O)nc1O,129.07500000000002,6,2,0,1,6,102.24000000000001,-1.2824,0
N=CN1CONC1C=O,129.11899999999997,4,2,2,1,5,65.42000000000002,-1.0872300000000001,1
Nc1ncc(NC=O)o1,127.10299999999998,4,2,2,1,5,81.14999999999999,-0.17490000000000022,0
N=CC1=NN=C(N)C1=O,124.103,5,2,1,1,5,91.66,-1.06813,0
COC1=NC(O)=C1N,114.104,4,2,0,1,4,67.84,-0.2693,0
N=C1CC(=O)ONCO1,130.10299999999998,5,2,0,1,5,71.41000000000001,-0.6107300000000002,0
CN=C1N=C(N)N=C1N,125.13500000000002,4,2,0,1,5,89.11999999999999,-1.2997999999999994,0
O=C1CC(=O)C(=O)N1,113.07199999999999,3,1,0,1,4,63.24,-1.3980000000000001,0
N=C1OC(=O)CNC1=O,128.087,4,2,0,1,5,79.25,-1.36333,0
N=C1N=C(N)C(=O)O1,113.076,4,2,0,1,5,88.53000000000002,-1.16483,0
CC1=NC(=O)C(N)=N1,111.104,3,1,0,1,4,67.81,-0.6978,0
N=CN1COC(=O)OC1,130.10299999999998,4,1,1,1,5,62.620000000000005,-0.02273000000000014,0
N=c1cnnc(N)o1,112.092,5,2,0,1,5,88.79,-0.8687300000000002,0
COC1=NNC(=N)C1=O,127.10299999999998,4,2,0,1,5,74.53999999999999,-0.9041300000000003,0
O=CC1NC(=O)OCO1,131.087,4,1,1,1,5,64.63000000000001,-0.7747000000000002,1
N=C1N=C(C=O)N=C1N,124.103,4,2,1,1,5,91.66,-1.06813,0
N=C1OC(=N)C(CO)O1,130.10299999999998,5,3,1,1,5,86.39,-0.6938600000000001,1
COc1cnoc1N=O,128.087,5,0,2,1,5,64.69,1.0810999999999997,0
CN(C#N)C1=CN=[N+]1[O-],124.103,4,0,1,1,5,65.46,0.17428,0
CC1=NN=C(N)C1=O,111.104,4,1,0,1,4,67.81,-0.6978,0
C#CC1=NC(OC#N)=N1,119.083,4,0,0,1,4,57.739999999999995,-0.11461999999999997,0
N=C1OCN=C(N)O1,115.092,5,2,0,1,5,80.69,-0.75983,0
COC1=NC(=N)N1C=N,126.119,3,2,1,1,5,72.53,-0.15376,0
Cc1nc(N)nn1C=N,125.135,5,2,1,1,5,80.58,-0.3761100000000001,0
Cc1nc(N)nn1C=O,126.119,5,1,1,1,5,73.8,-0.7929800000000002,0
NC1=CN=C1C=NCO,125.13099999999999,4,2,2,1,4,70.97,-0.7383000000000002,0
N=C(O)c1cnoc1N,127.103,4,3,1,1,5,96.13,0.14016999999999996,0
N=c1oc(=O)[nH]c(=O)o1,130.059,5,2,0,1,6,100.05999999999999,-1.5994300000000008,0
N=C1OC(C=O)=C1O,113.07199999999997,4,2,1,1,4,70.38,-0.03762999999999994,0
CC1=NC(=O)C(CO)=N1,126.11499999999998,3,1,1,1,4,62.019999999999996,-0.6217000000000001,0
N=C1COC(C(=N)O)O1,130.10299999999998,4,3,1,1,5,86.39,-0.12816000000000005,1
O=Cc1nc(=O)n(CO)[nH]1,143.102,5,2,2,1,6,87.97999999999999,-1.6663000000000003,0
N=C(N)N1COC1=N,114.10799999999999,3,3,0,1,5,86.19,-0.8956599999999999,0
CC1=NC(O)=NC1=N,111.10399999999998,2,2,0,1,4,68.80000000000001,0.35217,0
NC1=NC(=CO)ON=C1,127.10299999999997,5,2,0,1,5,80.2,-0.28350000000000014,0
N=C(N)C1=NC(O)=N1,112.092,3,3,1,1,5,94.82000000000001,-0.75153,0
N=C1NCOC(=O)N1,115.092,3,3,0,1,5,74.21,-0.79193,0
CC(=O)N1NCC(=O)O1,130.10299999999998,4,1,0,1,5,58.64,-1.1887,0
N=C1C=NC(=O)NC1=O,125.08699999999999,3,2,0,1,5,82.38,-0.6732300000000002,0
N#CC(O)c1con1O,128.087,5,2,1,1,5,82.32,-0.12462000000000001,1
CN=C1OC(=N)C(=N)O1,127.103,5,2,0,1,5,78.52,-0.02646000000000004,0
COC1=NC(=N)C([NH3+])=N1,127.12700000000001,3,2,0,1,5,85.44,-1.3799299999999999,0
N#CC(N)c1cnno1,124.103,5,1,1,1,5,88.73,-0.40702000000000016,1
Nc1ncn[nH]c1=O,112.09199999999998,4,2,0,1,5,84.66,-1.2529000000000006,0
N=CN1OCOC1C=O,130.10299999999998,4,1,2,1,5,62.62000000000001,-0.6602300000000001,1
CN=C1C=NN=C1N,110.12,4,1,0,1,4,63.099999999999994,-0.5862,0
CN=C1N=COC1=N,111.10399999999998,3,1,0,1,4,57.800000000000004,0.05047000000000007,0
Nc1coc(=O)c(=O)o1,129.071,5,1,0,1,5,86.44,-0.8248,0
COC1=NN=C1NC=O,127.10299999999998,4,1,1,1,5,63.050000000000004,-0.8956000000000002,0
N=C1C=C(O)N=C1O,112.08799999999998,3,3,0,1,4,76.67,0.37567,0
N=C1COC(=N)N=CO1,127.103,4,2,0,1,5,78.52,-0.026460000000000095,0
CCC1=NC(=N)N=C1O,125.13099999999999,1,2,1,1,4,68.8,0.74227,0
N=c1ncc(C=O)n[nH]1,124.103,4,2,1,1,5,82.49000000000001,-0.9033300000000002,0
COC1=NN=C(N)C1=N,126.119,5,2,0,1,5,83.82,-0.66313,0
COC1=NNC(=O)C1=N,127.10299999999998,4,2,0,1,5,74.53999999999999,-0.9041300000000001,0
N=CN1CC(=O)OC1=N,127.10299999999998,4,2,1,1,5,77.24000000000001,-0.61296,0
CC(=O)n1ncc(N)n1,126.119,5,1,0,1,5,73.8,-0.47959999999999997,0
N#CCC1=C(N)OC1=O,124.09899999999999,4,1,1,1,4,76.11000000000001,-0.3728200000000001,0
NOC(=O)C1=NC=C1N,127.10300000000001,5,2,1,1,5,90.7,-1.3419999999999999,0
N=c1occ(C(N)=O)o1,128.08700000000002,4,2,1,1,5,93.22000000000001,-0.5490299999999999,0
N=C1N=C(N)N=CCO1,126.119,4,2,0,1,5,83.82000000000001,-0.66313,0
Cc1nc(N)noc1=O,127.103,5,1,0,1,5,82.00999999999999,-0.6795800000000001,0
N=C1COC(=N)OCN1,129.119,4,3,0,1,5,78.19,-0.5076600000000002,0
N=C1NC(=N)C(=O)OCO1,143.102,5,3,0,1,6,95.26000000000002,-0.98106,0
COc1nc(OC=N)n[nH]1,142.118,5,2,3,1,6,83.88,-0.20083000000000018,0
CC(=O)C1=NC(=N)O1,112.088,3,1,1,1,4,62.510000000000005,-0.06112999999999996,0
N=C1N=CN1C(N)=O,112.092,2,2,0,1,5,82.53999999999999,-0.6562299999999999,0
N=Cc1nc(C=O)no1,125.08699999999999,5,1,2,1,5,79.84,-0.12023,0
N=CN1CC(=N)NCO1,128.135,3,3,1,1,5,72.2,-0.6349600000000002,0
N=CC1=NC(N)=NC1=N,123.11900000000001,4,3,1,1,5,98.44,-0.6174600000000001,0
O=C1N=C(CO)C(=O)O1,129.07099999999997,4,1,1,1,5,75.96,-0.9035,0
Nc1cnc(C=O)n1N,126.119,5,2,1,1,5,86.92999999999999,-1.0084,0
CNC(=O)c1ncn[nH]1,126.119,3,2,1,1,5,70.67,-0.8357000000000003,0
N=C1N=C(N)OC1=O,113.076,4,2,0,1,5,88.53,-1.16483,0
CNC(=O)c1cnno1,127.103,4,1,1,1,5,68.02000000000001,-0.5708000000000002,0
N=c1cncnc(N)n1,123.11900000000001,5,2,0,1,5,88.54,-1.0667300000000002,0
CC(=O)C1=NC(O)=N1,112.088,3,1,1,1,4,62.019999999999996,-0.09849999999999998,0
N=CN1CC(=O)C(=O)C1,126.11499999999998,3,1,1,1,4,61.230000000000004,-0.9527300000000001,0
COC1OC(=O)OC1=N,131.087,5,1,1,1,5,68.61000000000001,0.10296999999999995,1
N#CCc1nc(CN)no1,138.13000000000002,5,1,2,1,5,88.73,-0.40562000000000004,0
N=CC1NC(=O)N1C=O,127.103,3,2,2,1,5,73.26,-0.85633,1
COc1cn[nH]c1N=O,127.103,4,1,2,1,5,67.34,0.8161999999999998,0
NCC1=NC(=O)C(N)=N1,126.119,4,2,1,1,5,93.83,-1.7589999999999995,0
NC=C1N=CN=C1N,110.12,4,2,0,1,4,76.75999999999999,-0.8144,0
CC(=N)c1nc(O)n[nH]1,126.119,4,3,1,1,5,85.65,-0.10193000000000013,0
N=C1NC(C(=O)O)CO1,130.103,3,3,1,1,5,82.41000000000001,-1.0058300000000002,1
CC1OC(=N)OC(=N)O1,130.10299999999998,5,2,0,1,5,75.39,0.2653399999999999,0
Cc1nc(N)c(C#N)o1,123.115,4,1,0,1,4,75.84,0.43690000000000007,0
N=c1oc(=N)oc(=N)o1,129.075,6,3,0,1,6,110.97000000000001,-1.0959900000000002,0
CN1COC(=O)C(=O)C1=N,142.11399999999998,4,1,0,1,5,70.46000000000001,-1.02113,0
N=CC1=NC(N)=NC1=O,124.10300000000001,4,2,1,1,5,91.66,-1.0681300000000002,0
N=c1ncocc1N,111.104,4,2,0,1,4,75.9,-0.2637299999999999,0
CN=C1C=NC(N)=[N+]1[O-],126.119,4,1,0,1,5,76.80999999999999,-1.0758999999999999,0
COC1=NN=C1C=NC=O,139.11399999999998,4,0,2,1,5,63.38,-0.3719000000000001,0
N=C1COC(=O)N=CO1,128.087,4,1,0,1,5,71.74,0.15877000000000002,0
N=C1COC(=N)NCO1,129.119,4,3,0,1,5,78.19,-0.5076600000000002,0
N#CCC(O)C1=NC=N1,123.115,4,1,2,1,4,68.74,-0.29862000000000005,1
CC1=NC(=O)N=C1N,111.104,2,1,0,1,4,67.81,-0.061899999999999844,0
N=C1NC(=N)C(O)CO1,129.119,4,4,0,1,5,89.19000000000001,-1.1208600000000002,1
N=C1N=C(N)NC1=O,112.092,3,3,0,1,5,91.33000000000001,-1.5918300000000003,0
CCN1C(=N)OCOC1=O,144.13,4,1,1,1,5,62.62000000000001,0.36737000000000003,0
Nc1nc(C=O)oc1N,127.10299999999998,5,2,1,1,5,95.14,-0.3485,0
N=C1NCC(C(N)=O)O1,129.119,3,3,1,1,5,88.2,-1.60513,1
CN=CNn1[nH]cnc1=O,141.134,4,2,2,1,6,75.07,-1.227,0
NC1=NN=C(C=O)C1=O,125.08699999999997,5,1,1,1,5,84.88,-1.5188,0
C#Cc1[nH]c(=N)o[n+]1[O-],125.08699999999999,3,2,0,1,5,79.72,-1.2981300000000002,0
CC1=NC(=N)N=C1C=O,123.11499999999998,2,1,1,1,4,65.64,0.035569999999999935,0
NC1NCN=COC1=O,129.11899999999997,5,2,0,1,5,76.71000000000001,-1.5966000000000002,1
NC1=CN=C(N)C1=O,111.104,4,2,0,1,4,81.47,-1.2735999999999998,0
Cn1ncc(=N)c(=N)o1,126.119,5,2,0,1,5,78.66000000000001,-1.02796,0
N=CC1NC(=O)NCC1=O,141.13,3,3,1,1,5,82.05000000000001,-1.1135300000000004,1
N=C1NC(=O)COC1=N,127.103,4,3,0,1,5,86.03,-0.9126600000000002,0
Cn1ncoc(=N)c1=O,127.103,5,1,0,1,5,71.88,-1.1472299999999997,0
N#CCC1=NC=NC1=N,120.115,3,1,1,1,4,72.36,0.36025,0
CNC1=NC(C#N)OCN1,140.146,5,2,0,1,5,69.44,-1.01122,1
N#CCc1noc(N)n1,124.10300000000001,5,1,1,1,5,88.73,-0.28212000000000004,0
N=Nc1[nH]nnc1C=O,125.091,5,2,2,1,6,94.85,0.2796699999999999,0
N=CN1C(=N)OCC1C=O,141.12999999999997,4,2,2,1,5,77.24000000000001,-0.5720600000000002,1
N=C(O)C1=NC=NC1=O,125.08699999999999,3,2,1,1,5,85.87,-0.4688300000000001,0
COC(=O)c1nc1=N,112.08800000000001,4,1,1,1,4,63.04,-0.7767299999999999,0
Nc1cc(C=O)c(N)o1,126.115,4,2,1,1,4,82.25,0.2565000000000001,0
Nc1conc1C=NCO,141.13000000000002,5,2,2,1,5,84.64,-0.3745,0
N=C1NC=NCC=CN1O,140.14600000000002,3,3,0,1,5,71.71000000000001,-0.24242999999999987,0
Nc1cnc(C=O)nc1,123.11499999999998,4,1,1,1,4,68.87,-0.12869999999999976,0
N=C1N=C(N)C(CO)=N1,126.119,3,3,1,1,5,94.82000000000001,-1.2747300000000001,0
N=C1NN=CC(=O)C1=O,125.08699999999997,4,2,0,1,5,82.38,-1.3091300000000001,0
N=c1nc(C=O)c(N)n[nH]1,139.118,5,3,1,1,6,108.50999999999999,-1.3211300000000004,0
N=C1CC(O)(C(N)=O)N1,129.119,3,4,1,1,5,99.19999999999999,-1.8691299999999997,1
CC(O)C1=NOC1=N,114.104,4,2,1,1,4,65.67000000000002,-0.26933000000000007,1
N=CN1C(=O)CNC1=O,127.10299999999998,3,2,1,1,5,73.26,-0.85473,0
O=C1CN=COC(=O)N1,128.087,4,1,0,1,5,67.75999999999999,-0.7189000000000001,0
N=c1nc(C=O)cn[nH]1,124.10299999999998,4,2,1,1,5,82.49000000000001,-0.9033300000000002,0
Cc1nc(O)n[nH]c1=O,127.10299999999998,4,2,0,1,5,78.87,-0.8210800000000003,0
NC1=CC(N)=NC1=O,111.10400000000001,3,2,0,1,4,81.47,-1.2736000000000003,0
C#CC(O)c1cn[nH]n1,123.11500000000001,3,2,1,1,4,61.800000000000004,-0.5287000000000002,1
N=C(O)c1cn[nH]n1,112.092,3,3,1,1,5,85.64999999999999,-0.3119300000000002,0
Cc1noc(=O)c(=O)o1,129.071,5,0,0,1,5,73.31,-0.7035799999999999,0
O=C1N=C(CO)N1CO,130.103,3,2,2,1,5,73.13,-1.2374,0
N=C1N=C(N)N=C1C=O,124.103,4,2,1,1,5,91.66,-1.06813,0
N=C1OCCOC(=N)C1=O,142.114,5,2,0,1,5,83.22999999999999,-0.44316000000000016,0
CCC1=C(N)C(=N)N=N1,124.147,3,2,1,1,4,74.59,1.00977,0
N=C1NC(C=O)OC1=N,127.103,4,3,1,1,5,86.03,-0.9142600000000001,1
CN=C1COC(=O)CO1,129.11499999999998,4,0,0,1,4,47.89,-0.41189999999999993,0
N=CC1=NC(C(N)=O)=N1,124.10300000000001,4,2,2,1,5,91.66000000000001,-1.06813,0
N=C1N=C(C=O)NC1=N,124.10299999999998,3,3,1,1,5,89.16,-0.8584600000000002,0
N=CN1OCCOC1=N,129.119,4,2,1,1,5,69.4,-0.2079600000000001,0
CN=C1OC(N)=NC1=O,127.10300000000001,4,1,0,1,5,77.03999999999999,-1.1138000000000001,0
N=C1NC(=O)CN=CO1,127.103,4,2,0,1,5,74.54,-0.9041300000000001,0
CN=C1N=NC(=O)O1,113.07599999999998,3,0,0,1,5,63.379999999999995,0.5746,0
Nc1cc(=O)nn[nH]1,112.09200000000001,4,2,0,1,5,84.66,-1.2529000000000001,0
NC1=NC(=NO)N=C1,112.09199999999998,3,2,0,1,5,83.33,-0.8268000000000002,0
COc1ncnc(N)n1,126.11900000000001,5,1,1,1,5,73.92,-0.5376000000000003,0
O=C1CN=COC(=O)O1,129.07099999999997,5,0,0,1,5,64.96,-0.29190000000000005,0
NC(=O)C1=NC(=O)N1,113.076,2,2,1,1,5,84.55000000000001,-1.4066,0
Cc1n[nH]c(=N)n1C=O,126.11899999999999,4,2,1,1,5,74.53,-0.9626100000000002,0
N=C1OC(C=O)OC1=N,128.087,5,2,1,1,5,83.22999999999999,-0.48725999999999997,0
CN=C1N=C(N)C(CO)=N1,140.146,3,2,1,1,5,83.33,-1.2237,0
N=CN1CC(=O)NCO1,129.119,3,2,1,1,5,65.42,-1.0856299999999999,0
Nc1cnc(=O)oc1O,128.087,5,2,0,1,5,89.35000000000001,-0.6774,0
N=C1OCNC(C=O)O1,130.10299999999998,5,2,1,1,5,71.41,-0.9599300000000004,1
N=C1COC(=N)OCO1,130.103,5,2,0,1,5,75.39,-0.08066000000000012,0
N=CC1NC(=N)NC=CO1,140.146,3,4,1,1,5,80.99000000000001,-0.42256000000000027,1
Nc1cnc(N)n1C=O,126.119,5,2,1,1,5,86.92999999999998,-0.9142000000000001,0
CC1N=C(O)OC(=N)O1,130.10299999999998,4,2,0,1,5,74.90000000000002,0.22797,1
N=C1NC(=N)C(=O)CO1,127.103,4,3,0,1,5,86.03000000000002,-0.91266,0
N=C1N=C(N)N=C1C=O,124.103,4,2,1,1,5,91.66,-1.06813,0
N=C1C(=O)NN=C1CO,127.103,4,3,1,1,5,85.54,-1.51573,0
CN=C(N)C1COC=N1,127.14699999999998,3,1,1,1,4,59.97,-0.5994999999999999,1
N=c1ncc(N)cn1N,125.13500000000002,5,3,0,1,5,93.71,-1.3414300000000001,0
Cc1nnc([NH3+])c([NH2+])n1,126.14300000000001,4,2,0,1,5,91.61,-2.2873799999999997,0
N=C1COCOC(=N)O1,130.103,5,2,0,1,5,75.39,-0.0806599999999999,0
N=C1N=C(CO)N=C1N,126.119,4,3,1,1,5,94.82,-1.2747300000000001,0
O=C1C=NC(CO)=[N+]1[O-],128.087,4,1,1,1,5,75.72999999999999,-1.5014999999999998,0
NC=C1NC=NN1C=O,126.11899999999999,4,2,1,1,5,70.72,-1.2511000000000003,0
CN=C1N=NC(NC=N)=N1,138.134,3,2,1,1,6,85.32000000000001,-0.00932999999999995,0
CC1=NC(=N)NC1=O,111.10399999999998,2,2,0,1,4,65.31,-0.4881300000000001,0
Nc1cc(N)[nH]c(=O)n1,126.11900000000001,4,3,0,1,5,97.79,-1.0656999999999999,0
Cc1[nH]cnc1N=NC=O,138.13,3,1,2,1,5,70.47,0.9582199999999998,0
N=CN1COC(=O)CO1,130.10299999999998,4,1,1,1,5,62.620000000000005,-0.6586300000000003,0
COC(=O)c1nc1=O,113.072,4,0,1,1,4,56.26,-0.8959999999999999,0
N=CN1C(=NCO)C1O,129.119,4,3,2,1,5,79.68,-1.42423,1
N#CCC1CNC(=O)O1,126.115,3,1,1,1,4,62.120000000000005,0.008480000000000099,1
N=C1OC(=O)C(=O)O1,115.04399999999998,5,1,0,1,5,76.45,-0.9788300000000001,0
N=c1[nH]cnc(O)c1O,127.10299999999998,4,4,0,1,5,92.99000000000001,-0.69963,0
CC(=O)C1=NC(=O)N1,112.088,2,1,1,1,4,58.53,-0.3028999999999999,0
N=c1nc[nH]c(=O)n1N,127.107,5,3,0,1,6,100.55,-2.2353299999999994,0
N=C1OC(=NO)N1C=O,129.075,5,2,1,1,6,85.97999999999999,-0.8450300000000002,0
O=CC1=NC(CO)=NC1=O,140.09799999999998,4,1,2,1,5,79.09,-1.4427,0
C#Cc1nc(=O)[nH]n1N,124.10300000000001,4,2,0,1,5,76.7,-1.7335000000000003,0
N=C1OCOC1=NCO,130.103,5,2,1,1,5,74.9,-0.6837300000000002,0
NC=C1N=CONC1=O,127.10299999999998,4,2,0,1,5,76.71000000000001,-1.1238000000000001,0
O=CC1C(=O)OC1=NO,129.071,5,1,1,1,5,75.96000000000001,-0.8540000000000001,1
C#Cc1ncoc(=N)n1,121.09899999999999,4,1,0,1,4,62.77,-0.46962999999999994,0
COC1=NOC(=O)C1=N,128.087,5,1,0,1,5,71.74000000000001,-0.47713,0
N=Cc1ncnnc1N,123.11900000000001,5,2,1,1,5,88.54,-0.5485300000000002,0
N=C1NCNC(=O)CO1,129.119,3,3,0,1,5,74.21000000000001,-1.3853300000000002,0
N=C1OCOC(=O)C1=N,128.087,5,2,0,1,5,83.23,-0.48566000000000015,0
Nc1cnoc(=O)c1,112.08799999999998,4,1,0,1,4,69.12,-0.383,0
Nc1ncc(C=O)n1N,126.119,5,2,1,1,5,86.92999999999999,-1.0084000000000004,0
N#CC(=O)NC1=NC=N1,122.08699999999999,4,1,0,1,5,77.61,-0.9759200000000001,0
Nc1cnncc1N=O,124.103,5,1,1,1,5,81.22999999999999,0.4567,0
C#CC(O)c1c[nH]nn1,123.11500000000001,3,2,1,1,4,61.8,-0.5287000000000002,1
N=C1CN=C(N)OC1=O,127.103,5,2,0,1,5,88.53,-1.1223299999999998,0
N=C1OC=NCC1=O,112.088,4,1,0,1,4,62.51,-0.40873000000000004,0
Cn1cnc(NC#N)n1,123.119,5,1,1,1,5,66.53,-0.2919200000000001,0
N=C1COC(=N)C(=O)O1,128.087,5,2,0,1,5,83.23,-0.48566000000000015,0
CC1=NC(=O)C(N)=N1,111.104,3,1,0,1,4,67.81,-0.6978,0
N=C1CNCOC(=N)O1,129.119,5,3,0,1,5,78.19000000000001,-0.5076600000000004,0
Nc1cnc(=O)on1,113.076,5,1,0,1,5,82.01,-0.988,0
CC1OC(=N)NC(=O)O1,130.10299999999998,4,2,0,1,5,71.41,0.02356999999999998,1
N=C1N=C(N)N=C1N,111.10800000000002,4,3,0,1,5,100.61,-1.3508300000000002,0
O=Cc1nnc(CO)[nH]1,127.10299999999998,4,2,2,1,5,78.87,-0.8905000000000001,0
N=C1COC(=N)C(=O)N1,127.103,4,3,0,1,5,86.03,-0.9126600000000002,0
N=CC1NC(=O)N1C=N,126.119,3,3,2,1,5,80.04,-0.40565999999999985,1
Cc1ncnnc1N=N,123.119,5,1,1,1,5,74.88,0.84249,0
CN=C1NC(=O)CNC1=O,141.13,3,2,0,1,5,70.56,-1.7392999999999994,0
CNC1=NC(C=N)=NC1=O,138.13,4,2,1,1,5,77.67,-0.8074300000000001,0
N=C1OCOC(=O)C1=N,128.087,5,2,0,1,5,83.23,-0.48566000000000015,0
N=C1NC(=O)NC1C=O,127.10299999999998,3,3,1,1,5,82.05000000000001,-1.15603,1
CNC(=O)N1C=NC1=N,126.119,2,2,0,1,5,68.55000000000001,-0.3955299999999999,0
NC(=O)C1OC=NCO1,130.103,4,1,1,1,5,73.91000000000001,-1.1696,1
NC1=CN=C(N)C1=O,111.104,4,2,0,1,4,81.47,-1.2735999999999998,0
CCC1=NC(=O)N=C1O,126.11499999999998,1,1,1,1,4,62.019999999999996,0.9275,0
CNC1=NC(=O)OCN1,129.119,4,2,0,1,5,62.72,-0.7409000000000001,0
N#CCC(N)C1=CN=N1,122.131,4,1,2,1,4,74.53,0.5345800000000002,1
N=Cn1c(O)cnc1N,126.11899999999999,5,3,1,1,5,87.92,-0.37393000000000004,0
N=CN1C=NCC(=O)O1,127.10299999999998,4,1,1,1,5,65.75,-0.6044300000000002,0
CN=c1nc[nH]c(=O)o1,127.10299999999998,4,1,0,1,5,71.25,-1.1066000000000003,0
N=C1OC(C=O)OC1=N,128.087,5,2,1,1,5,83.22999999999999,-0.48725999999999997,0
N=C(N)N1C=CNCO1,128.135,3,3,0,1,5,74.37,-0.8546299999999998,0
CC1=NC(N)=NC1=N,110.12,3,2,0,1,4,74.59,-0.24712999999999996,0
CCC1=NC(N)=NC1=O,125.131,3,1,1,1,4,67.81,-0.30770000000000003,0
CC1(C(=N)O)OC1=O,115.08799999999998,3,2,1,1,4,73.68,-0.16283000000000003,1
CC1COC(=O)C(=O)N1,129.11499999999998,3,1,0,1,4,55.400000000000006,-0.9521000000000002,1
O=CC1=NCNCOC1=O,142.114,5,1,1,1,5,67.75999999999999,-1.3123000000000005,0
CC1CN=C(C(N)=O)O1,128.131,3,1,1,1,4,64.67999999999999,-0.7111000000000001,1
N=C(O)c1cnoc1,112.08799999999998,3,2,1,1,4,70.11,0.55797,0
CN=c1cnncn1N,125.135,5,1,0,1,5,69.09,-1.4775999999999991,0
CN=C1N=NC(=O)N1,112.09199999999998,2,1,0,1,5,66.17999999999999,0.14760000000000006,0
COc1cn[nH]c(=N)c1,125.13099999999999,3,2,1,1,4,61.76,-0.10222999999999993,0
N=CN1C(=N)OC1=NO,128.09099999999998,5,3,1,1,6,92.76,-0.39436,0
COC1=NC(N)=NC1=N,126.11900000000001,4,2,0,1,5,83.82,-0.66313,0
N=c1cnc(N)cn1C=O,138.13,5,2,1,1,5,84.75999999999999,-1.0169300000000001,0
N=C1CNC(=O)N=CO1,127.10299999999998,3,2,0,1,5,74.54,-0.26823000000000013,0
NC(=O)c1coc(N)n1,127.103,4,2,1,1,5,95.14,-0.6443000000000001,0
N=C1CC(=O)C(=N)N1,111.10399999999998,3,3,0,1,4,76.80000000000001,-0.49666000000000027,0
Nc1cnnc(C=O)n1,124.103,5,1,1,1,5,81.76,-0.7337,0
CNC1=NC(=O)N=C1O,127.10299999999998,2,2,0,1,5,74.05,-0.3055999999999999,0
CN=C1NCNC(=O)N1,128.135,2,3,0,1,5,65.52,-1.1679,0
CN=C1N=C(N)C=[N+]1[O-],126.119,3,1,0,1,5,76.80999999999999,-1.0758999999999999,0
N=C1NC(=O)OC1=N,113.076,4,3,0,1,5,86.03,-0.3192599999999998,0
C#CC1=NC(CN)=NC1=N,134.14200000000002,3,2,1,1,4,74.59,-0.5913299999999999,0
N=C1CNC(=N)OC=N1,126.11899999999999,3,3,0,1,5,81.32000000000001,-0.4534600000000004,0
N=C1OCNC(=O)CO1,130.10299999999998,4,2,0,1,5,71.41,-0.9583300000000003,0
N=c1[nH]ccn1CO,113.12,3,3,1,1,4,64.8,-0.7545300000000004,0
CNC1=C(N)C(=O)N=N1,126.11900000000001,4,2,1,1,5,79.83999999999999,-0.6740000000000002,0
COC(O)CC1=NN=C1N,143.14600000000002,5,2,3,1,5,80.2,-0.9319000000000002,1
N=CC1NC(=O)NC1=O,127.103,3,3,1,1,5,82.05000000000001,-1.15603,1
Cc1noc(=N)c(=O)o1,128.087,5,1,0,1,5,80.09,-0.5843100000000001,0
CC(O)c1cn[nH][n+]1[O-],129.119,3,2,1,1,5,75.85000000000001,-0.9036000000000002,1
O=CC(=O)c1ncno1,126.071,5,0,2,1,5,73.06,-0.5488,0
N=C1NCNC(=O)CO1,129.119,3,3,0,1,5,74.21000000000001,-1.3853300000000002,0
Cn1ncc(=O)c(O)n1,127.103,5,1,0,1,5,68.01,-1.1191000000000002,0
N=C1N=NC=C1C(N)=O,124.103,3,2,1,1,5,91.66,-0.2013299999999999,0
COc1nc(=N)[nH]n1CO,144.13400000000001,5,3,2,1,6,86.92,-1.3509300000000004,0
Nc1cnc(N)c(=O)o1,127.103,5,2,0,1,5,95.14,-0.8008,0
N=C1N=CC(N)=C1C=O,123.115,3,2,1,1,4,79.30000000000001,-0.5402300000000002,0
N=Cn1[nH]ccc1=N,110.11999999999998,3,3,1,1,4,68.42,-0.24916,0
N=CC1OC1OC(N)=O,130.103,4,2,2,1,5,88.69999999999999,-0.5438300000000003,2
N=C1OCN=C1CNO,129.119,5,3,2,1,5,77.7,-0.6288300000000002,0
CC(=O)C(N)N1C=N1,113.12,4,1,2,1,4,58.46,-0.8809,1
N=C1N=C(CO)C(=O)N1,127.10299999999998,3,3,1,1,5,85.53999999999999,-1.5157300000000002,0
CNC1=C(N)COC(=N)O1,143.14600000000002,5,3,1,1,5,80.36,-0.6848299999999998,0
N=CN1CC(O)N=CN1,128.135,4,3,1,1,5,71.71000000000001,-1.2396300000000002,1
COC1=NNC(=N)C1=O,127.10299999999998,4,2,0,1,5,74.53999999999999,-0.9041300000000003,0
N=Cn1nc(N)oc1=O,128.091,6,2,1,1,6,97.9,-1.1263300000000003,0
NC1=NCC(=O)OC1=O,128.087,5,1,0,1,5,81.75,-1.5730000000000004,0
N=C1CN(C=O)OCO1,130.10299999999998,4,1,1,1,5,62.620000000000005,-0.65863,0
CN=c1nc(CO)c1=N,125.13099999999999,4,2,1,1,4,69.33000000000001,-1.5405300000000002,0
CC(=O)N1NCC1=O,114.10399999999998,3,1,0,1,4,49.410000000000004,-1.1203,0
CN=C1NN=C1CO,113.11999999999999,3,2,1,1,4,56.980000000000004,-1.0338,0
CN=C1N=NNC1=N,111.10799999999999,3,2,0,1,5,72.96000000000001,-0.03762999999999994,0
N=C1NC(C=O)OC1=O,128.087,4,2,1,1,5,79.25,-1.3649300000000002,1
Nc1nn(CC=O)c(=O)[nH]1,142.118,5,2,2,1,6,93.76999999999998,-1.6475000000000004,0
Nc1cnoc1C=O,112.08799999999998,4,1,1,1,4,69.12,0.06930000000000014,0
N=C1N=C(N)N=C1C=O,124.103,4,2,1,1,5,91.66,-1.06813,0
Nc1nc(C=O)[nH]c1O,127.10299999999997,4,3,1,1,5,92.0,-0.4900000000000001,0
N=C1OCC(=O)C(=N)O1,128.087,5,2,0,1,5,83.23,-0.48566000000000015,0
N=C1N=C(C=O)C(=O)O1,126.07099999999997,4,1,1,1,5,79.58,-0.8821300000000001,0
Nc1cnc(C=O)nc1N,138.12999999999997,5,2,1,1,5,94.89,-0.5465,0
CNc1nc(C#N)no1,124.103,5,1,1,1,5,74.74000000000001,-0.01702000000000009,0
N=C1OC(=O)CC(=O)O1,129.071,5,1,0,1,5,76.45,-0.58873,0
N=CC1N=NC(=O)OCN1,142.118,5,2,1,1,6,86.9,0.11157,1
CC#Cc1nonc1O,124.09899999999999,4,1,0,1,4,59.150000000000006,0.14659999999999995,0
N=C1C=C(CN)N=[N+]1[O-],126.11900000000001,4,2,1,1,5,88.30000000000001,-0.21762999999999988,0
O=c1nc[nH]c(=O)o1,114.05999999999997,4,1,0,1,5,75.96000000000001,-1.2769,0
CC(=O)C1=NC(N)=N1,111.10400000000001,4,1,1,1,4,67.81,-0.6978,0
C#Cc1n[nH]nnc1=N,121.103,4,2,0,1,5,78.31,-1.33953,0
CN=C1OC(=N)NC1=O,127.103,4,2,0,1,5,74.53999999999999,-0.9041300000000003,0
Nc1oncc1C=O,112.08799999999998,4,1,1,1,4,69.12,0.06930000000000003,0
N=CN1CC(=O)OC1=N,127.10299999999998,4,2,1,1,5,77.24000000000001,-0.61296,0
N=C1OCC(N)C(=O)O1,130.103,5,2,0,1,5,85.39999999999999,-1.1781300000000001,1
NC1=NC(OC=O)=C1O,128.08699999999996,5,2,2,1,5,84.91000000000001,-0.7426999999999999,0
Nc1cnc(C=O)nn1,124.103,5,1,1,1,5,81.76,-0.7337,0
N=C(N)c1nnc(N)o1,127.10700000000001,5,3,1,1,6,114.81,-1.0641300000000005,0
CN=C1N=C(N)OC1=O,127.103,4,1,0,1,5,77.03999999999999,-1.1138,0
N#CC(O)C1=C(O)N=N1,125.087,5,2,1,1,5,88.97,0.06377999999999998,1
N=C1COC(=N)NCO1,129.119,4,3,0,1,5,78.19,-0.5076600000000002,0
N=C1OCC(=O)OC1=N,128.087,5,2,0,1,5,83.22999999999999,-0.48566000000000015,0
N=C1COC(=O)C(=O)N1,128.087,4,2,0,1,5,79.25,-1.36333,0
N=C1NC(=O)C(C=O)CO1,142.11399999999998,4,2,1,1,5,79.25000000000001,-1.11733,1
NC1=CN=NC1=NC=O,124.103,3,1,1,1,5,80.16999999999999,-0.19280000000000003,0
CC1NC(=N)NC(=N)O1,128.135,3,4,0,1,5,80.99000000000001,-0.5886600000000004,1
N=COC(=N)CC1=NO1,127.103,5,2,3,1,5,81.82,0.32114,0
CC1NC(=O)OC(=N)O1,130.10299999999998,4,2,0,1,5,71.41,0.02357000000000009,1
CN=C1N=C(N)NC1=O,126.119,3,2,0,1,5,79.84,-1.5408,0
N=C1N=C(N)C(CO)=N1,126.119,3,3,1,1,5,94.82000000000001,-1.2747300000000001,0
N=c1nc(C=O)nc[nH]1,124.10299999999998,4,2,1,1,5,82.49000000000001,-0.9033300000000004,0
N=C1N=C(N)C=NC1=O,124.103,3,2,0,1,5,91.66,-1.06813,0
N=C1OC=NCOC(=N)O1,143.102,6,2,0,1,6,87.75000000000001,-0.09486000000000011,0
CC1=NC(=O)C(N)=N1,111.104,3,1,0,1,4,67.81,-0.6978,0
Cc1noc(OCO)n1,130.10299999999998,5,1,2,1,5,68.38000000000001,-0.29338000000000014,0
N#CC1=NC(C(N)=O)=N1,122.087,4,1,1,1,5,91.60000000000001,-1.19412,0
CC(N)C1=NN=C1O,113.11999999999999,3,2,1,1,4,70.97,-0.3403000000000001,1
N=CN1CNC(=O)OC1=O,143.10199999999998,4,2,1,1,6,82.49000000000001,-0.2872299999999998,0
N=C1N=CCOC(=N)O1,127.103,4,2,0,1,5,78.52,-0.026460000000000095,0
N=C1OCC(=O)C(O)O1,131.087,5,2,0,1,5,79.61,-1.1445300000000003,1
N=C1COC(=O)OC1=N,128.087,5,2,0,1,5,83.22999999999999,0.15023999999999993,0
COC1=C(N)C(=N)N=C1,125.131,3,2,1,1,4,71.46000000000001,-0.13522999999999985,0
N=C1OCNC(=O)C1=N,127.10299999999998,4,3,0,1,5,86.03,-0.9126600000000002,0
CN=c1cn[nH]c(N)[n+]1[O-],141.13400000000001,4,2,0,1,6,94.0,-1.844199999999999,0
COC(=O)c1ccno1,127.09899999999999,4,0,1,1,4,52.33,0.46119999999999994,0
NCc1nc(N)nn1C=O,141.13400000000001,6,2,2,1,6,99.82,-1.6426999999999998,0
Nc1[nH]nc(CO)c1C=O,141.12999999999997,4,3,2,1,5,92.0,-0.7033000000000003,0
N=CN=C1NC=NC1=O,124.10299999999998,2,2,1,1,5,77.67,-0.8499300000000001,0
NC(=O)c1ncc(O)o1,128.087,4,2,1,1,5,89.35000000000001,-0.5209000000000003,0
Nc1nc(=O)c(OO)c[nH]1,143.10199999999998,5,3,1,1,6,101.22999999999999,-0.7961,0
N=C1C=NC(N)=C1O,111.104,4,3,0,1,4,82.46000000000001,-0.22363000000000027,0
NC1=C(N)C(=O)N=C1,111.10399999999998,3,2,0,1,4,81.47,-1.2736000000000003,0
N=C1OC(=O)C(=O)O1,115.04399999999998,5,1,0,1,5,76.45,-0.9788300000000001,0
N=C1N=CN=C1C(N)=O,124.103,3,2,1,1,5,91.66,-1.0681300000000002,0
O=Cc1ncc(=O)[nH]n1,125.08699999999999,4,1,1,1,5,75.71000000000001,-1.0226000000000002,0
N=C1N=C(O)C(=O)O1,114.05999999999997,3,2,0,1,5,82.74,-0.5655300000000001,0
NC(C=O)C1=NOC1=O,128.087,5,1,2,1,5,81.75,-1.5746000000000002,1
CNC1=NN=C1CO,113.11999999999999,4,2,1,1,4,56.980000000000004,-1.0338,0
N=C1N=C(N)N=C1F,114.08300000000001,3,2,0,1,5,74.59,-0.3400299999999998,0
N=C1OCC(=O)C(=N)O1,128.087,5,2,0,1,5,83.23,-0.48566000000000015,0
N=CC1=NC=NC1=N,108.104,3,2,1,1,4,72.42,0.09614,0
N=CC1N=COC(=N)N1,126.11899999999999,4,3,1,1,5,81.32,-0.4550600000000002,1
NC(=O)c1cnc(N)o1,127.103,4,2,1,1,5,95.14,-0.6443000000000001,0
N=C1C(N)=CN=C1N,110.12,4,3,0,1,4,88.25,-0.8229300000000002,0
N=CNC1=CN=NC1=O,124.103,3,2,2,1,5,77.67,0.01687000000000005,0
N=C1NCOC(=N)C1O,129.119,4,4,0,1,5,89.19000000000001,-1.1208600000000002,1
Cn1nc(C=N)nc1N,125.135,5,2,1,1,5,80.58,-0.6050300000000002,0
N=C1NC(=O)NC1C=O,127.10299999999998,3,3,1,1,5,82.05000000000001,-1.15603,1
COc1n[nH]c(=NC=O)o1,143.10199999999998,4,1,2,1,6,80.48,-0.9316000000000002,0
CNC(=O)c1nc1=O,112.088,3,1,1,1,4,59.06,-1.323,0
Cn1cnc(O)c1N,113.11999999999999,4,2,0,1,4,64.07,-0.2921000000000002,0
N=C1N=C(O)OC1=O,114.05999999999997,3,2,0,1,5,82.74000000000001,-0.5655300000000001,0
Cc1nc(=N)[nH]c(=O)o1,127.10299999999998,4,2,0,1,5,82.74,-0.84921,0
O=CC1=NCNC(=O)C1,126.115,3,1,1,1,4,58.53,-0.8963000000000003,0
N=c1[nH]nc(N)n1C=O,127.107,5,3,1,1,6,100.54999999999998,-1.68883,0
Nc1ncc(C=O)nn1,124.103,5,1,1,1,5,81.76,-0.7337000000000002,0
CN=c1ncc(N)no1,126.119,5,1,0,1,5,77.3,-0.8177000000000003,0
N=C1N=CN=C(F)C1=N,126.094,3,2,0,1,5,72.42,0.39334,0
Cn1c(CO)n[nH]c1=N,128.135,4,3,1,1,5,77.69,-1.2800300000000002,0
N=CN1OC(O)C1C=O,130.10299999999998,4,2,2,1,5,73.62,-1.2734300000000003,2
N=CN=C1C=NN=C1O,124.10299999999998,3,2,1,1,5,81.16,-0.009630000000000083,0
Nc1n[nH]nc1CC=O,126.11899999999999,4,2,2,1,5,84.66,-0.8717000000000006,0
Cc1nc(NC=O)no1,127.10299999999998,4,1,2,1,5,68.02000000000001,-0.053680000000000117,0
N=C1OCC(C(=O)O)C1=N,142.11399999999998,4,3,1,1,5,94.22999999999999,-0.28556000000000004,1
N=C1OC(=O)OCC1N,130.10299999999998,5,2,0,1,5,85.39999999999999,-0.54223,1
N=CC1N=NCOC1=N,126.119,5,2,1,1,5,81.65,0.42174,1
N=C1COC(=O)N=CO1,128.087,4,1,0,1,5,71.74,0.15877000000000002,0
O=C(O)C1=NC(O)=N1,114.06,3,2,1,1,5,82.25,-0.6028999999999998,0
N=C(O)c1nc1=NC=O,125.08699999999999,3,2,2,1,5,86.4,-1.10233,0
CNC1=NC(=O)N=C1N,126.119,3,2,0,1,5,79.84,-0.9049,0
CN=C1C=NC(N)=[N+]1[O-],126.119,4,1,0,1,5,76.80999999999999,-1.0758999999999999,0
O=Cc1nn(O)c(=O)[nH]1,129.075,5,2,1,1,6,87.97999999999999,-1.3788,0
CC(=O)N1OCNC1=N,129.119,3,2,0,1,5,65.42,-0.73803,0
N=C1NC(=O)C(=O)CO1,128.087,4,2,0,1,5,79.25000000000001,-1.36333,0
N=CN1NCCOC1=O,129.119,4,2,1,1,5,65.42000000000002,-0.44972999999999996,0
COC1=NN=C1OC=N,127.10299999999998,5,1,1,1,5,67.03,-0.017930000000000057,0
N=C1N=C(N)C(CO)=N1,126.119,3,3,1,1,5,94.82000000000001,-1.2747300000000001,0
COc1nnc(N)n1C=N,141.13400000000001,6,2,2,1,6,89.81,-0.6759300000000001,0
N=C(O)C1=NC(=O)O1,114.05999999999999,3,2,1,1,5,82.74,0.07036999999999999,0
N=c1[nH]c(=O)oc(=N)o1,129.075,5,3,0,1,6,106.83999999999999,-1.4801599999999997,0
N=C1N=COC(=O)CO1,128.087,4,1,0,1,5,71.74,-0.47713000000000005,0
Cn1cnc(=O)[nH]c1=N,126.11899999999999,4,2,0,1,5,74.53,-1.4121299999999999,0
N=C1OCC(=O)OC1=N,128.087,5,2,0,1,5,83.22999999999999,-0.48566000000000015,0
NC(=O)n1ncnc1N,127.107,5,2,0,1,6,99.82000000000001,-1.2129000000000005,0
N=CN1C=NC(O)CN1,128.135,4,3,1,1,5,71.71000000000001,-1.2396300000000002,1
N=CN1CC(=N)OCO1,129.119,4,2,1,1,5,69.4,-0.2079600000000001,0
Nc1nnc(C=O)c(N)n1,139.118,6,2,1,1,6,107.78,-1.1515000000000002,0
Cc1ncnc(NC=O)n1,138.12999999999997,4,1,2,1,5,67.77000000000001,-0.2516800000000003,0
COC1=C(CN)N=NC1=N,140.14600000000002,4,2,2,1,5,83.82,0.24617000000000017,0
N=CN1CC(N)C(=O)O1,129.119,4,2,1,1,5,79.41000000000001,-1.30543,1
N=CN1NC(=O)OCC1=N,142.118,4,3,1,1,6,89.27000000000001,-0.47246000000000005,0
N#CCc1nc(F)no1,127.078,4,0,1,1,5,62.71,0.27477999999999997,0
Cn1nc(C=N)c(=O)[nH]1,126.11899999999999,4,2,1,1,5,74.53,-0.8939300000000001,0
CC(=O)C1=NC(N)=N1,111.10400000000001,4,1,1,1,4,67.81,-0.6978,0
CN=C1C=NC(N)=N1,110.12,3,1,0,1,4,63.099999999999994,-0.5862,0
N=C1COC(=O)NC=N1,127.103,3,2,0,1,5,74.53999999999999,-0.26823000000000013,0
N=C1NC(C=O)OCO1,130.103,4,2,1,1,5,71.41000000000001,-0.9599300000000002,1
NC1=C(N)C(=O)C=N1,111.10399999999998,4,2,0,1,4,81.47,-1.2736000000000003,0
Nc1cnc(C=O)n1N,126.119,5,2,1,1,5,86.92999999999999,-1.0084,0
N=C1NCC(=O)NCO1,129.119,3,3,0,1,5,74.21000000000001,-1.3853300000000002,0
C#CCn1cn[nH]c1=O,123.11499999999998,3,1,1,1,4,50.68,-0.7954000000000001,0
N=C1OCC(=O)C(=N)O1,128.087,5,2,0,1,5,83.23,-0.48566000000000015,0
CN=C1N=NC(N)=N1,111.108,3,1,0,1,5,75.46,-0.24729999999999996,0
N=c1nc(CO)cn[nH]1,126.11899999999999,4,3,1,1,5,85.65,-1.2235300000000002,0
COC1OC(=N)OC1=O,131.087,5,1,1,1,5,68.61000000000001,-0.5329300000000001,1
CN1OC=C([O-])C(=N)O1,129.095,5,1,0,1,5,68.61,-1.02603,0
COC1=NC(=N)N=C1N,126.11900000000001,3,2,0,1,5,83.82,-0.66313,0
Cc1nc(N)nn1C=O,126.119,5,1,1,1,5,73.8,-0.7929800000000002,0
N=CN1CC(=O)C1=NO,127.10299999999998,4,2,1,1,5,76.75,-0.7341300000000002,0
N=CN1CC(=O)NCN1,128.135,3,3,1,1,5,68.22,-1.5126299999999993,0
CC1(OC(=N)O)OC1=N,130.10299999999998,4,3,1,1,5,89.69,0.21944000000000002,1
N=C1OC(=N)C(=O)O1,114.05999999999999,5,2,0,1,5,83.23,-0.5281600000000002,0
Nc1cnc(C=O)nn1,124.103,5,1,1,1,5,81.76,-0.7337,0
Cc1onnc1NC=N,126.11899999999999,4,2,2,1,5,74.80000000000001,0.39698999999999995,0
Cn1ncc(=O)n1CO,129.11900000000003,5,1,1,1,5,60.05,-1.4684000000000004,0
C#CC(=O)n1nc[nH]1,109.088,3,1,0,1,4,50.68,-0.5154000000000001,0
Nc1noc(C=O)n1,113.076,5,1,1,1,5,82.01,-0.5357000000000001,0
N=CN1NCOC1C=O,129.11899999999997,4,2,2,1,5,65.42000000000002,-1.0872300000000001,1
N=C(N)C1=NC(=O)C=N1,124.103,3,2,1,1,5,91.66000000000001,-1.06813,0
N=C1NCN=C(C=O)O1,127.10299999999998,4,2,1,1,5,74.54,-0.9041300000000001,0
O=C1COC(=O)C(=O)N1,129.071,4,1,0,1,5,72.47,-1.814,0
Nc1noc(C=O)n1,113.076,5,1,1,1,5,82.01,-0.5357000000000001,0
Nc1noc(CC=O)n1,127.103,5,1,2,1,5,82.01,-0.6068000000000002,0
N=C1N=COC(=N)CN1,126.119,3,3,0,1,5,81.32,-0.45346000000000014,0
COC1=NOC(=O)C1=O,129.071,5,0,0,1,5,64.96000000000001,-0.9278000000000002,0
NC1=NC(=O)C(C=O)=N1,125.08699999999997,4,1,1,1,5,84.88,-1.5188,0
CC(=O)c1nc(N)n[nH]1,126.11900000000001,4,2,1,1,5,84.66,-0.41050000000000025,0
NC1=NC(CO)=NC1=O,127.10299999999998,4,2,1,1,5,88.03999999999999,-1.7254,0
C#CC(O)C1=NN=C1N,123.11500000000002,4,2,1,1,4,70.97,-1.2927,1
Cc1nnc(CO)n1N,128.135,5,2,1,1,5,76.96000000000001,-1.2073800000000001,0
CC(=O)C1=NC(N)=N1,111.10400000000001,4,1,1,1,4,67.81,-0.6978,0
N=CN1OCC1=NC=O,127.103,3,1,2,1,5,65.75,-0.6044300000000002,0
NC(=O)C1NCC(=O)N1,129.119,3,3,1,1,5,84.22,-2.4828,1
CN=C1C=C(C=N)N=N1,122.131,3,1,1,1,4,60.93,1.01397,0
CN=C1NCN(C=N)N1,127.151,2,3,1,1,5,63.510000000000005,-1.0534299999999994,0
N=c1oc(N)nn1C=O,128.091,6,2,1,1,6,97.9,-1.4239300000000001,0
CNc1cnc(C=O)nn1,138.13,5,1,2,1,5,67.77000000000001,-0.2742000000000002,0
COC(=N)C1=NC(=O)N1,127.103,3,2,1,1,5,74.53999999999999,-0.2682300000000001,0
N=C1OCCNC(=O)O1,130.103,4,2,0,1,5,71.41,-0.32243000000000016,0
CN=c1[nH]c(=O)c1=O,112.08799999999998,3,1,0,1,4,62.29,-1.8587999999999996,0
NC(=O)OC1=CN=C1,112.088,3,1,1,1,4,64.68,0.007500000000000173,0
N=C1NC(=O)OCCO1,130.103,4,2,0,1,5,71.41000000000001,-0.32243,0
NC1=NN=C1C=NCO,126.11899999999999,5,2,2,1,5,83.33,-1.2662000000000002,0
NC1=C(OC=O)N=C1C=O,140.09799999999998,5,1,3,1,5,81.75,-1.0593000000000001,0
N=c1oncc(N)[n+]1[O-],128.091,5,2,0,1,6,102.84,-1.6303299999999998,0
CN=C1C=NC(=O)N1N,126.119,3,1,0,1,5,71.05,-0.6052,0
COC1=NC(=O)N=C1N,127.10300000000001,3,1,0,1,5,77.03999999999999,-0.47789999999999994,0
Nc1cn[nH]c(=O)c1O,127.10299999999998,4,3,0,1,5,92.0,-0.9423000000000001,0
N=C1NC(C=O)C(=O)O1,128.087,4,2,1,1,5,79.25000000000001,-1.3649300000000002,1
Cc1noc(=N)nc1N,126.11900000000001,5,2,0,1,5,88.79,-0.5603100000000001,0
NC(=O)C1=NC(O)=N1,113.076,3,2,1,1,5,88.04,-1.2022000000000002,0
CC(=N)N1CC(=O)CO1,128.131,3,1,0,1,4,53.39,-0.20013000000000014,0
N=COC1=C(N)C(=O)O1,128.087,5,2,2,1,5,85.39999999999999,-0.7053300000000002,0
N=CC1=NC(=O)OC1=N,125.08699999999999,4,2,1,1,5,86.36000000000001,0.20444,0
N=CC1NC(=N)OCO1,129.119,4,3,1,1,5,78.19000000000001,-0.5092600000000003,1
N=C1COCC(=NO)N1,129.119,4,3,0,1,5,77.7,-0.6288300000000002,0
CN=C1C=NC(=N)N=N1,123.119,2,1,0,1,5,73.28999999999999,0.48606999999999995,0
COc1cnc(=O)[nH]n1,127.103,4,1,1,1,5,67.87,-0.8265000000000002,0
Cn1nc(N)nc1C=N,125.135,5,2,1,1,5,80.58000000000001,-0.6050300000000002,0
CCc1nn[nH]c(=O)c1N,140.14599999999996,4,2,1,1,5,84.66,-0.6905000000000001,0
NC=C1N=NOC1=O,113.07599999999998,5,1,0,1,5,77.03999999999999,-0.28950000000000004,0
O=C1CNC=CC(O)N1,128.13099999999997,3,3,0,1,4,61.36,-1.4621,1
N=CC1=NC(=O)C(F)=N1,127.078,3,1,1,1,5,65.64,-0.05732999999999994,0
N=CN=C1NC=NC1=O,124.10299999999998,2,2,1,1,5,77.67,-0.8499300000000001,0
Cc1nnc(C=O)c(=O)o1,140.09799999999998,5,0,1,1,5,73.06,-0.4492799999999999,0
Nc1nc(C=O)oc1[O-],127.07899999999997,5,1,1,1,5,92.18,-0.8571000000000002,0
Cc1oc(=O)nnc1N,127.10300000000001,5,1,0,1,5,82.01,-0.6795800000000001,0
CC1(O)OCOC(=N)O1,133.103,5,2,0,1,5,71.77,-0.39193000000000006,1
Nc1[nH]ncc1OC=O,127.10299999999997,4,2,2,1,5,81.0,-0.47290000000000054,0
NC1=NC(C=O)NCO1,129.119,5,2,1,1,5,76.71,-1.5966,1
COC1=NC(=O)N=C1N,127.10300000000001,3,1,0,1,5,77.03999999999999,-0.47789999999999994,0
CNC(=O)C1=NN=C1,111.104,3,1,1,1,4,53.82,-0.8272000000000002,0
CC(=O)n1ncc(O)n1,127.10299999999998,5,1,0,1,5,68.01,-0.3562,0
N=C(O)C1=NN=C1N,112.09200000000001,4,3,1,1,5,94.82,-0.75153,0
O=c1ncc(CO)n[nH]1,127.103,4,2,1,1,5,78.87,-1.3428000000000002,0
CNC(=O)c1cnon1,127.103,4,1,1,1,5,68.02000000000001,-0.5708000000000002,0
CC(=O)n1nc(C=N)o1,127.10299999999998,5,1,1,1,5,71.88,0.13387,0
N=C1COC(=N)OCO1,130.103,5,2,0,1,5,75.39,-0.08066000000000012,0
N=CN1C(=N)COC1=O,127.10299999999998,4,2,1,1,5,77.24000000000001,0.022940000000000016,0
COC1=NC(N)=NC1=O,127.10300000000001,4,1,0,1,5,77.03999999999999,-1.1138000000000001,0
Nc1ncc(C=O)n1O,127.10299999999998,5,2,1,1,5,81.14,-0.48490000000000005,0
N=c1[nH]c(=N)n(C=O)o1,128.091,5,3,1,1,6,98.63000000000001,-1.5935599999999994,0
CN=C1N=CN=C1N,110.12,3,1,0,1,4,63.099999999999994,-0.5861999999999998,0
CC(=N)c1n[n-]nc1N,124.12700000000002,4,2,1,1,5,89.75,-0.5962300000000003,0
N=CN1CC(=O)NCO1,129.119,3,2,1,1,5,65.42,-1.0856299999999999,0
N=C1OCC(=N)C(=O)O1,128.087,5,2,0,1,5,83.23,-0.48566000000000015,0
Nc1conc1COC=O,142.114,5,1,3,1,5,78.35,-0.07020000000000004,0
N=C1N=C(CN)C(=O)O1,127.103,4,2,1,1,5,88.53000000000002,-1.1223299999999998,0
N=C1N=COC(=O)CO1,128.087,4,1,0,1,5,71.74,-0.47713000000000005,0
CNC(=O)C1=NN=C1O,127.103,3,2,1,1,5,74.05,-0.9415000000000002,0
CN=C1N=C(N)OC1=O,127.103,4,1,0,1,5,77.03999999999999,-1.1138,0
Cn1nc(C=N)nc1N,125.135,5,2,1,1,5,80.58,-0.6050300000000002,0
Cn1nnc(C=N)n1,111.10799999999999,5,1,1,1,5,67.45,-0.79223,0
CC(O)C1=NN=C1N,113.12000000000002,4,2,1,1,4,70.97,-0.9060000000000001,1
O=Cc1nc(=O)nn[nH]1,126.075,5,1,1,1,6,88.6,-1.6276000000000002,0
COC1=NNC(=N)C1=O,127.10299999999998,4,2,0,1,5,74.53999999999999,-0.9041300000000003,0
CNC(=O)c1cn[nH]n1,126.119,3,2,1,1,5,70.67,-0.8357000000000003,0
CNC(=N)c1nnc[nH]1,125.135,3,3,1,1,5,77.45,-0.6505300000000005,0
N=C1NC(CO)=NCO1,129.119,4,3,1,1,5,77.7,-1.11073,0
CN=c1nc(N)c1=N,110.12,4,2,0,1,4,75.12,-1.4506299999999994,0
CNC1=NC(CO)=NC1=O,141.13,4,2,1,1,5,74.05000000000001,-1.4647000000000003,0
N=Cc1noc(C=O)n1,125.08699999999999,5,1,2,1,5,79.84,-0.12023,0
CC(N)N1C=NC1=O,113.11999999999999,2,1,1,1,4,58.69,-0.24499999999999983,1
NC(=O)C1=NOCCN1,129.119,4,2,1,1,5,76.71000000000001,-1.5950000000000002,0
N=C1N=CN=C1CO,111.10399999999998,3,2,1,1,4,68.8,-0.5611300000000001,0
Cc1nc(=O)[nH]nc1O,127.10299999999998,4,2,0,1,5,78.87,-0.8210800000000003,0
Cc1n[nH]c(OC=O)n1,127.10299999999998,4,1,2,1,5,67.87,-0.35168000000000016,0
CC(=N)n1cnc(N)n1,125.135,5,2,0,1,5,80.58,-0.29443000000000014,0
N=C1OCC(=O)OC1=N,128.087,5,2,0,1,5,83.22999999999999,-0.48566000000000015,0
Cc1nnc(C=O)nc1O,139.114,5,1,1,1,5,75.97,-0.3018800000000001,0
O=Cc1nn[nH]c1CO,127.10299999999998,4,2,2,1,5,78.87,-0.8905000000000001,0
N=Cn1cnnc1N,111.108,5,2,1,1,5,80.58,-0.6845300000000001,0
N=C1CC(=O)NOC=N1,127.10299999999998,3,2,0,1,5,74.54,-0.5565300000000002,0
CN1CCOC(=O)C(=O)N1,144.13,4,1,0,1,5,58.64,-1.4937999999999991,0
N=Cn1oc(=N)[nH]c1=O,128.091,5,3,1,1,6,98.63,-1.2959600000000002,0
N=C1N=CN=C1C(N)=O,124.103,3,2,1,1,5,91.66,-1.0681300000000002,0
N=C1NC(=O)NCC1=O,127.103,3,3,0,1,5,82.05000000000001,-1.15443,0
CN1N=NC(C=N)=CO1,126.11899999999997,5,1,1,1,5,61.040000000000006,0.72157,0
Nc1cn[nH]c1C=NC=O,138.13,3,2,2,1,5,84.13,-0.4328000000000001,0
COC1=NC(N)=NC1=N,126.11900000000001,4,2,0,1,5,83.82,-0.66313,0
Nc1cnnnc1[O-],111.084,5,1,0,1,5,87.75,-1.4726000000000001,0
O=C1CNC(=O)C(=O)N1,128.087,3,2,0,1,5,75.27,-2.2409999999999997,0
N=C1N=C(CO)C(=O)N1,127.10299999999998,3,3,1,1,5,85.53999999999999,-1.5157300000000002,0
Cc1nn[nH]c1OC=O,127.10299999999997,4,1,2,1,5,67.87,-0.35168000000000016,0
N=C1ON=C(CO)C1=O,128.087,5,2,1,1,5,82.74000000000001,-1.0887300000000002,0
NC1=NN=C1C(=O)C=O,125.08699999999997,5,1,2,1,5,84.88,-1.5188,0
Cc1nc(=N)on1CO,129.119,5,2,1,1,5,75.04,-0.7862100000000003,0
N=C1N=C(N)N=C1CO,126.119,4,3,1,1,5,94.82000000000001,-1.27473,0
N=C1CNC(C=O)NCO1,143.146,5,3,1,1,5,74.21000000000001,-1.34443,1
COC1=NC(=N)C(=N)O1,127.103,4,2,0,1,5,78.52,-0.02646000000000004,0
N#CCn1[nH]nc1C=O,124.10299999999998,4,1,2,1,5,74.47,-0.45272000000000023,0
COC1=NOC(=N)C1=O,128.087,5,1,0,1,5,71.74000000000001,-0.47713,0
N=C1OC=C1OC(N)=O,128.08700000000002,4,2,1,1,5,85.4,-0.06942999999999999,0
N=CN1COC(=O)CO1,130.10299999999998,4,1,1,1,5,62.620000000000005,-0.6586300000000003,0
NC1=NN=C(O)C1=O,113.07599999999998,4,2,0,1,5,88.03999999999999,-1.2022000000000002,0
COc1n[nH]c(=O)n1C=N,142.118,5,2,2,1,6,83.75999999999999,-0.9648300000000001,0
N=C1NC(=N)C(=O)OCO1,143.102,5,3,0,1,6,95.26000000000002,-0.98106,0
Cn1ncc(=N)c(O)n1,126.119,5,2,0,1,5,74.79,-0.9998300000000002,0
N=C1C(NC(N)=O)CN1O,144.13400000000001,3,4,1,1,6,102.44,-1.2946299999999993,1
CN=C1N=C(N)C(=O)O1,127.103,4,1,0,1,5,77.04,-1.1138,0
NC1=CC(N)=NC1=O,111.10400000000001,3,2,0,1,4,81.47,-1.2736000000000003,0
CCC(=O)C1=NC(=O)N1,126.115,2,1,2,1,4,58.53,0.0872,0
COC1=NC(=O)C(=O)N1,128.087,3,1,0,1,5,67.75999999999999,-1.3548000000000002,0
N=C1OCC(=O)C(=O)O1,129.071,5,1,0,1,5,76.45,-0.9363300000000001,0
Cc1nnc(N)n1C=O,126.119,5,1,1,1,5,73.8,-0.7929800000000002,0
N=c1ncc(N)cn1C=O,138.13,5,2,1,1,5,84.75999999999999,-1.0169300000000001,0
N=C1OC(N)=NC1=O,113.07600000000001,4,2,0,1,5,88.53,-1.1648300000000003,0
CCNC1=NC(=N)CO1,127.14699999999999,3,2,1,1,4,57.47,-0.04062999999999989,0
N#CC(N)c1nc1=O,109.088,4,1,1,1,4,79.77000000000001,-1.15922,1
COC1=[N+]([O-])C(=N)N=C1,127.103,3,1,0,1,5,71.50999999999999,-0.43923000000000023,0
N=C(O)C1=NC(=O)N1,113.076,2,3,1,1,5,85.53999999999999,-0.35662999999999995,0
N=C1NCOC(=O)CO1,130.103,4,2,0,1,5,71.41,-0.9583300000000001,0
N=C1COC(=N)OCN1,129.119,4,3,0,1,5,78.19,-0.5076600000000002,0
N=c1cnoc(CCO)n1,141.13,5,2,2,1,5,83.0,-0.9161300000000001,0
COC1=NC(CO)=NC1=O,142.114,4,1,1,1,5,71.25,-1.0377000000000003,0
O=C1N=C(O)N=C1O,114.05999999999997,2,2,0,1,5,82.25,-0.6029,0
N=C1N=C(C(N)=O)O1,113.076,3,2,1,1,5,88.53000000000002,-1.1648300000000003,0
N=C1NC(=O)OCO1,116.076,4,2,0,1,5,71.41000000000001,-0.36493,0
N=c1[nH]c(=O)[nH]c(=O)o1,129.075,4,3,0,1,6,102.71,-1.8643299999999998,0
NC(C=O)C1=CN=C1O,126.11499999999998,3,2,2,1,4,75.68,-0.6334000000000002,1
N=CC1OC(=N)C(=N)O1,127.103,5,3,1,1,5,90.01,-0.03659000000000001,0
CC1=NN=C(N)C1=O,111.104,4,1,0,1,4,67.81,-0.6978,0
N=C1OC(=N)C(C=O)O1,128.087,5,2,1,1,5,83.23,-0.48726000000000025,1
COC1=NC(N)=NC1=O,127.10300000000001,4,1,0,1,5,77.03999999999999,-1.1138000000000001,0
O=CNN1C=C1C=O,112.08799999999998,3,1,3,1,4,49.18,-0.9967000000000001,0
N=C1OCN(C=O)CO1,130.10299999999998,4,1,1,1,5,62.620000000000005,-0.6586300000000003,0
CCc1c(N)n[nH][n+]1[O-],128.13500000000002,3,2,1,1,5,81.64,-0.8122999999999998,0
CCN1N=C(N)C1=N,112.136,3,2,1,1,4,65.47,-0.42863000000000023,0
N=C1COC(=N)OCO1,130.103,5,2,0,1,5,75.39,-0.08066000000000012,0
CC1=NC(=O)OC1=N,112.08799999999998,3,1,0,1,4,62.51,0.57477,0
N=C1NCNC(=O)CO1,129.119,3,3,0,1,5,74.21000000000001,-1.3853300000000002,0
Nc1cn(O)c(C=O)n1,127.10299999999998,5,2,1,1,5,81.14,-0.48490000000000033,0
Nc1cc(C=O)[n+]([O-])[nH]1,127.103,3,2,1,1,5,85.82,-0.9572,0
N=CC1NC(N)(C=N)O1,128.13500000000002,5,4,2,1,5,94.98,-1.1560600000000003,2
N=C1NCC(=O)C(=N)N1,126.119,3,4,0,1,5,88.83000000000001,-1.3396600000000003,0
COC1=NC(O)=C1N,114.104,4,2,0,1,4,67.84,-0.2693,0
C#Cc1cnnn1N,108.10400000000001,4,1,0,1,4,56.730000000000004,-1.0268000000000002,0
N=CN1NCC1C(=N)O,128.135,3,4,2,1,5,83.2,-0.6824599999999998,1
N=C1NCOC(=O)C1=O,128.087,4,2,0,1,5,79.25,-1.36333,0
NC1=NC(CO)=CC1=O,126.11499999999997,4,2,1,1,4,75.68,-1.1975000000000002,0
N=CN1C=NC1C(=O)O,127.10299999999997,3,2,2,1,5,76.75,-0.6519299999999999,1
N=C1OCC=NC(=O)O1,128.087,4,1,0,1,5,71.74,0.15876999999999997,0
N=C1N=C(N)C(=O)O1,113.076,4,2,0,1,5,88.53000000000002,-1.16483,0
N=C1COC(=N)C(=N)N1,126.119,4,4,0,1,5,92.81,-0.46199000000000007,0
N=C1NC(=O)C(CO)O1,130.10299999999998,4,3,1,1,5,82.41000000000001,-1.5715300000000003,1
CC1=NC(N)=NC1=O,111.104,3,1,0,1,4,67.81,-0.6978,0
Nc1ncc(CO)n1N,128.135,5,3,1,1,5,90.08999999999999,-1.3286,0
CN=C1N=CN=C1N,110.12,3,1,0,1,4,63.099999999999994,-0.5861999999999998,0
N=C1NCC(=O)OCO1,130.103,4,2,0,1,5,71.41000000000001,-0.9583300000000001,0
O=Cc1[nH]nnc1CO,127.103,4,2,2,1,5,78.87,-0.8905000000000001,0
CC1=NCN=NC(=O)N1,126.11899999999999,3,1,0,1,5,66.17999999999999,0.5377000000000001,0
Cc1nc(CO)nn1N,128.135,5,2,1,1,5,76.96000000000001,-1.2073800000000001,0
NC1=CN=C(N)C1=O,111.104,4,2,0,1,4,81.47,-1.2735999999999998,0
CC(=O)Oc1cn[nH]n1,127.10300000000001,4,1,1,1,5,67.87,-0.2700000000000002,0
Cc1n[nH]c(=O)nc1N,126.119,4,2,0,1,5,84.66,-0.9444800000000002,0
N=C1OCC(=O)C(=N)O1,128.087,5,2,0,1,5,83.23,-0.48566000000000015,0
N=CN1C=NCC(=O)O1,127.10299999999998,4,1,1,1,5,65.75,-0.6044300000000002,0
C#Cc1n[nH]c(=N)n1N,123.119,4,3,0,1,5,83.48,-1.61423,0
NC1=CC(N)=NC1=O,111.10400000000001,3,2,0,1,4,81.47,-1.2736000000000003,0
NC1=NC(=O)C(F)=C1,114.07899999999998,2,1,0,1,4,55.449999999999996,-0.26279999999999987,0
N=c1nnc(CO)co1,127.10299999999998,5,2,1,1,5,83.0,-0.9586300000000001,0
Cc1nnc(N)n1C=N,125.135,5,2,1,1,5,80.58,-0.3761100000000001,0
N=CN1CC(=O)OCN1,129.119,4,2,1,1,5,65.42,-1.0856300000000003,0
CC1=NC(CO)=NC1=N,125.13099999999999,3,2,1,1,4,68.80000000000001,-0.17103000000000002,0
N=C1N=COC(=O)CO1,128.087,4,1,0,1,5,71.74,-0.47713000000000005,0
CC(=O)C1=NN=C1N,111.10400000000001,4,1,1,1,4,67.81,-0.6978,0
CNC(=O)C1=NC(N)=N1,126.11900000000001,4,2,1,1,5,79.84,-1.540799999999999,0
N=C(O)C1(C=O)NCO1,130.10299999999998,4,3,2,1,5,82.41,-1.0058300000000002,1
CC(O)C1=NN=C1N,113.12000000000002,4,2,1,1,4,70.97,-0.9060000000000001,1
CC1(C=N)OC(=O)O1,115.088,4,1,1,1,4,59.379999999999995,0.5189699999999999,0
CNC1=NN=C1C#N,108.104,4,1,0,1,4,60.54,-0.5025200000000001,0
Cn1oc(=N)oc1=N,115.092,5,2,0,1,5,78.91,-0.82996,0
CCn1cnoc1=N,113.11999999999999,4,1,1,1,4,54.81,-0.024529999999999996,0
N=C1OC(=O)NC1=O,114.05999999999999,4,2,0,1,5,79.25,-0.7699300000000002,0
N=C1N=C(N)N=C1C=O,124.103,4,2,1,1,5,91.66,-1.06813,0
Nc1cc[n+]([O-])c(N)n1,126.11900000000001,4,2,0,1,5,91.86999999999999,-1.1206,0
COC1=CN=C(N)C1=N,125.131,4,2,1,1,4,71.46000000000001,-0.13522999999999985,0
NC(=O)C1=NC(O)=N1,113.076,3,2,1,1,5,88.04,-1.2022000000000002,0
NC1=C(O)C(C=O)=N1,112.088,4,2,1,1,4,75.68,-0.6742999999999999,0
O=C1N=CC(O)=C1O,113.07199999999997,3,2,0,1,4,69.89,-0.07499999999999996,0
N=C1OCC(=O)OC(=N)O1,144.08599999999998,6,2,0,1,6,92.46,-0.5540600000000002,0
CC(=O)Oc1ncno1,128.08700000000002,5,0,1,1,5,65.22,-0.0051000000000001044,0
N#CC(OC=N)N1CO1,127.103,5,1,3,1,5,72.41,-0.33555,2
N=C1N=CC(N)=C1C=O,123.115,3,2,1,1,4,79.30000000000001,-0.5402300000000002,0
NC1(C=O)COC(=O)N1,130.103,4,2,1,1,5,81.42000000000002,-1.4199,1
N=C1OCNC(=O)C1=N,127.10299999999998,4,3,0,1,5,86.03,-0.9126600000000002,0
N=C1N=C(N)N=C1C=O,124.103,4,2,1,1,5,91.66,-1.06813,0
N=Cc1nc(N)c(O)o1,127.103,5,3,1,1,5,96.13000000000001,-0.03993000000000002,0
N=C1N=C(C(N)=O)O1,113.076,3,2,1,1,5,88.53000000000002,-1.1648300000000003,0
N=C1NC(=O)CC(N)O1,129.119,4,3,0,1,5,88.2,-1.2575300000000003,1
CN=C(N)c1cnon1,126.11899999999999,4,1,1,1,5,77.3,-0.5953000000000004,0
C#CC(O)C1=NNC1=N,123.11500000000001,3,3,1,1,4,68.47,-1.0830300000000004,1
N=C1CN(C(=N)N)CO1,128.13500000000002,3,3,0,1,5,86.19000000000001,-0.8531599999999999,0
N=C1OC=NCNC1=O,127.103,4,2,0,1,5,74.53999999999999,-0.9041300000000003,0
CN1COC(=O)OC=N1,130.10299999999998,5,0,0,1,5,51.129999999999995,-0.01419999999999999,0
N=c1cnnc(N)n1C=O,139.118,6,2,1,1,6,97.65,-1.62193,0
COC1=NC(N)=NC1=O,127.10300000000001,4,1,0,1,5,77.03999999999999,-1.1138000000000001,0
N=C1CN(C=O)C(=N)N1,126.11899999999999,3,3,1,1,5,80.04,-1.03996,0
COC1=NN=C1COC#N,139.11399999999998,5,0,2,1,5,66.97,-0.10142000000000007,0
N=CN1COC(=N)CO1,129.119,4,2,1,1,5,69.4,-0.2079600000000001,0
N=Cc1ncc(=N)on1,124.103,5,2,1,1,5,86.62,-0.45325999999999994,0
N=C1OC(=N)C(=NO)O1,129.075,6,3,0,1,6,98.75,-0.26705999999999996,0
N=C1NC=COC(=O)N1,127.103,3,3,0,1,5,74.21,-0.27823000000000014,0
N=CC1NCNC(=O)CN1,142.162,4,4,1,1,5,77.01,-1.7714299999999998,1
N=C1OC(=N)C(=O)O1,114.05999999999999,5,2,0,1,5,83.23,-0.5281600000000002,0
N=C1OCNCOC1=O,130.10299999999998,5,2,0,1,5,71.41,-0.9583300000000003,0
CNC(=O)C1=NC(=O)N1,127.103,2,2,1,1,5,70.56,-1.1459000000000001,0
N=CN1OC1C(=N)CN,128.135,4,3,3,1,5,89.26,-0.8547599999999997,1
N=C1OC(=O)C(CN)O1,130.103,5,2,1,1,5,85.4,-1.1781300000000001,1
N=C1OCCC(=O)C(=N)O1,142.114,5,2,0,1,5,83.23,-0.09556000000000003,0
CC1OC(=N)C(=O)O1,115.08799999999998,4,1,0,1,4,59.379999999999995,-0.11693000000000014,1
N=C1COC(=N)CON1,129.119,4,3,0,1,5,78.19,-0.5076600000000002,0
Nc1coc(=O)c(N)n1,127.10300000000001,5,2,0,1,5,95.14,-0.8008,0
Nc1cnc(C=O)nn1,124.103,5,1,1,1,5,81.76,-0.7337,0
N=C1OCC(=O)C(=N)O1,128.087,5,2,0,1,5,83.23,-0.48566000000000015,0
N=C1N=CC(NC=O)=N1,124.103,2,2,1,1,5,77.67,-0.8499300000000001,0
N=CN1C=NC(O)CO1,129.11899999999997,4,2,1,1,5,68.91000000000001,-0.8126300000000002,1
N=Cn1c(CN)n[nH]c1=N,140.15,5,4,2,1,6,107.32999999999998,-1.39546,0
Cn1oc(=O)cnc1=N,127.103,5,1,0,1,5,71.88,-1.14723,0
N=C1NC(C=O)OCO1,130.103,4,2,1,1,5,71.41000000000001,-0.9599300000000002,1
N=CN=C1NC=NC1=O,124.10299999999998,2,2,1,1,5,77.67,-0.8499300000000001,0
Cc1nnc(N)n1C=O,126.119,5,1,1,1,5,73.8,-0.7929800000000002,0
N=C1N=C(CO)C(=N)O1,127.10299999999998,4,3,1,1,5,89.52,-0.6380600000000001,0
N=C(O)C1=NC(=O)O1,114.05999999999999,3,2,1,1,5,82.74,0.07036999999999999,0
NC1=C(NC=O)C(=O)C=N1,139.11399999999998,4,2,2,1,5,84.55,-1.4863000000000004,0
N=c1ncc(CO)no1,127.103,5,2,1,1,5,83.0,-0.9586300000000001,0
N=C1N=C(N)N1C=O,112.092,3,2,1,1,5,82.53999999999999,-1.29213,0
CC(=O)C1=NN=C1N,111.10400000000001,4,1,1,1,4,67.81,-0.6978,0
Nc1cnc(N)c(=O)o1,127.103,5,2,0,1,5,95.14,-0.8008,0
N=C1N=NC=C1C(N)O,126.11899999999999,4,3,1,1,5,94.82000000000001,-0.40953,1
CC(=N)C1=NNC1=N,110.12,3,3,1,1,4,72.09,-0.03745999999999988,0
CC1OC=NC(=N)N1O,129.119,3,2,0,1,5,68.91,0.01687000000000005,1
N=Cc1cnc(N)nn1,123.11900000000001,5,2,1,1,5,88.54,-0.5485300000000002,0
N#CCOC1=NN=C1N,124.10300000000001,5,1,1,1,5,83.75999999999999,-0.78912,0
N#CC(=O)C1=NC=N1,107.072,4,0,1,1,4,65.58,-0.48052000000000006,0
N=CC1=NC(N)=NC1=O,124.10300000000001,4,2,1,1,5,91.66,-1.0681300000000002,0
NC1=CN=C(N)C1=O,111.104,4,2,0,1,4,81.47,-1.2735999999999998,0
N=C1C=NC(CO)=N1,111.104,3,2,1,1,4,68.8,-0.5611300000000001,0
Nc1cnc(C=O)n1N,126.119,5,2,1,1,5,86.92999999999999,-1.0084,0
N=CNC1=NN=CC1=O,124.103,4,2,1,1,5,77.67,-0.8499300000000001,0
N=C1CN=NC(C=O)O1,127.10299999999997,5,1,1,1,5,74.87,-0.028930000000000122,1
N=c1oc(=N)oc(=O)o1,130.059,6,2,0,1,6,104.19000000000001,-1.21526,0
N=C1OCOC(=O)CO1,131.087,5,1,0,1,5,68.61,-0.5313300000000001,0
O=C1COC(=O)N=CO1,129.071,4,0,0,1,5,64.96000000000001,-0.29189999999999994,0
O=CC1C(=NO)C1O,115.08799999999998,4,2,1,1,4,69.89,-0.9938,2
N=C1CCOC(=N)OCO1,144.12999999999997,5,2,0,1,5,75.39,0.30944,0
N=C(O)C1=NC(N)=N1,112.09200000000001,4,3,1,1,5,94.82,-0.75153,0
CC1=NC(=N)NC1=O,111.10399999999998,2,2,0,1,4,65.31,-0.4881300000000001,0
N=C1ONC(=O)C1C=O,128.087,4,2,1,1,5,79.25,-1.1598300000000001,1
COc1coc(=N)n1CO,144.13000000000002,5,2,2,1,5,71.38,-0.48102999999999996,0
N=COC1CC(=O)OC1=N,142.114,5,2,2,1,5,83.22999999999999,-0.09716000000000008,1
Cn1cnc(C=N)[n+]1[O-],126.11899999999999,4,1,1,1,5,68.61,-0.9488300000000001,0
N=C1N=C(N)C=C1N,110.12,3,3,0,1,4,88.25,-0.8229299999999997,0
N#CN(C=N)C1=CO1,109.08799999999998,3,1,2,1,4,63.410000000000004,0.20565000000000005,0
NC1=C(O)C(=O)C=N1,112.088,4,2,0,1,4,75.68,-0.6742999999999999,0
N=CN1C(=N)OC1=O,113.07599999999998,4,2,1,1,5,77.24000000000001,-0.01955999999999991,0
Cc1nc(O)n[nH]c1=N,126.11899999999999,4,3,0,1,5,85.65,-0.7018100000000003,0
COc1cnoc1N=O,128.087,5,0,2,1,5,64.69,1.0810999999999997,0
COc1nonc1C=N,127.103,5,1,2,1,5,72.0,0.07586999999999994,0
CN=C1C=C(N)N=[N+]1[O-],126.11900000000001,4,1,0,1,5,76.80999999999999,-0.20909999999999973,0
N=C1OC(=N)C(CO)O1,130.10299999999998,5,3,1,1,5,86.39,-0.6938600000000001,1
Nc1nc(C=O)cn1O,127.10299999999997,5,2,1,1,5,81.14,-0.48490000000000005,0
N=C1NCOC(C=O)O1,130.10299999999998,4,2,1,1,5,71.41,-0.9599300000000002,1
N=C1CC(=N)OC(=O)N1,127.10299999999998,4,3,0,1,5,86.03,0.0708399999999999,0
N=C1OC(=O)N1C=NO,129.07500000000002,5,2,1,1,6,85.98,-0.20912999999999998,0
N=CC1NN1C(=N)CN,127.15100000000001,4,4,2,1,5,98.67,-1.2817599999999998,1
N=C1N=C(C(N)=O)O1,113.076,3,2,1,1,5,88.53000000000002,-1.1648300000000003,0
N=CC1=NC(N)=NC1=N,123.11900000000001,4,3,1,1,5,98.44,-0.6174600000000001,0
N=C1N=C(CN)OC1=O,127.103,4,2,1,1,5,88.53,-1.1223299999999998,0
Cn1nnc(CO)c1N,128.135,5,2,1,1,5,76.96,-1.1104000000000003,0
N=C1OCC(O)C(=N)O1,130.10299999999998,5,3,0,1,5,86.39,-0.6938600000000001,1
NC(=O)NC1NC1=O,115.09199999999998,2,3,1,1,5,94.13,-1.8894000000000002,1
CNC#Cc1n[nH]c(N)n1,137.14600000000002,4,3,0,1,5,79.62,-1.0847,0
O=CC1NCNC(=O)O1,130.103,4,2,1,1,5,67.43,-1.2017000000000002,1
COC(=O)C1=NC(=O)N1,128.08700000000002,3,1,1,1,5,67.75999999999999,-0.7189000000000001,0
Cn1[nH]c(=O)nc1N,114.108,4,2,0,1,5,76.7,-1.3093999999999995,0
N=C1OC=NC1CNO,129.119,5,3,2,1,5,77.7,-0.63043,1
CC1=NC(=N)OC1=N,111.10399999999998,3,2,0,1,4,69.28999999999999,0.38954000000000005,0
N=C1OC(C=O)C1=NO,128.087,5,2,1,1,5,82.74,-0.6084300000000002,1
C#CC(O)c1nn[nH]n1,124.10300000000002,4,2,1,1,5,74.69,-1.1337000000000004,1
N=CN1C=NCNC1=O,126.11899999999999,3,2,1,1,5,68.55000000000001,-0.3955299999999999,0
COC(=O)c1cnon1,128.087,5,0,1,1,5,65.22,-0.14380000000000015,0
N=C1OCC(N)C(=N)O1,129.119,5,3,0,1,5,92.17999999999999,-0.72746,1
N=C1NC(=O)NC1=O,113.076,3,3,0,1,5,82.05000000000001,-1.19693,0
COc1noc(C=N)n1,127.103,5,1,2,1,5,72.0,0.07586999999999994,0
COc1connc1=O,128.08700000000002,5,0,1,1,5,65.22,-0.5616000000000001,0
N=C1OC(=N)C(C=O)O1,128.087,5,2,1,1,5,83.23,-0.48726000000000025,1
N=C(N)C1N=CN=C1O,126.11899999999999,3,3,1,1,5,94.82000000000001,-0.7106300000000001,1
N=C1NCC(=O)C(=N)O1,127.103,4,3,0,1,5,86.03000000000002,-0.9126600000000002,0
CNC(=O)c1nc1=N,111.104,3,2,1,1,4,65.84,-1.20373,0
CC(=O)Oc1c[nH]cn1,126.115,3,1,1,1,4,54.980000000000004,0.3349999999999999,0
NC1=NC(C=O)C(O)=N1,127.10299999999998,4,2,1,1,5,88.03999999999999,-1.1612999999999998,1
N=c1[nH]c(=O)[nH]c(=O)o1,129.075,4,3,0,1,6,102.71,-1.8643299999999998,0
N=C(O)c1coc(=N)o1,128.087,4,3,1,1,5,94.21,0.23544000000000004,0
N=CN1CCOC(=N)O1,129.119,4,2,1,1,5,69.4,-0.2079600000000001,0
CN1CC(=N)C(=O)O1,114.10399999999998,4,1,0,1,4,53.39,-0.5902300000000003,0
N=C1OC(=O)OC1=N,114.05999999999999,5,2,0,1,5,83.22999999999999,0.10774,0
N=C1OC(CN)=CC1=O,126.115,4,2,1,1,4,76.16999999999999,-0.59443,0
NC(C=O)C1=NC(=O)O1,128.087,4,1,2,1,5,81.75000000000001,-0.9387000000000001,1
N=Cn1ncc(CO)n1,126.11899999999999,5,2,2,1,5,74.79,-0.7744300000000002,0
O=CN1CNC(=O)OC1,130.10299999999998,3,1,1,1,5,58.64,-0.9004000000000001,0
N=C1OCC(=N)C(=O)O1,128.087,5,2,0,1,5,83.23,-0.48566000000000015,0
N=CN1C=NC(=O)OC1,127.10299999999998,3,1,1,1,5,65.75,0.031470000000000053,0
N=C1OCOC1=NC=O,128.087,4,1,1,1,5,71.74000000000001,-0.47713000000000005,0
N=c1oc(=N)n(C=O)o1,129.075,6,2,1,1,6,95.98,-1.3286600000000002,0
N=CN1CC(=O)OCO1,130.10299999999998,4,1,1,1,5,62.620000000000005,-0.65863,0
N=Cc1ncc(N)nn1,123.11900000000001,5,2,1,1,5,88.54,-0.5485300000000002,0
NC(=O)C1=NN=C1C=O,125.08699999999999,4,1,2,1,5,84.88,-1.5188,0
COc1cnoc(=N)n1,127.103,5,1,1,1,5,72.0,-0.44233000000000006,0
N=C1CC(=O)NC(=N)O1,127.10299999999998,4,3,0,1,5,86.03000000000002,-0.5650600000000003,0
N=C1N=CC=NC1=N,108.104,2,2,0,1,4,72.42,0.09614,0
N#CC1=CNC(=O)OC1,124.09899999999998,3,1,0,1,4,62.120000000000005,0.13367999999999997,0
Nc1[nH]nnc1C=O,112.09199999999998,4,2,1,1,5,84.66,-0.8006000000000004,0
NC=C1N=NC=C1N,110.11999999999999,4,2,0,1,4,76.75999999999999,0.05240000000000011,0
Cc1n[nH]c(=O)nc1N,126.119,4,2,0,1,5,84.66,-0.9444800000000002,0
N=C1COC(=N)OCO1,130.103,5,2,0,1,5,75.39,-0.08066000000000012,0
N=C1CNC(=N)OCN1,128.135,3,4,0,1,5,80.99000000000001,-0.9346600000000005,0
N=C1OC(=O)CC1=NO,128.087,5,2,0,1,5,82.74,-0.25923,0
NC1=NC(C=O)N1C=O,127.10299999999998,4,1,2,1,5,75.75999999999999,-1.7019000000000004,1
Cn1cn[nH]c1=NC=O,126.11899999999999,3,1,1,1,5,63.04,-1.1947000000000003,0
NC(=O)n1cnc(=O)[nH]1,128.091,4,2,0,1,6,93.77000000000001,-1.5018,0
N=C1N=COC(=O)CO1,128.087,4,1,0,1,5,71.74,-0.47713000000000005,0
Nc1cnc(NC=O)cn1,138.12999999999997,4,2,2,1,5,80.89999999999999,-0.37290000000000045,0
COC1=C(N)C(=N)N=N1,126.11900000000001,4,2,1,1,5,83.82000000000001,0.20367000000000018,0
NC1=NC(C=O)NCO1,129.119,5,2,1,1,5,76.71,-1.5966,1
COC1=C(N)C(=N)N=N1,126.11900000000001,4,2,1,1,5,83.82000000000001,0.20367000000000018,0
NCC1=NN=C1CO,113.11999999999998,4,2,2,1,4,70.97,-1.2520000000000002,0
COC(=O)C1=NOC1=N,128.08700000000002,5,1,1,1,5,71.74000000000001,-0.47713,0
O=Cc1n[nH]c(CO)n1,127.10299999999998,4,2,2,1,5,78.87,-0.8905000000000001,0
CNC1NC(=N)NC1=O,128.135,3,4,1,1,5,77.00999999999999,-1.81393,1
Nc1noc(C=O)n1,113.076,5,1,1,1,5,82.01,-0.5357000000000001,0
NC1COC(=O)NCC1=O,144.13,4,2,0,1,5,81.41999999999999,-1.3774000000000006,1
N=CN1C(=O)OC1=O,114.05999999999997,4,1,1,1,5,70.46000000000001,0.16566999999999998,0
COC(=O)c1cnn[nH]1,127.10300000000001,4,1,1,1,5,67.87,-0.40870000000000023,0
N#CC1C(=O)OC1N=N,125.08699999999999,5,1,1,1,5,86.30000000000001,0.040049999999999975,2
N#CC(N)C1=NC=[N+]1[O-],124.103,4,1,1,1,5,88.24000000000001,-1.2120199999999999,1
CN=c1nc(N)c1=O,111.104,4,1,0,1,4,68.34,-1.5698999999999999,0
CC(=O)c1nnc(N)o1,127.10300000000001,5,1,1,1,5,82.01,-0.14559999999999984,0
NC1=CC(=O)C(N)=N1,111.10400000000001,4,2,0,1,4,81.47,-1.2735999999999998,0
N=C1NC(=N)C(=O)O1,113.076,4,3,0,1,5,86.03000000000002,-0.95516,0
N=C1CN(C(=N)C=O)O1,127.10299999999998,4,2,1,1,5,77.24000000000001,-0.6129600000000002,0
N=C1CONC(=O)CO1,130.10299999999998,4,2,0,1,5,71.41,-0.9583300000000003,0
N=C1COCOC(=O)O1,131.087,5,1,0,1,5,68.61,0.10457000000000011,0
COc1cn[nH]c(=N)n1,126.119,4,2,1,1,5,74.65,-0.70723,0
C#Cc1cn(O)nn1,109.088,4,1,0,1,4,50.94,-0.5033000000000001,0
N#CCNC1=NC(=N)O1,124.103,4,2,1,1,5,81.26,-0.57945,0
CCN=C1NC=NC1=O,125.13099999999999,2,1,1,1,4,53.82,-0.43710000000000004,0
CCn1nc(CO)nc1N,142.16199999999998,5,2,2,1,5,76.96,-0.6275000000000002,0
C#CC(=O)c1c[nH]nn1,121.099,3,1,1,1,4,58.64,-0.3794000000000001,0
CN=c1c(N)nc1=O,111.104,4,1,0,1,4,68.34,-1.5698999999999999,0
COC1=NC(=N)N=C1,111.104,2,1,0,1,4,57.8,0.05046999999999996,0
NC1=NC(=CO)C(N)=N1,126.11899999999999,5,3,0,1,5,96.99,-0.9286999999999999,0
Cc1nnc(C=O)c(N)n1,138.13,5,1,1,1,5,81.76,-0.42528000000000005,0
N=C1COC(=O)N=CO1,128.087,4,1,0,1,5,71.74,0.15877000000000002,0
NC(C=O)n1cncn1,126.119,5,1,2,1,5,73.80000000000001,-1.0657000000000005,1
Nc1cn(O)c(C=O)n1,127.10299999999998,5,2,1,1,5,81.14,-0.48490000000000033,0
CC#Cc1nnoc1N,123.11500000000001,4,1,0,1,4,64.94,0.0232,0
CC1=C(N)N=NC1=N,110.12,3,2,0,1,4,74.59,0.6196700000000002,0
NC1=NC(=O)NCOC1,129.11899999999997,3,2,0,1,5,76.71,-0.9590999999999998,0
N=C1N=NCOC(=O)O1,129.075,5,1,0,1,6,84.10000000000001,0.49767000000000006,0
Cc1nc(C=N)nn1N,125.135,5,2,1,1,5,80.58,-0.70201,0
N=C1OC(=NO)C1C=O,128.087,5,2,1,1,5,82.74000000000001,-0.4033300000000002,1
O=Cn1cnc(=O)[nH]1,113.076,4,1,1,1,5,67.75,-1.3903,0
NC1=NC=NC1=O,97.07699999999998,3,1,0,1,4,67.81,-1.0879,0
Nc1nc(C=O)oc1N,127.10299999999998,5,2,1,1,5,95.14,-0.3485,0
N=C1CONC(=O)C=N1,127.10299999999998,3,2,0,1,5,74.53999999999999,-0.9041300000000003,0
N#CCc1nonc1N,124.10300000000001,5,1,1,1,5,88.73,-0.28212000000000004,0
CN=C1NC(=N)C(=O)O1,127.10299999999998,4,2,0,1,5,74.54,-0.9041300000000003,0
NCC(=O)c1nc1=O,112.088,4,1,2,1,4,73.05000000000001,-1.5412000000000003,0
NC(=O)C1=CN=C1N,111.104,3,2,1,1,4,81.47,-1.2736000000000003,0
NC(=O)c1cnc(N)o1,127.103,4,2,1,1,5,95.14,-0.6443000000000001,0
CC1=NC(=N)OC1=N,111.10399999999998,3,2,0,1,4,69.28999999999999,0.38954000000000005,0
CNC(=O)C1=NN=C1O,127.103,3,2,1,1,5,74.05,-0.9415000000000002,0
CC(=O)C1=NOC1=O,113.07199999999999,4,0,1,1,4,55.73,-0.5118,0
CCC1=NC(=N)N=C1O,125.13099999999999,1,2,1,1,4,68.8,0.74227,0
CNC1=C(N)N=NC1=N,125.13500000000002,4,3,1,1,5,86.62,-0.22332999999999992,0
Nc1ncc(=O)[nH][n+]1[O-],128.091,4,2,0,1,6,98.71,-2.0145,0
N=c1ncoc(=O)o1,114.05999999999999,5,1,0,1,5,80.09,-0.89273,0
N=C1COC(=N)N=CN1,126.119,3,3,0,1,5,81.32,-0.45346000000000014,0
NC1=C(N)C(=O)C=N1,111.10399999999998,4,2,0,1,4,81.47,-1.2736000000000003,0
COC1=NC(=N)N=C1N,126.11900000000001,3,2,0,1,5,83.82,-0.66313,0
N=C1NC(=N)C(=O)O1,113.076,4,3,0,1,5,86.03000000000002,-0.95516,0
CN=c1ncoc(=N)o1,127.10299999999998,5,1,0,1,5,75.38,-0.7224300000000003,0
COC1=NC(=N)N=C1C=N,138.13,3,2,1,1,5,81.65,0.07023999999999997,0
N=C1C=NC(CO)=N1,111.104,3,2,1,1,4,68.8,-0.5611300000000001,0
N#CCc1nocc1N,123.115,4,1,1,1,4,75.84,0.32288000000000006,0
CC(O)c1noc(=N)[nH]1,129.119,4,3,1,1,5,85.9,-0.46453000000000005,1
CC1=NC(=N)N=C1O,111.10399999999998,1,2,0,1,4,68.8,0.3521700000000001,0
N=CC1CN=NC(=O)O1,127.103,4,1,1,1,5,74.87,0.60697,1
N=C1N=C(O)C(C=O)=N1,125.08699999999997,2,2,1,1,5,85.86999999999999,-0.4688300000000001,0
CC(=N)C1=NN=C1N,110.12000000000002,4,2,1,1,4,74.59,-0.24712999999999996,0
N=CN=C1C=NNC1=O,124.10299999999998,3,2,1,1,5,77.67,-0.8499300000000003,0
N=C1OCCC(=N)C(=O)O1,142.114,5,2,0,1,5,83.23,-0.09556000000000003,0
Cc1nnc(C=O)c(N)n1,138.13,5,1,1,1,5,81.76,-0.42528000000000005,0
CC(=O)Oc1ncn[nH]1,127.10300000000001,4,1,1,1,5,67.87,-0.2700000000000002,0
CC(N)C1=CN=NC1=O,125.13099999999999,3,1,1,1,4,67.81,0.2099000000000001,1
N=C1N=C(N)N=C1C=O,124.103,4,2,1,1,5,91.66,-1.06813,0
C#CC(=O)n1cnn1N,124.10300000000001,5,1,0,1,5,65.84,-1.3282000000000003,0
N#CNc1[nH]nnc1C=O,137.102,5,2,2,1,6,94.46000000000001,-0.48982000000000037,0
Cn1c(CN)noc1=N,128.135,5,2,1,1,5,80.83000000000001,-1.0487299999999997,0
N=C1N=CC(N)=C1N,110.12000000000002,3,3,0,1,4,88.25,-0.8229300000000002,0
Nc1cnc(=O)oc1N,127.103,5,2,0,1,5,95.14,-0.8008,0
COc1n[nH]c(=O)n1N,130.10699999999997,5,2,1,1,6,85.92999999999999,-1.7062,0
N#CN1NC(=N)OCC1=O,140.102,4,2,0,1,6,89.21000000000001,-1.2343500000000003,0
N=C1ON(C=O)CC1=O,128.087,4,1,1,1,5,70.46000000000001,-1.06363,0
NC1=CN=C(N)C1=O,111.104,4,2,0,1,4,81.47,-1.2735999999999998,0
N=CN=C1C=NN=C1N,123.119,4,2,1,1,5,86.95,-0.60893,0
N=CN1NCC(=N)CO1,128.135,4,3,1,1,5,72.2,-0.6349600000000002,0
N=c1nnocc1N,112.092,5,2,0,1,5,88.79,-0.8687300000000002,0
O=C1C=C(O)N=C1O,113.07199999999999,3,2,0,1,4,69.89,-0.07500000000000007,0
N=CN1C(=N)NC1=O,112.09199999999998,3,3,1,1,5,80.04,-0.44656,0
N=C1NC(=O)OC(C=O)O1,144.08599999999998,5,2,1,1,6,88.48,-0.7974300000000001,1
CNC1=NC(N)=NC1=O,126.119,4,2,0,1,5,79.84,-1.5408,0
C#Cc1[nH]nnc1N,108.10400000000001,3,2,0,1,4,67.59,-0.6318000000000001,0
N=C1NCC(=N)C(=O)O1,127.103,4,3,0,1,5,86.03000000000002,-0.91266,0
COc1cnoc(=N)n1,127.103,5,1,1,1,5,72.0,-0.44233000000000006,0
CC1OC(=N)N=COC1=O,142.11399999999998,4,1,0,1,5,71.74000000000001,-0.08862999999999993,1
N=C1COC(=O)C(=N)N1,127.103,4,3,0,1,5,86.03,-0.9126600000000002,0
CN1OCC(=O)NC1=O,130.103,3,1,0,1,5,58.64,-0.9004000000000003,0
N#CCOc1cnon1,125.08699999999999,5,0,2,1,5,71.94,-0.028020000000000045,0
N=C1C=C(N)C(N)=N1,110.12000000000002,3,3,0,1,4,88.25,-0.8229299999999997,0
N=CN1C(=N)OC1C=O,127.10299999999997,4,2,2,1,5,77.24000000000001,-0.6145600000000002,1
N=CN1CNC(=O)CN1,128.135,3,3,1,1,5,68.22,-1.5126299999999993,0
O=Cc1nn[nH]c1O,113.07599999999998,4,2,1,1,5,78.87,-0.6772000000000001,0
O=C1N=CN=C1CO,112.08799999999998,3,1,1,1,4,62.019999999999996,-1.0118,0
COc1nc[nH]c(=N)n1,126.119,4,2,1,1,5,74.65,-0.70723,0
O=CC1=NC(=O)N1,98.06099999999999,2,1,1,1,4,58.53,-0.6930000000000001,0
N=C1C=C(N)OC1=N,111.104,4,3,0,1,4,82.95000000000002,-0.18625999999999998,0
CNC1=CN=NC1=O,111.104,3,1,1,1,4,53.82,0.03959999999999991,0
N=C(N)OC1N=C1N,114.108,4,3,1,1,5,97.48,-1.40663,1
N=C1N=C(N)N=C1O,112.092,3,3,0,1,5,94.82000000000001,-0.7515299999999998,0
CN=C1NC(=O)N=C1O,127.10299999999998,2,2,0,1,5,74.05,-0.3055999999999999,0
N=C1N=C(O)C(=N)CO1,127.10299999999998,3,3,0,1,5,89.52,-0.07235999999999992,0
O=Cc1coc(CO)n1,127.09899999999999,4,1,2,1,4,63.33,-0.02059999999999995,0
N=COC1OC(=N)C1=NO,143.102,6,3,2,1,6,98.75,-0.22616000000000003,1
N=C1OCOC(=O)C1=N,128.087,5,2,0,1,5,83.23,-0.48566000000000015,0
N=C(N)OC1CN=CO1,129.119,4,2,1,1,5,80.69000000000001,-0.7189300000000001,1
CC1=NC(N)=NC1=N,110.12,3,2,0,1,4,74.59,-0.24712999999999996,0
N#CCC1=NN=NC1=N,121.10300000000001,4,1,1,1,5,84.72,0.69915,0
CC(O)C1=CC(=N)N=N1,125.131,3,2,1,1,4,68.8,0.6941700000000001,1
O=Cc1cc(O)[nH][n+]1[O-],128.087,3,2,1,1,5,80.03,-0.8338000000000001,0
N=CN=C1OC=NC1=N,124.10299999999998,3,2,1,1,5,81.65,0.027739999999999987,0
C#CC(=NO)n1cn[nH]1,124.103,4,2,0,1,5,66.2,-0.5198,0
Cn1ncnc1NC=N,125.13499999999999,4,2,2,1,5,66.59,-0.16593000000000008,0
N=C1CN(C=O)NCO1,129.119,4,2,1,1,5,65.42,-1.0856299999999999,0
CC1=NCOC(=O)C(=N)N1,141.13,4,2,0,1,5,74.53999999999999,-0.5140300000000002,0
CC(=O)CC1=NN=C1N,125.13100000000001,4,1,2,1,4,67.81,-0.3076999999999998,0
COc1n[nH]c(O)n1,115.09199999999998,4,2,1,1,5,71.03,-0.4811000000000002,0
N=C1COC(=N)C(=O)O1,128.087,5,2,0,1,5,83.23,-0.48566000000000015,0
Nc1cc(=O)nn[nH]1,112.09200000000001,4,2,0,1,5,84.66,-1.2529000000000001,0
N=C1OC(=N)C(=NO)O1,129.075,6,3,0,1,6,98.75,-0.26705999999999996,0
CN=C1N=CN=C1O,111.10399999999998,2,1,0,1,4,57.31,0.013100000000000056,0
Nc1cc(=O)nc(N)o1,127.10300000000001,5,2,0,1,5,95.14,-0.8008000000000002,0
N=c1[nH]nncc1C=O,124.10299999999998,4,2,1,1,5,82.49000000000001,-0.9033300000000004,0
N=C1OC(=O)COC1=O,129.071,5,1,0,1,5,76.44999999999999,-0.9363300000000001,0
C#CC(=N)NC1OC1=O,124.09899999999998,3,2,1,1,4,65.48,-0.9306300000000003,1
CNC(=N)N1COC1=O,129.119,3,2,0,1,5,65.42000000000002,-0.4497300000000002,0
Cn1c(N)nnc1N,113.12400000000001,5,2,0,1,5,82.75,-1.0204999999999995,0
CC1=NC(=N)OC1=O,112.08799999999998,3,1,0,1,4,62.51,-0.06112999999999996,0
N=C1CC(N)NC=[N+]1[O-],128.135,4,3,0,1,5,87.97000000000001,-1.21963,1
N=C1OCOC(=N)C1=N,127.103,5,3,0,1,5,90.00999999999999,-0.034989999999999966,0
N=C1N=C(CN)C(=O)O1,127.103,4,2,1,1,5,88.53000000000002,-1.1223299999999998,0
N=c1ccoc(=N)n1O,127.103,5,3,0,1,5,86.00000000000001,-0.7226599999999999,0
N=C1COCOC(=N)N1,129.119,4,3,0,1,5,78.19,-0.50766,0
COC1=CC(=O)C(N)=N1,126.11500000000001,4,1,1,1,4,64.68,-0.5859000000000001,0
NCC1=NC(N)=NC1=O,126.119,4,2,1,1,5,93.82999999999998,-1.7589999999999995,0
CNC(=O)C1=CC(=O)O1,127.09899999999998,3,1,1,1,4,55.400000000000006,-0.8269000000000002,0
N=C1CC(=N)OC(=O)O1,128.087,5,2,0,1,5,83.23,0.49784,0
N=C1OCCCNC1=O,128.131,3,2,0,1,4,62.18,-0.49983000000000016,0
N=C1OC(=O)C1C(=O)O,129.071,4,2,1,1,5,87.45,-0.7787300000000001,1
N#CC1N=CN(C=N)N1,123.11899999999999,4,2,1,1,5,75.27,-0.70835,1
N#CC(=O)c1ncno1,123.071,5,0,1,1,5,79.78,-0.22411999999999999,0
CC1=C(N)C(=O)N=N1,111.104,3,1,0,1,4,67.81,0.16900000000000015,0
N=C1N=C(N)N=CC1=O,124.103,4,2,0,1,5,91.66,-1.06813,0
CC(=O)OC1=NNC1=O,128.08700000000002,4,1,0,1,5,67.75999999999999,-1.0072,0
CC(N)C1=NOC1=N,113.11999999999999,4,2,1,1,4,71.46000000000001,-0.30292999999999987,1
CC1=C(OC=O)C(=N)N=N1,139.114,4,1,2,1,5,74.87,0.8339700000000001,0
N=C1OC(N)=NC1=O,113.07600000000001,4,2,0,1,5,88.53,-1.1648300000000003,0
COc1cnc(C=N)nn1,138.13,5,1,2,1,5,71.75,-0.12213000000000024,0
COC1=NC(=O)C(N)=N1,127.10300000000001,4,1,0,1,5,77.03999999999999,-1.1138000000000003,0
N#Cc1ccc(N)nn1,120.11500000000001,4,1,0,1,4,75.59,-0.06952000000000003,0
N=CN1OCOC1C=O,130.10299999999998,4,1,2,1,5,62.62000000000001,-0.6602300000000001,1
COC1=NC(=O)C(N)O1,130.103,4,1,0,1,5,73.91,-1.1696000000000004,1
Cc1nnc(=N)oc1O,127.10299999999998,5,2,0,1,5,83.0,-0.43691,0
N=C1C=NOC(=CN)N1,126.119,4,3,0,1,5,83.49,-0.6731300000000002,0
N=CN1CC(=O)NCO1,129.119,3,2,1,1,5,65.42,-1.0856299999999999,0
Cc1nc(N)nn1C=N,125.135,5,2,1,1,5,80.58,-0.3761100000000001,0
NC1(C=O)N=NC(=O)O1,129.07500000000002,5,1,1,1,6,94.11,-0.5998000000000001,1
N=C1OCOC(=O)C1=N,128.087,5,2,0,1,5,83.23,-0.48566000000000015,0
N=C1OCC(=O)C(=N)O1,128.087,5,2,0,1,5,83.23,-0.48566000000000015,0
NCC(=O)OC1=NN=C1,127.103,5,1,1,1,5,77.04,-1.1138,0
CN1C=NC(O)C1=NO,129.119,4,2,0,1,5,68.42,-0.9338,1
CC1=NC(=O)N=C1N,111.104,2,1,0,1,4,67.81,-0.061899999999999844,0
N=c1cconc1N,111.10400000000001,4,2,0,1,4,75.9,-0.2637299999999999,0
N=C1N=CC(N)=C1O,111.104,3,3,0,1,4,82.46000000000001,-0.22363000000000027,0
Nc1oncc1NC=O,127.10299999999998,4,2,2,1,5,81.15,-0.17490000000000022,0
N=CN1N=CNCC1O,128.135,4,3,1,1,5,71.71000000000001,-1.2396300000000002,1
N=C1NC(C=O)OC(=N)O1,143.102,5,3,1,1,6,95.26,-0.9826600000000001,1
CN=C1N=C(N)C(=O)O1,127.103,4,1,0,1,5,77.04,-1.1138,0
CC1=NC(=O)C(N)=N1,111.104,3,1,0,1,4,67.81,-0.6978,0
O=CC1=COC(O)=NN1,128.087,4,2,1,1,5,70.92,-0.5245000000000002,0
N=C1COCOC(=O)O1,131.087,5,1,0,1,5,68.61,0.10457000000000011,0
O=C1CNC(=O)CN=N1,127.10300000000001,3,1,0,1,5,70.89,-0.905,0
NC(=O)c1nc[nH]c1N,126.119,3,3,1,1,5,97.79,-0.9092000000000005,0
Nc1nc(C=O)oc1N,127.10299999999998,5,2,1,1,5,95.14,-0.3485,0
NCC1=NC(N)=NC1=O,126.119,4,2,1,1,5,93.82999999999998,-1.7589999999999995,0
CN=CN1C(=N)OC1=O,127.10299999999998,4,1,1,1,5,65.75,0.03146999999999994,0
N=CC1NC(=N)OCO1,129.119,4,3,1,1,5,78.19000000000001,-0.5092600000000003,1
N#Cc1nonc1N,110.07600000000001,5,1,0,1,5,88.73,-0.47652,0
N=C1NCC(=O)NCO1,129.119,3,3,0,1,5,74.21000000000001,-1.3853300000000002,0
N=C1NC(C=O)OC1=N,127.103,4,3,1,1,5,86.03,-0.9142600000000001,1
COC(=N)c1nc1=O,112.088,4,1,1,1,4,63.04,-0.7108300000000001,0
N=CN1C(=O)CNC1=O,127.10299999999998,3,2,1,1,5,73.26,-0.85473,0
N#CCC1=NC(NC=O)=N1,136.11399999999998,4,1,2,1,5,77.61,-0.58582,0
N#CC1CON(C=N)C=N1,138.13,4,1,1,1,5,72.47,-0.23885000000000017,1
N=CN1CC(=O)C1C=O,126.11499999999997,3,1,2,1,4,61.230000000000004,-0.9543300000000001,1
N=CC1C(=O)NC1=O,112.088,3,2,1,1,4,70.02000000000001,-1.0914300000000001,0
CCC1=C(O)C(=O)N=N1,126.11499999999998,3,1,1,1,4,62.019999999999996,1.1584,0
N=C1OC(=O)CN(C=O)O1,144.08599999999998,5,1,1,1,6,79.69000000000001,-1.13203,0
NC1=CC(N)=NC1=O,111.10400000000001,3,2,0,1,4,81.47,-1.2736000000000003,0
NC(=O)n1cc[nH]c1=O,127.10299999999998,3,2,0,1,5,80.88,-0.8968,0
COC1=C(N)C(=N)N=N1,126.11900000000001,4,2,1,1,5,83.82000000000001,0.20367000000000018,0
N=c1ocnc(=O)o1,114.05999999999999,5,1,0,1,5,80.09,-0.89273,0
N=C1COC(=N)OC(=N)O1,143.102,6,3,0,1,6,99.24,-0.10338999999999998,0
NC1=NN=CC1=NC=O,124.10299999999998,4,1,1,1,5,80.16999999999999,-1.0596,0
N=C1CN=CNC(=O)O1,127.10299999999998,4,2,0,1,5,74.54,-0.26823000000000013,0
NC(=O)Cc1nc1=O,112.088,3,1,2,1,4,73.05000000000001,-1.6548000000000003,0
CN=C1N=CN=C1N,110.12,3,1,0,1,4,63.099999999999994,-0.5861999999999998,0
N=C1N=NC=C1CCO,125.13099999999999,3,2,2,1,4,68.8,0.69577,0
N=C1OCN=NC1C=O,127.10299999999998,5,1,1,1,5,74.87,-0.028930000000000122,1
N=C1C=C(N)OC1=N,111.104,4,3,0,1,4,82.95000000000002,-0.18625999999999998,0
N=c1cnc(N)[n+]([O-])[nH]1,127.10700000000001,4,3,0,1,6,105.49000000000001,-1.8952299999999997,0
N=CN1C(=O)N=C1N,112.092,3,2,1,1,5,82.54,-0.6562300000000001,0
N=C1COCOC(=N)O1,130.103,5,2,0,1,5,75.39,-0.0806599999999999,0
N=COC1N=NC1C=O,127.10299999999998,5,1,3,1,5,74.87,-0.030529999999999946,2
N=C1C=C(CO)N=N1,111.104,3,2,1,1,4,68.8,0.30567000000000005,0
Nc1cc(NC=O)no1,127.103,4,2,2,1,5,81.14999999999999,-0.17490000000000022,0
N=C1C(=O)NN=C1CO,127.103,4,3,1,1,5,85.54,-1.51573,0
N=C1N=C(O)N1C=O,113.07599999999998,2,2,1,1,5,76.75,-0.6928300000000001,0
NC(=O)n1cncc1O,127.10299999999998,4,2,0,1,5,81.14,-0.48450000000000004,0
COc1n[nH]c(=O)n1N,130.10699999999997,5,2,1,1,6,85.92999999999999,-1.7062,0
N=C1NC(=N)C(=O)CO1,127.103,4,3,0,1,5,86.03000000000002,-0.91266,0
N=C1COCC(=NO)O1,130.103,5,2,0,1,5,74.9,-0.20183000000000012,0
CNC(=O)c1cnno1,127.103,4,1,1,1,5,68.02000000000001,-0.5708000000000002,0
N=C1CON(C=O)CO1,130.10299999999998,4,1,1,1,5,62.620000000000005,-0.6586300000000003,0
CNC(=O)C1=NN=C1,111.104,3,1,1,1,4,53.82,-0.8272000000000002,0
CC(O)Cc1nnn[nH]1,128.13500000000002,4,2,2,1,5,74.69,-0.8770000000000002,1
N=C(N)C(=O)N1CO1,115.092,3,2,0,1,5,82.48,-1.34633,0
N=C1OCC(=N)C(=O)O1,128.087,5,2,0,1,5,83.23,-0.48566000000000015,0
N=CN1C(=N)NC1C=O,126.11899999999997,3,3,2,1,5,80.04,-1.0415600000000003,1
Cn1c(=N)cnoc1=N,126.11899999999999,5,2,0,1,5,78.66,-1.0279600000000002,0
N=CN1CC(=O)C(N)N1,128.135,4,3,1,1,5,82.21000000000001,-1.732429999999999,1
CC1=NC(CO)=NC1=O,126.11499999999998,3,1,1,1,4,62.02,-0.6217000000000001,0
NC1=NC(=O)C(CO)=N1,127.10299999999998,4,2,1,1,5,88.03999999999999,-1.7253999999999996,0
N=C1N=CN=C(N)C1=O,124.103,4,2,0,1,5,91.66,-1.06813,0
CC1(O)C=CN=NC1=N,125.13100000000001,3,2,0,1,4,68.80000000000001,0.6941700000000001,1
CC(=O)c1cn[nH]c1N,125.131,3,2,1,1,4,71.77,0.19450000000000006,0
N=C1NN(CO)C1=N,114.10799999999999,3,4,1,1,5,83.20000000000002,-1.28906,0
CN=C1C=NC(=O)N1,111.10399999999998,2,1,0,1,4,53.82,-0.19129999999999997,0
COC1=NN=C(N)C1=O,127.103,5,1,0,1,5,77.03999999999999,-1.1138000000000001,0
CNc1cnc(N)n1C=O,140.14600000000002,5,2,2,1,5,72.94,-0.4547000000000003,0
CC1=NN=C(NC=O)C1=N,138.13,4,2,1,1,5,77.67,-0.4598300000000001,0
NC1=NC(=O)C(=O)O1,114.05999999999997,4,1,0,1,5,81.75,-1.6155,0
N=CN1CC(=O)OC1=O,128.087,4,1,1,1,5,70.46000000000001,-0.42772999999999994,0
Nc1ncc(C=O)nn1,124.103,5,1,1,1,5,81.76,-0.7337000000000002,0
O=CNC1=NN=CC1=O,125.08699999999999,4,1,1,1,5,70.89,-1.3006000000000002,0
N#CC(N)C1=NN=C1N,123.11900000000001,5,2,1,1,5,100.55,-1.4359200000000003,1
Cc1n[nH]c(=O)nc1N,126.119,4,2,0,1,5,84.66,-0.9444800000000002,0
N=CN1C=C(O)OC=N1,127.10299999999998,4,2,1,1,5,68.91000000000001,0.22587000000000002,0
N=Cc1cnnc(N)n1,123.11900000000001,5,2,1,1,5,88.54,-0.5485300000000002,0
N=C1N=C(C=O)C(=N)O1,125.08699999999997,4,2,1,1,5,86.36,-0.4314599999999999,0
CNC(O)C1=CC(=O)O1,129.11499999999998,4,2,2,1,4,58.56,-1.0351000000000004,1
N=C(N)OC1COC1=N,129.119,4,3,1,1,5,92.18,-0.72746,1
N=C(N)C1=NC=[N+]1[O-],112.092,3,2,1,1,5,88.30000000000001,-1.12693,0
N=CC1ON=COC1=N,127.103,5,2,1,1,5,78.52000000000001,-0.02805999999999992,1
N=CN1C(=N)NC1=O,112.09199999999998,3,3,1,1,5,80.04,-0.44656,0
NC1=NN=C1C=NC=O,124.10299999999998,4,1,2,1,5,80.16999999999999,-1.0596,0
COC1=NOC1=NCO,130.103,5,1,1,1,5,63.41,-0.6752,0
N=CNC1=NC(=O)NC1,126.119,2,3,1,1,5,77.34,-0.69523,0
N=C1NC(=O)C(C=O)O1,128.087,4,2,1,1,5,79.25000000000001,-1.3649300000000002,1
CC1=C(O)C(=O)ON=CN1,142.114,5,2,0,1,5,70.92,-0.13439999999999985,0
N=COCC1=NOC1=O,128.087,5,1,3,1,5,71.74000000000001,-0.47713000000000005,0
N=CN1COC(=O)CO1,130.10299999999998,4,1,1,1,5,62.620000000000005,-0.6586300000000003,0
Nc1nocc1NC=O,127.10299999999998,4,2,2,1,5,81.15,-0.17490000000000022,0
CC1=NC(=N)N=C1N,110.12,2,2,0,1,4,74.59,-0.24712999999999996,0
N=C1N=C(CO)N=C1CO,141.13,4,3,2,1,5,89.03,-1.19863,0
NC1=CN=C(N)C1=O,111.104,4,2,0,1,4,81.47,-1.2735999999999998,0
N#CC1CNCNC1=O,125.13099999999999,3,2,0,1,4,64.92,-1.1969200000000004,1
Cn1ncnc1NC=O,126.11899999999999,4,1,2,1,5,59.81,-0.6166,0
CC(=O)N1N=CN=CN1,126.11899999999999,4,1,0,1,5,57.06,-0.6753,0
N=C1OCNC1C(N)=O,129.119,4,3,1,1,5,88.19999999999999,-1.60513,1
CC(=O)n1ncnc1N,126.119,5,1,0,1,5,73.8,-0.47959999999999997,0
CN=C1N=C(O)C(=O)O1,128.087,3,1,0,1,5,71.25,-0.5145,0
CC1=NC(=N)OC1=O,112.08799999999998,3,1,0,1,4,62.51,-0.06112999999999996,0
N=C1NC(=O)OC(C=O)N1,143.102,4,3,1,1,6,91.28,-1.2244300000000004,1
N=C1NC(=O)COC1=N,127.103,4,3,0,1,5,86.03,-0.9126600000000002,0
N=COC1OCNC1=N,129.119,4,3,2,1,5,78.19,-0.5092600000000003,1
N=C1OC(=N)C(=N)O1,113.076,5,3,0,1,5,90.01,-0.07748999999999995,0
N=COc1cnoc1N,127.103,5,2,2,1,5,85.13,0.24267,0
CNC1NC(=O)C(=O)O1,130.10299999999998,4,2,1,1,5,67.42999999999999,-1.8375999999999992,1
N#CC1OC(=O)C(=O)O1,127.05499999999998,5,0,0,1,5,76.39,-1.0639200000000002,0
N=Cn1c(=O)[nH]oc1=N,128.09099999999998,5,3,1,1,6,98.63,-1.2959600000000002,0
CN=C1N=C(N)N=C1N,125.13500000000002,4,2,0,1,5,89.11999999999999,-1.2997999999999994,0
N=CN1OCCOC1=O,130.103,4,1,1,1,5,62.62000000000001,-0.022729999999999917,0
CN=C1NC(=O)OC1=N,127.10299999999998,4,2,0,1,5,74.53999999999999,-0.2682300000000001,0
NC1=NC(=O)N=C1O,113.07599999999998,2,2,0,1,5,88.04,-0.5663,0
CN=C1C=NC(N)=[N+]1[O-],126.119,4,1,0,1,5,76.80999999999999,-1.0758999999999999,0
CN=C1C=NC(=O)N1O,127.10299999999998,3,1,0,1,5,65.26,-0.08969999999999995,0
N=c1[nH]c(=O)oc(=N)o1,129.075,5,3,0,1,6,106.83999999999999,-1.4801599999999997,0
N=Cc1nc(=N)cno1,124.103,5,2,1,1,5,86.62,-0.45326,0
CC(=O)C1=NNC1=N,111.104,3,2,1,1,4,65.31,-0.4881300000000001,0
N=C1N=C(CO)N=C1N,126.119,4,3,1,1,5,94.82,-1.2747300000000001,0
Cn1c(C=O)n[nH]c1=N,126.119,4,2,1,1,5,74.53,-0.9598300000000002,0
NCC1=CC(=O)N=N1,111.104,3,1,1,1,4,67.81,-0.1786000000000001,0
COC1=NC(=N)N=C1N,126.11900000000001,3,2,0,1,5,83.82,-0.66313,0
N=CN1C=CNC(=O)O1,127.10299999999998,3,2,1,1,5,65.42,0.021469999999999934,0
N=C1OCNC(=O)CO1,130.10299999999998,4,2,0,1,5,71.41,-0.9583300000000003,0
N#CCC1=NOC1=N,109.088,4,1,1,1,4,69.22999999999999,0.26355,0
N=CN=C1NCC(C=N)O1,140.146,3,3,2,1,5,81.32000000000001,-0.4125600000000002,1
N#CC1=NC(C=O)=N1,107.07199999999999,4,0,1,1,4,65.58,-0.48052000000000006,0
N=C1COC(=N)OCN1,129.119,4,3,0,1,5,78.19,-0.5076600000000002,0
COC1OC(=O)C1=NO,131.08700000000002,5,1,1,1,5,68.12,-0.6541000000000001,1
Nc1ncc(C=O)n1O,127.10299999999998,5,2,1,1,5,81.14,-0.48490000000000005,0
CCc1n[nH]c(=O)n1CN,142.16199999999998,4,2,2,1,5,76.7,-0.9499999999999993,0
COC1=NC(N)=NC1=N,126.11900000000001,4,2,0,1,5,83.82,-0.66313,0
NC1=NC(=O)C(C=O)=N1,125.08699999999997,4,1,1,1,5,84.88,-1.5188,0
Cc1noc(=O)c(N)n1,127.10300000000001,5,1,0,1,5,82.01,-0.6795800000000003,0
N#CNC1=NC=NC1=N,121.103,4,2,0,1,5,84.39,-0.52525,0
NC1=NC(CO)C(=O)N1,129.119,4,3,1,1,5,87.71000000000001,-2.2082,1
N=C(O)c1c[nH]nc1O,127.10299999999998,3,4,1,1,5,92.99,-0.0013300000000001644,0
N=C1N=CC(N)=C1N,110.12000000000002,3,3,0,1,4,88.25,-0.8229300000000002,0
CN=C1N=NOC1=N,112.09199999999998,4,1,0,1,5,70.16,0.38937000000000005,0
C#CC(O)c1nnc[nH]1,123.11500000000001,3,2,1,1,4,61.800000000000004,-0.5287000000000002,1
N=CC1=NC(N)=NC1=O,124.10300000000001,4,2,1,1,5,91.66,-1.0681300000000002,0
N=c1nc1C(=O)CO,112.08799999999998,4,2,2,1,4,74.04,-1.3883300000000003,0
N=C1COC(=N)C(=N)N1,126.119,4,4,0,1,5,92.81,-0.46199000000000007,0
N#CCc1ncnoc1=N,136.114,5,1,1,1,5,86.56,-0.38484999999999997,0
Nc1nc(N)c(C=O)[nH]1,126.11899999999999,4,3,1,1,5,97.78999999999999,-0.6134000000000002,0
O=C1C=NC(CO)=[N+]1[O-],128.087,4,1,1,1,5,75.72999999999999,-1.5014999999999998,0
NC1=CC(=O)C(N)=N1,111.10400000000001,4,2,0,1,4,81.47,-1.2735999999999998,0
N=c1[nH][nH]c(=O)c(=O)o1,129.075,4,3,0,1,6,102.71,-1.8643300000000007,0
CCOc1cnn[nH]c1=N,140.14600000000002,4,2,2,1,5,74.65,-0.3171300000000001,0
N=CN1CC(=O)OC1=N,127.10299999999998,4,2,1,1,5,77.24000000000001,-0.61296,0
N=C1NOCC(=O)O1,116.076,4,2,0,1,5,71.41,-1.00083,0
N=Cn1oc(=N)[nH]c1=O,128.091,5,3,1,1,6,98.63,-1.2959600000000002,0
NC1=NC(=O)[N+]([O-])=C1F,131.06599999999997,3,1,0,1,6,81.52,-0.6444999999999999,0
COc1nn[nH]c1C=N,126.11899999999999,4,2,2,1,5,74.65,-0.1890300000000002,0
CC1OC(=N)C(=O)O1,115.08799999999998,4,1,0,1,4,59.379999999999995,-0.11693000000000014,1
N=CN1CC(=N)OC1=N,126.11899999999999,4,3,1,1,5,84.02000000000001,-0.16229000000000016,0
N=c1nc[nH]c(=O)[nH]1,112.09199999999998,3,3,0,1,5,85.38999999999999,-1.4225299999999999,0
CC(=O)n1ncnc1N,126.119,5,1,0,1,5,73.8,-0.47959999999999997,0
COc1nc(=N)[nH]n1C=O,142.118,5,2,2,1,6,83.75999999999999,-1.26243,0
N=C1NC(=N)OC(=O)CO1,143.102,5,3,0,1,6,95.26,-0.98106,0
N=C1N=C(N)C=C1N,110.12,3,3,0,1,4,88.25,-0.8229299999999997,0
NC1COC(=O)NCC=N1,143.14600000000002,4,2,0,1,5,76.71,-0.9182000000000001,1
COc1c[nH]c(=O)nn1,127.103,4,1,1,1,5,67.87,-0.8265000000000002,0
N=C1OCC(=O)C1N,114.104,4,2,0,1,4,76.17,-1.10973,1
N=C1COC(=N)OCO1,130.103,5,2,0,1,5,75.39,-0.08066000000000012,0
N=C1CN=CNC(=O)O1,127.10299999999998,4,2,0,1,5,74.54,-0.26823000000000013,0
Nc1coc(=O)c(O)n1,128.087,5,2,0,1,5,89.35,-0.6774,0
CNC1=[N+]([O-])C(=O)N=C1,127.10299999999998,3,1,0,1,5,67.53,-0.681,0
NCc1c[nH]c(C(N)=O)n1,140.146,3,3,2,1,5,97.79,-1.0327000000000008,0
CNc1noc(=O)n1CO,145.118,6,2,2,1,6,80.29,-1.1722000000000004,0
CC1=NC(OC#N)=N1,109.088,4,0,0,1,4,57.739999999999995,0.27208,0
Nc1c([NH2+])cnoc1=O,127.10299999999998,5,2,0,1,5,94.42000000000002,-1.7238,0
CNC1=NC(=O)NCO1,129.119,3,2,0,1,5,62.72,-0.7409000000000001,0
COc1nn[nH]c1C=N,126.11899999999999,4,2,2,1,5,74.65,-0.1890300000000002,0
CC1=NC(=O)N=C1N,111.104,2,1,0,1,4,67.81,-0.061899999999999844,0
CC(C(=N)O)C1CN1N,129.16299999999998,3,3,2,1,4,73.11,-0.28432999999999986,3
N=CN1CNCOC1=O,129.11899999999997,4,2,1,1,5,65.42000000000002,-0.44972999999999996,0
N#CC(=N)c1c[nH]nn1,121.103,4,2,1,1,5,89.21,-0.3038500000000001,0
Cc1nnc(C=O)n1N,126.119,5,1,1,1,5,73.8,-0.8871800000000001,0
N=CCNc1nocc1N,140.146,5,3,3,1,5,87.93,0.3182699999999998,0
NC1=NC(=O)N=C1C=O,125.08699999999997,3,1,1,1,5,84.88,-0.8829,0
N=C1CCNC(OC=O)O1,144.12999999999997,5,2,2,1,5,71.41,-0.5698300000000003,1
N=Cc1nnc(N)cc1N,137.146,5,3,1,1,5,101.67,-0.3613300000000001,0
CC1=NC(N)=NC1=N,110.12,3,2,0,1,4,74.59,-0.24712999999999996,0
NC1=CC(=O)C(N)=N1,111.10400000000001,4,2,0,1,4,81.47,-1.2735999999999998,0
CC(=O)C1=NC(=N)O1,112.088,3,1,1,1,4,62.510000000000005,-0.06112999999999996,0
NC1=NC(=O)C(C=O)=N1,125.08699999999997,4,1,1,1,5,84.88,-1.5188,0
N=CN1CCOC(=O)O1,130.10299999999998,4,1,1,1,5,62.620000000000005,-0.02273000000000014,0
N=C(N)C1=NC=NC1=O,124.103,3,2,1,1,5,91.66,-1.06813,0
N=NCc1[nH]ncc1N,125.135,4,3,2,1,5,90.91,0.5228700000000001,0
N=C1CNN(C=O)CO1,129.119,4,2,1,1,5,65.42,-1.0856300000000003,0
N=C1OCC(=O)OC1=NO,144.086,6,2,0,1,6,91.97,-0.67523,0
N=C1CNC(=O)CCO1,128.131,3,2,0,1,4,62.18000000000001,-0.4998300000000002,0
NCC1=CC(=O)C(=O)O1,127.09899999999998,4,1,1,1,4,69.39,-1.0451000000000001,0
N=C1N=C(F)N=C1N,114.08300000000001,3,2,0,1,5,74.59,-0.34003,0
N=C1COC(=N)C(=O)N1,127.103,4,3,0,1,5,86.03,-0.9126600000000002,0
COc1cn[nH]c(=O)n1,127.103,4,1,1,1,5,67.87,-0.8265,0
N=CNC1=NC=NC1=N,123.119,3,3,1,1,5,84.45,-0.3992599999999999,0
COC(=O)C1=NC(=N)O1,128.08700000000002,4,1,1,1,5,71.74,-0.47713,0
N=C1COC(=N)OCO1,130.103,5,2,0,1,5,75.39,-0.08066000000000012,0
N=C1OC=C(N)C1=O,112.08800000000001,4,2,0,1,4,76.16999999999999,-0.6369300000000002,0
N=C1CNCOC(=N)O1,129.119,5,3,0,1,5,78.19000000000001,-0.5076600000000004,0
N=C1C(N)=CN=C1CO,125.13099999999999,4,3,1,1,4,82.46000000000001,-0.7468300000000003,0
CNc1cc(=O)on1N,129.119,5,2,1,1,5,73.19,-0.8032000000000001,0
N#CC1OCOCC(=N)O1,142.114,5,1,0,1,5,75.33,-0.1657499999999999,1
NC1=C(CO)C(=O)C=N1,126.11499999999998,4,2,1,1,4,75.68,-1.1975000000000002,0
N=c1cnoc(=O)n1O,129.07500000000002,6,2,0,1,6,92.11,-1.4469300000000003,0
N=C1COC(=N)N=CN1,126.119,3,3,0,1,5,81.32,-0.45346000000000014,0
N=C1NC(=O)C(=O)CO1,128.087,4,2,0,1,5,79.25000000000001,-1.36333,0
CNC1=NC(O)=NC1=N,126.11899999999999,3,3,0,1,5,80.83000000000001,-0.49083000000000004,0
N=c1[nH]c(=O)oc(=N)o1,129.075,5,3,0,1,6,106.83999999999999,-1.4801599999999997,0
N=CN1CC(O)C1=N,113.11999999999998,3,3,1,1,4,71.17000000000002,-0.7527600000000003,1
CNC(=O)C1=NC(N)=N1,126.11900000000001,4,2,1,1,5,79.84,-1.540799999999999,0
CC(=O)NC1=NC=N1,111.104,3,1,0,1,4,53.82,-0.4796,0
CN=c1cnoc(=O)[nH]1,127.10299999999998,4,1,0,1,5,71.25,-1.1066,0
N=C1OCNC(=O)C1=N,127.10299999999998,4,3,0,1,5,86.03,-0.9126600000000002,0
NC(=O)C1=NC(=O)O1,114.05999999999999,3,1,1,1,5,81.75000000000001,-0.9796,0
COc1ncc(N)n1N,128.13500000000002,5,2,1,1,5,79.09,-0.8123000000000002,0
N=C1N=C(C(N)=O)N1,112.092,2,3,1,1,5,91.33000000000001,-1.5918300000000003,0
CN=C1NN=C(N)C1=O,126.119,4,2,0,1,5,79.84,-1.5408,0
CN=C1N=C(O)C(=N)N1,126.11899999999999,2,3,0,1,5,80.83000000000001,-0.49083000000000004,0
NC1=NC(=O)C(C=O)=N1,125.08699999999997,4,1,1,1,5,84.88,-1.5188,0
N=COC(=O)NC1CO1,130.10299999999998,4,2,2,1,5,74.71,-0.32403000000000026,1
N=C1OCC(=O)OC1=O,129.071,5,1,0,1,5,76.44999999999999,-0.9363300000000001,0
CN=C1CN=NC(=O)O1,127.10299999999998,4,0,0,1,5,63.379999999999995,0.6171,0
N=C1N=C(O)N=C1CO,127.10299999999998,3,3,1,1,5,89.03,-0.67543,0
N=C1NC(=O)C(=O)CO1,128.087,4,2,0,1,5,79.25000000000001,-1.36333,0
N=C1OCC(=NCO)CO1,144.13,5,2,1,1,5,74.9,-0.6412300000000002,0
N=c1[nH]c(=O)occc1=O,140.09799999999998,4,2,0,1,5,86.91999999999999,-1.19243,0
CN=C1N=CN=C1N,110.12,3,1,0,1,4,63.099999999999994,-0.5861999999999998,0
N=COc1cncn1O,127.10299999999998,5,2,2,1,5,71.13,0.10626999999999998,0
Nc1cnc(NC=O)o1,127.10299999999998,4,2,2,1,5,81.14999999999999,-0.17490000000000022,0
NC(=O)c1cnc(N)[nH]1,126.119,3,3,1,1,5,97.78999999999999,-0.9092,0
Cn1cnc(NC=O)n1,126.11899999999999,4,1,2,1,5,59.81,-0.6166000000000003,0
CNC1=NN=C1CO,113.11999999999999,4,2,1,1,4,56.980000000000004,-1.0338,0
CNC(C#N)C1=CN=N1,122.131,4,1,2,1,4,60.54,0.40517999999999993,1
N=C1OC(=O)N=C1CO,128.087,4,2,1,1,5,82.74,-0.45282999999999995,0
N=CN1CC(N)=NC1=O,126.119,3,2,1,1,5,82.53999999999999,-0.6137299999999999,0
NC(=O)C1=NC(=O)C=N1,125.08699999999999,3,1,1,1,5,84.88000000000001,-1.5188,0
CN=C1C=NN=C1O,111.10399999999998,3,1,0,1,4,57.31,0.013099999999999945,0
N=CN1CC(=O)OC=N1,127.10299999999998,4,1,1,1,5,65.75,-0.60443,0
N#CCC1=C(N)N=N1,108.10400000000001,4,1,1,1,4,74.53,0.49368000000000006,0
CNC1=NC(=O)C(=O)N1,127.10299999999998,3,2,0,1,5,70.56,-1.7817999999999996,0
N=C1NCNC(=O)CO1,129.119,3,3,0,1,5,74.21000000000001,-1.3853300000000002,0
N=Cn1nc(N)oc1=N,127.107,6,3,1,1,6,104.68,-1.0070600000000003,0
CN=C1N=C(N)NC1=O,126.119,3,2,0,1,5,79.84,-1.5408,0
N=CN1C=NCC(=O)O1,127.10299999999998,4,1,1,1,5,65.75,-0.6044300000000002,0
CN=C1OCNC1=NC=O,141.13,3,1,1,1,5,63.05,-0.8531000000000002,0
N=CC1=C(N)OC1=N,111.104,4,3,1,1,4,82.95000000000002,-0.18625999999999998,0
N=C1N=C(CO)C(=O)N1,127.10299999999998,3,3,1,1,5,85.53999999999999,-1.5157300000000002,0
NC1ON(C=O)CC1=O,130.10299999999998,4,1,1,1,5,72.63,-1.7561000000000004,1
N=CC1=NC(C(N)=O)=N1,124.10300000000001,4,2,2,1,5,91.66000000000001,-1.06813,0
NC(=O)C1NCN=CO1,129.119,4,2,1,1,5,76.71000000000001,-1.5966000000000002,1
CNc1ncc(=O)[nH]n1,126.11899999999999,4,2,1,1,5,70.67,-0.7934000000000003,0
N=CN1OC(=O)C1C=O,128.087,4,1,2,1,5,70.46000000000001,-1.0652300000000001,1
N=C1OC(=O)OCC1=O,129.071,5,1,0,1,5,76.44999999999999,-0.30043,0
N=c1[nH]c(=O)oc(=N)o1,129.075,5,3,0,1,6,106.83999999999999,-1.4801599999999997,0
CC1(O)ON=C1C#N,112.08800000000001,4,1,0,1,4,65.61,-0.39531999999999995,1
CC1=NC(=N)N=C1O,111.10399999999998,1,2,0,1,4,68.8,0.3521700000000001,0
N=COC1C(=N)C1=O,112.088,4,2,2,1,4,74.0,-0.41885999999999995,1
N=C1N=C(C=O)OCO1,128.087,4,1,1,1,5,71.74000000000001,-0.47713000000000005,0
COc1nc(C=N)n[nH]1,126.119,4,2,2,1,5,74.65,-0.18903000000000014,0
CC(=O)n1cn[nH]c1=O,127.103,4,1,0,1,5,67.75,-0.7685,0
N=C(N)OC1CC(=O)O1,130.10299999999998,4,2,1,1,5,85.40000000000002,-0.83053,1
N#CC1OC(=N)NC1=O,125.08699999999999,4,2,0,1,5,85.97,-1.0402500000000003,1
N=C1CONC(C=O)O1,130.10299999999998,5,2,1,1,5,71.41,-0.9599300000000004,1
N=C1OCC(=N)C(=O)O1,128.087,5,2,0,1,5,83.23,-0.48566000000000015,0
N=C1N=C(C(N)=O)N1,112.092,2,3,1,1,5,91.33000000000001,-1.5918300000000003,0
Nn1c(O)cnc1C=O,127.10299999999998,5,2,1,1,5,81.13999999999999,-0.8850000000000002,0
N=CNc1cnc(O)nn1,139.118,5,3,2,1,6,94.78,-0.40383000000000024,0
N=C1OCC(=N)C(=O)O1,128.087,5,2,0,1,5,83.23,-0.48566000000000015,0
NC(=O)C1=C[N+]([O-])=C1,112.08799999999998,2,1,1,1,4,69.16,-1.0496999999999999,0
N=C1CN=NC(C=O)C1O,141.12999999999997,5,2,1,1,5,85.87,-0.5996300000000001,2
O=CN1CC(=O)NCO1,130.103,3,1,1,1,5,58.64,-1.5363000000000004,0
N=C1N=COC(=O)CO1,128.087,4,1,0,1,5,71.74,-0.47713000000000005,0
Cc1n[nH]c(=O)nc1N,126.119,4,2,0,1,5,84.66,-0.9444800000000002,0
Cn1cc(O)nc1N,113.12,4,2,0,1,4,64.07,-0.2921000000000002,0
N=C1NC(=O)C(=O)CO1,128.087,4,2,0,1,5,79.25000000000001,-1.36333,0
COC1=CC(=O)C(N)=N1,126.11500000000001,4,1,1,1,4,64.68,-0.5859000000000001,0
C#CCc1nn[nH]c1N,122.13100000000001,3,2,1,1,4,67.59,-0.4374000000000002,0
N=C1OCC(=NO)CO1,130.103,5,2,0,1,5,74.9,-0.20183000000000012,0
CC(=O)c1nnc(N)o1,127.10300000000001,5,1,1,1,5,82.01,-0.14559999999999984,0
N=C1NC(=N)C(=N)O1,112.092,4,4,0,1,5,92.81000000000002,-0.5044900000000001,0
N=C1N=C(F)C(=N)O1,115.067,3,2,0,1,5,69.29,0.29664,0
CC(=O)c1nnoc1N,127.10300000000001,5,1,1,1,5,82.01,-0.14559999999999995,0
N=C1NC(=O)NCO1,115.092,3,3,0,1,5,74.21000000000001,-0.79193,0
N=C1OC=NCNC1=O,127.103,4,2,0,1,5,74.53999999999999,-0.9041300000000003,0
Cn1ncc(N)nc1=O,126.11900000000001,5,1,0,1,5,73.80000000000001,-1.2425000000000004,0
Cc1nnc(NC=O)o1,127.10299999999998,4,1,2,1,5,68.02000000000001,-0.053680000000000117,0
COC(=N)Nc1nc1=O,127.103,4,2,1,1,5,75.07,-0.6895300000000002,0
N=C1OC(=O)CNC1=O,128.087,4,2,0,1,5,79.25,-1.36333,0
CC1=NC(=N)N=C1N,110.12,2,2,0,1,4,74.59,-0.24712999999999996,0
N=C1NC(=O)C(=N)O1,113.076,4,3,0,1,5,86.03000000000002,-0.9551600000000002,0
N=COC1COC(=N)N1,129.119,4,3,2,1,5,78.19,-0.5092600000000003,1
CN1N=C(C=O)N=C(N)O1,142.118,6,1,1,1,6,80.28,-1.3095000000000006,0
CN=C1NC(=O)COC1=N,141.13,4,2,0,1,5,74.53999999999999,-0.8616300000000001,0
N=CN1CC(=N)OCN1,128.135,4,3,1,1,5,72.2,-0.6349600000000002,0
CC(=O)Oc1cn[nH]n1,127.10300000000001,4,1,1,1,5,67.87,-0.2700000000000002,0
NC1=NC(=O)N=C1F,115.067,2,1,0,1,5,67.81,-0.15479999999999983,0
N#CCN1COC(=O)C1=N,139.11399999999998,4,1,1,1,5,77.18,-0.69645,0
Nc1n[nH]c(C=O)n1,112.09199999999998,4,2,1,1,5,84.66,-0.8006000000000004,0
CC(=O)C1=NN=C1O,112.088,3,1,1,1,4,62.019999999999996,-0.09849999999999998,0
NC(=O)C1=NC(N)=N1,112.09200000000001,4,2,1,1,5,93.83,-1.8014999999999999,0
N=C1COC(=O)NC=N1,127.103,3,2,0,1,5,74.53999999999999,-0.26823000000000013,0
COC1=NN=C(N)C1=O,127.103,5,1,0,1,5,77.03999999999999,-1.1138000000000001,0
COc1nc(C=N)no1,127.103,5,1,2,1,5,72.0,0.07586999999999994,0
Cn1cc(N)nnc1=O,126.11900000000001,5,1,0,1,5,73.80000000000001,-1.2425000000000004,0
CN=c1nc(CO)nco1,141.13,5,1,1,1,5,71.51,-0.9076000000000004,0
COc1cnoc1N=O,128.087,5,0,2,1,5,64.69,1.0810999999999997,0
N=C1OC(=O)C(C=O)O1,129.07099999999997,5,1,1,1,5,76.45,-0.9379300000000002,1
CC#CC(O)n1cn[nH]1,125.131,3,2,1,1,4,53.839999999999996,-0.2746000000000001,1
N=C1OCC(=O)C(=O)O1,129.071,5,1,0,1,5,76.45,-0.9363300000000001,0
CN=C1OC(N)=NC1=O,127.10300000000001,4,1,0,1,5,77.03999999999999,-1.1138000000000001,0
N=C1NC(=N)C(=O)OCO1,143.102,5,3,0,1,6,95.26000000000002,-0.98106,0
N=C1N=CN=C1CO,111.10399999999998,3,2,1,1,4,68.8,-0.5611300000000001,0
Cc1n[nH]c(N)nc1=N,125.135,4,3,0,1,5,91.44,-0.82521,0
Cn1nc(O)c(C=N)n1,126.11899999999999,5,2,1,1,5,74.78999999999999,-0.48163000000000017,0
NOc1[nH]ncc1C=O,127.10299999999998,4,2,2,1,5,81.0,-0.5253000000000001,0
N#Cc1nc(CO)no1,125.08699999999999,5,1,1,1,5,82.94,-0.5664200000000001,0
CC(=O)c1nc(O)n[nH]1,127.103,4,2,1,1,5,78.87,-0.2871000000000001,0
NCC(=O)C1=NN=C1N,126.11900000000001,5,2,2,1,5,93.83,-1.7589999999999995,0
CC(=O)C1=NC(=N)O1,112.088,3,1,1,1,4,62.510000000000005,-0.06112999999999996,0
CC1(N)COC(=O)C1=N,128.131,4,2,0,1,4,76.17,-0.7196299999999998,1
N=C1COCNC(=N)O1,129.119,4,3,0,1,5,78.19000000000001,-0.5076600000000004,0
Nc1ncc(C=O)n1C=O,139.11399999999998,5,1,2,1,5,77.97999999999999,-0.6839000000000002,0
CC1=NC(CO)=NC1=N,125.13099999999999,3,2,1,1,4,68.80000000000001,-0.17103000000000002,0
Nc1ncoc1COC=O,142.11399999999998,5,1,3,1,5,78.35,-0.07020000000000004,0
CNC1=NC(=O)OCN1,129.119,4,2,0,1,5,62.72,-0.7409000000000001,0
C#CC(O)c1nn[nH]n1,124.10300000000002,4,2,1,1,5,74.69,-1.1337000000000004,1
Cc1nc(C=N)nn1C#N,135.13,5,1,1,1,5,78.35,-0.08663000000000004,0
Cn1cnc(NC=O)n1,126.11899999999999,4,1,2,1,5,59.81,-0.6166000000000003,0
Cc1nc(N)nn1C=O,126.119,5,1,1,1,5,73.8,-0.7929800000000002,0
N=C1NC(=O)OC1=N,113.076,4,3,0,1,5,86.03,-0.3192599999999998,0
COc1n[nH]c(C=O)n1,127.10299999999998,4,1,2,1,5,67.87,-0.37420000000000003,0
N=C1C=C(N)N=C1N,110.12000000000002,4,3,0,1,4,88.25,-0.8229300000000002,0
N=C1N=CN=C1CC=O,123.11499999999998,3,1,2,1,4,65.64,0.035569999999999935,0
N=C1NCC(=O)NCO1,129.119,3,3,0,1,5,74.21000000000001,-1.3853300000000002,0
N=c1[nH]cc(N)n1C=O,126.11900000000001,4,3,1,1,5,87.66,-1.0838299999999998,0
CCn1oc(=N)nc1O,129.119,5,2,1,1,5,75.04,-0.31893000000000005,0
NC(=O)c1ncn(N)n1,127.10700000000001,5,2,1,1,6,99.82000000000001,-1.9092000000000002,0
O=CC(=O)C1=NN=C1,110.072,4,0,2,1,4,58.86,-0.8052000000000001,0
N=C(N)Cc1nc1=O,111.104,3,2,2,1,4,79.83000000000001,-1.2041300000000001,0
CN1C=NC(NC=O)=CO1,141.12999999999997,4,1,2,1,5,53.93000000000001,-0.5634000000000001,0
N=C1NCOC(=O)CO1,130.103,4,2,0,1,5,71.41,-0.9583300000000001,0
N=c1nc(C=O)nc[n-]1,123.09499999999998,4,1,1,1,5,80.80000000000001,-1.2742300000000002,0
Nc1cc(CO)nn1N,128.13500000000002,5,3,1,1,5,90.08999999999999,-1.3286,0
NC(=O)C1=NN=C1N,112.09200000000001,4,2,1,1,5,93.83,-1.8014999999999999,0
N=C1N=C(C(=O)CO)O1,128.087,4,2,2,1,5,82.74000000000001,-1.08873,0
COC1=NC(=O)C(N)=N1,127.10300000000001,4,1,0,1,5,77.03999999999999,-1.1138000000000003,0
NCC1=NC(=O)C(N)=C1,125.13099999999999,3,2,1,1,4,81.47,-1.2311000000000003,0
CN=C1N=CC(=NO)O1,127.10299999999998,4,1,0,1,5,66.54,-0.13909999999999995,0
N=C1C(=O)ON=C1CN,127.10300000000001,5,2,1,1,5,88.53,-1.1223300000000003,0
COC1=C(F)N=NC1=N,129.09400000000002,3,1,1,1,5,57.800000000000004,1.21447,0
N=C1NC(=N)C(=N)CO1,126.119,4,4,0,1,5,92.81000000000002,-0.4619900000000001,0
CN=C1NCC(=N)OC1=O,141.13,4,2,0,1,5,74.53999999999999,-0.8616300000000003,0
Nc1cnc(N)n1C=O,126.119,5,2,1,1,5,86.92999999999998,-0.9142000000000001,0
CC1NC(=O)NC(=N)O1,129.119,3,3,0,1,5,74.21000000000001,-0.4034300000000001,1
CN=C1N=CN=C1O,111.10399999999998,2,1,0,1,4,57.31,0.013100000000000056,0
N=C1COC(=O)C(=N)O1,128.087,5,2,0,1,5,83.23,-0.48566000000000015,0
NCC1=NC(=O)NC1=O,127.10299999999998,3,2,1,1,5,84.54999999999998,-1.3641,0
N=C1CC(=O)OC(=O)O1,129.07099999999997,5,1,0,1,5,76.45,0.047170000000000045,0
N#CCc1nonc1N,124.10300000000001,5,1,1,1,5,88.73,-0.28212000000000004,0
CNC1=NC=NC1=O,111.10399999999998,3,1,0,1,4,53.82,-0.8272000000000002,0
N=COC1=NC=NC1=O,125.08699999999999,4,1,1,1,5,74.87,-0.42293000000000003,0
CN=C1N=C(N)C(O)=N1,126.119,2,2,0,1,5,83.33,-0.7004999999999999,0
N=Cn1ncn1C=O,112.09199999999998,5,1,2,1,5,63.67,-0.82193,0
Nc1cnc(NC=O)cn1,138.12999999999997,4,2,2,1,5,80.89999999999999,-0.37290000000000045,0
NC1=NC(=O)C(=O)N1,113.07599999999998,3,2,0,1,5,84.55,-2.0425000000000004,0
O=C1CC(=O)OC(=O)O1,130.05499999999998,5,0,0,1,5,69.67,-0.40349999999999997,0
CC1NC(=N)C(=O)CO1,128.131,3,2,0,1,4,62.18000000000001,-0.50143,1
N=C1N=C(CO)OC1=N,127.10299999999998,4,3,1,1,5,89.52000000000001,-0.6380600000000003,0
CNC(=O)c1ncn[nH]1,126.119,3,2,1,1,5,70.67,-0.8357000000000003,0
NCC(=O)C1=NC(N)=N1,126.11900000000001,5,2,2,1,5,93.83,-1.7589999999999995,0
C#CC(=O)c1cnn[nH]1,121.099,3,1,1,1,4,58.64,-0.3794000000000001,0
N=Cc1oc(=N)cnc1N,138.13,5,3,1,1,5,99.75,-0.2660600000000001,0
NC1=NC(=O)C(CO)=C1,126.11499999999997,3,2,1,1,4,75.67999999999999,-1.1975,0
N=C(N)C1=NN=C1C=O,124.103,4,2,2,1,5,91.66,-1.06813,0
COc1ncnc(N)n1,126.11900000000001,5,1,1,1,5,73.92,-0.5376000000000003,0
N=CC1NC(=O)N1C=N,126.119,3,3,2,1,5,80.04,-0.40565999999999985,1
CNC(=O)c1nc(N)n[nH]1,141.13400000000001,4,3,1,1,6,96.69,-1.2534999999999998,0
CC(=O)C1=NC(=N)N1,111.104,2,2,1,1,4,65.31,-0.4881300000000001,0
N=c1ocnoc1=NO,129.07500000000002,6,2,0,1,6,95.61,-0.96303,0
CNC1=NC(=N)C(=N)O1,126.11899999999999,4,3,0,1,5,81.32000000000001,-0.45346000000000036,0
CC(=O)OC1=NC(=O)N1,128.08700000000002,3,1,0,1,5,67.75999999999999,-0.3712999999999999,0
O=CC1=NCNC(=O)O1,128.087,4,1,1,1,5,67.76,-0.7189000000000001,0
N=C1C(N)CON1C=O,129.119,4,2,1,1,5,79.41000000000001,-1.30543,1
Nc1cc(C=O)[nH]c1N,125.131,3,3,1,1,4,84.9,-0.008400000000000019,0
N=Nc1n[nH]ncc1=O,125.09099999999998,5,2,1,1,6,94.85,-0.17263000000000023,0
N=C1NC(=N)OCCO1,129.119,4,3,0,1,5,78.19000000000001,-0.50766,0
COC1=NC(=N)C(N)=N1,126.11900000000001,4,2,0,1,5,83.82,-0.6631300000000002,0
N=C1NCC(=N)C(=O)N1,126.119,3,4,0,1,5,88.83000000000001,-1.3396599999999999,0
NC1=CN=NNC1=CO,126.11899999999999,5,3,0,1,5,83.0,0.15629999999999988,0
N=C1COC(C=O)C(=N)O1,142.11399999999998,5,2,1,1,5,83.23,-0.44476,1
N=c1nc(C=O)n(N)[nH]1,127.107,5,3,1,1,6,100.55000000000001,-1.7830300000000001,0
N=C1N=C(N)N1C=O,112.092,3,2,1,1,5,82.53999999999999,-1.29213,0
N=Cc1cc(C=O)[nH]n1,123.115,3,2,2,1,4,69.6,0.2198699999999999,0
CN=C1N=C(N)C(=O)O1,127.103,4,1,0,1,5,77.04,-1.1138,0
CN=C1N=C(N)C(=O)O1,127.103,4,1,0,1,5,77.04,-1.1138,0
COc1ncc(=N)[nH]n1,126.119,4,2,1,1,5,74.65,-0.7072300000000002,0
N=c1cn[nH]c(=O)n1CO,142.118,5,3,1,1,6,94.76,-1.9993299999999996,0
N=COC1=NC(CO)=N1,127.103,5,2,2,1,5,78.03,-0.6295300000000001,0
N=C1ON=C(CO)C1=N,127.10299999999998,5,3,1,1,5,89.52000000000001,-0.6380600000000003,0
CCn1nc(N)nc1N,127.15100000000001,5,2,1,1,5,82.75,-0.5376000000000005,0
N=CC1=NC(CO)=NC1=O,139.114,4,2,2,1,5,85.87,-0.9920300000000002,0
CNC1=NC(=N)OC1=O,127.10299999999998,4,2,0,1,5,74.53999999999999,-0.9041300000000003,0
N=CC1=NN=CC1=N,108.10399999999998,4,2,1,1,4,72.42,0.09614,0
NC1=NNC=CC(=O)N1O,142.118,5,3,0,1,6,90.94999999999999,-1.4491999999999998,0
CCN1C(=N)N=C1N,112.13600000000001,2,2,1,1,4,65.47,-0.42863,0
CC(=O)n1cnc(=O)o1,128.087,5,0,0,1,5,65.1,-0.5036,0
O=CNC1=NC=NC1=O,125.08699999999999,3,1,1,1,5,70.89,-1.3006000000000002,0
N=C1NC=NC1C(N)=O,126.119,3,3,1,1,5,91.33000000000001,-1.5509300000000004,1
CC(=O)C1=NC(=N)O1,112.088,3,1,1,1,4,62.510000000000005,-0.06112999999999996,0
N#CNC1=NN=C1C=O,122.08699999999999,5,1,1,1,5,77.61,-0.9759200000000001,0
CC(N)C1=NN=C1O,113.11999999999999,3,2,1,1,4,70.97,-0.3403000000000001,1
O=CN=c1[nH]cncc1O,139.114,3,2,1,1,5,78.34,-0.8276000000000006,0
N=CC1NC(=N)C1=O,111.104,3,3,1,1,4,76.80000000000001,-0.8458600000000003,1
O=C1N=C(CO)C(=O)N1,128.087,3,2,1,1,5,78.75999999999999,-1.3305,0
CC(=O)C1=CC(=O)N=N1,124.09899999999999,3,0,1,1,4,58.86,0.4517,0
CNC1=NNC(=O)C1=O,127.10299999999998,4,2,0,1,5,70.56,-1.7817999999999996,0
CC(=O)C1=NC(N)=N1,111.10400000000001,4,1,1,1,4,67.81,-0.6978,0
CC(=O)C1=NC(=N)O1,112.088,3,1,1,1,4,62.510000000000005,-0.06112999999999996,0
CNC(=O)c1cnoc1,126.11499999999998,3,1,1,1,4,55.13,0.03419999999999995,0
C#Cc1nn[nH]c(=N)n1,121.103,4,2,0,1,5,78.31,-1.33953,0
N=CC1=NN=C(N)C1=O,124.103,5,2,1,1,5,91.66,-1.06813,0
O=CCN1NC(=O)CO1,130.10299999999998,4,1,2,1,5,58.64,-1.5362999999999996,0
N=C(N)C1=NC(=O)N1,112.092,2,3,1,1,5,91.33000000000001,-0.95593,0
COC1=NC(=N)N=C1O,127.103,2,2,0,1,5,78.03,-0.06383000000000005,0
CN=C1NC(C(=N)O)N1,128.135,2,4,1,1,5,80.5,-0.9736299999999993,0
NC1=NC(C=O)=C1O,112.08799999999997,4,2,1,1,4,75.67999999999999,-0.6742999999999999,0
N=C1OCOC(=N)C1=N,127.103,5,3,0,1,5,90.00999999999999,-0.034989999999999966,0
N=Cn1ncc(=N)cn1,123.11899999999999,5,2,1,1,5,78.41000000000001,-0.7872600000000003,0
Nc1oc(=O)oc1CO,131.087,5,2,1,1,5,89.60000000000001,-0.6926999999999999,0
N=C1OC=NCC(=O)O1,128.087,5,1,0,1,5,71.74,-0.47713000000000005,0
N=C1OC=NCN1C=O,127.103,4,1,1,1,5,65.75,-0.6044300000000002,0
Cc1n[nH]nc1C=N,110.11999999999999,3,2,1,1,4,65.42,0.11078999999999994,0
CN=C1OC(=O)N=C1O,128.087,3,1,0,1,5,71.25,0.12140000000000001,0
N=C1NC(=O)CCOC1=N,141.13,4,3,0,1,5,86.03,-0.5225600000000004,0
N=CN1COCOC1=O,130.10299999999998,4,1,1,1,5,62.62000000000001,-0.022729999999999917,0
N=C1NC(=O)OC1=N,113.076,4,3,0,1,5,86.03,-0.3192599999999998,0
C#CC(O)C1=NN=C1O,124.099,3,2,1,1,4,65.18,-0.6934,1
CNC(=O)N1OCC1=N,129.119,3,2,0,1,5,65.42000000000002,-0.4497299999999999,0
N=C1N=CC(CO)=C1N,125.131,3,3,1,1,4,82.46,-0.7468300000000001,0
N=COC1N=COC1=N,127.10299999999998,5,2,2,1,5,78.52000000000001,-0.02805999999999992,1
N=C1C=C(O)N=C1N,111.104,4,3,0,1,4,82.46,-0.22362999999999988,0
N=c1[nH]c(=O)oc(=N)o1,129.075,5,3,0,1,6,106.83999999999999,-1.4801599999999997,0
N=C1CC(=N)OC(=O)O1,128.087,5,2,0,1,5,83.23,0.49784,0
C#CC(=O)NC1=CN=N1,121.09899999999999,3,1,1,1,4,53.82,0.0005000000000000004,0
CC1=NC(=N)N=C1N,110.12,2,2,0,1,4,74.59,-0.24712999999999996,0
CNC(=O)C1=CN=C1N,125.131,3,2,1,1,4,67.48,-1.0129,0
CC(O)C1=C(N)N=[N+]1[O-],129.11900000000003,4,2,1,1,5,84.67999999999999,-0.5289000000000001,1
N#CC(=O)NCN1C=N1,124.103,4,1,2,1,5,68.25999999999999,-1.1574200000000001,0
NNc1cn(C=O)cn1,126.11899999999999,5,2,2,1,5,72.94,-0.7930000000000001,0
CN=C1C=C(N)C(=O)O1,126.115,4,1,0,1,4,64.67999999999999,-0.5859000000000001,0
N=C1OC=NCOC1=O,128.087,5,1,0,1,5,71.74000000000001,-0.47713000000000005,0
CC1=NC(N)=NC1=N,110.12,3,2,0,1,4,74.59,-0.24712999999999996,0
N=C1CC(=N)C(=O)N1,111.10399999999998,3,3,0,1,4,76.80000000000001,-0.49666000000000005,0
COC(=N)C1=NN=C1N,126.11900000000001,5,2,1,1,5,83.82,-0.66313,0
COCOC1=NOC1=N,130.103,5,1,2,1,5,63.9,-0.07212999999999997,0
O=CC1CN=NC1=O,112.088,3,0,1,1,4,58.86,-0.20609999999999995,1
CC(=O)C1=NC(N)=N1,111.10400000000001,4,1,1,1,4,67.81,-0.6978,0
Nc1nc(C=O)oc1N,127.10299999999998,5,2,1,1,5,95.14,-0.3485,0
Cc1nnc(NC=O)o1,127.10299999999998,4,1,2,1,5,68.02000000000001,-0.053680000000000117,0
O=CNC1=NC=NC1=O,125.08699999999999,3,1,1,1,5,70.89,-1.3006000000000002,0
CN=C(O)C1=NC(O)=N1,127.103,3,2,1,1,5,77.54,-0.10120000000000007,0
N#Cn1c(N)nnc1C=N,136.11800000000002,6,2,1,1,6,104.37,-0.8128500000000003,0
N=CN1NCOC1=O,115.09199999999998,4,2,1,1,5,65.42000000000002,-0.49222999999999995,0
CC(=O)NC1=NCOC1,128.131,3,1,0,1,4,50.69,-0.49130000000000007,0
N=C1COC(=N)N1C=O,127.103,4,2,1,1,5,77.24000000000001,-0.6129600000000002,0
N=C1OC(C=O)NC1=O,128.087,4,2,1,1,5,79.25,-1.3649300000000002,1
N=C1OCC(=O)C(=N)O1,128.087,5,2,0,1,5,83.23,-0.48566000000000015,0
N=C1N=COCOCO1,130.103,4,1,0,1,5,63.900000000000006,-0.07213000000000003,0
N=C1COC(=N)OCN1,129.119,4,3,0,1,5,78.19,-0.5076600000000002,0
N=c1cc(O)[nH]n1C=O,127.10299999999998,4,3,1,1,5,81.87,-0.9604300000000003,0
NC1=NC(=O)C(N)=N1,112.092,4,2,0,1,5,93.83,-1.8014999999999999,0
NCC(=O)C1=NC(O)=N1,127.103,4,2,2,1,5,88.04,-1.1596999999999995,0
CC1=NC(=O)NC1=O,112.08799999999998,2,1,0,1,4,58.53,-0.3028999999999999,0
N=C1N=CN=C1CN,110.12,3,2,1,1,4,74.59,-0.59473,0
O=CC(=O)c1cnoc1,125.08299999999998,4,0,2,1,4,60.17,0.05619999999999992,0
N=COC1=NN=CC1=N,124.103,5,2,1,1,5,81.65,0.027739999999999987,0
N=C1N=C(CO)N1CO,129.119,3,3,2,1,5,79.91,-1.4226300000000003,0
N=C1NCNC(=O)O1,115.09199999999998,3,3,0,1,5,74.21000000000001,-0.79193,0
N=C1NC(=N)N1CC=O,126.119,3,3,2,1,5,80.04,-1.03996,0
N#CC(N)N1C=NC1=O,124.10299999999998,3,1,1,1,5,82.47999999999999,-0.74132,1
CCC1=NC(N)=NC1=O,125.131,3,1,1,1,4,67.81,-0.30770000000000003,0
N=CN1C=COC1N=O,127.10299999999998,4,1,2,1,5,65.75,0.44687000000000004,1
COC1=NC(=O)C(N)=N1,127.10300000000001,4,1,0,1,5,77.03999999999999,-1.1138000000000003,0
N=CC1=NC(=O)N1C=N,124.103,3,2,2,1,5,80.37,0.07713999999999999,0
N=Cc1nncnc1N,123.119,5,2,1,1,5,88.54,-0.5485300000000002,0
N=C1COCOC(=N)O1,130.103,5,2,0,1,5,75.39,-0.0806599999999999,0
CN=C1N=C(N)C(O)=N1,126.119,2,2,0,1,5,83.33,-0.7004999999999999,0
N=C1N=C(C=O)N=C1O,125.08699999999997,3,2,1,1,5,85.87,-0.4688299999999999,0
C#CCc1nonc1O,124.09899999999999,4,1,1,1,4,59.150000000000006,-0.04910000000000009,0
COC1=NN=C(N)C1=N,126.119,5,2,0,1,5,83.82,-0.66313,0
N=C1CNC(=N)OCN1,128.135,3,4,0,1,5,80.99000000000001,-0.9346600000000005,0
CN=C1N=NC(CO)=N1,126.11899999999999,3,1,1,1,5,69.67,-0.17119999999999996,0
CN=C1OC(=O)N1O,116.076,4,1,0,1,5,62.129999999999995,-0.18640000000000007,0
N=c1[nH]nc(C=O)n1F,130.082,4,2,1,1,6,74.53,-0.7642300000000002,0
N=c1ncoc(=N)o1,113.076,5,2,0,1,5,86.87,-0.77346,0
N=C1OC(=N)C(=O)O1,114.05999999999999,5,2,0,1,5,83.23,-0.5281600000000002,0
O=CC1CNC(=O)OC1,129.11499999999998,3,1,1,1,4,55.400000000000006,-0.4586999999999999,1
N=C1OCC(=O)NC1=O,128.087,4,2,0,1,5,79.25,-1.36333,0
CN=c1nc(O)c1=N,111.10399999999998,4,2,0,1,4,69.33000000000001,-1.3272300000000004,0
COC1=NC(=N)C(F)=N1,129.094,3,1,0,1,5,57.8,0.34767000000000003,0
Nc1nc(C=O)c(N)o1,127.10299999999998,5,2,1,1,5,95.14,-0.3485,0
COC1=NC(=O)C(N)=N1,127.10300000000001,4,1,0,1,5,77.03999999999999,-1.1138000000000003,0
COC1=NC(=N)N=C1N,126.11900000000001,3,2,0,1,5,83.82,-0.66313,0
C#CC(=O)N1N=C1N,109.08800000000001,3,1,0,1,4,58.459999999999994,-1.3085,0
N=C1NCC(=O)NCO1,129.119,3,3,0,1,5,74.21000000000001,-1.3853300000000002,0
N=C1OCCNC1C(N)=O,143.14600000000002,4,3,1,1,5,88.19999999999999,-1.5626299999999997,1
NC1=C(O)N=CC1=O,112.088,4,2,0,1,4,75.68,-0.6743000000000001,0
CC(=O)NC1=NC(F)=N1,129.094,3,1,0,1,5,53.82,-0.18239999999999995,0
Nc1nn[nH]c1C=NC=O,139.11799999999997,4,2,2,1,6,97.02000000000001,-1.0378000000000005,0
N=C1CC(=O)NC(=O)O1,128.087,4,2,0,1,5,79.25000000000001,-0.37983000000000006,0
N=C1NC(=N)OC=CO1,127.10299999999998,4,3,0,1,5,78.19000000000001,-0.036459999999999826,0
N=C1C=C(O)C(=O)O1,113.07199999999997,4,2,0,1,4,70.38,-0.03763000000000005,0
CC(O)C1=NN=C1N,113.12000000000002,4,2,1,1,4,70.97,-0.9060000000000001,1
N=C1N=COCOC1=N,127.103,4,2,0,1,5,78.52000000000001,-0.026460000000000095,0
N=CN1CN=COC1=O,127.10299999999997,4,1,1,1,5,65.75,0.03146999999999994,0
N=C1N=C(N)N=C1C=O,124.103,4,2,1,1,5,91.66,-1.06813,0
CN=C1C=NC(=O)O1,112.08799999999998,3,0,0,1,4,51.019999999999996,0.23569999999999997,0
N=C1N=C(C=O)N=C1O,125.08699999999997,3,2,1,1,5,85.87,-0.4688299999999999,0
Cn1cnc(=N)nc1N,125.135,5,2,0,1,5,80.58,-1.12323,0
O=c1nc[nH]c(CO)n1,127.10299999999998,4,2,1,1,5,78.87,-1.3428000000000002,0
CN=C1N=CN=C1C=O,123.11499999999998,3,0,1,1,4,54.15,-0.3034999999999999,0
COc1nn[nH]c1C=O,127.10299999999998,4,1,2,1,5,67.87,-0.37420000000000025,0
NCCN1C=NC1=O,113.11999999999998,2,1,2,1,4,58.69,-0.5909999999999997,0
CC(O)C1=NN=C1N,113.12000000000002,4,2,1,1,4,70.97,-0.9060000000000001,1
N=CN1C=CNC(=O)O1,127.10299999999998,3,2,1,1,5,65.42,0.021469999999999934,0
N=CN1COC(=O)OC1,130.10299999999998,4,1,1,1,5,62.620000000000005,-0.02273000000000014,0
C#CC(=N)c1n[nH]n1N,123.11900000000001,4,3,1,1,5,83.48,-1.07393,0
CN1OCC(=N)OC1=N,129.119,4,2,0,1,5,69.4,-0.20796000000000003,0
N=CN1C(=O)COC1=O,128.087,4,1,1,1,5,70.46000000000001,-0.42772999999999994,0
CN=C1N=CN=C1N,110.12,3,1,0,1,4,63.099999999999994,-0.5861999999999998,0
O=CNc1nc[nH]n1,112.092,3,2,2,1,5,70.67,-0.6270000000000002,0
NC1=NC(N)=C1CO,113.11999999999999,4,3,1,1,4,84.63,-1.4802,0
Cc1nc(OC=N)co1,126.11499999999997,4,1,2,1,4,59.11,0.96889,0
N=C1OC(=O)NC1=NO,129.07500000000002,5,3,0,1,6,94.77,-0.5088300000000001,0
CCn1nc(N)c(=O)[nH]1,128.135,4,2,1,1,5,76.7,-0.8265,0
Cc1noc(=O)c(=O)[nH]1,128.087,4,1,0,1,5,75.96000000000001,-0.96848,0
N=CC1NCC(=O)N1C=N,140.14600000000002,4,3,2,1,5,80.04,-0.9990600000000003,1
Nc1conc1N,99.09300000000002,4,2,0,1,4,78.07,-0.16099999999999992,0
Nc1coc(=O)n1CO,130.103,5,2,1,1,5,81.39,-1.0267000000000002,0
NC1=NC(C=O)=C1O,112.08799999999997,4,2,1,1,4,75.67999999999999,-0.6742999999999999,0
CC(=O)n1ncc(N)n1,126.119,5,1,0,1,5,73.8,-0.47959999999999997,0
N=Cc1nc(N)n(C=O)n1,139.118,6,2,2,1,6,97.64999999999999,-1.1037300000000003,0
N=C1CNC(=O)OC1=N,127.10299999999998,4,3,0,1,5,86.03,-0.27676000000000023,0
NC(=O)n1cc(N)o1,115.092,4,2,0,1,5,87.18,-0.4098999999999999,0
CN=C1NC(=O)OCO1,130.10299999999998,4,1,0,1,5,59.92,-0.31390000000000007,0
CC1=NC(=O)C(=N)O1,112.08799999999998,3,1,0,1,4,62.510000000000005,-0.06112999999999996,0
N=c1cnc(C=O)n[nH]1,124.103,4,2,1,1,5,82.49000000000001,-0.9033300000000002,0
O=CN1CC(=O)NC1=O,128.087,3,1,1,1,5,66.48,-1.3054000000000001,0
Nc1cnc(N)n1C=O,126.119,5,2,1,1,5,86.92999999999998,-0.9142000000000001,0
N=CN1C=NC(=O)OC1,127.10299999999998,3,1,1,1,5,65.75,0.031470000000000053,0
N=C(N)C1N=CC(=O)N1,126.11899999999999,3,3,1,1,5,91.33000000000001,-1.5509300000000001,1
O=CC1=NC(=O)NOC1,128.087,3,1,1,1,5,67.76,-0.7189000000000001,0
NC1=NOC=NC1=CO,127.10299999999998,5,2,0,1,5,80.2,-0.28350000000000014,0
N=C1OCC(=O)C(=O)O1,129.071,5,1,0,1,5,76.45,-0.9363300000000001,0
CC1=NC(N)=NC1=N,110.12,3,2,0,1,4,74.59,-0.24712999999999996,0
COC1=NC(N)=NC1=N,126.11900000000001,4,2,0,1,5,83.82,-0.66313,0
N=CN1CC(=N)NC1=O,126.11899999999999,3,3,1,1,5,80.04,-0.40406000000000003,0
NC1=NC(=O)N=C1N,112.092,3,2,0,1,5,93.83,-1.1656,0
N=C1OCCOC(=N)O1,130.103,5,2,0,1,5,75.39,-0.0806599999999999,0
O=CC1=NCNC(=O)N1,127.103,3,2,1,1,5,70.56,-1.1459000000000001,0
N=CN1CC(=O)OCN1,129.119,4,2,1,1,5,65.42,-1.0856300000000003,0
N=C1NCC(=O)OCO1,130.103,4,2,0,1,5,71.41000000000001,-0.9583300000000001,0
NC(=O)OC1=CN=C1N,127.10300000000001,4,2,1,1,5,90.7,-0.7061,0
N=CN1C=NC(C=O)N1,126.11899999999997,4,2,2,1,5,68.55,-1.0330300000000001,1
N=CN1CC(=O)OC1=N,127.10299999999998,4,2,1,1,5,77.24000000000001,-0.61296,0
N=C1OC(=N)C(=N)O1,113.076,5,3,0,1,5,90.01,-0.07748999999999995,0
N=C1OC(CO)=C1N,114.104,4,3,1,1,4,79.33,-0.8435300000000001,0
N=Cc1cnc(N)n1O,126.119,5,3,1,1,5,87.92,-0.2997300000000002,0
CC(=O)NC1=CN=N1,111.104,3,1,1,1,4,53.82,0.38720000000000004,0
N=C1OC(=N)C(=N)O1,113.076,5,3,0,1,5,90.01,-0.07748999999999995,0
N#CCC1NC(=N)OCO1,141.13,4,2,1,1,5,78.13000000000001,-0.24514999999999992,1
O=C1COC(=O)C(=O)CN1,143.09799999999998,4,1,0,1,5,72.47,-1.7714999999999999,0
Cc1noc(=N)nc1O,127.103,5,2,0,1,5,83.0,-0.43691,0
CC(O)C1=NN=C1N,113.12000000000002,4,2,1,1,4,70.97,-0.9060000000000001,1
NC(C=O)c1nc[nH]n1,126.119,4,2,2,1,5,84.66000000000001,-0.9966000000000002,1
N=Cc1cn(N)c(N)n1,125.13500000000002,5,3,1,1,5,93.71,-0.8232300000000001,0
N=C1C=C(N)OC1=O,112.088,4,2,0,1,4,76.17000000000002,-0.6369300000000002,0
CNc1cnc(=N)[nH][n+]1[O-],141.13400000000001,4,3,1,1,6,91.5,-1.4357299999999997,0
N=C1NN=C1CC=NO,126.11899999999999,4,3,2,1,5,80.83,-0.22703000000000023,0
NC1=NC(F)=CC1=O,114.07899999999998,3,1,0,1,4,55.449999999999996,-0.26279999999999987,0
N=C1N=C(C=O)N=C1N,124.103,4,2,1,1,5,91.66,-1.06813,0
N=C1NC(C=O)NC1=O,127.103,3,3,1,1,5,82.05000000000001,-1.7919299999999998,1
Cc1nnc(N)n1CO,128.13500000000002,5,2,1,1,5,76.96,-0.8814800000000005,0
CC1NC(=O)OC1=O,115.08799999999998,3,1,0,1,4,55.4,-0.35869999999999996,1
CN=C1NC(=O)NC1=O,127.10299999999998,3,2,0,1,5,70.56,-1.1459000000000001,0
NC1=NC(CO)=NC1=O,127.10299999999998,4,2,1,1,5,88.03999999999999,-1.7254,0
Nc1conc1C=NCO,141.13000000000002,5,2,2,1,5,84.64,-0.3745,0
N=Cc1nc(N)c(O)o1,127.103,5,3,1,1,5,96.13000000000001,-0.03993000000000002,0
N=C1CNC(=N)C(=O)O1,127.10299999999998,4,3,0,1,5,86.03000000000002,-0.9126600000000005,0
CNC1=NC(O)C(=O)O1,130.10299999999998,5,2,0,1,5,70.92,-1.5630000000000002,1
CC(=O)c1nn[nH]c1O,127.103,4,2,1,1,5,78.87,-0.2871,0
N=C1NCOCC(=O)N1,129.119,3,3,0,1,5,74.21,-1.3853300000000002,0
N=C1COC(=N)N=CO1,127.103,4,2,0,1,5,78.52,-0.026460000000000095,0
Nc1cnc(CO)nn1,126.119,5,2,1,1,5,84.92,-1.0539,0
CC(=N)N1CNC1=N,112.136,2,3,0,1,4,62.970000000000006,-0.21896000000000015,0
N=C(N)c1noc[n+]1[O-],128.091,4,2,1,1,6,102.84,-1.4079299999999997,0
CC1=NC(=O)N=C1N,111.104,2,1,0,1,4,67.81,-0.061899999999999844,0
CNC(=O)C1=NC(=N)N1,126.119,2,3,1,1,5,77.34,-1.3311300000000001,0
N=CNC1C(=O)NC1=O,127.103,3,3,2,1,5,82.05000000000001,-1.7919299999999998,0
N=C1CNC(=O)OC=N1,127.10299999999998,3,2,0,1,5,74.54,-0.26823000000000013,0
N=COc1cc(=N)[nH]o1,127.10299999999998,4,3,2,1,5,85.86,0.07303999999999988,0
N=c1nc(C=O)nc[nH]1,124.10299999999998,4,2,1,1,5,82.49000000000001,-0.9033300000000004,0
CN=NOC1NCC1=O,129.119,5,1,2,1,5,63.050000000000004,-0.5016,1
COc1cnoc(=N)n1,127.103,5,1,1,1,5,72.0,-0.44233000000000006,0
O=c1[nH]cnn1CO,115.092,4,2,1,1,5,70.91,-1.4788000000000003,0
N=C1NC(C=O)COC1=N,141.13,4,3,1,1,5,86.03,-0.8717600000000001,1
N=CN1COC(=O)C1O,130.10299999999998,4,2,1,1,5,73.62,-1.2718300000000005,1
Nc1nc(C=O)c(N)o1,127.10299999999998,5,2,1,1,5,95.14,-0.3485,0
N=CN1C=NNC1=CN,125.13499999999999,4,3,1,1,5,77.5,-0.8004300000000002,0
N=C1NC=NC(C=O)N1,126.11899999999999,3,3,1,1,5,77.34,-1.3327300000000004,1
N=C1CNC(=O)C1ON,129.11899999999997,4,3,1,1,5,88.2,-1.60513,1
NC(=O)N1C=NCC1=O,127.103,3,1,0,1,5,75.76,-1.0644,0
CN=C1C=C(N)N=[N+]1[O-],126.11900000000001,4,1,0,1,5,76.80999999999999,-0.20909999999999973,0
COc1onc(O)c1N,130.10299999999998,5,2,1,1,5,81.51,-0.02899999999999997,0
Nc1nocc1COC=O,142.11399999999998,5,1,3,1,5,78.35,-0.07020000000000004,0
NC1=C(N)C(=O)N=C1,111.10399999999998,3,2,0,1,4,81.47,-1.2736000000000003,0
NC(=O)C1=NN=C1N,112.09200000000001,4,2,1,1,5,93.83,-1.8014999999999999,0
COC1=NC(=O)N=C1N,127.10300000000001,3,1,0,1,5,77.03999999999999,-0.47789999999999994,0
N=CC1=NN=C(N)C1=O,124.103,5,2,1,1,5,91.66,-1.06813,0
N#CC1C(=N)ON1C=N,124.103,4,2,1,1,5,83.96000000000001,-0.2898800000000001,1
N=C1OC(=N)C(C=O)O1,128.087,5,2,1,1,5,83.23,-0.48726000000000025,1
N=c1[nH]c(=O)oc(=O)[nH]1,129.075,4,3,0,1,6,102.70999999999998,-1.8643300000000003,0
NC1=CC(=O)NC1=O,112.088,3,2,0,1,4,72.19,-1.5146000000000004,0
N=C1N=CN=C1CO,111.10399999999998,3,2,1,1,4,68.8,-0.5611300000000001,0
N=COC1NCOC1=O,130.10299999999998,5,2,2,1,5,71.41,-0.9599300000000002,1
N=C1CC(=N)NC(=O)N1,126.11899999999999,3,4,0,1,5,88.83000000000001,-0.3561600000000002,0
O=C(O)C1C=NC=CO1,127.09899999999999,3,1,1,1,4,58.89,0.011799999999999977,1
N=CN1OC(=O)C1C=O,128.087,4,1,2,1,5,70.46000000000001,-1.0652300000000001,1
Nc1ncn(C=O)c1N,126.11899999999999,5,2,1,1,5,86.92999999999999,-0.9142000000000001,0
COC1=NC(=O)C(O)=N1,128.087,3,1,0,1,5,71.25,-0.5145,0
N=CC1=NN=CC1=N,108.10399999999998,4,2,1,1,4,72.42,0.09614,0
NC(=O)C1C=NC(O)=N1,127.103,3,2,1,1,5,88.04,-1.1612999999999998,1
CC1=NC(N)=NC1=N,110.12,3,2,0,1,4,74.59,-0.24712999999999996,0
NC(=O)Oc1nc1=NO,129.07500000000002,5,2,1,1,6,97.80000000000001,-1.2953999999999999,0
N=C1C=NC(N)=C1NC=O,138.13,4,3,2,1,5,91.33000000000001,-1.0356300000000003,0
NC(=O)C1=NN=C1N,112.09200000000001,4,2,1,1,5,93.83,-1.8014999999999999,0
NC(=O)C1=NC(=O)O1,114.05999999999999,3,1,1,1,5,81.75000000000001,-0.9796,0
NC1=CC(=O)C(=O)N1,112.088,3,2,0,1,4,72.19,-1.5146,0
N#CCc1ncnoc1=N,136.114,5,1,1,1,5,86.56,-0.38484999999999997,0
COC1=NC(N)=NC1=N,126.11900000000001,4,2,0,1,5,83.82,-0.66313,0
C#CC(O)c1nn[nH]n1,124.10300000000002,4,2,1,1,5,74.69,-1.1337000000000004,1
N=C1NCC(=NO)CN1,128.13500000000002,3,4,0,1,5,80.5,-1.0558300000000003,0
NC1=CC(=O)C(=O)N1,112.088,3,2,0,1,4,72.19,-1.5146,0
Nc1cn(C=O)nc1N,126.119,5,2,1,1,5,86.92999999999999,-0.9142000000000001,0
N=C1NC(=N)C(=O)O1,113.076,4,3,0,1,5,86.03000000000002,-0.95516,0
CN=C1ON=C(N)C1=O,127.103,5,1,0,1,5,77.03999999999999,-1.1138,0
N=COC1OC1=NC(=N)O,143.102,4,3,2,1,6,102.05,-0.14236000000000004,1
N=CN=c1[nH]c(=O)[nH]o1,128.09099999999998,3,3,1,1,6,97.99999999999999,-1.19623,0
Nc1ncoc1C=O,112.08799999999998,4,1,1,1,4,69.12,0.06930000000000003,0
CC1OC(=N)N1C#N,111.104,3,1,0,1,4,60.11,0.08044999999999997,1
N=C1N=C(CO)N=C1N,126.119,4,3,1,1,5,94.82,-1.2747300000000001,0
CC(N)C1=NC(=N)O1,113.11999999999999,3,2,1,1,4,71.46,-0.30292999999999987,1
Nc1cnc(=O)oc1N,127.103,5,2,0,1,5,95.14,-0.8008,0
CNc1nn[nH]c1CO,128.135,4,3,2,1,5,73.83,-0.6613000000000004,0
CCc1noc(=N)n1N,128.135,5,2,1,1,5,80.83,-0.7682300000000002,0
N=c1cnc(N)nn1O,127.10700000000001,6,3,0,1,6,100.81000000000002,-1.42293,0
N=CNc1nocc1N,126.119,4,3,2,1,5,87.93,0.27577,0
C#CCn1cc(N)nn1,122.131,4,1,1,1,4,56.730000000000004,-0.5065000000000002,0
N=Cc1nc(N)[n+]([O-])[nH]1,127.10700000000001,4,3,1,1,6,105.49000000000001,-1.3770300000000004,0
Cc1n[nH]c(=O)nc1O,127.10299999999998,4,2,0,1,5,78.87,-0.8210800000000003,0
NC1=CC(O)=NC1=NO,127.103,3,3,0,1,5,91.2,-0.41319999999999996,0
N=c1[nH]c(=N)oc(=O)[nH]1,128.091,4,4,0,1,6,109.48999999999998,-1.7450600000000005,0
N=C1N=CC(N)N1C=O,126.119,3,2,1,1,5,82.53999999999999,-1.2512299999999998,1
N=CN1N=COCC1O,129.119,4,2,1,1,5,68.91000000000001,-0.8126300000000002,1
NC1=CC(=O)C(N)=N1,111.10400000000001,4,2,0,1,4,81.47,-1.2735999999999998,0
NC(=O)n1ncc(=O)[nH]1,128.09099999999998,4,2,0,1,6,93.77000000000001,-1.5018,0
N=C1C=NN=C1CO,111.10399999999998,4,2,1,1,4,68.8,-0.5611300000000001,0
COC1NC(=N)C(=O)O1,130.103,4,2,1,1,5,71.41,-0.9599300000000002,1
O=CN1N=CCOC1=O,128.087,4,0,1,1,5,58.970000000000006,-0.4192,0
CN=C1OCOC1=NO,130.103,5,1,0,1,5,63.41,-0.19329999999999997,0
CC(=N)N1CNC(=O)O1,129.119,3,2,0,1,5,65.42,-0.10213,0
CN=c1nc(N)nco1,126.119,5,1,0,1,5,77.3,-0.8177000000000003,0
N=C1COC(=O)OC=N1,128.087,4,1,0,1,5,71.74,0.1587699999999999,0
N=C(N)C1=NNC1=O,112.092,3,3,1,1,5,91.33000000000001,-1.5918300000000003,0
N=C1C=NCOC(=O)O1,128.087,5,1,0,1,5,71.74,0.15876999999999997,0
CNc1[nH]c(=O)oc1O,130.103,4,3,1,1,5,78.26,-0.2848,0
CN=C1C=NC(N)=N1,110.12,3,1,0,1,4,63.099999999999994,-0.5862,0
CN=C1NN=C1C=O,111.10399999999998,3,1,1,1,4,53.82,-0.8272000000000002,0
CN=C1N=C(N)C(=N)O1,126.119,4,2,0,1,5,83.82000000000001,-0.66313,0
N=COC1C(=N)C1=O,112.088,4,2,2,1,4,74.0,-0.41885999999999995,1
N=C(O)C1=NC(=O)N1,113.076,2,3,1,1,5,85.53999999999999,-0.35662999999999995,0
N=C1COC(=O)N=CN1,127.103,3,2,0,1,5,74.53999999999999,-0.26823000000000013,0
N=C1CNC(=N)OCO1,129.119,4,3,0,1,5,78.19000000000001,-0.5076600000000004,0
N=C1OCC(=O)C(=N)O1,128.087,5,2,0,1,5,83.23,-0.48566000000000015,0
N=C1OCNC(=O)CO1,130.10299999999998,4,2,0,1,5,71.41,-0.9583300000000003,0
N=C1OC(N)=NC1=O,113.07600000000001,4,2,0,1,5,88.53,-1.1648300000000003,0
Nc1cc(N)c(=O)on1,127.10300000000001,5,2,0,1,5,95.14,-0.8008,0
CC(=O)C1=NN=C1N,111.10400000000001,4,1,1,1,4,67.81,-0.6978,0
NN=C1C=CN=C1N,110.12,4,2,0,1,4,76.75999999999999,-0.8144,0
C#CC(N)N1N=C1N,110.12,4,2,1,1,4,67.41,-1.5503,1
O=Cc1nc(CO)n[nH]1,127.103,4,2,2,1,5,78.87,-0.8905000000000003,0
N=C1NCC(=O)N=CO1,127.103,3,2,0,1,5,74.54,-0.9041300000000001,0
N=C1COC(=N)N=CO1,127.103,4,2,0,1,5,78.52,-0.026460000000000095,0
CNC1=NC(=O)C(N)=N1,126.119,4,2,0,1,5,79.84,-1.540799999999999,0
NC1=CC(CO)=NC1=O,126.115,3,2,1,1,4,75.68,-1.1975,0
Nc1c(O)ncnc1C=O,139.114,5,2,1,1,5,89.1,-0.4230999999999999,0
COC1=NC(=N)N=C1N,126.11900000000001,3,2,0,1,5,83.82,-0.66313,0
O=CC1OCNC1=NO,130.103,4,2,1,1,5,70.92,-1.0811000000000002,1
N=CN1CC(=O)C(=O)O1,128.087,4,1,1,1,5,70.46000000000001,-1.06363,0
CN=C1COC(=O)NCN1,143.146,3,2,0,1,5,62.72,-0.6984000000000001,0
Cc1nnc(N)c(C=O)n1,138.13,5,1,1,1,5,81.76,-0.4252800000000001,0
N=C1N=CC(=O)NCO1,127.103,3,2,0,1,5,74.54,-0.9041300000000001,0
O=Cc1noc(CO)n1,128.087,5,1,2,1,5,76.22,-0.6256000000000002,0
Cc1nnc(=O)[nH]c1N,126.119,4,2,0,1,5,84.66,-0.9444800000000002,0
Cc1nc(N)noc1=O,127.103,5,1,0,1,5,82.00999999999999,-0.6795800000000001,0
COC1=NN=C1NC=N,126.11899999999999,4,2,1,1,5,69.83000000000001,-0.4449300000000002,0
CN=c1[nH]cnc(=O)[nH]1,126.11899999999999,3,2,0,1,5,73.9,-1.3714999999999997,0
Cc1cnnc(C=N)n1,122.131,4,1,1,1,4,62.52,0.17768999999999996,0
N=C1OCC1=NC(=O)O,128.087,3,2,0,1,5,82.74,0.11287000000000003,0
CNC1=NN=C1C=N,110.11999999999999,4,2,1,1,4,60.6,-0.3765300000000002,0
N#Cc1cnoc1N,109.088,4,1,0,1,4,75.84,0.12848000000000004,0
NCC1=NN=C1NC=O,126.11899999999997,4,2,2,1,5,79.84,-1.5408000000000004,0
N=CN1C=NCN1C=NO,141.13400000000001,4,2,2,1,6,75.28,-0.47063000000000005,0
N=C1N=C(N)C(CO)=N1,126.119,3,3,1,1,5,94.82000000000001,-1.2747300000000001,0
COC1=NN=C(N)C1=N,126.119,5,2,0,1,5,83.82,-0.66313,0
N=C1COC(=N)C1=O,112.088,4,2,0,1,4,74.0,-0.41726000000000013,0
CC(=O)n1ncc(N)n1,126.119,5,1,0,1,5,73.8,-0.47959999999999997,0
Nn1nc(O)cc1C=O,127.10299999999997,5,2,1,1,5,81.14000000000001,-0.8850000000000002,0
N=C1COCNC(=O)N1,129.119,3,3,0,1,5,74.21,-0.7494300000000003,0
CC(=N)OC1N=NCO1,129.119,5,1,1,1,5,67.03,0.72367,1
CN(C#N)c1nc[nH]n1,123.119,4,1,1,1,5,68.6,-0.2780200000000001,0
N=C1NC(=O)NC1=O,113.076,3,3,0,1,5,82.05000000000001,-1.19693,0
N=Cc1ncc(N)nn1,123.11900000000001,5,2,1,1,5,88.54,-0.5485300000000002,0
Cc1nc(N)noc1=O,127.103,5,1,0,1,5,82.00999999999999,-0.6795800000000001,0
N=Cc1nonc1CO,127.103,5,2,2,1,5,83.0,-0.44043000000000004,0
NC1=CC(=O)N=C1N,111.10400000000001,3,2,0,1,4,81.47,-1.2736000000000003,0
CC(=O)c1nc(N)n[nH]1,126.11900000000001,4,2,1,1,5,84.66,-0.41050000000000025,0
N=C1OCC(C=O)C(=O)O1,143.09799999999998,5,1,1,1,5,76.45,-0.6903300000000001,1
N=CN=c1nc[nH]nc1N,138.134,4,3,1,1,6,103.8,-1.10533,0
NC1=CC(N)=NC1=O,111.10400000000001,3,2,0,1,4,81.47,-1.2736000000000003,0
COc1n[nH]cnc1=N,126.11899999999999,4,2,1,1,5,74.65,-0.70723,0
COC(=O)c1nc1=N,112.08800000000001,4,1,1,1,4,63.04,-0.7767299999999999,0
N=C1OC(=O)CC(=O)O1,129.071,5,1,0,1,5,76.45,-0.58873,0
N=C1COCN=NC1=N,126.11900000000001,4,2,0,1,5,81.65,0.42333999999999994,0
N#CC(N)C1=NOC1=O,125.08699999999999,5,1,1,1,5,88.47,-1.2499200000000001,1
N=Cn1c(N)cnc1N,125.135,5,3,1,1,5,93.71,-0.49733,0
Nc1nc(O)cn1C=O,127.10299999999997,5,2,1,1,5,81.13999999999999,-0.7908000000000002,0
N=C1N=NC(N)=C1C=O,124.103,4,2,1,1,5,91.66,-0.20132999999999995,0
N=C(C=O)OC1COC1=N,142.114,5,2,2,1,5,83.23000000000002,-0.44476,1
NC1=NC(=O)C(=O)O1,114.05999999999997,4,1,0,1,5,81.75,-1.6155,0
N#CC(N)C1=NOC1=O,125.08699999999999,5,1,1,1,5,88.47,-1.2499200000000001,1
COc1ncc(=O)[nH]n1,127.103,4,1,1,1,5,67.87,-0.8265000000000002,0
COC1=NC(=O)C(=N)O1,128.087,4,1,0,1,5,71.74,-0.47713,0
CC(N)C1=CN=NC1=N,124.14699999999999,3,2,1,1,4,74.59,0.6605700000000001,1
Nc1nc(=O)on1C=O,129.075,6,1,1,1,6,91.12,-1.5432,0
N=C1N=C(N)N=C1N,111.10800000000002,4,3,0,1,5,100.61,-1.3508300000000002,0
N#CC1NCON1C=N,126.119,4,2,1,1,5,72.14,-0.7625500000000001,1
O=C(O)C(=O)C1=CN1,113.07199999999999,3,2,2,1,4,76.31,-0.9153,0
Cc1nnc(N)n1C=N,125.135,5,2,1,1,5,80.58,-0.3761100000000001,0
NC1=NC(=O)N1C=O,113.07599999999998,3,1,1,1,5,75.75999999999999,-1.1069,0
NC(=O)N=C1COCN1,129.119,2,2,0,1,5,76.71000000000001,-0.9591000000000003,0
Nc1cnc(N)n1C=O,126.119,5,2,1,1,5,86.92999999999998,-0.9142000000000001,0
Nc1cnc(C=O)nc1,123.11499999999998,4,1,1,1,4,68.87,-0.12869999999999976,0
N#CCc1n[nH]c(O)n1,124.103,4,2,1,1,5,85.59,-0.4236200000000002,0
N#CCn1nc[nH]c1=O,124.10299999999998,4,1,1,1,5,74.47,-0.9050199999999999,0
Nc1n[nH]c(=O)c(N)n1,127.107,5,3,0,1,6,110.67999999999999,-1.6707000000000005,0
N=C1OCN(C=O)CO1,130.10299999999998,4,1,1,1,5,62.620000000000005,-0.6586300000000003,0
N=C1NCC(=O)OC1=N,127.103,4,3,0,1,5,86.03,-0.9126600000000002,0
CC1=NC(=N)N=C1O,111.10399999999998,1,2,0,1,4,68.8,0.3521700000000001,0
N=C1C=C(N)N=C1N,110.12000000000002,4,3,0,1,4,88.25,-0.8229300000000002,0
N=C1COC(=O)OC1=N,128.087,5,2,0,1,5,83.22999999999999,0.15023999999999993,0
N=C1NC(C=O)OCO1,130.103,4,2,1,1,5,71.41000000000001,-0.9599300000000002,1
N=C1C=NC(C(N)=O)=N1,124.10300000000001,3,2,1,1,5,91.66000000000001,-1.06813,0
N=c1occ(N)oc1=N,127.10300000000001,5,3,0,1,5,100.0,-0.58626,0
N=C1C=NN=C1N,96.093,4,2,0,1,4,74.59,-0.63723,0
N=C1C=NN=C1CN,110.12,4,2,1,1,4,74.59,-0.59473,0
O=C1N=C(CO)N=C1O,128.087,3,2,1,1,5,82.25,-1.1261,0
Nc1ncc(O)n1CO,129.119,5,3,1,1,5,84.3,-0.8793000000000002,0
CC1=NOC(=N)NC=N1,126.119,4,2,0,1,5,69.83,-0.09733000000000003,0
O=CNC1NCC(=O)N1,129.119,3,3,2,1,5,70.23,-2.2645999999999997,1
N=C1N=C(CO)C(=O)N1,127.10299999999998,3,3,1,1,5,85.53999999999999,-1.5157300000000002,0
N=C1COC(=O)N=CN1,127.103,3,2,0,1,5,74.53999999999999,-0.26823000000000013,0
N#CCNc1nc[nH]n1,123.119,4,2,2,1,5,77.39,-0.2598200000000001,0
N=C1OCC(=O)OC1=N,128.087,5,2,0,1,5,83.22999999999999,-0.48566000000000015,0
NCc1nncc(C=O)n1,138.12999999999997,5,1,2,1,5,81.76,-0.8572000000000002,0
N=C1C(=O)C1OC=O,113.07199999999997,4,1,2,1,4,67.22,-0.8695300000000001,1
CC(=O)NC1(O)OC1=N,130.10299999999998,4,3,1,1,5,85.71000000000001,-1.2239300000000004,1
O=C(CO)c1cn[nH]n1,127.10300000000001,4,2,2,1,5,78.86999999999999,-1.0203000000000002,0
CC1=NC(=O)C(=N)O1,112.08799999999998,3,1,0,1,4,62.510000000000005,-0.06112999999999996,0
NC1=NC(=O)C(=O)N=C1,125.08699999999997,3,1,0,1,5,84.88,-1.5188,0
CCc1n[nH]nnc1=O,126.11899999999999,4,1,1,1,5,71.53,-0.8777000000000001,0
CN=C1N=NC=C1N,110.11999999999999,3,1,0,1,4,63.099999999999994,0.28060000000000007,0
N=C1COC(=O)C(=O)N1,128.087,4,2,0,1,5,79.25,-1.36333,0
Cn1cn[nH]c(=N)c1=O,126.11899999999999,4,2,0,1,5,74.53,-1.4121299999999999,0
N=C1NCOC(=O)CO1,130.103,4,2,0,1,5,71.41,-0.9583300000000001,0
CC1=NC(=O)C(N)=N1,111.104,3,1,0,1,4,67.81,-0.6978,0
N=C1NC(=O)OCO1,116.076,4,2,0,1,5,71.41000000000001,-0.36493,0
CC(=O)n1cnc(=N)[nH]1,126.119,4,2,0,1,5,74.53,-0.6492300000000002,0
N=C1C(=O)ON=C1N,113.07600000000001,5,2,0,1,5,88.53,-1.16483,0
CNC1=NC(=O)OC1=N,127.10299999999998,4,2,0,1,5,74.53999999999999,-0.2682300000000001,0
N#CNC1=NN=CC1=O,122.08699999999999,5,1,0,1,5,77.61,-0.9759200000000001,0
Cc1nc(N)nn1C=O,126.119,5,1,1,1,5,73.8,-0.7929800000000002,0
N=C1NCCOC(=N)O1,129.119,4,3,0,1,5,78.19000000000001,-0.50766,0
N=C1OCC(=O)NC1=O,128.087,4,2,0,1,5,79.25,-1.36333,0
CN=c1ncoc(=N)o1,127.10299999999998,5,1,0,1,5,75.38,-0.7224300000000003,0
NC(=O)c1c[nH]c[n+]1[O-],127.10299999999998,2,2,1,1,5,85.82000000000001,-1.2530000000000001,0
CCn1c(=O)ncn1N,128.135,5,1,1,1,5,65.84,-1.2214999999999996,0
N=Cc1coc(=O)n1N,127.10300000000001,5,2,1,1,5,85.01,-0.8472300000000001,0
N=C1NC(C=O)C(=O)O1,128.087,4,2,1,1,5,79.25000000000001,-1.3649300000000002,1
N=C1OCC(=O)OC1=O,129.071,5,1,0,1,5,76.44999999999999,-0.9363300000000001,0
NC1=C(N)C(=O)N=C1,111.10399999999998,3,2,0,1,4,81.47,-1.2736000000000003,0
N=C1COC(=N)CN1,113.12,3,3,0,1,4,68.96,-0.43926000000000015,0
N=C1OC(=O)CC1=O,113.07199999999999,4,1,0,1,4,67.22,-0.52033,0
N=C1N=C(N)C(O)=N1,112.092,2,3,0,1,5,94.82000000000001,-0.75153,0
N=c1onc(O)cc1N,127.10299999999998,5,3,0,1,5,96.13,-0.55813,0
N=c1cc(N)n(C=O)o1,127.103,5,2,1,1,5,85.01,-0.8189300000000002,0
N=C1OC(=O)OC1=N,114.05999999999999,5,2,0,1,5,83.22999999999999,0.10774,0
N=C1N=C(O)C(CO)=N1,127.10299999999998,2,3,1,1,5,89.03,-0.6754300000000002,0
N=C1CC(=NO)N=CO1,127.10299999999998,4,2,0,1,5,78.03,0.19996999999999998,0
CC(=O)[N+]1([O-])OC1=O,117.05999999999999,4,0,0,1,5,69.72999999999999,-0.0873000000000001,1
N=C1OC(=O)OC1=O,115.04399999999998,5,1,0,1,5,76.44999999999999,-0.34293,0
CC(=O)c1cn[nH]c1N,125.131,3,2,1,1,4,71.77,0.19450000000000006,0
N#Cc1n[nH]c(C=N)n1,121.10299999999998,4,2,1,1,5,89.21,-0.32595000000000013,0
COc1ncnnc1N,126.11900000000001,5,1,1,1,5,73.92,-0.5376000000000001,0
N=C(N)c1coc(=N)o1,127.10299999999998,4,3,1,1,5,100.00000000000001,-0.3638599999999998,0
COc1n[nH]nc1C=N,126.11899999999999,4,2,2,1,5,74.65,-0.1890300000000002,0
CC(=O)c1nc(N)n[nH]1,126.11900000000001,4,2,1,1,5,84.66,-0.41050000000000025,0
COC1=NN=C1C=O,112.08799999999998,4,0,1,1,4,51.02,-0.4002000000000001,0
N=Cc1nc(N)[n+]([O-])[nH]1,127.10700000000001,4,3,1,1,6,105.49000000000001,-1.3770300000000004,0
NC1=CC(=O)N=C1C=O,124.09899999999999,3,1,1,1,4,72.52000000000001,-0.9909000000000001,0
N=CC1=NC(O)=NC1=N,124.103,3,3,1,1,5,92.65,-0.018159999999999954,0
N=C(O)C1=NC(N)=N1,112.09200000000001,4,3,1,1,5,94.82,-0.75153,0
COC(=O)c1ncn[nH]1,127.10300000000001,4,1,1,1,5,67.87,-0.4087,0
CC1=NN=C(N)C1=O,111.104,4,1,0,1,4,67.81,-0.6978,0
CN=C1NC(=N)OCO1,129.119,4,2,0,1,5,66.7,-0.4991300000000003,0
Cc1n[nH]c(N)nc1=O,126.119,4,2,0,1,5,84.66,-0.94448,0
N=C1NCC(C(=O)O)O1,130.10299999999998,3,3,1,1,5,82.41000000000001,-1.0058300000000002,1
COC1=NC(=N)N=C1N,126.11900000000001,3,2,0,1,5,83.82,-0.66313,0
N=c1oc(=N)oc(=N)o1,129.075,6,3,0,1,6,110.97000000000001,-1.0959900000000002,0
Nn1c(C=O)cnc1F,129.094,4,1,1,1,5,60.91,-0.45150000000000023,0
CC1CON(N)C1=O,116.12,3,1,0,1,4,55.56,-0.73,1
N=C1N=CC(N)=NC1=O,124.10300000000001,3,2,0,1,5,91.66,-1.0681300000000002,0
N=CN=C1N=CN=C1F,126.094,2,1,1,1,5,60.93,0.40187,0
COC1=NC(N)=NC1=O,127.10300000000001,4,1,0,1,5,77.03999999999999,-1.1138000000000001,0
N=C1OC(=N)C(=O)O1,114.05999999999999,5,2,0,1,5,83.23,-0.5281600000000002,0
NC1=NC(N)C(=O)CO1,129.119,5,2,0,1,5,90.7,-1.8147999999999995,1
N=c1nc(C=O)nc[nH]1,124.10299999999998,4,2,1,1,5,82.49000000000001,-0.9033300000000004,0
Nc1ncc(=O)oc1N,127.103,5,2,0,1,5,95.14,-0.8008000000000002,0
CC1=NC(=N)N=C1N,110.12,2,2,0,1,4,74.59,-0.24712999999999996,0
Nc1nc(O)cnc1O,127.10299999999997,5,3,0,1,5,92.26,-0.53,0
N=C1NC(=N)C(=O)O1,113.076,4,3,0,1,5,86.03000000000002,-0.95516,0
N#Cc1cc(OO)no1,126.07099999999998,5,1,1,1,5,79.28,0.3980799999999999,0
CN=C1NN=NC1=O,112.092,3,1,0,1,5,66.18,-0.4883000000000001,0
N=CCc1n[nH]c(N)n1,125.13500000000002,4,3,2,1,5,91.44,-0.4210300000000002,0
N#CC1=NC(=N)C=N1,106.088,3,1,0,1,4,72.36,-0.029849999999999988,0
CC1OC(=N)NC1=N,113.11999999999999,3,3,0,1,4,68.96000000000001,-0.09326000000000023,1
N=Cn1oc(=N)oc1=N,128.091,6,3,1,1,6,102.76000000000002,-0.9117900000000001,0
Cc1nnc(C=N)n1O,126.11899999999999,5,2,1,1,5,74.79,-0.17851000000000006,0
N=C1OCOC(=N)C1=N,127.103,5,3,0,1,5,90.00999999999999,-0.034989999999999966,0
Cc1nc(C=N)nn1N,125.135,5,2,1,1,5,80.58,-0.70201,0
N=C1NC(=O)OC1=N,113.076,4,3,0,1,5,86.03,-0.3192599999999998,0
CN=C1N=COC1=N,111.10399999999998,3,1,0,1,4,57.800000000000004,0.05047000000000007,0
N=CN=C1N=CN=C1N,123.119,3,2,1,1,5,86.95,-0.60893,0
[N-]=[N+]1C(=N)OCOC1=N,128.091,4,2,0,1,6,91.47,-0.10566000000000003,0
N=CN=CC1=NC=NC1=O,136.114,3,1,2,1,5,78.0,-0.32623,0
N=C1C=NC(=N)N1C=O,124.103,3,2,1,1,5,80.37,-0.5587600000000001,0
CN=C1C=NN=C1N,110.12,4,1,0,1,4,63.099999999999994,-0.5862,0
NCN1C(=O)OC1=O,116.07599999999998,4,1,1,1,5,72.63,-0.5251999999999999,0
N=C1NC(=O)NC1=O,113.076,3,3,0,1,5,82.05000000000001,-1.19693,0
N=COC1CNC1=O,114.104,3,2,2,1,4,62.18,-0.8915300000000002,1
NC1=NC(=O)NC1=O,113.07599999999998,3,2,0,1,5,84.54999999999998,-1.4066,0
N=C1NCC(=O)NCO1,129.119,3,3,0,1,5,74.21000000000001,-1.3853300000000002,0
N=C1N=C(C(N)=O)O1,113.076,3,2,1,1,5,88.53000000000002,-1.1648300000000003,0
N#CCOc1coc(=N)o1,140.09799999999998,5,1,2,1,5,83.14999999999999,0.25445,0
CNC1=NC(=N)C(O)=N1,126.11899999999999,3,3,0,1,5,80.83,-0.4908300000000004,0
CN=C1N=C(N)C(=N)N1,125.135,3,3,0,1,5,86.62,-1.0901299999999996,0
N=C1NCNC(=O)CO1,129.119,3,3,0,1,5,74.21000000000001,-1.3853300000000002,0
N=C1N=CC(N)=C1C=O,123.115,3,2,1,1,4,79.30000000000001,-0.5402300000000002,0
CN=c1c(=O)[nH]c1=NO,127.10299999999998,4,2,0,1,5,77.81,-1.9290999999999991,0
CC1=NC(=O)C(N)=N1,111.104,3,1,0,1,4,67.81,-0.6978,0
N=C1N=C(N)C=C1N,110.12,3,3,0,1,4,88.25,-0.8229299999999997,0
CC(=O)c1nonc1N,127.10300000000001,5,1,1,1,5,82.01,-0.14559999999999995,0
NC1=NC(=O)C(O)=N1,113.07599999999998,3,2,0,1,5,88.03999999999999,-1.2022000000000002,0
N=CC1=NC(=N)C(N)=N1,123.11900000000001,4,3,1,1,5,98.44,-0.6174600000000001,0
N=CN1CC(=N)OCO1,129.119,4,2,1,1,5,69.4,-0.2079600000000001,0
N=COC1=NC(=O)CN1,127.103,4,2,1,1,5,74.53999999999999,-0.9041300000000001,0
NC(=O)C1=NC(=O)N=C1,125.08699999999999,2,1,1,1,5,84.88000000000001,-0.8829,0
N#CC1=NCNC(=N)O1,124.103,4,2,0,1,5,81.26,-0.57945,0
NCc1n[nH]nc1C=O,126.11899999999997,4,2,2,1,5,84.66,-0.9241000000000006,0
N=c1cnc(CN)n[nH]1,125.13500000000002,4,3,1,1,5,91.44,-1.2571300000000003,0
N=Cc1cc(N)[n+]([O-])o1,127.10300000000001,4,2,1,1,5,89.95,-0.5071299999999999,0
Nc1nocc1C=O,112.08799999999998,4,1,1,1,4,69.12,0.06930000000000003,0
N#CCc1cnnn1N,123.11900000000001,5,1,1,1,5,80.52,-0.9420200000000001,0
CN=C1N=CN=C1N,110.12,3,1,0,1,4,63.099999999999994,-0.5861999999999998,0
NC1=NC(=O)C(C=O)=N1,125.08699999999997,4,1,1,1,5,84.88,-1.5188,0
N=C1OC=NCC(O)C1=N,141.13,5,3,0,1,5,89.52000000000001,-0.5971600000000001,1
N#CC(O)C1=CN=N1,109.08800000000001,4,1,1,1,4,68.74,0.17807999999999996,1
N=C1COC(=O)N=CO1,128.087,4,1,0,1,5,71.74,0.15877000000000002,0
CNc1nc(C=O)n[nH]1,126.11899999999999,4,2,2,1,5,70.67,-0.3411000000000001,0
N=c1[nH]c(=O)oc(=N)o1,129.075,5,3,0,1,6,106.83999999999999,-1.4801599999999997,0
CC1(C(=N)N)NC1=O,113.12,2,3,1,1,4,88.88,-1.1891299999999996,1
N=C1N=CC(F)=NC1=N,126.09400000000001,2,2,0,1,5,72.42,0.39334,0
N=C1NCOC(=O)CO1,130.103,4,2,0,1,5,71.41,-0.9583300000000001,0
N=c1occ(N)oc1=N,127.10300000000001,5,3,0,1,5,100.0,-0.58626,0
N=C1N=C(CN)C(=O)O1,127.103,4,2,1,1,5,88.53000000000002,-1.1223299999999998,0
Cn1ncc(=N)oc1=O,127.103,5,1,0,1,5,71.88,-1.1472300000000002,0
NC1=C(N)C(=O)C=N1,111.10399999999998,4,2,0,1,4,81.47,-1.2736000000000003,0
N=c1ocnc(F)[n+]1[O-],131.066,4,1,0,1,6,76.82000000000001,-1.0734299999999999,0
Nc1ncc(N)c(=O)o1,127.103,5,2,0,1,5,95.14,-0.8008,0
N=C1OC(=N)C(CO)O1,130.10299999999998,5,3,1,1,5,86.39,-0.6938600000000001,1
NC(=O)C1=NC(=O)C=N1,125.08699999999999,3,1,1,1,5,84.88000000000001,-1.5188,0
C#Cc1nnc(=N)[nH]n1,121.103,4,2,0,1,5,78.31,-1.33953,0
N=C1OC=NOC1C=O,128.087,5,1,1,1,5,71.74000000000001,-0.4787300000000001,1
CN1COC(=O)C(=O)O1,131.087,5,0,0,1,5,55.84,-1.1093000000000002,0
N=C1OCOC(=O)C1=O,129.071,5,1,0,1,5,76.45,-0.9363300000000001,0
N#CC1OC=NN1C=N,124.103,4,1,1,1,5,72.47,-0.28135000000000004,1
Nc1nnc(O)cc1O,127.10299999999997,5,3,0,1,5,92.26,-0.5300000000000001,0
COC1CC(=O)NC1=N,128.131,3,2,1,1,4,62.18,-0.50143,1
N#CCn1nc(C=N)[nH]1,123.11899999999999,4,2,2,1,5,81.25,-0.26755000000000007,0
Nc1cnc(N)c(C=O)n1,138.13,5,2,1,1,5,94.89,-0.5465,0
NCc1cnnc(N)n1,125.135,5,2,1,1,5,90.71,-1.0875000000000001,0
CNC1=NC(=O)C(N)=N1,126.119,4,2,0,1,5,79.84,-1.540799999999999,0
N=CNC1=NC=NC1=O,124.103,3,2,1,1,5,77.67,-0.8499300000000001,0
CNC1=NOC1=NC=N,126.11899999999999,4,2,1,1,5,69.83000000000001,-0.4449300000000002,0
COc1[nH]nnc1C#N,124.10300000000001,4,1,1,1,5,74.59,-0.31502000000000013,0
CN1COC(=O)C(=N)N1,129.119,4,2,0,1,5,65.42,-1.08563,0
NC(=O)C1=NC=NC1=O,125.08699999999999,3,1,1,1,5,84.88,-1.5188,0
N=C1C=NC(=N)C(=O)O1,125.08699999999999,4,2,0,1,5,86.36,-0.4314600000000001,0
COC1=C(N)C=NC1=N,125.131,3,2,1,1,4,71.46000000000001,-0.13522999999999985,0
N=C1N=CC(CO)=C1N,125.131,3,3,1,1,4,82.46,-0.7468300000000001,0
CNC1=NC(=O)OC1=O,128.087,4,1,0,1,5,67.75999999999999,-0.7189000000000001,0
CN=C(N)c1cnn[nH]1,125.13499999999999,3,2,1,1,5,79.94999999999999,-0.8602000000000005,0
Nc1cn[nH]c1C=O,111.10399999999998,3,2,1,1,4,71.77,-0.19559999999999994,0
CC1=NC(=N)N=C1N,110.12,2,2,0,1,4,74.59,-0.24712999999999996,0
Cc1noc(=N)c(=O)[nH]1,127.103,4,2,0,1,5,82.74000000000001,-0.8492100000000002,0
CC1=NC(=O)N1CO,114.10399999999998,2,1,1,1,4,52.900000000000006,-0.20979999999999993,0
CC(=N)OC1=NC(N)=N1,126.11900000000001,5,2,0,1,5,83.82,-0.31553000000000003,0
N#CNc1coc(CO)n1,139.11399999999998,5,2,2,1,5,82.08,0.05987999999999999,0
N=CN1COC(=O)C=N1,127.10299999999998,4,1,1,1,5,65.75,-0.6044300000000002,0
N=C1NCC(=O)NN1,114.108,2,4,0,1,5,77.01,-1.8548299999999998,0
NC1(C=O)NC(=O)O1,116.076,4,2,1,1,5,81.42,-1.4624000000000004,1
C#Cc1onnc1N,109.08800000000001,4,1,0,1,4,64.94,-0.36689999999999995,0
O=CC1OC(=O)NC1=O,129.071,4,1,1,1,5,72.47,-1.1797000000000002,1
N=C1NC(=O)OC1=N,113.076,4,3,0,1,5,86.03,-0.3192599999999998,0
N=C(C=O)C1=NN=C1N,124.10300000000002,5,2,2,1,5,91.66,-1.06813,0
N=C1NCC(=O)N=CO1,127.103,3,2,0,1,5,74.54,-0.9041300000000001,0
N=C1C=C(N)C(N)=N1,110.12000000000002,3,3,0,1,4,88.25,-0.8229299999999997,0
CN=C1NC(=N)NCC1=O,140.146,3,3,0,1,5,77.34,-1.28863,0
N=c1cn[nH]nc1C=O,124.10299999999998,4,2,1,1,5,82.49000000000001,-0.9033300000000004,0
CN=NC1(C=O)N=CN1,126.11899999999999,5,1,2,1,5,66.17999999999999,-0.44739999999999996,1
Cn1nc(C=N)nc1N,125.135,5,2,1,1,5,80.58,-0.6050300000000002,0
N=CN1C=NCNCO1,128.135,4,2,1,1,5,60.71000000000001,-0.62643,0
CC1(O)NC(=O)OC1=N,130.103,4,3,0,1,5,82.41,-0.58803,1
Nc1cn[nH]c(=O)c1N,126.119,4,3,0,1,5,97.78999999999999,-1.0656999999999999,0
N=C1C=C(O)NC1=O,112.08799999999998,3,3,0,1,4,73.18,-0.46463000000000004,0
CN=C1ON=C1CO,114.10399999999998,4,1,1,1,4,54.18000000000001,-0.6068,0
N=CN1OC(=O)C1CO,130.103,4,2,2,1,5,73.62,-1.27183,1
N=C1N=C=NOC=C1N,124.103,4,2,0,1,5,83.82,-0.11712999999999985,0
Cc1nnc(=N)oc1N,126.119,5,2,0,1,5,88.79,-0.5603100000000001,0
N=COc1ncoc1N,127.103,5,2,2,1,5,85.13,0.24267,0
NC(=O)NC1C=NCO1,129.119,3,2,1,1,5,76.71000000000001,-0.9606999999999997,1
O=Cc1nc[n-]c(=O)n1,124.079,4,0,1,1,5,74.02000000000001,-1.3935000000000002,0
CC(=O)OC1=NC(N)=N1,127.10300000000002,5,1,0,1,5,77.03999999999999,-0.7662,0
CNC1=NC(=N)C(=N)O1,126.11899999999999,4,3,0,1,5,81.32000000000001,-0.45346000000000036,0
NC(=O)C1=NC(N)=N1,112.09200000000001,4,2,1,1,5,93.83,-1.8014999999999999,0
CC(N)C1=NNC1=O,113.11999999999999,3,2,1,1,4,67.47999999999999,-1.1805999999999996,1
N=C(N)N1CC(=O)O1,115.09199999999998,3,2,0,1,5,79.41000000000001,-1.34633,0
CN1COC(=O)C(=O)O1,131.087,5,0,0,1,5,55.84,-1.1093000000000002,0
N=C1NCC(=O)CN=CO1,141.13,4,2,0,1,5,74.54,-0.8616300000000001,0
N#CCC1=NOC1=N,109.088,4,1,1,1,4,69.22999999999999,0.26355,0
N=CN1CC(=O)CNO1,129.119,4,2,1,1,5,65.42,-1.0856299999999999,0
N=Cc1cc(N)oc1N,125.13100000000001,4,3,1,1,4,89.03,0.44167000000000023,0
Cn1cnc(CO)nc1=O,141.13,5,1,1,1,5,68.00999999999999,-1.3324,0
CN=C1N=NC(C=N)=N1,123.11899999999999,3,1,1,1,5,73.28999999999999,0.48607000000000006,0
N=C1N=CN=C1NC=O,124.10299999999998,3,2,1,1,5,77.67,-0.8499300000000003,0
CCC1=C(N)C(=O)N=N1,125.131,3,1,1,1,4,67.81,0.5591,0
CNC1=[N+]([O-])C(=N)N=C1,126.11899999999999,3,2,0,1,5,74.31,-0.8662300000000003,0
CN=C1OC(=N)N=C1N,126.11900000000001,4,2,0,1,5,83.82,-0.66313,0
CC1=NC(=NO)C(N)=N1,126.119,4,2,0,1,5,83.33,-0.43670000000000003,0
CN=c1ncoc(=O)[nH]1,127.10299999999998,4,1,0,1,5,71.25,-1.1066000000000003,0
CC(=O)C1=NOC1=N,112.088,4,1,1,1,4,62.51,-0.06112999999999996,0
N=CN1CC(=O)OCN1,129.119,4,2,1,1,5,65.42,-1.0856300000000003,0
N=C1OC(=O)CN1C=O,128.087,4,1,1,1,5,70.46000000000001,-1.06363,0
C#CC(=N)n1ncn1O,124.103,5,2,0,1,5,66.83,-0.6195300000000001,0
Cn1nc(C(=N)O)n1O,130.107,5,3,1,1,6,87.06000000000002,-0.6577300000000001,0
CNC(=O)c1cn[nH]n1,126.119,3,2,1,1,5,70.67,-0.8357000000000003,0
CC1=NC(=N)OC1=O,112.08799999999998,3,1,0,1,4,62.51,-0.06112999999999996,0
NC(=O)OC1=CN=C1N,127.10300000000001,4,2,1,1,5,90.7,-0.7061,0
CNC1=NC(=N)OC1=O,127.10299999999998,4,2,0,1,5,74.53999999999999,-0.9041300000000003,0
CN=C(N)N1C=NC1=O,126.11899999999999,2,1,0,1,5,71.05,-0.6051999999999997,0
CC(O)C1=NC(C=N)=N1,125.131,4,2,2,1,4,68.80000000000001,-0.17263,1
N=C1NC=NC(C=O)N1,126.11899999999999,3,3,1,1,5,77.34,-1.3327300000000004,1
CC(N)C1=C(O)N=N1,113.11999999999999,4,2,1,1,4,70.97,0.5265,1
N=COc1cc(N)no1,127.103,5,2,2,1,5,85.13,0.2426700000000001,0
CN1COC(=N)OC1=O,130.10299999999998,4,1,0,1,5,62.62,-0.02272999999999986,0
CNc1nc(=O)[nH]n1C=O,142.118,5,2,2,1,6,79.78,-1.3485999999999998,0
N#Cc1noc(C=O)n1,123.07099999999998,5,0,1,1,5,79.78,-0.24622,0
COc1n[nH]nc1C=O,127.10299999999998,4,1,2,1,5,67.87,-0.37420000000000025,0
NC(=O)C1=NC(N)=N1,112.09200000000001,4,2,1,1,5,93.83,-1.8014999999999999,0
CN=C1N=CC(CN)=N1,124.147,2,1,1,1,4,63.099999999999994,-0.5437000000000001,0
N=c1oc(=N)n(CO)o1,131.091,6,3,1,1,6,99.14000000000001,-1.4171600000000002,0
CC1=NC(=O)N=C1CN,125.131,2,1,1,1,4,67.81,-0.01939999999999975,0
Nc1nocnc1=O,113.076,5,1,0,1,5,82.00999999999999,-0.988,0
N=CN1C(=N)N=C1O,112.09199999999998,2,3,1,1,5,83.53,-0.24216,0
COc1cc(N)nn1C=O,141.13000000000002,5,1,2,1,5,70.14,-0.48780000000000023,0
CC(O)C1=NC(=N)N=N1,126.11900000000001,3,2,1,1,5,81.16000000000001,0.16626999999999992,1
O=c1cnnc(CO)[nH]1,127.103,4,2,1,1,5,78.87,-1.3428000000000002,0
N=c1occ(N)oc1=O,128.08700000000002,5,2,0,1,5,93.22,-0.70553,0
N=C1NC(=O)C(C=O)O1,128.087,4,2,1,1,5,79.25000000000001,-1.3649300000000002,1
N=C1NC(=N)C(=O)CO1,127.103,4,3,0,1,5,86.03000000000002,-0.91266,0
N=C1NC(=O)C(=O)O1,114.05999999999999,4,2,0,1,5,79.25000000000001,-1.4058300000000001,0
NCC(=O)C1=CN=C1O,126.11499999999998,3,2,2,1,4,75.68,-0.6317999999999999,0
N=C1NC(=O)C(=N)OCO1,143.102,5,3,0,1,6,95.26000000000002,-0.9810600000000003,0
N=CCc1nonc1N,126.11900000000001,5,2,2,1,5,88.79,-0.15613,0
N#COCC1=NN1C=N,124.10300000000001,4,1,3,1,5,72.24,-0.27975,0
NC1=CN=NC1=NC=O,124.103,3,1,1,1,5,80.16999999999999,-0.19280000000000003,0
NC1=NC([N+]=O)OC=C1,127.10299999999997,5,1,1,1,5,78.78,-0.7266999999999999,1
NC1=CC(O)=C1NC=O,126.11499999999998,3,3,2,1,4,75.35,-0.6418000000000001,0
N=C1NCC(=O)C(=N)N1,126.119,3,4,0,1,5,88.83000000000001,-1.3396600000000003,0
N=CN1OCOC1C=O,130.10299999999998,4,1,2,1,5,62.62000000000001,-0.6602300000000001,1
N=C1COCOC(=N)N1,129.119,4,3,0,1,5,78.19,-0.50766,0
N=C1NN=C(CN)C1=O,126.119,4,3,1,1,5,91.33000000000001,-1.5493300000000005,0
CC1CNC(=O)C(=O)O1,129.11499999999998,3,1,0,1,4,55.400000000000006,-0.9521000000000002,1
N=COc1coc(N)n1,127.103,5,2,2,1,5,85.13,0.2426700000000001,0
N=CN=C1N=CC=C1N,122.13099999999999,2,2,1,1,4,74.59,-0.08103000000000005,0
N=C1COC(=O)C(=O)N1,128.087,4,2,0,1,5,79.25,-1.36333,0
CC(=O)C1=NC(=N)O1,112.088,3,1,1,1,4,62.510000000000005,-0.06112999999999996,0
Cn1c(CO)n[nH]c1=O,129.119,4,2,1,1,5,70.91,-1.3993000000000002,0
N=C1CC(=O)NCOC1=O,142.11399999999998,4,2,0,1,5,79.25,-0.9732300000000003,0
N=c1oc(N)c(C=O)o1,128.087,5,2,1,1,5,93.22000000000001,-0.2532299999999998,0
N#CCc1nc(O)n[nH]1,124.103,4,2,1,1,5,85.59,-0.42362000000000005,0
CN=C(N)C1=NC(=O)O1,127.10299999999998,3,1,1,1,5,77.04,-0.47789999999999994,0
CC1=NN=C(N)C1=O,111.104,4,1,0,1,4,67.81,-0.6978,0
N=CN1CC(=O)OCN1,129.119,4,2,1,1,5,65.42,-1.0856300000000003,0
N=c1onc(CO)cc1N,141.12999999999997,5,3,1,1,5,96.13,-0.7714300000000003,0
CC(C#N)N1OC1=N,111.10399999999998,3,1,1,1,4,63.18,0.08045000000000008,1
O=Cc1ncn[nH]c1=O,125.08699999999999,4,1,1,1,5,75.71000000000001,-1.0226,0
O=CC(=O)c1ncn[nH]1,125.087,4,1,2,1,5,75.71000000000001,-0.8137000000000001,0
CNC1=NC(=N)OC1=O,127.10299999999998,4,2,0,1,5,74.53999999999999,-0.9041300000000003,0
Nc1coc(=O)n1CO,130.103,5,2,1,1,5,81.39,-1.0267000000000002,0
Nc1nocc1NC=O,127.10299999999998,4,2,2,1,5,81.15,-0.17490000000000022,0
N=C1COC(CN)=CO1,128.131,4,2,1,1,4,68.33,-0.18942999999999993,0
N=C1COC(=N)OCO1,130.103,5,2,0,1,5,75.39,-0.08066000000000012,0
CN=C1N=CC(=O)N=N1,124.103,2,0,0,1,5,66.50999999999999,0.0354000000000001,0
N=COC1OCC(=O)C1=N,142.114,5,2,2,1,5,83.23,-0.44476,1
N=C1COC(=N)OCO1,130.103,5,2,0,1,5,75.39,-0.08066000000000012,0
Cc1ncc(OC=N)nn1,138.13,5,1,2,1,5,71.75,0.16588999999999993,0
N=CN1C(=O)NC1=O,113.07599999999998,3,2,1,1,5,73.26,-0.26133,0
COC1=NC(=O)N=C1N,127.10300000000001,3,1,0,1,5,77.03999999999999,-0.47789999999999994,0
Nc1oc(=O)oc1C=O,129.07099999999997,5,1,1,1,5,86.44,-0.3725,0
NC(=O)C1NCC(=O)N1,129.119,3,3,1,1,5,84.22,-2.4828,1
O=CC1=C(CO)N=N1,112.088,4,1,2,1,4,62.019999999999996,-0.14500000000000005,0
NC=Cc1noc(N)n1,126.11900000000001,5,2,1,1,5,90.96,-0.4188,0
N=Cc1ncc(N)cn1,122.131,4,2,1,1,4,75.65,0.05646999999999991,0
NC1=CN=C(N)C1=O,111.104,4,2,0,1,4,81.47,-1.2735999999999998,0
N=C1COC(=N)N=CO1,127.103,4,2,0,1,5,78.52,-0.026460000000000095,0
CN(C#N)C1=CN=N1,108.104,4,0,1,1,4,51.75,0.66398,0
CNC(=O)c1cnco1,126.11499999999998,3,1,1,1,4,55.13,0.03419999999999995,0
CC(=O)C1=C(N)N=N1,111.10400000000001,4,1,1,1,4,67.81,0.16900000000000004,0
NC(=O)C1CN=NC1=O,127.10300000000001,3,1,1,1,5,84.88,-0.9197000000000002,1
C#CC(O)c1nc1=N,108.10000000000001,3,2,1,1,3,56.970000000000006,-0.8967300000000002,1
N=C1OC(=N)C(=O)O1,114.05999999999999,5,2,0,1,5,83.23,-0.5281600000000002,0
N=C1C=C(N)C(C=O)=N1,123.115,3,2,1,1,4,79.3,-0.5402300000000002,0
NC(=O)C1=NN=C1N,112.09200000000001,4,2,1,1,5,93.83,-1.8014999999999999,0
COC(=N)c1nc1=N,111.104,4,2,1,1,4,69.82,-0.5915600000000001,0
CC(=O)c1cnon1,112.088,4,0,1,1,4,55.99,0.2722,0
CNc1noc(=N)n1C=N,141.134,6,3,2,1,6,90.69,-0.5475600000000003,0
CC(O)c1nonc1N,129.119,5,2,1,1,5,85.17,-0.2949000000000001,1
N=C1NC(=O)C(=N)CO1,127.103,4,3,0,1,5,86.03000000000002,-0.9126600000000002,0
COC1=NC(O)=C1N,114.104,4,2,0,1,4,67.84,-0.2693,0
N=Cc1noc(C=O)n1,125.08699999999999,5,1,2,1,5,79.84,-0.12023,0
Cc1n[nH]c(=O)n1CO,129.119,4,2,1,1,5,70.91,-1.1703800000000004,0
N=c1[nH]c(=O)oc(=N)o1,129.075,5,3,0,1,6,106.83999999999999,-1.4801599999999997,0
N=CNC1=NN=CC1=N,123.119,4,3,1,1,5,84.45,-0.3992599999999999,0
CNC1=NC(=O)C(N)=N1,126.119,4,2,0,1,5,79.84,-1.540799999999999,0
N=Cn1nc(C=O)nc1N,139.11799999999997,6,2,2,1,6,97.64999999999999,-0.8720300000000001,0
N=COC1=NCNC1=O,127.103,4,2,1,1,5,74.53999999999999,-0.9041300000000003,0
COC1=C(N)C=NC1=O,126.115,3,1,1,1,4,64.68,-0.5859000000000001,0
N#Cc1cn[nH]c(=N)n1,121.103,4,2,0,1,5,89.21,-0.8441500000000002,0
CN=C1N=CC(N)=[N+]1[O-],126.119,3,1,0,1,5,76.80999999999999,-1.0758999999999999,0
N=c1[nH]ncoc1=N,112.09199999999998,4,3,0,1,5,89.52000000000001,-1.0383600000000002,0
N=CN1COC(=O)CO1,130.10299999999998,4,1,1,1,5,62.620000000000005,-0.6586300000000003,0
O=CN1C(=O)N=C1CO,128.087,3,1,2,1,5,69.97,-1.0308,0
Cc1nc(NC=O)co1,126.11499999999997,3,1,2,1,4,55.13,0.55132,0
N=C(O)C1CNC1=N,113.12,2,4,1,1,4,79.96000000000001,-0.28166000000000013,1
N=c1oncn1C(N)=O,128.091,5,2,0,1,6,97.9,-1.1176300000000001,0
CC(=O)c1ncc(N)o1,126.115,4,1,1,1,4,69.12,0.45940000000000003,0
N=C1COC(=N)OCO1,130.103,5,2,0,1,5,75.39,-0.08066000000000012,0
N=CNc1oncc1N,126.119,4,3,2,1,5,87.93,0.27577,0
CC(O)C1=C(O)N=N1,114.104,4,2,1,1,4,65.18,0.5601,1
N=C1OCC(=O)OC(=N)O1,144.08599999999998,6,2,0,1,6,92.46,-0.5540600000000002,0
CC1(NC=O)NC(=N)O1,129.119,3,3,2,1,5,74.21000000000001,-1.0393300000000003,1
N=C1N=C(C=O)C(=O)O1,126.07099999999997,4,1,1,1,5,79.58,-0.8821300000000001,0
CC1=NC(=O)NC1=N,111.10399999999998,2,2,0,1,4,65.31,0.14777000000000007,0
O=CC(=O)c1ncn[nH]1,125.087,4,1,2,1,5,75.71000000000001,-0.8137000000000001,0
N=C1OCC(=N)C(=O)O1,128.087,5,2,0,1,5,83.23,-0.48566000000000015,0
N=C1NCC(=O)N=CO1,127.103,3,2,0,1,5,74.54,-0.9041300000000001,0
N=C1OCOC1CO,117.10399999999998,4,2,1,1,4,62.540000000000006,-0.67113,1
N=c1oncc(=O)n1N,128.09099999999998,6,2,0,1,6,97.89999999999999,-1.9704300000000003,0
N=C1NCC(=O)OCO1,130.103,4,2,0,1,5,71.41000000000001,-0.9583300000000001,0
N=C1N=CN=C1NC=O,124.10299999999998,3,2,1,1,5,77.67,-0.8499300000000003,0
NC1=NC(=O)N=C1C=O,125.08699999999997,3,1,1,1,5,84.88,-0.8829,0
N=C1OCOC(=N)C1=O,128.087,5,2,0,1,5,83.22999999999999,-0.48566000000000015,0
N=CCN1C(=N)N=C1O,126.11899999999999,2,3,2,1,5,83.53,-0.19965999999999995,0
N#CCc1nonc1N,124.10300000000001,5,1,1,1,5,88.73,-0.28212000000000004,0
CNC1=C(O)C(=O)N=N1,127.103,4,2,1,1,5,74.05,-0.07470000000000021,0
NC(=O)Nc1nc1=O,113.076,3,2,1,1,5,85.08000000000001,-1.192,0
NC1=C(F)N=NC1=O,115.06700000000001,3,1,0,1,5,67.81,0.07610000000000017,0
N=Cc1cnnc(N)n1,123.11900000000001,5,2,1,1,5,88.54,-0.5485300000000002,0
N=C1NN=CC(=CN)O1,126.11899999999999,4,3,0,1,5,83.49000000000001,-0.67313,0
N=C1ON=C(N)C1=N,112.092,5,3,0,1,5,95.31,-0.7141600000000001,0
NC(=O)OC1COC=N1,130.10299999999998,4,1,1,1,5,73.91000000000001,-0.5337000000000001,1
N=C1NC(=N)C(=O)CO1,127.103,4,3,0,1,5,86.03000000000002,-0.91266,0
NC1=NC=CNCOC1=O,141.13,5,2,0,1,5,76.71000000000001,-1.0813000000000001,0
C#CC(O)C1=NC(N)=N1,123.11500000000002,4,2,1,1,4,70.97,-1.2927000000000002,1
COC1=NC(=O)C(=N)N1,127.103,3,2,0,1,5,74.53999999999999,-0.9041300000000001,0
NC1=NC(=O)OC1=O,114.05999999999997,4,1,0,1,5,81.75,-0.9796,0
CC(=O)C1=NC(N)=N1,111.10400000000001,4,1,1,1,4,67.81,-0.6978,0
Cc1nnc([O-])n1C=N,125.11099999999999,5,1,1,1,5,77.62,-0.8847100000000001,0
NC(C=O)c1nc1=O,112.088,4,1,2,1,4,73.05000000000001,-1.4839000000000002,1
N=Cc1onc(N)c1N,126.11900000000001,5,3,1,1,5,101.92,-0.1633300000000001,0
N=C(O)c1coc(=N)o1,128.087,4,3,1,1,5,94.21,0.23544000000000004,0
O=c1cn[nH]c(=O)o1,114.05999999999999,4,1,0,1,5,75.96000000000001,-1.2769000000000001,0
Cc1nnc(N)nc1N,125.13500000000002,5,2,0,1,5,90.71,-0.6555800000000003,0
CNC(=O)C1=NC(=O)N1,127.103,2,2,1,1,5,70.56,-1.1459000000000001,0
COC(=O)c1cc(O)no1,143.09799999999998,5,1,1,1,5,72.56,0.16679999999999995,0
N=C1CNC(=N)OCO1,129.119,4,3,0,1,5,78.19000000000001,-0.5076600000000004,0
N=CN1CC(=NO)CO1,129.119,4,2,1,1,5,68.91000000000001,-0.32913000000000014,0
N=CN1C=NC(C=O)O1,127.10299999999997,4,1,2,1,5,65.75,-0.6060300000000001,1
N=C1NC(C=O)(CO)O1,130.10299999999998,4,3,2,1,5,82.41000000000001,-1.5715300000000003,1
N=C1N=C(C=O)N=C1N,124.103,4,2,1,1,5,91.66,-1.06813,0
N=CC1=NC(=N)OC1=N,124.103,4,3,1,1,5,93.14000000000001,0.01921000000000006,0
N=CNC1=NC=NC1=O,124.103,3,2,1,1,5,77.67,-0.8499300000000001,0
NC1=CC(=O)C(O)=N1,112.088,3,2,0,1,4,75.68,-0.6743000000000001,0
N=Cc1nnc(=N)[nH]n1,124.107,5,3,1,1,6,102.16000000000001,-1.3231600000000003,0
N=C1N=CC(C=O)=N1,109.088,2,1,1,1,4,65.64,-0.35453,0
CC1=C(C=N)N=NC1=O,123.115,3,1,1,1,4,65.64,0.9023699999999999,0
N=COC1N=CN=CN1,126.11899999999999,5,2,2,1,5,69.83,-0.44653000000000004,1
N=c1[nH]ncoc1=O,113.07599999999998,4,2,0,1,5,82.74000000000001,-1.1576300000000002,0
C#Cc1[nH]nnc1N,108.10400000000001,3,2,0,1,4,67.59,-0.6318000000000001,0
CNC1=CN=NC1=O,111.104,3,1,1,1,4,53.82,0.03959999999999991,0
N#CCOC1=NC=NC1=O,137.09799999999998,4,0,1,1,5,74.81,-0.5064200000000001,0
CC(O)C1=NC(=O)N=N1,127.10300000000001,3,1,1,1,5,74.38,0.3515,1
N=C1N=COC(C=O)N1,127.10299999999998,3,2,1,1,5,74.53999999999999,-0.9057300000000001,1
CCc1nnc(O)n1N,128.135,5,2,1,1,5,76.96000000000001,-0.7401000000000002,0
N=CN1CN=COC1=N,126.11899999999997,4,2,1,1,5,72.53,-0.15376000000000006,0
N=CNc1oncc1N,126.119,4,3,2,1,5,87.93,0.27577,0
N=C1COCOC(=N)O1,130.103,5,2,0,1,5,75.39,-0.0806599999999999,0
N=C1N=C(CO)N=C1N,126.119,4,3,1,1,5,94.82,-1.2747300000000001,0
CC1=NC(=N)OC1=N,111.10399999999998,3,2,0,1,4,69.28999999999999,0.38954000000000005,0
CN=C1NC(=O)C(=O)O1,128.087,4,1,0,1,5,67.76,-1.3548000000000002,0
N=C1NC(=O)OC1=O,114.05999999999999,4,2,0,1,5,79.25,-0.76993,0
Cc1cnn[nH]c1=N,110.12,3,2,0,1,4,65.42,-0.40741,0
O=C(O)C1=NC(O)=C1,113.07199999999999,3,2,1,1,4,69.89,-0.07499999999999996,0
N=C1COC(=N)OCN1,129.119,4,3,0,1,5,78.19,-0.5076600000000002,0
C#CC1OCNC(=N)O1,126.115,3,2,0,1,4,54.34,-0.52563,1
CN=NC1OC(=O)C1=O,128.087,5,0,1,1,5,68.09,-0.4796,1
N=CN1C=CNC(=O)O1,127.10299999999998,3,2,1,1,5,65.42,0.021469999999999934,0
N=C1CC(N)OC(=O)O1,130.10299999999998,5,2,0,1,5,85.40000000000002,-0.19462999999999997,1
N=C1CNC(=N)OCO1,129.119,4,3,0,1,5,78.19000000000001,-0.5076600000000004,0
N=C1C=C(CO)N=N1,111.104,3,2,1,1,4,68.8,0.30567000000000005,0
COc1coc(=N)nn1,127.10300000000001,5,1,1,1,5,72.0,-0.44233000000000006,0
N=C1N=C(N)N=C1C=O,124.103,4,2,1,1,5,91.66,-1.06813,0
COc1connc1=N,127.10300000000001,5,1,1,1,5,72.0,-0.44233000000000006,0
COC1=NC(=O)C(N)=N1,127.10300000000001,4,1,0,1,5,77.03999999999999,-1.1138000000000003,0
N=C1NCC(=O)OCO1,130.103,4,2,0,1,5,71.41000000000001,-0.9583300000000001,0
NC(=O)C1=NN=C1N,112.09200000000001,4,2,1,1,5,93.83,-1.8014999999999999,0
N=C1C(=O)ON=C1CO,128.087,5,2,1,1,5,82.74000000000001,-1.08873,0
N=C1OCC(=O)C1=NO,128.087,5,2,0,1,5,82.74,-0.60683,0
N=C(N)C1=NC=NC1=O,124.103,3,2,1,1,5,91.66,-1.06813,0
N=C1NCC(=O)OCO1,130.103,4,2,0,1,5,71.41000000000001,-0.9583300000000001,0
Cn1ncnc1C=N,110.11999999999999,4,1,1,1,4,54.56,-0.18722999999999973,0
CN=C1OC(=N)N=C1O,127.103,3,2,0,1,5,78.03,-0.06383000000000005,0
N=CC1=NC(N)=NC1=N,123.11900000000001,4,3,1,1,5,98.44,-0.6174600000000001,0
N=C1NC(=N)C(=O)O1,113.076,4,3,0,1,5,86.03000000000002,-0.95516,0
CCc1nnc(=O)[nH]n1,126.11899999999999,4,1,1,1,5,71.53,-0.8777000000000001,0
CC1=NC(=N)N=C1N,110.12,2,2,0,1,4,74.59,-0.24712999999999996,0
N=COCN1C=NC1=N,126.11899999999999,3,2,3,1,5,72.53,-0.15376000000000006,0
N=C1C=NC(=O)C(CN)=N1,138.13,3,2,1,1,5,91.66,-1.0256299999999998,0
N#CC1COC(=N)NC=N1,138.13,4,2,0,1,5,81.25999999999999,-0.5385500000000003,1
N#CC1N=COC(=N)O1,125.08699999999997,5,1,0,1,5,78.46,-0.15405000000000008,1
CC1=NC(=O)N=C1O,112.08799999999998,1,1,0,1,4,62.019999999999996,0.5374000000000001,0
N=C1N=CN=C1CCO,125.13099999999999,3,2,2,1,4,68.8,-0.17102999999999996,0
NC1=NC=NC(=O)C1=O,125.08699999999997,4,1,0,1,5,84.88,-1.5188,0
CCN=C1N=C(O)C(=O)O1,142.11399999999998,3,1,1,1,5,71.25,-0.1243999999999999,0
N=C1NC(=O)C(C=O)O1,128.087,4,2,1,1,5,79.25000000000001,-1.3649300000000002,1
N=c1nc1C(CO)ON,129.11899999999997,5,3,3,1,5,92.22,-1.6396299999999995,1
N#CC(=N)OC1OCO1,128.087,5,1,1,1,5,75.33000000000001,-0.20825000000000005,0
CC(=O)n1ncc(N)n1,126.119,5,1,0,1,5,73.8,-0.47959999999999997,0
O=CCNC1=NNC1=O,127.103,4,2,2,1,5,70.56,-1.7817999999999996,0
N=C1COC(C=O)OCO1,145.11399999999998,5,1,1,1,5,68.61,-0.49043000000000014,1
NC(=O)C1=CNC1=O,112.08799999999998,2,2,1,1,4,72.19,-1.5146000000000004,0
N=C1OCC(=O)NC1=O,128.087,4,2,0,1,5,79.25,-1.36333,0
N#Cc1noc(CN)n1,124.10300000000001,5,1,1,1,5,88.73,-0.60002,0
Nn1cc(CO)cnc1=O,141.13,5,2,1,1,5,81.13999999999999,-1.5506000000000006,0
N=CNC1=C(N)N=NC1=O,139.11800000000002,4,3,2,1,6,103.69,-0.6967300000000001,0
N=C1C=NC(=N)N=N1,109.09200000000001,2,2,0,1,5,84.78,0.43504,0
COc1nc(N)cn1C=N,140.14600000000002,5,2,2,1,5,76.92,-0.07092999999999988,0
Cc1nnc(N)n1C=N,125.135,5,2,1,1,5,80.58,-0.3761100000000001,0
CNC1N=C(O)C(=O)O1,130.10299999999998,4,2,1,1,5,70.92,-0.9973000000000001,1
CC(=O)OC1=NC=C1N,126.11500000000001,4,1,0,1,4,64.67999999999999,-0.23829999999999985,0
CC(=O)C1=NC(=N)N1,111.104,2,2,1,1,4,65.31,-0.4881300000000001,0
C#Cc1nnc(N)n1N,123.11900000000001,5,2,0,1,5,82.75,-1.4446000000000003,0
Cn1cnc(N)c1N,112.13600000000001,4,2,0,1,4,69.86,-0.41550000000000015,0
CN=C1CN=NC1=O,111.10399999999998,3,0,0,1,4,54.15,0.04960000000000009,0
N=C(N)C1=NN=CC1=O,124.103,4,2,1,1,5,91.66,-1.06813,0
N=C1COC(=N)OCO1,130.103,5,2,0,1,5,75.39,-0.08066000000000012,0
N=CN1CC(=O)NC1=O,127.10299999999998,3,2,1,1,5,73.26,-0.85473,0
Nc1nc(C=O)oc1N,127.10299999999998,5,2,1,1,5,95.14,-0.3485,0
N=C1CN=NC1C=O,111.10399999999997,4,1,1,1,4,65.64,0.03946999999999995,1
N=C1C=NN=C1C(N)=O,124.103,4,2,1,1,5,91.66,-1.0681300000000002,0
CNC1=C(CO)C(=N)O1,128.131,4,3,2,1,4,65.34,-0.5828300000000002,0
N=C1COC(=N)N=CO1,127.103,4,2,0,1,5,78.52,-0.026460000000000095,0
N=C1N=CC=NC1=O,109.088,2,1,0,1,4,65.64,-0.35453,0
CC(=NO)C1=NNC1=N,126.119,4,3,1,1,5,80.83000000000001,-0.22703000000000018,0
N=C1OC(N)=NC1=O,113.07600000000001,4,2,0,1,5,88.53,-1.1648300000000003,0
CNc1coc(=O)n1N,129.119,5,2,1,1,5,73.19,-0.8032000000000001,0
COC1=NC(=N)C(O)=N1,127.103,3,2,0,1,5,78.03,-0.06383000000000005,0
N=C1C=NC(N)=C1N,110.12000000000002,4,3,0,1,4,88.25,-0.8229300000000002,0
N#CC(N)C1=NC=N1,108.104,4,1,1,1,4,74.53,-0.7223200000000001,1
COC1=NN=C1CC#N,123.115,4,0,1,1,4,57.74,0.3145799999999999,0
N=Cc1n[nH]nc1C=O,124.10299999999998,4,2,2,1,5,82.49000000000001,-0.38513,0
N=C1CNC(CO)C(=O)O1,144.12999999999997,5,3,1,1,5,82.41000000000001,-1.5290300000000003,1
O=CCNC1=NNC1=O,127.103,4,2,2,1,5,70.56,-1.7817999999999996,0
COc1n[nH]c(=N)c(N)n1,141.134,5,3,1,1,6,100.67,-1.12503,0
N=C1OCOC(=O)C(=N)O1,144.08599999999998,6,2,0,1,6,92.46000000000001,-0.5540600000000002,0
N#CCC1=NN=C1O,109.088,3,1,1,1,4,68.74,0.22618,0
N#CC1NCOC(=N)N1,126.119,4,3,0,1,5,80.93,-1.0622500000000004,1
N=c1oc(=N)oc(=N)o1,129.075,6,3,0,1,6,110.97000000000001,-1.0959900000000002,0
NC(=O)C1=NC(O)=N1,113.076,3,2,1,1,5,88.04,-1.2022000000000002,0
N=C1OCN=C(O)CO1,130.10299999999998,4,2,0,1,5,74.9,-0.11803000000000013,0
N=CN1NCOC1=O,115.09199999999998,4,2,1,1,5,65.42000000000002,-0.49222999999999995,0
N=C1OC=NC(C=O)O1,128.087,5,1,1,1,5,71.74,-0.4787300000000001,1
O=C1N=COC(=O)C1O,129.071,4,1,0,1,5,75.96,-1.541,1
N=Cc1[nH]nnc1C=O,124.103,4,2,2,1,5,82.49000000000001,-0.38513,0
N=c1[nH]c(N)nn1CC=O,141.13400000000001,5,3,2,1,6,100.54999999999998,-1.52823,0
N=C1COCNC(=O)O1,130.103,4,2,0,1,5,71.41,-0.32243000000000016,0
Cc1nc(C=O)nn1N,126.119,5,1,1,1,5,73.8,-0.8871800000000001,0
N=CN1C(=O)NC1=O,113.07599999999998,3,2,1,1,5,73.26,-0.26133,0
N=c1[nH]ncn1CCO,128.135,4,3,2,1,5,77.69,-1.3170300000000006,0
C#CC(=O)n1cn[nH]1,109.088,3,1,0,1,4,50.68,-0.5154000000000001,0
N=CC1=NC=C(N)N(N)O1,141.13400000000001,6,3,1,1,6,100.72,-1.0870300000000006,0
Cn1nc(CC=N)c(=N)o1,140.146,5,2,2,1,5,78.66000000000001,-0.3153599999999998,0
N=C1CC(O)C(C=O)N1,128.13099999999997,3,3,1,1,4,73.17999999999999,-1.1146300000000002,2
N#CC1=NC(NC=N)=N1,121.103,4,2,1,1,5,84.39,-0.5252500000000002,0
CN=C1NN=NC1=N,111.108,3,2,0,1,5,72.96000000000001,-0.03763000000000005,0
NC1=NC(=O)N=C1N,112.092,3,2,0,1,5,93.83,-1.1656,0
COc1cnc(=N)on1,127.103,5,1,1,1,5,72.0,-0.44233000000000006,0
COc1coc(C=O)n1,127.09899999999999,4,0,2,1,4,52.33,0.4957,0
CC(=O)C1=NC(=N)O1,112.088,3,1,1,1,4,62.510000000000005,-0.06112999999999996,0
CC1=NC(=N)C(=N)O1,111.10399999999998,3,2,0,1,4,69.29,0.38954,0
N=C1N=CN=C1NC=O,124.10299999999998,3,2,1,1,5,77.67,-0.8499300000000003,0
N=c1occ(N)n1C=O,127.10300000000001,5,2,1,1,5,85.00999999999999,-0.8189300000000002,0
NC1=CC(=O)C(N)=N1,111.10400000000001,4,2,0,1,4,81.47,-1.2735999999999998,0
CN(C=O)C1=NC(=O)O1,128.087,3,0,1,1,5,58.97,-0.4192,0
Cn1nc(C=O)nc1N,126.119,5,1,1,1,5,73.8,-0.7902,0
CN=C1OC(=O)NC1=N,127.103,4,2,0,1,5,74.53999999999999,-0.2682300000000001,0
N=C(N)n1ocnc1=O,128.09099999999998,5,2,0,1,6,97.9,-1.4221300000000003,0
N=C1COC(=O)NC1=N,127.103,4,3,0,1,5,86.03,-0.27676000000000023,0
N=COC1N=COC1=O,128.087,5,1,2,1,5,71.74000000000001,-0.4787300000000001,1
NC1=NC(=O)N=C1CO,127.10299999999998,3,2,1,1,5,88.04,-1.0895000000000001,0
N#CC(=O)C1=CN1O,110.07199999999999,4,1,1,1,4,64.1,-0.37472,0
CNc1nc(NC=O)no1,142.118,5,2,3,1,6,80.05,-0.3204000000000002,0
N=C1OC(=O)CC1=NO,128.087,5,2,0,1,5,82.74,-0.25923,0
N#Cc1nc(CO)no1,125.08699999999999,5,1,1,1,5,82.94,-0.5664200000000001,0
N=CN1CC(=O)NCO1,129.119,3,2,1,1,5,65.42,-1.0856299999999999,0
CC(O)C1=NN=C1N,113.12000000000002,4,2,1,1,4,70.97,-0.9060000000000001,1
N=C1NC(=O)CNCO1,129.119,4,3,0,1,5,74.21000000000001,-1.3853300000000002,0
N=C1N=C(N)N=C1C=O,124.103,4,2,1,1,5,91.66,-1.06813,0
NC1=NC(=O)C(C=O)=N1,125.08699999999997,4,1,1,1,5,84.88,-1.5188,0
N=C1N=C(C(=N)CO)O1,127.10299999999998,4,3,2,1,5,89.52000000000001,-0.6380600000000001,0
CN=C1OC(=N)N=C1O,127.103,3,2,0,1,5,78.03,-0.06383000000000005,0
N=C1C=C(N)N1CO,113.12,3,3,1,1,4,73.34,-0.9708300000000001,0
COc1nn[nH]c1C#N,124.103,4,1,1,1,5,74.59,-0.31502000000000013,0
O=Cc1n[nH]c(C=O)n1,125.08699999999997,4,1,2,1,5,75.71000000000001,-0.5703,0
N=Nc1[nH]ncc1C=O,124.10299999999998,4,2,2,1,5,81.96000000000001,0.88467,0
C#CCn1nnoc1=O,125.08699999999999,5,0,1,1,5,60.92,-1.1355,0
CCC1=NC(N)=NC1=N,124.147,3,2,1,1,4,74.59,0.14296999999999999,0
N=C1OCC(=NCO)O1,130.103,5,2,1,1,5,74.9,-0.6837300000000002,0
CNc1cnc(=O)[nH]n1,126.119,4,2,1,1,5,70.67,-0.7934000000000003,0
CC(=O)C1=NC(O)=N1,112.088,3,1,1,1,4,62.019999999999996,-0.09849999999999998,0
COC1=NC(=O)N=C1N,127.10300000000001,3,1,0,1,5,77.03999999999999,-0.47789999999999994,0
O=CC1NC(=O)NCO1,130.103,3,2,1,1,5,67.43,-1.2017000000000002,1
N=C1N=C(N)OCCO1,129.119,4,2,0,1,5,80.69000000000001,-0.71733,0
N=CN=C1N=CN=C1N,123.119,3,2,1,1,5,86.95,-0.60893,0
O=Cc1cnoc1CO,127.09899999999998,4,1,2,1,4,63.33,-0.020600000000000007,0
N=COC1=NCC(=O)N1,127.103,4,2,1,1,5,74.53999999999999,-0.9041300000000001,0
N=CN1C(=N)OC1=O,113.07599999999998,4,2,1,1,5,77.24000000000001,-0.01955999999999991,0
NC(=O)C1=NC(N)=N1,112.09200000000001,4,2,1,1,5,93.83,-1.8014999999999999,0
N=C1CCOC(=N)C(=O)O1,142.11399999999998,5,2,0,1,5,83.23,-0.09556000000000003,0
N=Cc1ncncc1N,122.131,4,2,1,1,4,75.65,0.05647000000000013,0
COC1=NC(N)=NC1=C=O,139.114,5,1,0,1,5,77.03999999999999,-0.9249,0
COC1=NC(N)=NC1=O,127.10300000000001,4,1,0,1,5,77.03999999999999,-1.1138000000000001,0
NC(=O)N1C=CON1O,131.091,4,2,0,1,6,79.03,-0.6103000000000001,0
CCOc1nncc(N)n1,140.14600000000002,5,1,2,1,5,73.92,-0.14750000000000008,0
O=c1nc[nH]c(=O)o1,114.05999999999997,4,1,0,1,5,75.96000000000001,-1.2769,0
N=C1OCCNC(=O)O1,130.103,4,2,0,1,5,71.41,-0.32243000000000016,0
Cn1nc(C#N)[nH]c1=N,123.119,4,2,0,1,5,81.25,-0.90065,0
N=C1N=CC(N)=C1OC=O,139.114,4,2,2,1,5,88.53,-0.6086300000000002,0
NC1=NC(=O)C(C=O)=N1,125.08699999999997,4,1,1,1,5,84.88,-1.5188,0
CN=C1N=C(N)OC1=N,126.119,4,2,0,1,5,83.82,-0.66313,0
N=Cc1nnc(N)n1C=[NH2+],139.142,5,3,2,1,6,106.17000000000002,-2.5065299999999997,0
NC1=NC(F)=NC1=O,115.067,3,1,0,1,5,67.81,-0.7907000000000002,0
N=C1OCOC(=O)C1=N,128.087,5,2,0,1,5,83.23,-0.48566000000000015,0
Cc1[nH]nnc1CO,113.11999999999999,3,2,1,1,4,61.8,-0.39458000000000004,0
CNC1=NC(=N)N=N1,111.108,3,2,0,1,5,72.96000000000001,-0.03763000000000016,0
N=CNC1COC(=N)O1,129.119,4,3,2,1,5,78.19000000000001,-0.5092600000000003,1
COc1n[nH]c(=O)n1C=N,142.118,5,2,2,1,6,83.75999999999999,-0.9648300000000001,0
CNC(=O)C1=NN=C1N,126.11900000000001,4,2,1,1,5,79.84,-1.5408,0
N=C1N=NC=C(N)C1=N,123.119,4,3,0,1,5,98.44,0.24934000000000006,0
N=C1N=C(N)C=C1N,110.12,3,3,0,1,4,88.25,-0.8229299999999997,0
N=C1COC(=N)N=CN1,126.119,3,3,0,1,5,81.32,-0.45346000000000014,0
CC[N+](=O)C1=NN=C1N,127.12700000000001,4,1,1,1,5,70.82,-0.5305000000000002,0
N=C1OCCNC1=O,114.104,3,2,0,1,4,62.18,-0.8899300000000003,0
CN=C1N=C(O)N=C1N,126.119,3,2,0,1,5,83.33,-0.7004999999999999,0
N=C1NC(=N)C(=O)CO1,127.103,4,3,0,1,5,86.03000000000002,-0.91266,0
O=Cc1cc(=O)[nH]o1,113.07199999999999,3,1,1,1,4,63.07,-0.21959999999999996,0
CN=CN1C(C#N)=[N+]1[O-],124.103,3,0,1,1,5,65.22999999999999,-0.69252,0
N=Cc1ncnnc1N,123.11900000000001,5,2,1,1,5,88.54,-0.5485300000000002,0
Nc1ccnc(=NC=O)o1,139.114,4,1,1,1,5,81.48,-0.6861000000000002,0
CNc1n[nH]ncc1=N,125.13499999999999,4,3,1,1,5,77.45,-0.6741300000000003,0
N=c1onc(C=O)n1N,128.09099999999998,6,2,1,1,6,97.89999999999999,-1.51813,0
Nc1coc(=O)n1CO,130.103,5,2,1,1,5,81.39,-1.0267000000000002,0
COC1=NC(=N)OC1=O,128.087,4,1,0,1,5,71.74000000000001,-0.47713,0
COC1=NC(N)=NC1=O,127.10300000000001,4,1,0,1,5,77.03999999999999,-1.1138000000000001,0
N#CCCn1ncc(=N)[nH]1,137.146,4,2,2,1,5,81.25,-0.39565,0
CC(O)C1=NN=C1N,113.12000000000002,4,2,1,1,4,70.97,-0.9060000000000001,1
COc1cnnc(CO)n1,141.13,5,1,2,1,5,68.13000000000001,-0.6275000000000002,0
CNC1=NC(O)=NC1=N,126.11899999999999,3,3,0,1,5,80.83000000000001,-0.49083000000000004,0
N=C1NC(=N)C(=O)O1,113.076,4,3,0,1,5,86.03000000000002,-0.95516,0
N=C1N=CN=C1NC=O,124.10299999999998,3,2,1,1,5,77.67,-0.8499300000000003,0
N=C1N=C(C=O)C(=O)N1,125.08699999999997,3,2,1,1,5,82.38,-1.3091300000000001,0
N=C(N)C1=NC(=O)C=N1,124.103,3,2,1,1,5,91.66000000000001,-1.06813,0
CC(=O)c1ncc(N)o1,126.115,4,1,1,1,4,69.12,0.45940000000000003,0
N=Cc1ncc(N)nn1,123.11900000000001,5,2,1,1,5,88.54,-0.5485300000000002,0
CC1=C(N)N=NC1=N,110.12,3,2,0,1,4,74.59,0.6196700000000002,0
N=CN1C=C1OC=NO,127.10299999999998,4,2,3,1,5,68.68,0.14207000000000003,0
N=C1OC(N)=CC1=O,112.088,4,2,0,1,4,76.16999999999999,-0.6369300000000002,0
N=C1OCC(=O)C(=N)O1,128.087,5,2,0,1,5,83.23,-0.48566000000000015,0
N=C1ON=C1C(N)=O,113.076,4,2,1,1,5,88.53,-1.1648300000000003,0
CNC(=O)c1ncn[nH]1,126.119,3,2,1,1,5,70.67,-0.8357000000000003,0
N=C1NC(C=O)OC(=N)O1,143.102,5,3,1,1,6,95.26,-0.9826600000000001,1
CN=C1N=NC(C=N)=N1,123.11899999999999,3,1,1,1,5,73.28999999999999,0.48607000000000006,0
COC1=NC(N)=CC1=O,126.115,4,1,0,1,4,64.68,-0.5859000000000001,0
CC1=NN=C(N)C1=NCO,140.14600000000002,5,2,1,1,5,83.33,-0.8760999999999999,0
COC1=NC(=N)C(N)=N1,126.11900000000001,4,2,0,1,5,83.82,-0.6631300000000002,0
NC1=C(C=O)OC1=O,113.07199999999999,4,1,1,1,4,69.39000000000001,-1.0876000000000001,0
Nc1cncc(=O)n1N,126.119,5,2,0,1,5,86.92999999999999,-1.4607000000000003,0
CN=C1N=NC(CO)=N1,126.11899999999999,3,1,1,1,5,69.67,-0.17119999999999996,0
CN=C1N=C(N)N1C=N,125.135,3,2,1,1,5,77.83,-0.7904299999999997,0
NC(=O)c1nc(N)co1,127.103,4,2,1,1,5,95.14,-0.6443000000000003,0
N=c1cc(O)[nH]n1CO,129.119,4,4,1,1,5,85.03,-1.0489300000000006,0
COC1=NC(=O)OC1=N,128.087,4,1,0,1,5,71.74000000000001,0.15877000000000002,0
N=C1COC(=N)OCO1,130.103,5,2,0,1,5,75.39,-0.08066000000000012,0
CNC1=NC=NC1=O,111.10399999999998,3,1,0,1,4,53.82,-0.8272000000000002,0
N=CC1=NN=C1C=O,109.08799999999998,4,1,2,1,4,65.64,-0.35453,0
N=CNC1NCNCC1=O,142.162,4,4,2,1,5,77.01,-1.77143,1
CN=C1N=C(N)C(=O)O1,127.103,4,1,0,1,5,77.04,-1.1138,0
CC(=O)C1=NC(=O)N1,112.088,2,1,1,1,4,58.53,-0.3028999999999999,0
N=Cc1[nH]nnc1C=O,124.103,4,2,2,1,5,82.49000000000001,-0.38513,0
C[N+]1([O-])NC(=N)CO1,117.108,3,2,0,1,5,68.17,-0.6421300000000001,1
COC(=N)c1cnon1,127.103,5,1,1,1,5,72.0,0.04136999999999996,0
N=C1CC(=N)OC(=O)N1,127.10299999999998,4,3,0,1,5,86.03,0.0708399999999999,0
N=C1COC(=O)OCN1,130.103,4,2,0,1,5,71.41,-0.32243000000000016,0
Cn1cc(N)nc1N,112.13600000000002,4,2,0,1,4,69.86,-0.41550000000000015,0
COC1COC(=N)C1=O,129.115,4,1,1,1,4,59.38,-0.4220300000000003,1
NC1=NC(CO)=C1N,113.11999999999999,4,3,1,1,4,84.63,-1.4802,0
Nc1ncc(=O)[nH]c1O,127.10299999999998,4,3,0,1,5,92.0,-0.9423000000000001,0
NC1=NC(C=O)=C1O,112.08799999999997,4,2,1,1,4,75.67999999999999,-0.6742999999999999,0
CC(O)C1=NNC1=O,114.104,3,2,1,1,4,61.690000000000005,-1.1470000000000002,1
CC(=O)Oc1cn[nH]c1,126.115,3,1,1,1,4,54.98,0.3349999999999999,0
CC(=O)C1=NN=C1N,111.10400000000001,4,1,1,1,4,67.81,-0.6978,0
CNC(=N)n1cncn1,125.13499999999999,4,2,0,1,5,66.59,-0.7196300000000007,0
NC(=O)C1=CC(O)=N1,112.08799999999998,2,2,1,1,4,75.68,-0.6743000000000001,0
N=C1CN(O)C(=N)CO1,129.119,4,3,0,1,5,80.40000000000002,-0.33766000000000007,0
Cc1n[nH]c(=O)nc1N,126.119,4,2,0,1,5,84.66,-0.9444800000000002,0
CC(=O)NC1=NN=C1,111.104,3,1,0,1,4,53.82,-0.4796,0
CNC(=O)c1nc[nH]n1,126.119,3,2,1,1,5,70.67,-0.8357000000000003,0
CC1=C(CO)C(=N)N=N1,125.131,3,2,1,1,4,68.8,0.6957700000000001,0
CC(O)C1=C(N)N=N1,113.12000000000002,4,2,1,1,4,70.97,-0.03919999999999996,1
NC(=O)NC1=NCCO1,129.119,3,2,0,1,5,76.71000000000001,-0.9590999999999998,0
CC1=NC(N)=NC1=N,110.12,3,2,0,1,4,74.59,-0.24712999999999996,0
CNC1=C(N)C(=O)N=N1,126.11900000000001,4,2,1,1,5,79.83999999999999,-0.6740000000000002,0
N=C1NC(=O)C=NCO1,127.103,4,2,0,1,5,74.54,-0.9041300000000001,0
CC1=NC(=N)N=C1N,110.12,2,2,0,1,4,74.59,-0.24712999999999996,0
CN=C1N=CN=C1N,110.12,3,1,0,1,4,63.099999999999994,-0.5861999999999998,0
N=C(O)c1ncno1,113.076,4,2,1,1,5,83.0,-0.047029999999999905,0
COc1cc(=O)on1N,130.10299999999998,5,1,1,1,5,70.39,-0.8363,0
Nc1cnnn1CCO,128.13500000000002,5,2,2,1,5,76.96,-1.1474000000000004,0
CN1N=C(NC=O)C1=O,127.10299999999998,3,1,1,1,5,61.77,-1.4821000000000006,0
Nc1cnc([O-])nn1,111.084,5,1,0,1,5,87.75,-1.4726000000000001,0
N=CN1OCCNC1=O,129.119,3,2,1,1,5,65.42000000000002,-0.4497299999999999,0
N=C1CNCOC(=N)N1,128.135,4,4,0,1,5,80.99000000000001,-0.9346600000000005,0
N=c1onc(N)n1C=CO,142.118,6,3,1,1,6,101.06000000000002,-0.47603000000000023,0
N=Cn1[nH]c(=N)oc1=O,128.09099999999998,5,3,1,1,6,98.63,-1.2959600000000002,0
N=C(N)c1coc(=O)[nH]1,127.10299999999998,3,3,1,1,5,95.87,-0.74803,0
NC(=O)C1=NC(C=O)=N1,125.08699999999999,4,1,2,1,5,84.88000000000001,-1.5188,0
CN=C1N=C(O)NC1=O,127.10299999999998,2,2,0,1,5,74.05000000000001,-0.9415,0
N=C1COC(=N)OCO1,130.103,5,2,0,1,5,75.39,-0.08066000000000012,0
COC1=NN=C1NC#N,124.103,5,1,0,1,5,69.77000000000001,-0.5709200000000001,0
N=C1OCC(=O)C1=NO,128.087,5,2,0,1,5,82.74,-0.60683,0
N=C1C(=O)C=C(N)N1O,127.103,4,3,0,1,5,90.41,-0.9623299999999999,0
N=C1COCOC(=O)N1,130.103,4,2,0,1,5,71.41,-0.32242999999999994,0
Cc1nn(N)cnc1=N,125.13499999999999,5,2,0,1,5,80.58000000000001,-1.2202100000000002,0
N=C1N=C(CO)NC1=N,126.11899999999999,3,4,1,1,5,92.32,-1.0650600000000003,0
CNc1n[nH]nc1C=O,126.11899999999999,4,2,2,1,5,70.67,-0.34110000000000035,0
N#CC(=O)C1=NC(N)=N1,122.08700000000002,5,1,1,1,5,91.6,-1.19412,0
N=c1[nH]oc(=O)n1O,117.064,5,3,0,1,6,95.01,-1.51383,0
O=c1nc(CCO)c1=O,127.09899999999998,4,1,2,1,4,67.25999999999999,-1.7876000000000003,0
Cc1nc(NC=O)co1,126.11499999999997,3,1,2,1,4,55.13,0.55132,0
CN=C1NC(CO)=[N+]1[O-],129.119,3,2,1,1,5,70.69,-1.5235,0
N=C1C(N)=CN=C1N,110.12,4,3,0,1,4,88.25,-0.8229300000000002,0
N=C1CNC(=O)C(=N)OC1,141.12999999999997,4,3,0,1,5,86.03000000000002,-0.8701600000000003,0
N=C1N=CC(N)=C1N,110.12000000000002,3,3,0,1,4,88.25,-0.8229300000000002,0
N=CN1C=CNC(=O)N1,126.11899999999999,2,3,1,1,5,68.22,-0.4055300000000001,0
N=C1ON=C1COC=O,128.087,5,1,3,1,5,71.74000000000001,-0.47713000000000005,0
COC1=NN=C(N)C1=O,127.103,5,1,0,1,5,77.03999999999999,-1.1138000000000001,0
Cc1nc(N)nn1C=N,125.135,5,2,1,1,5,80.58,-0.3761100000000001,0
COc1c(N)cnn1N,128.13500000000002,5,2,1,1,5,79.09,-0.8123000000000002,0
CN=C1C=NC(C=N)=N1,122.13099999999999,3,1,1,1,4,60.93,0.14716999999999997,0
CC(=N)n1cnc(=N)o1,126.11899999999999,5,2,0,1,5,78.66000000000001,-0.19916000000000017,0
N=C1NC(=O)CNCO1,129.119,4,3,0,1,5,74.21000000000001,-1.3853300000000002,0
COc1nc[nH]c(=O)n1,127.103,4,1,1,1,5,67.87,-0.8265,0
N=CC1NC(=O)C(=O)O1,128.087,4,2,1,1,5,79.25000000000001,-1.3649300000000002,1
Nc1ccnn1C=O,111.104,4,1,1,1,4,60.91,-0.4964000000000002,0
N=C1NCCOC(=O)O1,130.103,4,2,0,1,5,71.41,-0.32243,0
COC1=NC(=N)C(N)=N1,126.11900000000001,4,2,0,1,5,83.82,-0.6631300000000002,0
Nc1conc1C=NO,127.103,5,2,1,1,5,84.64,0.06490000000000007,0
N#Cc1ncn[nH]c1=N,121.103,4,2,0,1,5,89.21000000000001,-0.8441500000000002,0
CNc1nnc(N)n1C=O,141.13400000000001,6,2,2,1,6,85.82999999999998,-1.0597,0
N=CC1=C(O)C(=N)O1,112.08799999999998,4,3,1,1,4,77.16000000000001,0.41303999999999996,0
N=C1OC(=O)C=C1O,113.07199999999997,4,2,0,1,4,70.38,-0.03762999999999994,0
N=CN=c1onc(CO)o1,143.10199999999998,5,2,2,1,6,95.61,-0.7323300000000001,0
Nc1c[nH]nnc1=NC=O,139.118,4,2,1,1,6,97.02000000000001,-1.556,0
N=C1OCOC(=O)C1CO,145.11399999999998,5,2,1,1,5,79.61,-0.89693,1
N=C1NC(=O)N=C1O,113.076,2,3,0,1,5,85.54,-0.35663000000000006,0
N=C1OC=NC(=O)C1=N,125.08699999999999,4,2,0,1,5,86.36,-0.4314599999999999,0
COc1nc(=N)n(O)[nH]1,130.107,5,3,1,1,6,86.91999999999999,-1.06343,0
N=C1C=NC(=N)C(O)=N1,124.103,2,3,0,1,5,92.65,-0.018159999999999954,0
CC(=N)C1=NC(=N)O1,111.104,3,2,1,1,4,69.29,0.38954,0
NC1=C(C=O)C(O)=N1,112.088,3,2,1,1,4,75.68,-0.6743000000000001,0
COC1=CN=C(O)C1=N,126.11499999999998,3,2,1,1,4,65.67,0.46407,0
COC(=O)C1=NN=C1N,127.10300000000002,5,1,1,1,5,77.03999999999999,-1.1138000000000001,0
N=C1NCN=CNC1=O,126.11899999999999,3,3,0,1,5,77.34,-1.3311300000000001,0
O=CC1CN=NC(=O)O1,128.087,4,0,1,1,5,68.09,0.15629999999999994,1
N=C1C(N)=CN=C1C=O,123.11499999999998,4,2,1,1,4,79.30000000000001,-0.5402300000000002,0
N=CN1COC(=N)CO1,129.119,4,2,1,1,5,69.4,-0.2079600000000001,0
NC(=O)C1N=CNCO1,129.119,4,2,1,1,5,76.71000000000001,-1.5966,1
N=C1OCNC(=O)CO1,130.10299999999998,4,2,0,1,5,71.41,-0.9583300000000003,0
Cn1nc(O)nc1C=N,126.11899999999999,5,2,1,1,5,74.78999999999999,-0.48162999999999995,0
Cc1nc(N)noc1=O,127.103,5,1,0,1,5,82.00999999999999,-0.6795800000000001,0
CC(=O)c1cnoc1N,126.115,4,1,1,1,4,69.12,0.45940000000000014,0
N=c1ncc(=N)[nH]c(O)n1,139.118,5,4,0,1,6,109.5,-1.5307600000000001,0
Cc1nc(O)nnc1O,127.10299999999998,5,2,0,1,5,79.13000000000001,-0.40878000000000014,0
C#CCC1=NC(=N)N=N1,120.11500000000001,2,1,1,1,4,60.93,0.80877,0
CC(=O)C1=NC(=N)O1,112.088,3,1,1,1,4,62.510000000000005,-0.06112999999999996,0
COC1NCC(=O)N=CO1,144.13,4,1,1,1,5,59.92,-0.9089,1
N=Nc1ncc[nH]c1=O,124.10299999999998,4,2,1,1,5,81.96000000000001,0.4323699999999999,0
N=C1CON=C(C=O)O1,128.087,5,1,1,1,5,71.74,-0.47713000000000005,0
N=c1occ(N)n1C=O,127.10300000000001,5,2,1,1,5,85.00999999999999,-0.8189300000000002,0
NC1=CN=C(N)C1=O,111.104,4,2,0,1,4,81.47,-1.2735999999999998,0
N=COC(=O)N1CC1=O,128.087,4,1,1,1,5,70.22999999999999,-0.42772999999999994,0
NC(=O)NC1=NC=N1,112.092,3,2,0,1,5,79.84,-0.9474,0
NC(=O)c1cnoc1,112.08799999999998,3,1,1,1,4,69.12,-0.22649999999999987,0
N=C(C=O)OC1N=C1O,128.087,4,2,2,1,5,82.74000000000001,-0.5246300000000002,1
NC1=CC(=O)C(O)=N1,112.088,3,2,0,1,4,75.68,-0.6743000000000001,0
N=C(O)C1=C(C=O)O1,113.07199999999997,3,2,2,1,4,73.67999999999999,-0.03763000000000005,0
Cc1[nH]nnc1CO,113.11999999999999,3,2,1,1,4,61.8,-0.39458000000000004,0
C#Cc1[nH]nnc1N,108.10400000000001,3,2,0,1,4,67.59,-0.6318000000000001,0
CC1=NC(=O)C(N)=N1,111.104,3,1,0,1,4,67.81,-0.6978,0
NC1=NCOC(=O)NC1,129.11899999999997,4,2,0,1,5,76.71000000000001,-0.9590999999999998,0
CC(=O)c1n[nH]nc1N,126.11900000000001,4,2,1,1,5,84.66,-0.41050000000000003,0
N=CN1C=NC(=O)OC1,127.10299999999998,3,1,1,1,5,65.75,0.031470000000000053,0
O=C1COC(=O)C(=O)N1,129.071,4,1,0,1,5,72.47,-1.814,0
N=C1OCNC(=O)CO1,130.10299999999998,4,2,0,1,5,71.41,-0.9583300000000003,0
N=C1COC(=N)OCO1,130.103,5,2,0,1,5,75.39,-0.08066000000000012,0
N=C1CC(=O)C(=N)O1,112.08799999999998,4,2,0,1,4,74.00000000000001,-0.06966,0
Nc1cnoc1NC=O,127.10299999999998,4,2,2,1,5,81.15,-0.1749,0
CC(=O)C1=NN=C1N,111.10400000000001,4,1,1,1,4,67.81,-0.6978,0
N=C1NCC(O)N=CO1,129.119,4,3,0,1,5,77.7,-1.11233,1
CNC(=O)n1cnnc1,126.119,4,1,0,1,5,59.81,-0.5344000000000002,0
C=Cn1oc(=O)oc1=N,128.087,5,1,1,1,5,72.13,-0.38572999999999996,0
N=CN1CC(=O)C(=N)O1,127.10299999999998,4,2,1,1,5,77.24000000000001,-0.61296,0
CN1CON(C=O)C1=N,129.119,3,1,1,1,5,56.63,-0.78593,0
N=c1nc[nH]nc1CO,126.11899999999999,4,3,1,1,5,85.65,-1.22353,0
N=c1[nH]c(=O)nco1,113.076,4,2,0,1,5,82.74,-1.15763,0
Cc1nonc1NC=O,127.10299999999998,4,1,2,1,5,68.02000000000001,-0.053680000000000117,0
N=C1N=CN=C1CN,110.12,3,2,1,1,4,74.59,-0.59473,0
CC(=N)OC1=NNC1=O,127.103,4,2,0,1,5,74.53999999999999,-0.5565300000000002,0
N=CN1C=NC(C=O)N1,126.11899999999997,4,2,2,1,5,68.55,-1.0330300000000001,1
Cc1nnc(CO)nc1N,140.146,5,2,1,1,5,84.92,-0.7454800000000001,0
CNC1=CC(=N)N=C1O,125.131,2,3,1,1,4,68.47,0.037069999999999936,0
N=c1oncc(=O)n1N,128.09099999999998,6,2,0,1,6,97.89999999999999,-1.9704300000000003,0
C#Cc1n[nH]c(=N)n1N,123.119,4,3,0,1,5,83.48,-1.61423,0
COC(=O)C1=NN=C1O,128.08700000000002,4,1,1,1,5,71.25,-0.5145000000000002,0
N=CN1OCCOC1=O,130.103,4,1,1,1,5,62.62000000000001,-0.022729999999999917,0
N=C1NC(CO)=NCO1,129.119,4,3,1,1,5,77.7,-1.11073,0
CN=C1N=C(N)C(=O)O1,127.103,4,1,0,1,5,77.04,-1.1138,0
CN=C1ON=C(N)C1=N,126.119,5,2,0,1,5,83.82,-0.66313,0
CCn1cnc(=N)nn1,125.135,5,1,1,1,5,67.45,-0.8275300000000003,0
N#CC(=N)N1COC=N1,124.103,4,1,0,1,5,72.47,-0.27974999999999994,0
N=Cn1cc(C(=O)O)[nH]1,127.10299999999998,3,3,2,1,5,81.87,-0.030429999999999957,0
NC(=O)C1=NC(O)=N1,113.076,3,2,1,1,5,88.04,-1.2022000000000002,0
CC(=O)n1ncc(N)n1,126.119,5,1,0,1,5,73.8,-0.47959999999999997,0
C#CC(=O)C1=NC(=N)N1,121.099,2,2,1,1,4,65.31,-0.87483,0
CC1(OC=O)COC(=N)N1,144.13000000000002,4,2,2,1,5,71.41,-0.5698300000000001,1
NC(=O)C1N=COCO1,130.10299999999998,4,1,1,1,5,73.91000000000001,-1.1696,1
O=C1N=CN=C1NO,113.07599999999998,4,2,0,1,5,74.05,-1.0677999999999999,0
Cn1c(N)nnc1C=O,126.11899999999999,5,1,1,1,5,73.80000000000001,-0.7902,0
Cn1cnc(=O)c(N)n1,126.119,5,1,0,1,5,73.8,-1.2425000000000004,0
COC1=NC(=N)N=C1O,127.103,2,2,0,1,5,78.03,-0.06383000000000005,0
N=CN1C=NCOC1=O,127.10299999999998,4,1,1,1,5,65.75,0.03146999999999994,0
CC(=O)C1=NC(=N)N=N1,124.10300000000001,3,1,1,1,5,78.0,0.3744700000000001,0
N#CC1N=NCC(=N)O1,124.103,5,1,0,1,5,81.59,0.29575,1
NC1=NN=C1CC=NC=O,138.13,4,1,3,1,5,80.16999999999999,-0.6695,0
N=C1NCC(=O)N=CO1,127.103,3,2,0,1,5,74.54,-0.9041300000000001,0
CC1=NN=C(C=O)C1=N,123.11499999999998,4,1,1,1,4,65.64,0.035570000000000046,0
CC1CNC(=N)N=CO1,127.14699999999999,2,2,0,1,4,57.47,-0.0422300000000001,1
NC1=NC(=O)N=C1CO,127.10299999999998,3,2,1,1,5,88.04,-1.0895000000000001,0
CC(O)C1=NN=C1O,114.104,3,2,1,1,4,65.18,-0.30670000000000003,1
CC(=O)c1nnc(N)[nH]1,126.11900000000001,4,2,1,1,5,84.66,-0.41050000000000003,0
COc1cnncc1N,125.131,4,1,1,1,4,61.03,0.06740000000000002,0
Cn1cnc(=O)nc1N,126.119,5,1,0,1,5,73.8,-1.2425000000000004,0
Cc1nonc1CO,114.10399999999998,4,1,1,1,4,59.150000000000006,-0.12968000000000007,0
N=CC1=C(N)N=C1CN,124.14700000000002,4,3,2,1,4,88.25,-0.7804300000000002,0
CN=C1N=C(CO)N=C1N,140.146,4,2,1,1,5,83.33,-1.2237,0
CC1NC(=O)NC(=O)O1,130.10299999999998,3,2,0,1,5,67.43,-0.21819999999999984,1
CN=C1C=C(N)OC1=O,126.115,4,1,0,1,4,64.68,-0.5859000000000001,0
N=C1OCOC1=NC=O,128.087,4,1,1,1,5,71.74000000000001,-0.47713000000000005,0
CN=C1N=CC(F)=[N+]1[O-],129.094,2,0,0,1,5,50.78999999999999,-0.06509999999999994,0
N=C1NCC(=O)C(=N)N1,126.119,3,4,0,1,5,88.83000000000001,-1.3396600000000003,0
N=CN1OCCNC1=O,129.119,3,2,1,1,5,65.42000000000002,-0.4497299999999999,0
N[N+]C1=NC(=O)C=N1,111.08399999999999,3,1,0,1,5,81.91000000000001,-1.5684999999999996,0
N=C1ON=C1NCC=O,127.10299999999998,5,2,2,1,5,74.53999999999999,-0.9041300000000003,0
N=c1onnc(N)c1C=O,140.102,6,2,1,1,6,105.86000000000001,-1.05623,0
N=CN1COC(=N)OC1,129.11899999999997,4,2,1,1,5,69.4,-0.2079600000000001,0
CC(O)C1=CN=NC1=N,125.131,3,2,1,1,4,68.80000000000001,0.6941700000000001,1
N=C(N)N1C=NCC1=O,126.11899999999999,3,2,0,1,5,82.53999999999999,-1.24963,0
N=C1CNC(=O)N=CO1,127.10299999999998,3,2,0,1,5,74.54,-0.26823000000000013,0
NC1=NC=C1C(=O)O,112.08799999999998,3,2,1,1,4,75.67999999999999,-0.6742999999999999,0
CC(=O)C1=NC=NC1=N,123.115,3,1,1,1,4,65.64,0.035570000000000046,0
NC1=C(N)C(=O)C=N1,111.10399999999998,4,2,0,1,4,81.47,-1.2736000000000003,0
CC(=O)C1=NC(=N)O1,112.088,3,1,1,1,4,62.510000000000005,-0.06112999999999996,0
CC(=O)n1ncc(=N)[nH]1,126.11899999999999,4,2,0,1,5,74.53,-0.6492300000000002,0
N=Cc1nncc(=N)o1,124.10299999999998,5,2,1,1,5,86.62,-0.45325999999999994,0
N=C(O)C1(CO)COC1=N,144.13,4,4,2,1,5,97.39000000000001,-0.4921600000000001,1
COC(=N)c1ncc(O)o1,142.11399999999998,5,2,1,1,5,79.34,0.35196999999999995,0
O=CN=C1OC(O)C1=O,129.07099999999997,4,1,1,1,5,75.96000000000001,-1.5410000000000001,1
Nc1nc(C=O)n(O)c1O,143.10199999999998,6,3,1,1,6,101.37,-0.7793000000000003,0
Nc1[nH]nnc1C=O,112.09199999999998,4,2,1,1,5,84.66,-0.8006000000000004,0
COc1noc(N)nc1=O,143.102,6,1,1,1,6,91.24000000000001,-0.9794,0
N=CC(=O)C1OCOC1=N,142.114,5,2,2,1,5,83.23000000000002,-0.44476,1
N=C1OCC(=O)OC1=N,128.087,5,2,0,1,5,83.22999999999999,-0.48566000000000015,0
N=C1COC(=O)NC1=O,128.087,4,2,0,1,5,79.25,-0.7274300000000002,0
CN=C1N=C(O)N=C1O,127.10299999999998,2,2,0,1,5,77.54,-0.10119999999999985,0
N=CC1=NC(N)=NC1=O,124.10300000000001,4,2,1,1,5,91.66,-1.0681300000000002,0
COC1=NNC(=N)C1=N,126.11899999999999,4,3,0,1,5,81.32,-0.45346000000000036,0
Cc1nc(=O)on1C=O,128.087,5,0,1,1,5,65.1,-0.81698,0
CC(N)C1=NN=C1N,112.13600000000001,4,2,1,1,4,76.75999999999999,-0.9396,1
Nc1ncc(N)c(=O)o1,127.103,5,2,0,1,5,95.14,-0.8008,0
N=C1OC=CNC(O)O1,130.10299999999998,5,3,0,1,5,74.57000000000001,-0.6953300000000004,1
N#CC(=N)c1cn[nH]n1,121.103,4,2,1,1,5,89.21,-0.3038500000000001,0
C#Cc1nc(O)no1,110.07199999999999,4,1,0,1,4,59.150000000000006,-0.24350000000000005,0
N=C1N=C(N)OC1=O,113.076,4,2,0,1,5,88.53,-1.16483,0
N=C1OCNC(=O)CO1,130.10299999999998,4,2,0,1,5,71.41,-0.9583300000000003,0
N#CC(N)c1ncno1,124.103,5,1,1,1,5,88.73,-0.40701999999999994,1
Cn1nc(N)nc1C=O,126.119,5,1,1,1,5,73.80000000000001,-0.7902,0
CN=C1OC(=N)C(=O)O1,128.087,5,1,0,1,5,71.74,-0.47713,0
COC(=O)C1=NNC1=N,127.10300000000001,4,2,1,1,5,74.53999999999999,-0.9041300000000001,0
COC1=NN=CC1=N,111.10399999999998,4,1,0,1,4,57.800000000000004,0.05046999999999996,0
COc1cn[nH]c(=N)n1,126.119,4,2,1,1,5,74.65,-0.70723,0
CN=C1OC(=O)N=C1O,128.087,3,1,0,1,5,71.25,0.12140000000000001,0
N#CCC1=NC(=O)N=C1O,137.098,2,1,1,1,5,85.81,0.43118000000000006,0
CC(=O)NOC1=CC=N1,126.11499999999998,3,1,2,1,4,50.69,-0.02009999999999995,0
CN=C1N=C(N)C=[N+]1[O-],126.119,3,1,0,1,5,76.80999999999999,-1.0758999999999999,0
N=CN1OCCOC1=N,129.119,4,2,1,1,5,69.4,-0.2079600000000001,0
O=CN1CC(=NO)CO1,130.103,4,1,1,1,5,62.13000000000001,-0.7798,0
CNC(=O)c1cnn[nH]1,126.119,3,2,1,1,5,70.67,-0.8357000000000003,0
N=C1NC(=O)CC(=O)O1,128.087,4,2,0,1,5,79.25000000000001,-1.0157300000000002,0
N=C1COC(=N)OCN1,129.119,4,3,0,1,5,78.19,-0.5076600000000002,0
N=C1NCNC(=O)CO1,129.119,3,3,0,1,5,74.21000000000001,-1.3853300000000002,0
N=C1C=C(O)N=C1O,112.08799999999998,3,3,0,1,4,76.67,0.37567,0
N=C1OCC(=O)C(=N)O1,128.087,5,2,0,1,5,83.23,-0.48566000000000015,0
COC1=CC(=N)NC1=N,125.131,3,3,1,1,4,68.96000000000001,0.07444000000000023,0
N=C1C=NN=C1C=O,109.08799999999998,4,1,1,1,4,65.64,-0.35453,0
COC1=C(O)C(=N)N=N1,127.103,4,2,1,1,5,78.03,0.80297,0
N=Cn1c(CO)n[nH]c1=O,142.118,5,3,2,1,6,94.75999999999999,-1.4811300000000005,0
COC1=NC(=N)NC1=O,127.103,3,2,0,1,5,74.53999999999999,-0.9041300000000003,0
COC1=CN=C1NC=O,126.11499999999998,3,1,2,1,4,50.69,-0.3677000000000001,0
CC1=NC(=N)C(CN)=N1,124.147,3,2,1,1,4,74.59,-0.20462999999999998,0
N=C1N=C(CN)N=C1N,125.13500000000002,4,3,1,1,5,100.61,-1.3083299999999998,0
NCc1nc(=O)nc[nH]1,126.11899999999999,4,2,1,1,5,84.66,-1.3763999999999996,0
N=C1NCC(=O)C(=O)O1,128.087,4,2,0,1,5,79.25000000000001,-1.36333,0
N=C1NC(=N)C(=O)O1,113.076,4,3,0,1,5,86.03000000000002,-0.95516,0
CC(=O)n1cnc(N)n1,126.11900000000001,5,1,0,1,5,73.8,-0.47959999999999997,0
CC(N)=NC1OC(=N)O1,129.11899999999997,4,2,1,1,5,80.69000000000001,-0.3713300000000003,0
N=C1OCNC(=O)CO1,130.10299999999998,4,2,0,1,5,71.41,-0.9583300000000003,0
N=C1NC(=O)NCCO1,129.119,3,3,0,1,5,74.21000000000001,-0.74943,0
N=C1COC(=N)C(=N)O1,127.103,5,3,0,1,5,90.01,-0.034989999999999966,0
N=C1N=COC(=O)CO1,128.087,4,1,0,1,5,71.74,-0.47713000000000005,0
N=CC1NC(=O)C1O,114.10399999999998,3,3,1,1,4,73.18,-1.5047300000000001,2
CC1=C(C=N)C(=N)N=N1,122.131,3,2,1,1,4,72.42,1.35304,0
O=CC1NC(=O)NC1=O,128.087,3,2,1,1,5,75.27000000000001,-1.6067,1
CC(O)C1=NC(=N)N=N1,126.11900000000001,3,2,1,1,5,81.16000000000001,0.16626999999999992,1
CC1=NC(=N)N=C1N,110.12,2,2,0,1,4,74.59,-0.24712999999999996,0
N=c1nc(C=O)cno1,125.08699999999997,5,1,1,1,5,79.84,-0.63843,0
Cn1cc(N)nc1N,112.13600000000002,4,2,0,1,4,69.86,-0.41550000000000015,0
C#CC1(O)NCC(=N)O1,126.115,4,3,0,1,4,65.34,-1.1372300000000004,1
N=CN1CNC(=O)OC1,129.11899999999997,3,2,1,1,5,65.42,-0.44972999999999996,0
CC(=O)C1=NC(N)=N1,111.10400000000001,4,1,1,1,4,67.81,-0.6978,0
CN=C1N=NC(=O)N1,112.09199999999998,2,1,0,1,5,66.17999999999999,0.14760000000000006,0
N=Cc1nnn[nH]c1=N,124.107,5,3,1,1,6,102.16,-1.32316,0
N=c1oc(N)ncc1C=O,139.114,5,2,1,1,5,92.97,-0.45123000000000024,0
O=c1cnc(CO)no1,128.087,5,1,1,1,5,76.22,-1.0779,0
NC1=CC(=O)N=C1N,111.10400000000001,3,2,0,1,4,81.47,-1.2736000000000003,0
Nc1cnc(CO)nn1,126.119,5,2,1,1,5,84.92,-1.0539,0
N=C1N=CC(C(=N)O)=N1,124.103,2,3,1,1,5,92.65,-0.018159999999999954,0
N=C1COC(=N)NCO1,129.119,4,3,0,1,5,78.19,-0.5076600000000002,0
N=C1C(C=O)=CN=C1N,123.11500000000001,4,2,1,1,4,79.3,-0.5402300000000002,0
CN=C1N=CN=C1CO,125.13099999999999,3,1,1,1,4,57.31,-0.5101,0
CC1(O)OC(=N)C1=O,115.088,4,2,0,1,4,70.38,-0.7285300000000001,1
COC1=NC(N)=NC1=O,127.10300000000001,4,1,0,1,5,77.03999999999999,-1.1138000000000001,0
N=C1OCN=CNC(=O)O1,143.10199999999998,5,2,0,1,6,83.77,-0.33663000000000015,0
N=C1COC(=O)CCO1,129.115,4,1,0,1,4,59.379999999999995,-0.07282999999999995,0
COC1=NC(=N)OC1=O,128.087,4,1,0,1,5,71.74000000000001,-0.47713,0
NCC1=C(N)C(=O)N=N1,126.119,4,2,1,1,5,93.83,-0.8922000000000001,0
COC1=NC(N)=NC1=N,126.11900000000001,4,2,0,1,5,83.82,-0.66313,0
Cc1cnoc(=O)c1N,126.115,4,1,0,1,4,69.12,-0.07458000000000009,0
CC1=NC(=N)N=C1N,110.12,2,2,0,1,4,74.59,-0.24712999999999996,0
N=CN1C=NC(=O)CO1,127.10299999999998,3,1,1,1,5,65.75,-0.60443,0
N=CC1NC(=O)NC1=O,127.103,3,3,1,1,5,82.05000000000001,-1.15603,1
N=c1nc(C=O)[nH]nc1N,139.11799999999997,5,3,1,1,6,108.50999999999999,-1.3211300000000004,0
N=C1COC(=O)NCN1,129.119,3,3,0,1,5,74.21,-0.7494300000000003,0
N=C1N=C(N)C(=O)O1,113.076,4,2,0,1,5,88.53000000000002,-1.16483,0
NCCN1C(=O)OC1=O,130.10299999999998,4,1,2,1,5,72.63,-0.4826999999999997,0
CN=c1[nH]c(C=O)no1,127.10299999999998,4,1,1,1,5,71.25,-0.6543000000000003,0
N=C1NC(C(N)=O)O1,115.09200000000001,3,3,1,1,5,88.2,-1.6476300000000004,1
CN=C(O)c1ncon1,127.103,4,1,1,1,5,71.51,0.00400000000000017,0
NC1=CN=C(N)C1=NC=O,138.13,4,2,1,1,5,93.82999999999998,-1.2452999999999999,0
CC(=O)C1=CN=NC1=N,123.115,3,1,1,1,4,65.64,0.9023699999999999,0
N=C1C=C(O)NC1=O,112.08799999999998,3,3,0,1,4,73.18,-0.46463000000000004,0
O=C1C=NC(CO)=N1,112.088,3,1,1,1,4,62.019999999999996,-1.0118,0
N=C1ON=C(CO)C1=N,127.10299999999998,5,3,1,1,5,89.52000000000001,-0.6380600000000003,0
NC1(C=NO)NCC1=O,129.119,5,3,1,1,5,87.71000000000001,-1.7263000000000006,1
N=C(N)NC1(C=O)CO1,129.119,3,3,2,1,5,91.5,-1.6051299999999997,1
CC(O)C1=NN=C1N,113.12000000000002,4,2,1,1,4,70.97,-0.9060000000000001,1
COc1[nH]nnc1C=N,126.119,4,2,2,1,5,74.65,-0.1890300000000002,0
CC1=C(N)N=NC1=N,110.12,3,2,0,1,4,74.59,0.6196700000000002,0
CN=C1N=CN=C1N,110.12,3,1,0,1,4,63.099999999999994,-0.5861999999999998,0
N=CN1CCC(=O)OC1,128.13099999999997,3,1,1,1,4,53.39,-0.20013000000000014,0
N=CC1NC(=N)OC1=O,127.103,4,3,1,1,5,86.03,-0.9142600000000003,1
O=C1N=C(CO)N=C1O,128.087,3,2,1,1,5,82.25,-1.1261,0
C#Cc1onc(N)[n+]1[O-],125.087,4,1,0,1,5,78.99,-1.1285,0
N=C1OCCOC(=O)O1,131.087,5,1,0,1,5,68.61,0.10457000000000011,0
N=C(O)n1ccc(=N)o1,127.10299999999998,4,3,0,1,5,86.0,-0.09856000000000015,0
N=C1N=C(N)OC1=O,113.076,4,2,0,1,5,88.53,-1.16483,0
Cc1nnc(CO)nc1N,140.146,5,2,1,1,5,84.92,-0.7454800000000001,0
N=C1N=C(N)N=C1C=O,124.103,4,2,1,1,5,91.66,-1.06813,0
N=C1N=C(C(=N)N)O1,112.092,3,3,1,1,5,95.31,-0.7141600000000001,0
N=C1OC(=N)C(=NO)O1,129.075,6,3,0,1,6,98.75,-0.26705999999999996,0
Nc1c[n+]([O-])c(N)cn1,126.119,4,2,0,1,5,91.86999999999999,-1.1206,0
CN=C1ON=C(N)C1=O,127.103,5,1,0,1,5,77.03999999999999,-1.1138,0
N=C1N=NC(CCO)=N1,126.119,3,2,2,1,5,81.16,0.16787000000000007,0
N=C1OC=NC(C=O)O1,128.087,5,1,1,1,5,71.74,-0.4787300000000001,1
N=C1OCNC(=O)CO1,130.10299999999998,4,2,0,1,5,71.41,-0.9583300000000003,0
N=COc1nc(N)no1,128.091,6,2,2,1,6,98.02,-0.3623300000000002,0
CNc1nn[nH]c1C=O,126.11899999999999,4,2,2,1,5,70.67,-0.34110000000000035,0
O=CC1NCNC(=O)N1,129.119,3,3,1,1,5,70.23,-1.6286999999999994,1
N=CN1C=CNC(=O)O1,127.10299999999998,3,2,1,1,5,65.42,0.021469999999999934,0
NC(=O)c1nc(N)no1,128.091,5,2,1,1,6,108.03,-1.2492999999999999,0
CNC1=NC(=O)N=C1N,126.119,3,2,0,1,5,79.84,-0.9049,0
N=C1N=C(N)C(N)=N1,111.10800000000002,3,3,0,1,5,100.61,-1.3508299999999998,0
N=C1N=C(C(N)=O)O1,113.076,3,2,1,1,5,88.53000000000002,-1.1648300000000003,0
N=C1NC(=O)CC(=O)O1,128.087,4,2,0,1,5,79.25000000000001,-1.0157300000000002,0
O=Cc1ncn[nH]c1=O,125.08699999999999,4,1,1,1,5,75.71000000000001,-1.0226,0
N=C1OCC(=O)OC1=O,129.071,5,1,0,1,5,76.44999999999999,-0.9363300000000001,0
COC1=NNC(=O)C1=N,127.10299999999998,4,2,0,1,5,74.53999999999999,-0.9041300000000001,0
NC1=NC=NC1=O,97.07699999999998,3,1,0,1,4,67.81,-1.0879,0
O=C1NCNC(=O)O1,116.07599999999998,3,2,0,1,5,67.43,-0.6067,0
COC1=NN=C1CO,114.10399999999998,4,1,1,1,4,54.18000000000001,-0.6068,0
N=C1OCC(=O)OC1=N,128.087,5,2,0,1,5,83.22999999999999,-0.48566000000000015,0
C#Cc1c[nH]c(=N)nn1,120.115,3,2,0,1,4,65.42,-0.7345300000000001,0
N=C1N=C(N)C(=O)O1,113.076,4,2,0,1,5,88.53000000000002,-1.16483,0
O=Cc1onnc1CO,128.087,5,1,2,1,5,76.22,-0.6255999999999999,0
Nc1[nH]ncc1C(=O)O,127.10299999999997,3,3,1,1,5,92.00000000000001,-0.30990000000000056,0
NCC(=O)C1=NC(N)=N1,126.11900000000001,5,2,2,1,5,93.83,-1.7589999999999995,0
N=CNc1ncc(N)o1,126.119,4,3,2,1,5,87.93,0.27577,0
CC1(C=O)NC(=N)O1,114.104,3,2,1,1,4,62.18000000000001,-0.54393,1
N#COC1=NC(=N)OCN1,140.102,5,2,0,1,6,90.49,-0.64785,0
N=CN1C(=N)OC1C=O,127.10299999999997,4,2,2,1,5,77.24000000000001,-0.6145600000000002,1
N=C1N=NC=C1CO,111.10399999999998,3,2,1,1,4,68.8,0.30566999999999994,0
CN1OCC(=N)OC1=N,129.119,4,2,0,1,5,69.4,-0.20796000000000003,0
CC1=NC(F)=NC1=N,113.095,2,1,0,1,4,48.57,0.7636700000000001,0
Cc1n[nH]nnc1=NC#N,136.118,5,1,0,1,6,90.60999999999999,-1.1101,0
N#CC1=NC(N)=NC1=O,122.087,4,1,0,1,5,91.6,-1.19412,0
N=C1CC(=N)C(=N)N1,110.11999999999999,3,4,0,1,4,83.58000000000001,-0.04599000000000003,0
N=C1NC(=N)C(=O)O1,113.076,4,3,0,1,5,86.03000000000002,-0.95516,0
O=CC1=NC(=O)C(O)=N1,126.07099999999998,3,1,1,1,5,79.09,-0.9195000000000002,0
N=C1NC(=O)OC1ON,131.09099999999998,5,3,1,1,6,97.43,-1.0801299999999998,1
C#Cc1nn[nH]c1N=O,122.08699999999999,4,1,1,1,5,71.0,0.18389999999999995,0
N=C1N=CNCN=CO1,126.11899999999999,4,2,0,1,5,69.83,-0.44493000000000005,0
N=C1OC(=N)C(=O)O1,114.05999999999999,5,2,0,1,5,83.23,-0.5281600000000002,0
N=C1N=COCC(=O)O1,128.087,4,1,0,1,5,71.74,-0.47713000000000005,0
N=C1NCC(C(=N)O)O1,129.119,3,4,1,1,5,89.19000000000001,-0.5551600000000001,1
O=CC(=O)C1=NC(O)=C1,125.08299999999998,4,1,2,1,4,66.73,-0.39159999999999995,0
N=CN1OCNCC1=O,129.119,4,2,1,1,5,65.42000000000002,-1.0856299999999999,0
CN=C1C=NOC1=N,111.10399999999998,4,1,0,1,4,57.800000000000004,0.05046999999999996,0
N#CCn1nncc1N,123.119,5,1,1,1,5,80.52,-0.6161200000000002,0
N=C1N=C(N)C(C=O)=N1,124.103,3,2,1,1,5,91.66000000000001,-1.06813,0
N=C1OCC(=O)C(=N)O1,128.087,5,2,0,1,5,83.23,-0.48566000000000015,0
N=C1NC(=O)CN=CO1,127.103,4,2,0,1,5,74.54,-0.9041300000000001,0
N=CCC1=NN=NC1=N,123.11900000000001,4,2,2,1,5,84.78,0.82514,0
N#CN=C1N=CC(N)=N1,121.10300000000001,3,1,0,1,5,86.89,-0.73492,0
COc1n[nH]cc1N,113.11999999999999,3,2,1,1,4,63.92999999999999,0.0004999999999998339,0
N=C1OC(C(=N)O)C1O,130.103,4,4,1,1,5,97.39,-0.7413600000000002,2
Cc1n[nH]c(O)nc1=N,126.11899999999999,4,3,0,1,5,85.65,-0.7018100000000003,0
COc1ncc(NCO)[nH]1,143.14600000000002,4,3,3,1,5,70.16999999999999,-0.22000000000000025,0
N=C1CNC(O)C(=O)O1,130.10299999999998,5,3,0,1,5,82.41000000000001,-1.5715300000000003,1
N=C1OCC(=O)C(=N)O1,128.087,5,2,0,1,5,83.23,-0.48566000000000015,0
COc1n[nH]nc1C#N,124.103,4,1,1,1,5,74.59,-0.31502000000000013,0
COC1=NN=C1COC#N,139.11399999999998,5,0,2,1,5,66.97,-0.10142000000000007,0
COc1cn[nH]c(=O)n1,127.103,4,1,1,1,5,67.87,-0.8265,0
N=CN1COC(=O)C1=N,127.10299999999998,4,2,1,1,5,77.24000000000001,-0.6129600000000004,0
Cc1noc(=N)c(=N)o1,127.103,5,2,0,1,5,86.87,-0.46504000000000006,0
CC(O)C1=NC(=N)N=N1,126.11900000000001,3,2,1,1,5,81.16000000000001,0.16626999999999992,1
N=c1onc(N)n1CO,130.10700000000003,6,3,1,1,6,101.06000000000002,-1.5124300000000002,0
N=C1C=NC(O)=C1O,112.08799999999998,4,3,0,1,4,76.67,0.37567,0
N=C1CC(N)NC(=O)N1,128.135,3,4,0,1,5,91.0,-1.0486299999999995,1
N=C1NC(=O)OC=C(N)O1,143.102,5,3,0,1,6,97.43,-0.5648299999999999,0
N=C1OCC(=O)NC1=O,128.087,4,2,0,1,5,79.25,-1.36333,0
O=Cc1n[nH]c(O)n1,113.07599999999998,4,2,1,1,5,78.87,-0.6772000000000001,0
CN=c1c(N)nc1=N,110.12,4,2,0,1,4,75.12,-1.4506299999999994,0
CN=C1N=CN=C1C=N,122.13099999999999,3,1,1,1,4,60.93,0.14717000000000008,0
N=C1CN=C(OC=O)O1,128.087,5,1,1,1,5,71.74,-0.47713000000000005,0
Cc1nc(NC#N)no1,124.103,5,1,1,1,5,74.74000000000001,0.2709999999999999,0
N=C1NC=C1OC(=O)O,128.087,3,3,1,1,5,82.41,0.10287000000000002,0
N=C1NC(C=O)=NC1=O,125.08699999999999,3,2,1,1,5,82.38,-1.3091300000000001,0
COc1ncnnc1N,126.11900000000001,5,1,1,1,5,73.92,-0.5376000000000001,0
NC(=O)C1=CN=C1N,111.104,3,2,1,1,4,81.47,-1.2736000000000003,0
COC1=NC(N)=NC1=N,126.11900000000001,4,2,0,1,5,83.82,-0.66313,0
N=C1N=C([O-])N=C1C=O,124.07899999999998,4,1,1,1,5,88.69999999999999,-1.66653,0
N=C1N=NC(C=O)=C1N,124.103,4,2,1,1,5,91.66,-0.2013299999999999,0
Nc1coc(=O)nc1N,127.10300000000001,5,2,0,1,5,95.14,-0.8008,0
N=COC1CN=CNC=N1,140.146,5,2,2,1,5,69.83,-0.4040300000000001,1
N=C1N=CN=C1C=NCO,138.13,4,2,2,1,5,81.16,-0.5328300000000001,0
N=Cn1cc(O)c(N)n1,126.119,5,3,1,1,5,87.92,-0.37393000000000004,0
N=CN1C=CC(C(=N)O)O1,141.12999999999997,3,3,2,1,5,80.4,0.25824,1
CC(=O)C1=NC(=O)N1,112.088,2,1,1,1,4,58.53,-0.3028999999999999,0
COC1=NN=C(N)C1=O,127.103,5,1,0,1,5,77.03999999999999,-1.1138000000000001,0
N=C1CC(N)NC(=O)N1,128.135,3,4,0,1,5,91.0,-1.0486299999999995,1
N=C(O)C(=O)N1CN1,115.092,3,3,0,1,5,86.1,-1.1740300000000001,0
CC1=NC(N)=NC1=N,110.12,3,2,0,1,4,74.59,-0.24712999999999996,0
N=C1C=NC(NC=O)=N1,124.103,3,2,1,1,5,77.67,-0.8499300000000001,0
NC=C1NN=C1C=O,111.10399999999998,4,2,1,1,4,67.47999999999999,-1.0554000000000001,0
C#CCc1nc(N)no1,123.11500000000001,4,1,1,1,4,64.94,-0.1725,0
N=C1N=C(CO)N=C1N,126.119,4,3,1,1,5,94.82,-1.2747300000000001,0
N=Cn1cc(N)nc1O,126.119,5,3,1,1,5,87.92,-0.37392999999999993,0
N=CN1C=NCC(=O)O1,127.10299999999998,4,1,1,1,5,65.75,-0.6044300000000002,0
COC1=C(N)C(O)=N1,114.104,3,2,1,1,4,67.84,-0.26929999999999993,0
CC(O)N1N=C(O)C1=O,130.10299999999998,3,2,1,1,5,73.13,-0.9616,1
CC(N)N1C=NC1=O,113.11999999999999,2,1,1,1,4,58.69,-0.24499999999999983,1
N=Cc1nncoc1=N,124.10299999999998,5,2,1,1,5,86.62,-0.45326000000000016,0
COC1=NC(=O)C(N)=N1,127.10300000000001,4,1,0,1,5,77.03999999999999,-1.1138000000000003,0
O=C1NCCOC(=O)N1,130.103,3,2,0,1,5,67.42999999999999,-0.5642,0
N=COC1=NN=C1C=N,124.103,5,2,2,1,5,81.65,0.027739999999999987,0
Cc1[nH]c(=O)oc1O,115.08799999999998,3,2,0,1,4,66.23,-0.018080000000000096,0
CC1=NC(=N)C(NC=O)=N1,138.12999999999997,3,2,1,1,5,77.67,-0.4598300000000002,0
N=C(N)C(=N)NC1=CN1,125.13499999999999,3,5,1,1,5,107.69,-1.1086600000000002,0
N=C1OC(=O)NC1=O,114.05999999999999,4,2,0,1,5,79.25,-0.7699300000000002,0
N=CC1NC(=O)C(=N)O1,127.103,4,3,1,1,5,86.03000000000002,-0.9142600000000001,1
N=c1[nH]n(C=O)c(=O)o1,129.075,5,2,1,1,6,91.85000000000001,-1.7128300000000005,0
O=CN1C=NCOC=N1,127.103,4,0,1,1,5,54.260000000000005,-0.5959000000000001,0
N=COC1=NC=NC1=N,124.103,4,2,1,1,5,81.65,0.027739999999999987,0
NC1=NC(CO)=NC1=O,127.10299999999998,4,2,1,1,5,88.03999999999999,-1.7254,0
CC(=O)OC1NCC1=N,128.131,4,2,1,1,4,62.18,-0.50143,1
COC1=NNC(=N)C1=N,126.11899999999999,4,3,0,1,5,81.32,-0.45346000000000036,0
CN=C1N=C(N)C(=O)N1,126.119,3,2,0,1,5,79.84,-1.540799999999999,0
N=C1NCN=CN=CO1,126.11899999999999,4,2,0,1,5,69.83,-0.44493000000000005,0
N=CN1CN=COC1=N,126.11899999999997,4,2,1,1,5,72.53,-0.15376000000000006,0
N=C1NCC(=O)OCO1,130.103,4,2,0,1,5,71.41000000000001,-0.9583300000000001,0
CC(O)c1cnnn1N,128.13500000000002,5,2,1,1,5,76.96000000000001,-0.9548000000000001,1
CN=C1N=C(N)N=C1O,126.119,3,2,0,1,5,83.33,-0.7004999999999997,0
N=C1OC(=N)C(C=O)O1,128.087,5,2,1,1,5,83.23,-0.48726000000000025,1
N=CC1=C(O)N=C1CO,126.11499999999998,4,3,2,1,4,76.67,-0.14752999999999994,0
N#CCN1COCC1=O,126.11499999999998,3,0,1,1,4,53.330000000000005,-0.6737200000000001,0
N=c1occ(N)c(=N)o1,127.10300000000001,5,3,0,1,5,100.00000000000001,-0.5862600000000002,0
CC(=O)n1ncc(N)n1,126.119,5,1,0,1,5,73.8,-0.47959999999999997,0
N=C1COCOC(=O)N1,130.103,4,2,0,1,5,71.41,-0.32242999999999994,0
NC1=C(C(N)C=O)N1,113.11999999999999,4,3,2,1,4,91.05,-1.7564000000000004,1
N=C(C=O)N1NCC1O,129.119,4,3,1,1,5,76.42,-1.6988300000000003,1
N=C1NCOC(=N)C1=O,127.103,4,3,0,1,5,86.03,-0.91266,0
N=C1COC(=N)N1C=O,127.103,4,2,1,1,5,77.24000000000001,-0.6129600000000002,0
N=C1COC(=N)C(=N)O1,127.103,5,3,0,1,5,90.01,-0.034989999999999966,0
N#CCc1nonc1N,124.10300000000001,5,1,1,1,5,88.73,-0.28212000000000004,0
N=c1[nH]c(=N)oc(=O)o1,129.075,5,3,0,1,6,106.83999999999999,-1.4801600000000006,0
COC1C=NC(=O)NO1,130.103,3,1,1,1,5,59.92,-0.31550000000000006,1
N=CC1=NC=NC1=N,108.104,3,2,1,1,4,72.42,0.09614,0
N#CCC1=NN=CC1=N,120.115,4,1,1,1,4,72.36,0.36025,0
N=C(N)c1nc1=O,97.077,3,2,1,1,4,79.83000000000001,-1.39853,0
N=C1C=C(O)NC1=O,112.08799999999998,3,3,0,1,4,73.18,-0.46463000000000004,0
Nc1ncc(C=O)o1,112.08799999999998,4,1,1,1,4,69.12,0.06930000000000003,0
N=CC1=NC(N)=NC1=N,123.11900000000001,4,3,1,1,5,98.44,-0.6174600000000001,0
N=C1OC=NCC(=O)O1,128.087,5,1,0,1,5,71.74,-0.47713000000000005,0
N=CN1C=C1NC=O,111.10399999999998,2,2,3,1,4,55.96,-0.5460300000000002,0
N=C1COC(=N)NCO1,129.119,4,3,0,1,5,78.19,-0.5076600000000002,0
O=Cc1n[nH]c(O)n1,113.07599999999998,4,2,1,1,5,78.87,-0.6772000000000001,0
N=C1N=C(N)N=C1C=O,124.103,4,2,1,1,5,91.66,-1.06813,0
N=C1C=NOC1=NCO,127.103,5,2,1,1,5,78.03,-0.6295300000000001,0
N=CCNC1=NNC1=O,126.119,4,3,2,1,5,77.34,-1.3311300000000004,0
N=C1NCC(=O)OC1=O,128.087,4,2,0,1,5,79.25,-1.36333,0
N=c1[nH]c(O)c(CO)o1,130.10299999999998,4,4,1,1,5,93.24000000000001,-0.7149299999999998,0
CC1=NN=C(CO)C1=N,125.13099999999999,4,2,1,1,4,68.80000000000001,-0.1710299999999999,0
CN=c1ncoc(=N)o1,127.10299999999998,5,1,0,1,5,75.38,-0.7224300000000003,0
N=Cc1nocc1N,111.104,4,2,1,1,4,75.9,0.25447000000000003,0
Cc1noc(=N)c(=O)[nH]1,127.103,4,2,0,1,5,82.74000000000001,-0.8492100000000002,0
CCC1=NN=C(N)C1=O,125.13099999999999,4,1,1,1,4,67.81,-0.30770000000000003,0
N=C1NC(=O)C(=N)O1,113.076,4,3,0,1,5,86.03000000000002,-0.9551600000000002,0
Nc1[nH]cnc1C=O,111.10399999999998,3,2,1,1,4,71.77000000000001,-0.19559999999999994,0
NCC(=O)c1cn[nH]n1,126.119,4,2,2,1,5,84.66000000000001,-1.0539000000000003,0
N=C1N=C(C(=O)CN)O1,127.103,4,2,2,1,5,88.53,-1.1223299999999998,0
CNC(=O)C1=NC(=N)N1,126.119,2,3,1,1,5,77.34,-1.3311300000000001,0
Nc1cn(N)c(C=O)n1,126.119,5,2,1,1,5,86.92999999999999,-1.0084,0
CN1OCC(=O)C(=N)O1,130.103,5,1,0,1,5,62.620000000000005,-0.6586300000000003,0
CNC(=N)C(=O)N1CN1,128.13500000000002,3,3,0,1,5,77.9,-1.5126300000000001,0
N=Cc1ncoc(=N)n1,124.103,5,2,1,1,5,86.62,-0.45326000000000016,0
NC1=CC(=O)C(N)=N1,111.10400000000001,4,2,0,1,4,81.47,-1.2735999999999998,0
N=C1C=CN(N)C1=O,111.104,3,2,0,1,4,70.18,-0.7642300000000002,0
N=C1OCC(=O)C(=N)O1,128.087,5,2,0,1,5,83.23,-0.48566000000000015,0
N#CN(C=N)N1C=N1,109.092,4,1,2,1,5,66.25,-0.4495500000000001,0
Cn1nc(C=N)nc1N,125.135,5,2,1,1,5,80.58,-0.6050300000000002,0
N=C(C=O)OC1COC1=N,142.114,5,2,2,1,5,83.23000000000002,-0.44476,1
N=C1N=CC(=O)N1CN,126.11900000000001,3,2,1,1,5,82.54,-1.24963,0
N#CC1COC(=N)NCO1,141.13,4,2,0,1,5,78.13,-0.5927500000000003,1
N=C1NC(=O)C(=N)CO1,127.103,4,3,0,1,5,86.03000000000002,-0.9126600000000002,0
N=C1N=CC(C(N)=O)=N1,124.10300000000001,2,2,1,1,5,91.66000000000001,-1.06813,0
N=C1OCC=NC(=O)O1,128.087,4,1,0,1,5,71.74,0.15876999999999997,0
NC1=NC(=O)OCOC1,130.10299999999998,4,1,0,1,5,73.91,-0.5321,0
N=c1ncc(C=O)no1,125.08699999999999,5,1,1,1,5,79.84,-0.63843,0
COc1cn(N)c(N)n1,128.13500000000002,5,2,1,1,5,79.09,-0.8123000000000002,0
Nc1[nH]ncc1COC=O,141.12999999999997,4,2,3,1,5,81.0,-0.3351000000000004,0
COC1=NC(=N)N=C1N,126.11900000000001,3,2,0,1,5,83.82,-0.66313,0
NC1=NC(=O)C(C=O)=N1,125.08699999999997,4,1,1,1,5,84.88,-1.5188,0
Cc1connc1=NCO,141.13000000000002,5,1,1,1,5,71.51,-0.7714800000000002,0
N=C1NC(=N)C(=O)O1,113.076,4,3,0,1,5,86.03000000000002,-0.95516,0
NC(=O)OC1=NC=C1N,127.10300000000001,4,2,0,1,5,90.7,-0.7061,0
COC1=CN=C(N)C1=N,125.131,4,2,1,1,4,71.46000000000001,-0.13522999999999985,0
N=C1N=NC(CO)=C1N,126.119,4,3,1,1,5,94.82,-0.40793000000000007,0
Nc1ocnc1C=NCO,141.13,5,2,2,1,5,84.64,-0.3745,0
NC(=O)C1=NC(=O)O1,114.05999999999999,3,1,1,1,5,81.75000000000001,-0.9796,0
N#CCN1C=NC=NO1,124.10299999999998,5,0,1,1,5,60.980000000000004,-0.27122,0
Nc1nc(C=O)no1,113.07599999999998,5,1,1,1,5,82.01,-0.5357000000000001,0
N=C1NC(=N)C(=O)CO1,127.103,4,3,0,1,5,86.03000000000002,-0.91266,0
COC1=NC(CO)=NC1=N,141.13,4,2,1,1,5,78.03,-0.5870300000000002,0
N=C1NCC(=O)OCO1,130.103,4,2,0,1,5,71.41000000000001,-0.9583300000000001,0
N=C1OCC(=N)C(=O)CO1,142.114,5,2,0,1,5,83.23,-0.4431600000000002,0
CNC(=N)N1CC(=CO)O1,143.146,3,3,0,1,5,68.58000000000001,-0.21283000000000035,0
CC(=O)c1n[nH]c(N)n1,126.11900000000001,4,2,1,1,5,84.66,-0.41050000000000003,0
N=C1OC(=N)C(=O)O1,114.05999999999999,5,2,0,1,5,83.23,-0.5281600000000002,0
N=C(N)n1cnn1C=O,127.10699999999999,5,2,1,1,6,89.69,-1.5355299999999996,0
N=C1COC(=N)C(=O)O1,128.087,5,2,0,1,5,83.23,-0.48566000000000015,0
CNC(=O)c1nc[nH]n1,126.119,3,2,1,1,5,70.67,-0.8357000000000003,0
N=C1COC(=O)C(=N)O1,128.087,5,2,0,1,5,83.23,-0.48566000000000015,0
N=c1oc(=N)oc(=O)o1,130.059,6,2,0,1,6,104.19000000000001,-1.21526,0
N#CCC1=NC(=N)N1O,124.103,3,2,1,1,5,83.47,-0.06184999999999996,0
N=C1COC(=N)N=CO1,127.103,4,2,0,1,5,78.52,-0.026460000000000095,0
N=C1NCCC(=NO)O1,129.119,4,3,0,1,5,77.7,-0.28123000000000026,0
COC1=C(N)C(=O)C=N1,126.115,4,1,1,1,4,64.68,-0.5859000000000001,0
N=C1N=CC(N)=C1O,111.104,3,3,0,1,4,82.46000000000001,-0.22363000000000027,0
N=C1CON=COC1=N,127.10299999999998,5,2,0,1,5,78.52000000000001,-0.026460000000000095,0
N=C1C=NC(=O)N=C1N,124.10300000000001,3,2,0,1,5,91.66,-0.43223000000000006,0
N=C1NC=C1OCO,114.104,3,3,2,1,4,65.34,-0.6253300000000002,0
Nc1cnc(C=O)cn1,123.11499999999998,4,1,1,1,4,68.87,-0.12869999999999998,0
N=C1COC(C(=N)O)O1,130.10299999999998,4,3,1,1,5,86.39,-0.12816000000000005,1
NC1=CC(=O)N=C1O,112.088,2,2,0,1,4,75.68,-0.6742999999999999,0
CNc1n[nH]c(C=O)n1,126.11899999999999,4,2,2,1,5,70.67,-0.3411000000000001,0
N=C1N=C(C(=O)O)O1,114.05999999999997,3,2,1,1,5,82.74000000000001,-0.5655299999999999,0
CC(C)C1=NN=NC1=N,124.147,3,1,1,1,4,60.93,1.44147,0
NC1=NC(O)=CC1=O,112.08799999999997,4,2,0,1,4,75.68,-0.6743000000000001,0
CC(=O)C1=NNC1=N,111.104,3,2,1,1,4,65.31,-0.4881300000000001,0
NC1=C(N)C(=O)C=N1,111.10399999999998,4,2,0,1,4,81.47,-1.2736000000000003,0
N=C1N=C(CO)N1C=O,127.10299999999998,3,2,2,1,5,76.75,-1.2160300000000002,0
N=C1N=CC(CO)=N1,111.104,2,2,1,1,4,68.8,-0.5611300000000001,0
N=CC1=NN=CC1=O,109.08799999999998,4,1,1,1,4,65.64,-0.35453,0
CC1=NC(=O)C(=O)N1,112.08799999999998,2,1,0,1,4,58.53,-0.9388000000000001,0
Cc1noc(N)nc1=N,126.11900000000001,5,2,0,1,5,88.78999999999999,-0.5603100000000001,0
N=c1oc(=N)oc(=N)o1,129.075,6,3,0,1,6,110.97000000000001,-1.0959900000000002,0
N=C1N=C(CO)OC1=N,127.10299999999998,4,3,1,1,5,89.52000000000001,-0.6380600000000003,0
Cc1nc(O)n[nH]c1=N,126.11899999999999,4,3,0,1,5,85.65,-0.7018100000000003,0
N=C1NC(=O)N=C1CN,126.11900000000001,3,3,1,1,5,91.33,-0.91343,0
N#CC(=O)Oc1ccno1,138.082,5,0,1,1,5,76.12,0.1035799999999999,0
N=C1NC(=N)C(=O)CO1,127.103,4,3,0,1,5,86.03000000000002,-0.91266,0
Cn1ncnc1CO,113.11999999999999,4,1,1,1,4,50.94,-0.6926000000000001,0
CN=C1C=NNC1=O,111.10399999999998,3,1,0,1,4,53.82,-0.8272000000000002,0
N=C(O)C1=NC(=O)O1,114.05999999999999,3,2,1,1,5,82.74,0.07036999999999999,0
N=COC1OCOC1=N,130.103,5,2,2,1,5,75.39000000000001,-0.08226000000000017,1
N=Cc1nn[nH]c1C=O,124.10299999999998,4,2,2,1,5,82.49000000000001,-0.38513,0
N=C1OCNC(=O)CO1,130.10299999999998,4,2,0,1,5,71.41,-0.9583300000000003,0
N=CNc1oncc1N,126.119,4,3,2,1,5,87.93,0.27577,0
COc1cnc(C=O)o1,127.09899999999998,4,0,2,1,4,52.33,0.4956999999999999,0
Nc1ncc(C=O)nn1,124.103,5,1,1,1,5,81.76,-0.7337000000000002,0
COC1OC(=N)OC1=N,130.103,5,2,1,1,5,75.39000000000001,-0.08226000000000011,1
CC1=C(N)N=NC1=N,110.12,3,2,0,1,4,74.59,0.6196700000000002,0
N=C1N=CN=C1CO,111.10399999999998,3,2,1,1,4,68.8,-0.5611300000000001,0
COc1nc(N)cn1N,128.13500000000002,5,2,1,1,5,79.09,-0.8123000000000002,0
N#CC1=NC(O)=NC1=N,122.08699999999999,3,2,0,1,5,92.59,-0.14415,0
N=C1N=COC(=O)CO1,128.087,4,1,0,1,5,71.74,-0.47713000000000005,0
CC(=O)c1ncnn1N,126.11900000000001,5,1,1,1,5,73.8,-0.8055000000000001,0
N=C1N=C(C=O)N=C1N,124.103,4,2,1,1,5,91.66,-1.06813,0
C#Cc1nnc(N)n1N,123.11900000000001,5,2,0,1,5,82.75,-1.4446000000000003,0
N=CN1C=NC(=O)OC1,127.10299999999998,3,1,1,1,5,65.75,0.031470000000000053,0
CC(=O)n1[nH]cnc1=O,127.10299999999998,4,1,0,1,5,67.75,-0.7685,0
COc1nc(C=N)n[nH]1,126.119,4,2,2,1,5,74.65,-0.18903000000000014,0
N=C1N=C(C(N)C=O)N1,126.11899999999999,3,3,2,1,5,91.33000000000001,-1.5509300000000004,1
N=C1OC=NC=CC(=O)O1,140.09799999999998,5,1,0,1,5,71.74,0.036569999999999936,0
N=C1N=CN=C1CO,111.10399999999998,3,2,1,1,4,68.8,-0.5611300000000001,0
N=C1C=C(N)N=C1CO,125.131,4,3,1,1,4,82.46000000000001,-0.7468300000000003,0
N=C1N=CC(N)=C1O,111.104,3,3,0,1,4,82.46000000000001,-0.22363000000000027,0
COC1=NC(=O)C(=N)O1,128.087,4,1,0,1,5,71.74,-0.47713,0
CC(=O)c1n[nH]c(N)n1,126.11900000000001,4,2,1,1,5,84.66,-0.41050000000000003,0
CN=c1cc(N)on1N,128.13500000000002,5,2,0,1,5,82.47,-1.0923999999999998,0
CN=c1oc(=N)c1=O,112.088,4,1,0,1,4,66.42,-1.47463,0
CN=c1onnn1C=N,127.107,6,1,1,1,6,80.06,-1.1432300000000004,0
N#CC(=N)N1COCO1,127.103,4,1,0,1,5,69.34,-0.33394999999999997,0
N=C1NC(=O)C(=O)CO1,128.087,4,2,0,1,5,79.25000000000001,-1.36333,0
NC(=O)N1C=NC=NC1,126.119,3,1,0,1,5,71.05000000000001,-0.6052,0
N=c1nn[nH]cc1N,111.10799999999999,4,3,0,1,5,91.44,-1.1336300000000004,0
N=C1N=CC(N)=C1CO,125.131,3,3,1,1,4,82.46000000000001,-0.7468300000000003,0
NC1=C(CO)C=NC1=O,126.11499999999998,3,2,1,1,4,75.68,-1.1975000000000002,0
N=c1nc(CO)nco1,127.10299999999998,5,2,1,1,5,83.0,-0.9586300000000001,0
CN=C1OC(N)=NC1=N,126.11900000000001,4,2,0,1,5,83.82,-0.66313,0
Cc1nc(N)noc1=O,127.103,5,1,0,1,5,82.00999999999999,-0.6795800000000001,0
N=C1COC(=N)OCN1,129.119,4,3,0,1,5,78.19,-0.5076600000000002,0
N=C1OC(=N)C(=O)O1,114.05999999999999,5,2,0,1,5,83.23,-0.5281600000000002,0
N=c1cn[nH]c(C=O)n1,124.10299999999998,4,2,1,1,5,82.49,-0.9033300000000004,0
COc1nc(O)[nH]c(=N)n1,142.118,5,3,1,1,6,94.88000000000001,-1.0016300000000002,0
COC1=NC(=N)C(O)=N1,127.103,3,2,0,1,5,78.03,-0.06383000000000005,0
CC(=O)n1nc[nH]c1=O,127.10299999999998,4,1,0,1,5,67.75,-0.7685,0
CNC1OC(=N)NC1=O,129.119,4,3,1,1,5,74.21000000000001,-1.3869299999999998,1
N=Cc1nnc(N)n1C=O,139.118,6,2,2,1,6,97.65,-1.10373,0
CC(O)c1c[nH]n[n+]1[O-],129.119,3,2,1,1,5,75.85,-0.9036000000000002,1
N=C(N)Oc1nc1=O,113.076,4,2,1,1,5,89.06,-1.41033,0
CC1=NC(=N)N=C1O,111.10399999999998,1,2,0,1,4,68.8,0.3521700000000001,0
CC(=O)C1=NNC1=N,111.104,3,2,1,1,4,65.31,-0.4881300000000001,0
Nc1ncc(C=O)nn1,124.103,5,1,1,1,5,81.76,-0.7337000000000002,0
N=CN1CC(=N)NC1=O,126.11899999999999,3,3,1,1,5,80.04,-0.40406000000000003,0
CNc1nc[nH]c(=O)n1,126.11899999999999,4,2,1,1,5,70.67,-0.7934000000000001,0
O=C1C=NNC1=NCO,127.103,4,2,1,1,5,74.05,-1.5072000000000003,0
COC1=NN=C1NC#N,124.103,5,1,0,1,5,69.77000000000001,-0.5709200000000001,0
N=C1CC(=O)OC(=O)N1,128.087,4,2,0,1,5,79.25,-0.37983000000000006,0
CNc1cn[nH]c(=N)n1,125.135,4,3,1,1,5,77.45,-0.6741300000000003,0
CNC1=NC(=O)N=C1N,126.119,3,2,0,1,5,79.84,-0.9049,0
N=C1N=CN=C(N)C1=O,124.103,4,2,0,1,5,91.66,-1.06813,0
N=C1OC(=O)NC1=O,114.05999999999999,4,2,0,1,5,79.25,-0.7699300000000002,0
CN=c1ncoc(=O)[nH]1,127.10299999999998,4,1,0,1,5,71.25,-1.1066000000000003,0
N=c1[nH]c(=O)[nH]c(=O)o1,129.075,4,3,0,1,6,102.71,-1.8643299999999998,0
CNC1=NC(N)=NC1=O,126.119,4,2,0,1,5,79.84,-1.5408,0
N=C1NC(C=O)C(=O)O1,128.087,4,2,1,1,5,79.25000000000001,-1.3649300000000002,1
CN=C1N=NC(CO)=N1,126.11899999999999,3,1,1,1,5,69.67,-0.17119999999999996,0
CN1C(=N)C(=O)NC1=O,127.10299999999998,3,2,0,1,5,73.26,-0.85473,0
N=C1N=CC(CC=O)=N1,123.115,2,1,2,1,4,65.64,0.035569999999999935,0
Cc1nc(=O)oc(=N)o1,128.087,5,1,0,1,5,80.09,-0.5843099999999999,0
N=C1OC(=O)C=C1N,112.088,4,2,0,1,4,76.17,-0.63693,0
CN=C1C=NN=C1N,110.12,4,1,0,1,4,63.099999999999994,-0.5862,0
N=C1OC=NC(C=O)O1,128.087,5,1,1,1,5,71.74,-0.4787300000000001,1
N=C1NC=NC(C=O)O1,127.10299999999998,4,2,1,1,5,74.54,-0.9057300000000001,1
CNC(=O)C1=NN=C1N,126.11900000000001,4,2,1,1,5,79.84,-1.5408,0
CC(=O)C1=NC(O)=N1,112.088,3,1,1,1,4,62.019999999999996,-0.09849999999999998,0
COC1=NC(=O)C(N)=N1,127.10300000000001,4,1,0,1,5,77.03999999999999,-1.1138000000000003,0
Cn1cnc(=O)c(=N)o1,127.10299999999998,5,1,0,1,5,71.88,-1.1472300000000002,0
N=c1cc(N)[n+]([O-])c[nH]1,126.119,3,3,0,1,5,92.6,-1.2902299999999995,0
C#CC(O)N1C=NC1=O,124.09899999999999,2,1,1,1,4,52.9,-0.5981000000000001,1
N=CC1=NC(N)=NC1=O,124.10300000000001,4,2,1,1,5,91.66,-1.0681300000000002,0
COC1=NC=NC1=O,112.088,3,0,0,1,4,51.02,-0.4002000000000001,0
N#CCC1(O)NC(=N)N1,126.11899999999999,3,4,1,1,5,91.93,-1.3262500000000004,0
Nc1ncnc(C=O)n1,124.10299999999998,5,1,1,1,5,81.76,-0.7337,0
N=COC1=CN=C1N,111.104,4,2,2,1,4,71.46,-0.17773000000000005,0
N=C1NC(C=O)N=CO1,127.103,4,2,1,1,5,74.54,-0.9057300000000001,1
N=C1OC(N)OC1=N,115.092,5,3,0,1,5,92.18,-0.76996,0
N=C1CCOC(=N)CO1,128.131,4,2,0,1,4,66.16,0.37784,0
N=CN1CC=NC(O)O1,129.11899999999997,4,2,1,1,5,68.91000000000001,-0.8126300000000002,1
Cn1nc(C=O)[nH]c1=N,126.11899999999999,4,2,1,1,5,74.53,-0.9598300000000002,0
N=C1OC(=O)CC(N)O1,130.103,5,2,0,1,5,85.4,-0.83053,1
COc1onnc1C=N,127.103,5,1,2,1,5,72.0,0.07586999999999994,0
N=C1N=COCN=CO1,127.103,4,1,0,1,5,67.03,-0.01793,0
N=C1OC(=CN)N1C=O,127.103,4,2,1,1,5,79.41,-0.8326300000000002,0
N=C1NC(=O)COC1=N,127.103,4,3,0,1,5,86.03,-0.9126600000000002,0
CN=c1cn[nH]c(=N)o1,126.11899999999999,4,2,0,1,5,78.03,-0.9873299999999998,0
NCC1=NC(=O)C(N)=N1,126.119,4,2,1,1,5,93.83,-1.7589999999999995,0
CNC(=O)OC1CNC1=N,143.14600000000002,3,3,1,1,5,74.21000000000001,-0.7085300000000001,1
O=C1COC(=O)NCN1,130.103,3,2,0,1,5,67.43,-1.2001,0
N=C1CC(=N)OC(=N)O1,127.10299999999998,5,3,0,1,5,90.01,0.31261,0
CNC(=N)N1COC1=O,129.119,3,2,0,1,5,65.42000000000002,-0.4497300000000002,0
Cn1ncnc(N)c1=N,125.135,5,2,0,1,5,80.58000000000001,-1.12323,0
CCn1cnc(=N)n1N,127.15100000000001,5,2,1,1,5,72.62,-1.1022299999999994,0
N=C1OCC(=O)OC1=N,128.087,5,2,0,1,5,83.22999999999999,-0.48566000000000015,0
N=c1[nH]c(=N)oc(=N)o1,128.091,5,4,0,1,6,113.61999999999999,-1.3608900000000004,0
CNC(=O)c1ncno1,127.103,4,1,1,1,5,68.02000000000001,-0.5708000000000002,0
CC1=NC(=O)C(N)=N1,111.104,3,1,0,1,4,67.81,-0.6978,0
N=C1NC(=O)COC1=N,127.103,4,3,0,1,5,86.03,-0.9126600000000002,0
Cn1nc(N)cnc1=N,125.135,5,2,0,1,5,80.58000000000001,-1.12323,0
COc1cnoc(=N)n1,127.103,5,1,1,1,5,72.0,-0.44233000000000006,0
CC1=NN=C(NC=N)C1=N,137.146,4,3,1,1,5,84.45,-0.009159999999999946,0
COC(=O)C1=NC(N)=N1,127.10300000000002,5,1,1,1,5,77.03999999999999,-1.1138000000000003,0
N=C1N=C(N)C(=N)O1,112.092,4,3,0,1,5,95.31000000000002,-0.7141600000000001,0
COc1nn[nH]c1N,114.108,4,2,1,1,5,76.82000000000001,-0.6045000000000003,0
CN=C1NC(=O)NC1=O,127.10299999999998,3,2,0,1,5,70.56,-1.1459000000000001,0
N=C1NC(=N)C(=O)CO1,127.103,4,3,0,1,5,86.03000000000002,-0.91266,0
N=C1C=C(N)C(O)=N1,111.104,2,3,0,1,4,82.46000000000001,-0.22363000000000005,0
Nn1c(O)cnc1C=O,127.10299999999998,5,2,1,1,5,81.13999999999999,-0.8850000000000002,0
N=C1OC(=NO)C1CN,129.119,5,3,1,1,5,91.69,-0.6435300000000002,1
N=C1N=COC1=NC=O,125.08699999999999,3,1,1,1,5,74.87,-0.42293000000000003,0
COC1C(=N)OC1=N,114.104,4,2,1,1,4,66.16,-0.013859999999999983,0
CNC#CN1N=NC1=N,123.11900000000001,3,2,0,1,5,63.839999999999996,-0.25822999999999985,0
NC1=COC(=O)NCO1,130.103,4,2,0,1,5,73.58,-0.5421,0
N#CC(N)c1cn[nH]n1,123.119,4,2,1,1,5,91.38000000000001,-0.6719200000000003,1
NC1=NC(CO)=NC1=O,127.10299999999998,4,2,1,1,5,88.03999999999999,-1.7254,0
CC(O)c1cncn1N,127.147,4,2,1,1,4,64.07000000000001,-0.34980000000000006,1
N=c1nc(C=O)nco1,125.08699999999997,5,1,1,1,5,79.84,-0.6384300000000003,0
CNC1=NC(C=N)OCO1,143.146,5,2,1,1,5,66.7,-0.45823000000000014,1
N=C1OCC(=O)C(=O)O1,129.071,5,1,0,1,5,76.45,-0.9363300000000001,0
COC1=NN=C(N)C1=O,127.103,5,1,0,1,5,77.03999999999999,-1.1138000000000001,0
N=C1ON=C1C(O)C=O,128.08699999999996,5,2,2,1,5,82.74000000000001,-1.0903300000000002,1
N=C1NCCOC(=N)O1,129.119,4,3,0,1,5,78.19000000000001,-0.50766,0
N=C1ON=C(CO)C1=O,128.087,5,2,1,1,5,82.74000000000001,-1.0887300000000002,0
NC(=O)C1=NC(=O)O1,114.05999999999999,3,1,1,1,5,81.75000000000001,-0.9796,0
C#CCOc1nn[nH]c1N,138.13,4,2,2,1,5,76.82000000000001,-0.6011000000000002,0
N=C1OC(=O)N=C1CO,128.087,4,2,1,1,5,82.74,-0.45282999999999995,0
COc1nc(C=N)no1,127.103,5,1,2,1,5,72.0,0.07586999999999994,0
N#CC(=O)c1ncn[nH]1,122.087,4,1,1,1,5,82.43,-0.48901999999999995,0
COC1=NN=C1CO,114.10399999999998,4,1,1,1,4,54.18000000000001,-0.6068,0
CN=C1N=C(O)C(=O)O1,128.087,3,1,0,1,5,71.25,-0.5145,0
Nc1cnc(CO)nc1N,140.146,5,3,1,1,5,98.05,-0.8667,0
NC1=NC(O)=CC1=O,112.08799999999997,4,2,0,1,4,75.68,-0.6743000000000001,0
CC(=O)C1=NOC1=N,112.088,4,1,1,1,4,62.51,-0.06112999999999996,0
N=C1CC(=O)NN1C=O,127.10299999999998,3,2,1,1,5,73.26,-1.1430300000000002,0
O=CC1COC(=O)NC1=O,143.09799999999998,4,1,1,1,5,72.47,-0.9321000000000002,1
NC1=NC(=O)C(C=O)=N1,125.08699999999997,4,1,1,1,5,84.88,-1.5188,0
Nc1cnc(=O)oc1N,127.103,5,2,0,1,5,95.14,-0.8008,0
N=C1NC(=N)C(=O)CO1,127.103,4,3,0,1,5,86.03000000000002,-0.91266,0
O=CC1=NC(=O)N=N1,111.06,3,0,1,1,5,71.22,0.16959999999999997,0
NC1=NC(=O)N=C1CO,127.10299999999998,3,2,1,1,5,88.04,-1.0895000000000001,0
CC(=O)c1cn[nH]c1N,125.131,3,2,1,1,4,71.77,0.19450000000000006,0
COC1=NNC(=N)C1=N,126.11899999999999,4,3,0,1,5,81.32,-0.45346000000000036,0
N#CC(=O)n1nc[nH]1,110.076,4,1,0,1,5,74.47,-0.6250200000000001,0
COC1(C(N)=O)NC1=N,129.119,3,3,2,1,5,98.11000000000001,-1.605129999999999,1
NC(=O)C1=NC(=O)N=C1,125.08699999999999,2,1,1,1,5,84.88000000000001,-0.8829,0
COC1=NC(=O)C(N)=N1,127.10300000000001,4,1,0,1,5,77.03999999999999,-1.1138000000000003,0
CC(O)C1=NNC1=N,113.12,3,3,1,1,4,68.47,-0.6963300000000001,1
Cc1nncc(=N)n1N,125.135,5,2,0,1,5,80.58,-1.2202099999999994,0
N#CCNC1=NOC1=N,124.103,5,2,1,1,5,81.25999999999999,-0.57945,0
COc1nc(=O)[nH]n1C,129.119,4,1,1,1,5,59.91,-0.8830000000000002,0
CN=C1N=C(O)C(=O)N1,127.10299999999998,2,2,0,1,5,74.05,-0.9415,0
N#CC(O)c1nc1=N,109.08800000000001,4,2,1,1,4,80.75999999999999,-1.00635,1
N=Cc1oc(=O)[n-]c1N,126.09500000000001,4,2,1,1,5,94.17999999999999,-0.8231300000000001,0
NC1=NC(C(=O)C=O)=N1,125.08699999999997,5,1,2,1,5,84.88,-1.5188,0
O=C1N=C(CO)OC1=O,129.07099999999997,4,1,1,1,5,75.96000000000001,-1.5394,0
CC1=NC(N)=NC1=O,111.104,3,1,0,1,4,67.81,-0.6978,0
N=Cn1nc(N)cc1N,125.135,5,3,1,1,5,93.71,-0.4973300000000002,0
N=c1nnc(F)ncc1N,141.10899999999998,5,2,0,1,6,88.54,-0.9276300000000002,0
COC1=NN=C(N)C1=N,126.119,5,2,0,1,5,83.82,-0.66313,0
CC1(CC(=N)O)NC1=N,127.14699999999999,2,4,2,1,4,89.87,0.25093999999999983,1
N=C1OCCOC(=O)C1=N,142.114,5,2,0,1,5,83.23,-0.44316000000000016,0
CNC1=NCOC(=O)O1,130.10299999999998,5,1,0,1,5,59.92,-0.31390000000000007,0
CN=NC1CC(=O)C(=N)O1,141.13,5,1,1,1,5,74.87,0.36117000000000005,1
N=C(O)c1cnc(N)o1,127.103,4,3,1,1,5,96.13,0.14016999999999996,0
N=C1COC(=N)C(=O)O1,128.087,5,2,0,1,5,83.23,-0.48566000000000015,0
C#CC1=NC(=N)N=N1,106.08800000000001,2,1,0,1,4,60.93,0.4186700000000001,0
CC1COC(=O)C(=O)N1,129.11499999999998,3,1,0,1,4,55.400000000000006,-0.9521000000000002,1
CC1=NC(=O)N=C1N,111.104,2,1,0,1,4,67.81,-0.061899999999999844,0
Nc1nc[nH]c1C(=O)O,127.10299999999997,3,3,1,1,5,92.0,-0.3099000000000001,0
COC1=NC(N)=NC1=O,127.10300000000001,4,1,0,1,5,77.03999999999999,-1.1138000000000001,0
N=C1N=CC(=N)C(O)=N1,124.103,2,3,0,1,5,92.65,-0.018159999999999954,0
COC(=O)C1=NC(=N)O1,128.08700000000002,4,1,1,1,5,71.74,-0.47713,0
N=C1NCC(=O)N=CO1,127.103,3,2,0,1,5,74.54,-0.9041300000000001,0
N=C1NCOC(C=O)N1,129.119,3,3,1,1,5,74.21,-1.3869300000000004,1
CC1=NC(N)=C1C=N,109.13199999999999,3,2,1,1,3,62.23,0.28077000000000013,0
N=C1C=C(N)N=C1O,111.104,3,3,0,1,4,82.46000000000001,-0.22363000000000027,0
Cc1nc(O)nnc1N,126.119,5,2,0,1,5,84.92,-0.5321800000000001,0
N#CCCc1noc(N)n1,138.13,5,1,2,1,5,88.73,0.10798000000000008,0
O=CC(O)n1cc(O)o1,131.087,5,2,2,1,5,75.6,-0.5235000000000001,1
N=C1NCC(=O)C(=N)N1,126.119,3,4,0,1,5,88.83000000000001,-1.3396600000000003,0
N=Cn1[nH]c(N)cc1=O,126.11899999999999,4,3,1,1,5,87.66,-0.78623,0
Cn1cnnc1CO,113.11999999999999,4,1,1,1,4,50.94,-0.6926000000000001,0
COc1n[nH]nc1C=N,126.11899999999999,4,2,2,1,5,74.65,-0.1890300000000002,0
CCC1=NC(=N)N=C1O,125.13099999999999,1,2,1,1,4,68.8,0.74227,0
N=CC1=NC(=N)OCO1,127.103,4,2,1,1,5,78.52000000000001,-0.026460000000000095,0
N=C1NC(C(=N)O)N=CO1,142.118,4,4,1,1,6,101.55000000000001,-0.5693600000000001,1
Nc1cnc(CO)nn1,126.119,5,2,1,1,5,84.92,-1.0539,0
Nc1cc(NC=O)no1,127.103,4,2,2,1,5,81.14999999999999,-0.17490000000000022,0
N=C1NC=CNOC1=N,126.119,4,4,0,1,5,80.99000000000001,-0.46346000000000037,0
COc1nc(C=O)n[nH]1,127.103,4,1,2,1,5,67.87,-0.37420000000000025,0
N=C1CNC(=O)OC1=N,127.10299999999998,4,3,0,1,5,86.03,-0.27676000000000023,0
CNc1nonc1C=N,126.11899999999999,5,2,2,1,5,74.80000000000001,0.1089699999999999,0
CC1=NC(N)=NC1=O,111.104,3,1,0,1,4,67.81,-0.6978,0
NC1=NC(=O)C(C=O)=N1,125.08699999999997,4,1,1,1,5,84.88,-1.5188,0
N=c1[nH]cnc(C=O)c1N,138.12999999999997,4,3,1,1,5,95.61999999999999,-0.7161299999999999,0
N=C1COC(=O)N=CO1,128.087,4,1,0,1,5,71.74,0.15877000000000002,0
N=C1N=C(N)N1C=O,112.092,3,2,1,1,5,82.53999999999999,-1.29213,0
N=C1NC=NC(C=O)O1,127.10299999999998,4,2,1,1,5,74.54,-0.9057300000000001,1
N=CN1OCOC1C=O,130.10299999999998,4,1,2,1,5,62.62000000000001,-0.6602300000000001,1
O=CN1OCCC1=NO,130.103,4,1,1,1,5,62.13000000000001,-0.4322000000000001,0
N=COc1cc(O)no1,128.087,5,2,2,1,5,79.34,0.36606999999999995,0
O=Cc1nc(CO)co1,127.09899999999998,4,1,2,1,4,63.33,-0.020600000000000007,0
N=C1C(N)=NN=C1C=O,124.10299999999998,5,2,1,1,5,91.66,-1.0681300000000002,0
N=C1OC(=N)C(=O)O1,114.05999999999999,5,2,0,1,5,83.23,-0.5281600000000002,0
CNC1=NC(=O)C(=O)N=C1,139.114,3,1,0,1,5,70.89,-1.2581000000000002,0
N=C1CCOC(=O)NC=N1,141.12999999999997,3,2,0,1,5,74.53999999999999,0.12186999999999998,0
N=c1[nH]nncc1C=O,124.10299999999998,4,2,1,1,5,82.49000000000001,-0.9033300000000004,0
CNC(=O)C1NC(=N)O1,129.119,3,3,1,1,5,74.21000000000001,-1.3869299999999998,1
COC1=NC(N)=C1C=O,126.115,4,1,1,1,4,64.68,-0.5859000000000001,0
CC1=NC(=N)OC1=N,111.10399999999998,3,2,0,1,4,69.28999999999999,0.38954000000000005,0
N=C1COC(=O)C(=O)O1,129.071,5,1,0,1,5,76.45,-0.9363300000000001,0
N=CN=C1C=NC(O)=N1,124.10299999999998,2,2,1,1,5,81.16,-0.009630000000000083,0
N=C1CONC(=O)CO1,130.10299999999998,4,2,0,1,5,71.41,-0.9583300000000003,0
Nc1nc(C=O)oc1N,127.10299999999998,5,2,1,1,5,95.14,-0.3485,0
CN1COC(=O)C(=N)O1,130.10299999999998,5,1,0,1,5,62.620000000000005,-0.6586300000000003,0
N=Cc1ncc(N)nn1,123.11900000000001,5,2,1,1,5,88.54,-0.5485300000000002,0
N#CC(C=O)C1NCO1,126.115,4,1,2,1,4,62.120000000000005,-0.77152,2
N=CN1CC(=O)NC1=N,126.11899999999999,3,3,1,1,5,80.04,-1.03996,0
N=CN=C1OC=NC1=O,125.08699999999997,3,1,1,1,5,74.87,-0.42293000000000003,0
N=c1oc(=O)[nH]c(=O)o1,130.059,5,2,0,1,6,100.05999999999999,-1.5994300000000008,0
N=C1C=NC(N)=NC1=O,124.10300000000001,4,2,0,1,5,91.66,-1.0681300000000002,0
NCc1cnoc1NC=O,141.12999999999997,4,2,3,1,5,81.15,-0.29840000000000017,0
N=Cn1on(C=N)c1=O,128.09099999999998,6,2,2,1,6,87.77000000000001,-0.8468600000000002,0
Nc1ncc(C=O)nc1N,138.12999999999997,5,2,1,1,5,94.89,-0.5465000000000002,0
CN=C1N=NC(N)=N1,111.108,3,1,0,1,5,75.46,-0.24729999999999996,0
CN=C1N=NC(CN)=N1,125.135,3,1,1,1,5,75.46,-0.20479999999999998,0
N=c1ncc(CCO)n[nH]1,140.14600000000002,4,3,2,1,5,85.65,-1.18103,0
O=C1N=C(O)C(CO)=N1,128.08699999999996,2,2,1,1,5,82.25,-0.49019999999999997,0
CC1=NC(N)=NC1=N,110.12,3,2,0,1,4,74.59,-0.24712999999999996,0
CNC1=NC(=N)OC1=O,127.10299999999998,4,2,0,1,5,74.53999999999999,-0.9041300000000003,0
N=C1NC(=O)C(=O)O1,114.05999999999999,4,2,0,1,5,79.25000000000001,-1.4058300000000001,0
CC#COc1noc(N)n1,139.114,5,1,1,1,5,74.17,0.011399999999999966,0
Cn1c(C=N)noc1=N,126.11899999999999,5,2,1,1,5,78.66,-0.50976,0
CC1(C(=N)O)OC(=N)O1,130.10299999999998,4,3,1,1,5,86.39,0.21944000000000002,0
N=C1CNC(=N)N1C=O,126.11899999999999,3,3,1,1,5,80.04,-1.0399600000000004,0
Nc1cnc(C=O)n1O,127.10299999999998,5,2,1,1,5,81.14,-0.48490000000000005,0
N=C1COC(C(=O)O)=N1,128.087,3,2,1,1,5,82.74,-0.5230300000000001,0
NC1=NC(=O)C(CO)=N1,127.10299999999998,4,2,1,1,5,88.03999999999999,-1.7253999999999996,0
N=C1CN(C=O)OCO1,130.10299999999998,4,1,1,1,5,62.620000000000005,-0.65863,0
CNC(=O)C1=NC(N)=N1,126.11900000000001,4,2,1,1,5,79.84,-1.540799999999999,0
NC1=C(N)C(=O)N=C1,111.10399999999998,3,2,0,1,4,81.47,-1.2736000000000003,0
COC1=[N+]([O-])C(=N)N=C1,127.103,3,1,0,1,5,71.50999999999999,-0.43923000000000023,0
Cc1nnc(=O)n(O)n1,128.09099999999998,6,1,0,1,6,80.9,-1.4209800000000004,0
N=C1COC(=N)C1=O,112.088,4,2,0,1,4,74.0,-0.41726000000000013,0
CC1(NC=O)N=NC1=O,127.10300000000001,3,1,2,1,5,70.89,-0.5590000000000002,1
N=C(N)C1=NC(=O)N=C1,124.103,2,2,1,1,5,91.66000000000001,-0.4322299999999999,0
N=C1N=COCC(O)N1,129.119,3,3,0,1,5,77.7,-1.11233,1
N=C1OCNC(=O)CO1,130.10299999999998,4,2,0,1,5,71.41,-0.9583300000000003,0
N=C1NC(=O)C(=O)CO1,128.087,4,2,0,1,5,79.25000000000001,-1.36333,0
N=NC1C(=N)OC1=NO,128.091,6,3,1,1,6,101.88000000000001,0.18114000000000002,1
Nc1cc(CO)nn1N,128.13500000000002,5,3,1,1,5,90.08999999999999,-1.3286,0
N=C1OC(=N)C(=O)O1,114.05999999999999,5,2,0,1,5,83.23,-0.5281600000000002,0
NC1=CC(=O)C(N)=N1,111.10400000000001,4,2,0,1,4,81.47,-1.2735999999999998,0
N=Cc1nc(C=O)no1,125.08699999999999,5,1,2,1,5,79.84,-0.12023,0
N=CNCC1=NOC1=N,126.119,4,3,3,1,5,81.32,-0.4534599999999999,0
N=C1CNC(=N)C(=O)OCO1,157.12899999999996,5,3,0,1,6,95.26000000000002,-0.9385600000000003,0
N=C1COC(=N)OCO1,130.103,5,2,0,1,5,75.39,-0.08066000000000012,0
N=COC1=NC(C=O)O1,128.087,5,1,2,1,5,71.74,-0.4787300000000001,1
N#CCNC1=NCOC1=O,139.114,5,1,1,1,5,74.47999999999999,-0.9876200000000002,0
CC(=O)n1cnc(N)n1,126.11900000000001,5,1,0,1,5,73.8,-0.47959999999999997,0
N=C1N=CN=C(N)C1=O,124.103,4,2,0,1,5,91.66,-1.06813,0
CN=C1C=NC(N)=N1,110.12,3,1,0,1,4,63.099999999999994,-0.5862,0
Nc1cc(C=O)oc1O,127.09899999999998,4,2,1,1,4,76.46000000000001,0.37990000000000007,0
N=c1oncnc1C=O,125.08699999999997,5,1,1,1,5,79.84,-0.6384299999999998,0
O=Cc1c[nH]c(=O)nn1,125.08699999999999,4,1,1,1,5,75.71000000000001,-1.0226000000000002,0
O=C1N=C(CO)C(=O)N1,128.087,3,2,1,1,5,78.75999999999999,-1.3305,0
CNC1=NOC(=N)C1=O,127.10299999999998,5,2,0,1,5,74.54,-0.9041300000000003,0
NC1=CC(=O)N=C1N,111.10400000000001,3,2,0,1,4,81.47,-1.2736000000000003,0
Cc1n[nH]nnc1=NC=O,139.118,4,1,1,1,6,83.88999999999999,-1.4347799999999997,0
CN=C1C=NNC1=O,111.10399999999998,3,1,0,1,4,53.82,-0.8272000000000002,0
N=C1OCC(N)(C=O)O1,130.103,5,2,1,1,5,85.39999999999999,-1.1781300000000001,1
CC(=O)Nc1ncn[nH]1,126.119,3,2,1,1,5,70.67,-0.23690000000000028,0
O=CC1NC(=NO)C1=O,128.087,4,2,1,1,5,78.75999999999999,-1.4861000000000006,1
N=C1C=NC(=N)N1C=O,124.103,3,2,1,1,5,80.37,-0.5587600000000001,0
COC(=N)C1=NC(=N)O1,127.103,4,2,1,1,5,78.52,-0.02646000000000004,0
N=Cc1c(N)ncoc1=O,139.114,5,2,1,1,5,92.97,-0.38532999999999995,0
N=Cc1nocnc1=N,124.103,5,2,1,1,5,86.62,-0.45326000000000016,0
CCn1[nH]n(C=O)c1=N,128.135,4,2,2,1,5,66.57,-0.84463,0
N=C(O)C1=NNC1=N,112.092,3,4,1,1,5,92.32,-0.5418600000000002,0
C#CCn1nc(N)n1C=N,137.14600000000002,5,2,2,1,5,72.62,-0.6448300000000002,0
N=C1C=C(N)N=C1N,110.12000000000002,4,3,0,1,4,88.25,-0.8229300000000002,0
N=C1OCC(O)C(=N)O1,130.10299999999998,5,3,0,1,5,86.39,-0.6938600000000001,1
NCC1=NN=C(N)C1=O,126.11899999999999,5,2,1,1,5,93.82999999999998,-1.7590000000000003,0
N=C1OCNC(=O)CO1,130.10299999999998,4,2,0,1,5,71.41,-0.9583300000000003,0
N#CCC1=NC(=N)N=C1,120.115,2,1,1,1,4,72.36,0.36025000000000007,0
N=C1N=C(N)N=C1O,112.092,3,3,0,1,5,94.82000000000001,-0.7515299999999998,0
N=CC1COCON1C=N,143.14600000000002,4,2,2,1,5,69.4,-0.16705999999999993,1
N=Cc1cnoc1N,111.104,4,2,1,1,4,75.9,0.25447000000000003,0
Nc1cnoc(=O)c1O,128.087,5,2,0,1,5,89.35000000000001,-0.6774,0
Cc1noc([O-])nc1=N,126.095,5,1,0,1,5,85.83000000000001,-1.06891,0
Nc1nc(C=O)[nH][n+]1[O-],128.09099999999998,4,2,1,1,6,98.71,-1.5622,0
Nc1cnc(C=O)c(O)n1,139.11399999999998,5,2,1,1,5,89.1,-0.4230999999999999,0
CC1=NCN=C(O)OC1=N,141.12999999999997,4,2,0,1,5,78.03,0.32627000000000006,0
NC(=O)C1=NN=C1N,112.09200000000001,4,2,1,1,5,93.83,-1.8014999999999999,0
N#CCC1=[N+]([O-])C(N)=N1,124.10300000000001,4,1,1,1,5,88.24,-0.8628199999999999,0
COC1=C(O)C(=N)N=N1,127.103,4,2,1,1,5,78.03,0.80297,0
N=CN1CC(=O)COC1=N,141.13,4,2,1,1,5,77.24000000000001,-0.57046,0
CN=C1OC(=O)NC1=O,128.087,4,1,0,1,5,67.75999999999999,-0.7189000000000001,0
NC(=O)C1=NN=C1N,112.09200000000001,4,2,1,1,5,93.83,-1.8014999999999999,0
CN=C1C=C(N)N=N1,110.12000000000002,3,1,0,1,4,63.099999999999994,0.28060000000000007,0
N=CN1CC(=O)NCO1,129.119,3,2,1,1,5,65.42,-1.0856299999999999,0
Cc1nc(O)noc1=N,127.10299999999998,5,2,0,1,5,83.0,-0.4369100000000001,0
CN=c1cn[nH]nc1N,125.135,4,2,0,1,5,79.95,-1.0826,0
Cc1nn[nH]c1CN=O,126.11899999999999,4,1,2,1,5,71.0,0.3795199999999999,0
CNC(=O)C1=NNC1=N,126.119,3,3,1,1,5,77.34,-1.3311299999999993,0
N=C1N=C(CO)OC1=O,128.087,4,2,1,1,5,82.74000000000001,-1.0887300000000002,0
N=Cc1cnnc(N)n1,123.11900000000001,5,2,1,1,5,88.54,-0.5485300000000002,0
CN1N=C(N)C=NN1C=N,140.15,5,2,1,1,6,81.07,-0.9861299999999993,0
COc1cnoc(=N)n1,127.103,5,1,1,1,5,72.0,-0.44233000000000006,0
Cn1nc(F)nc1N,116.09900000000002,4,1,0,1,5,56.730000000000004,-0.46359999999999996,0
CC1=NN=C(CO)C1=N,125.13099999999999,4,2,1,1,4,68.80000000000001,-0.1710299999999999,0
NC1=NC(=O)N=C1F,115.067,2,1,0,1,5,67.81,-0.15479999999999983,0
O=CC(=O)Nn1cn[nH]1,128.091,4,2,2,1,6,79.78,-1.5198000000000003,0
N=C1OCC(=O)C(=N)O1,128.087,5,2,0,1,5,83.23,-0.48566000000000015,0
N=C1OCC(=N)C(=O)O1,128.087,5,2,0,1,5,83.23,-0.48566000000000015,0
N=C1C=NC(=O)NC1=N,124.103,3,3,0,1,5,89.16,-0.22255999999999998,0
CNc1ncoc(=O)n1,127.10299999999998,5,1,1,1,5,68.02000000000001,-0.5285,0
Nc1nc(C=O)oc1N[NH3+],143.12599999999998,5,3,2,1,6,108.79,-1.3619000000000003,0
Cc1noc(N)nc1=O,127.10300000000001,5,1,0,1,5,82.00999999999999,-0.6795800000000001,0
N=C1NCC(=O)OC1=O,128.087,4,2,0,1,5,79.25,-1.36333,0
CN=C1N=NC(O)=N1,112.09199999999998,2,1,0,1,5,69.67,0.35200000000000004,0
CNC(=O)C1=NN=C1N,126.11900000000001,4,2,1,1,5,79.84,-1.5408,0
N=CN1COCNC1=O,129.119,3,2,1,1,5,65.42000000000002,-0.4497299999999999,0
N=C1C=NOC1=NC=O,125.08699999999999,4,1,1,1,5,74.87,-0.42293000000000003,0
COc1cc(N)noc1=N,141.13000000000002,5,2,1,1,5,85.13,-0.2551300000000002,0
CN=C(O)C1=NN=C1N,126.11900000000001,4,2,1,1,5,83.33,-0.7004999999999999,0
N=CC1=NC(=N)C=N1,108.104,3,2,1,1,4,72.42,0.09614,0
N=CN1CC(=O)NC=N1,126.11899999999999,3,2,1,1,5,68.55000000000001,-1.03143,0
N=C1N=CC(O)=C1N,111.104,3,3,0,1,4,82.46,-0.22362999999999988,0
N=C(O)CC1=NOC1=O,128.087,4,2,2,1,5,82.74000000000001,-0.17543000000000003,0
N=C(CO)c1nc[nH]n1,126.119,4,3,2,1,5,85.64999999999999,-0.8351300000000001,0
CN(C)C1=NC(C#N)=N1,122.131,4,0,0,1,4,51.75,-0.16032000000000002,0
N=C1NC(=O)OC1=O,114.05999999999999,4,2,0,1,5,79.25,-0.76993,0
N=C1C=NC(N)=C1CO,125.131,4,3,1,1,4,82.46000000000001,-0.7468300000000003,0
CC(=O)N1OCOC1=N,130.103,4,1,0,1,5,62.620000000000005,-0.31102999999999986,0
N=C1ON=C(N)C1=O,113.076,5,2,0,1,5,88.53,-1.16483,0
N#CC(N)N1C=NC1=N,123.11899999999999,3,2,1,1,5,89.25999999999999,-0.9265500000000002,1
CC(=NO)c1ncn[nH]1,126.119,4,2,1,1,5,74.16,0.0029000000000000137,0
N=C1OC(=N)C(=O)O1,114.05999999999999,5,2,0,1,5,83.23,-0.5281600000000002,0
N=C1N=C(O)C(O)=N1,113.07599999999998,1,3,0,1,5,89.03,-0.1522300000000002,0
NC1=CC(=O)N=C1N,111.10400000000001,3,2,0,1,4,81.47,-1.2736000000000003,0
N=C1C=NC(N)=C1C=O,123.115,4,2,1,1,4,79.30000000000001,-0.5402300000000002,0
CNc1n[nH]c(C=O)n1,126.11899999999999,4,2,2,1,5,70.67,-0.3411000000000001,0
N=CC1OC(=N)OCC1=O,142.114,5,2,1,1,5,83.22999999999999,-0.44476000000000004,1
N=CN1CC(=O)NCO1,129.119,3,2,1,1,5,65.42,-1.0856299999999999,0
COC1=NC(=O)C(N)=N1,127.10300000000001,4,1,0,1,5,77.03999999999999,-1.1138000000000003,0
N=COC1N=CNC1=N,126.11899999999999,4,3,2,1,5,81.32,-0.4550600000000002,1
Cc1nc(O)noc1=N,127.10299999999998,5,2,0,1,5,83.0,-0.4369100000000001,0
N=COc1cc(F)no1,130.078,4,1,2,1,5,59.11,0.79957,0
N=Cn1oc(=O)oc1=O,130.059,6,1,1,1,6,89.19999999999999,-1.1503299999999999,0
COc1n[nH]c(=N)n1C=N,141.134,5,3,2,1,6,90.53999999999999,-0.8455599999999999,0
N#CC(N)C1=NN=C1,108.104,4,1,1,1,4,74.53,-0.7223200000000001,1
COc1n[nH]c(=N)c(N)n1,141.134,5,3,1,1,6,100.67,-1.12503,0
COC(N)C1=NC(=N)O1,129.119,4,2,2,1,5,80.69000000000001,-0.7189300000000003,1
N=C1COC(=N)NC=N1,126.119,3,3,0,1,5,81.32,-0.4534600000000002,0
COC(=N)C1=NC(N)=N1,126.11900000000001,5,2,1,1,5,83.82,-0.6631300000000002,0
NC(=O)C1OCCOC1=O,145.114,4,1,1,1,5,78.62,-1.5863000000000005,1
N=C(CN)n1nccn1,125.13499999999999,5,2,1,1,5,80.58,-0.9378300000000004,0
N#CCOc1nnoc1N,140.10199999999998,6,1,2,1,6,97.96,-0.44582000000000005,0
Cc1nn[nH]c(=O)c1N,126.11899999999999,4,2,0,1,5,84.66,-0.9444800000000002,0
N=c1ncc(N)c(CO)o1,141.13,5,3,1,1,5,96.13000000000001,-0.7714300000000001,0
N=C1COC(=O)NC=N1,127.103,3,2,0,1,5,74.53999999999999,-0.26823000000000013,0
NC(=O)n1ccnc1N,126.119,4,2,0,1,5,86.93,-0.6079000000000001,0
CN=C(N)c1ncno1,126.11899999999999,4,1,1,1,5,77.3,-0.5953000000000004,0
NC(=O)C1=NC(=O)N1,113.076,2,2,1,1,5,84.55000000000001,-1.4066,0
C#CC1=NC(=N)N1N,108.10400000000001,2,2,0,1,4,65.47,-0.8578300000000001,0
N=C1OCC(=O)OC1=N,128.087,5,2,0,1,5,83.22999999999999,-0.48566000000000015,0
CC1=C(O)C(N)=NC1=N,125.13100000000001,3,3,0,1,4,82.46000000000001,0.16647000000000023,0
N=C1NCNC(=O)CO1,129.119,3,3,0,1,5,74.21000000000001,-1.3853300000000002,0
N=Cn1oc(=N)oc1=O,129.075,6,2,1,1,6,95.98000000000002,-1.0310599999999999,0
N=Cc1cnc(N)nn1,123.11900000000001,5,2,1,1,5,88.54,-0.5485300000000002,0
N=C1OCC(=O)C(=O)O1,129.071,5,1,0,1,5,76.45,-0.9363300000000001,0
N=C1OC1NC(=O)C=O,128.087,4,2,2,1,5,82.55000000000001,-1.3649300000000002,1
N=CN1C(=N)N=C1O,112.09199999999998,2,3,1,1,5,83.53,-0.24216,0
O=CC1OCNC(=O)O1,131.087,4,1,1,1,5,64.63,-0.7747000000000002,1
N=C1N=NC=C(N)C1=O,124.103,4,2,0,1,5,91.66,-0.2013299999999999,0
N=c1cc(O)on1CO,130.103,5,3,1,1,5,82.38,-0.7840300000000002,0
COc1cnoc(=O)n1,128.087,5,0,1,1,5,65.22,-0.5616000000000001,0
CN=C1OC(=N)NC1=O,127.103,4,2,0,1,5,74.53999999999999,-0.9041300000000003,0
NC1=CN=C(N)C1=O,111.104,4,2,0,1,4,81.47,-1.2735999999999998,0
N=C1OC(C=O)OC1=O,129.071,5,1,1,1,5,76.44999999999999,-0.9379300000000002,1
N=C1OC=NC(O)C1=N,127.10299999999998,5,3,0,1,5,89.52000000000001,-0.6396600000000001,1
O=Cc1n[nH]c(CO)n1,127.10299999999998,4,2,2,1,5,78.87,-0.8905000000000001,0
COc1coc(=N)nn1,127.10300000000001,5,1,1,1,5,72.0,-0.44233000000000006,0
N=c1[nH]cc(O)c(=N)[nH]1,126.119,3,5,0,1,5,99.50999999999999,-0.9926600000000001,0
N=COc1cnoc1N,127.103,5,2,2,1,5,85.13,0.24267,0
NC1=C(C=O)C=NC1=O,124.09899999999999,3,1,1,1,4,72.52000000000001,-0.9909000000000001,0
COC1OC=NC(=N)CO1,144.13,4,1,1,1,5,63.900000000000006,-0.031230000000000036,1
N#Cc1n[nH]c(CO)n1,124.10299999999998,4,2,1,1,5,85.59,-0.8313200000000001,0
COC1=NOC(=N)C1=N,127.103,5,2,0,1,5,78.52000000000001,-0.02646000000000004,0
N=c1ncc(C=O)n[nH]1,124.103,4,2,1,1,5,82.49000000000001,-0.9033300000000002,0
N=C1OCN1C(N)=O,115.092,3,2,0,1,5,79.41,-0.7104299999999999,0
N=C1N=C(CO)N=C1N,126.119,4,3,1,1,5,94.82,-1.2747300000000001,0
N=Cn1cc(N)oc1=O,127.103,5,2,1,1,5,85.00999999999999,-0.5213300000000001,0
NC1=NC(C=O)=NC1=O,125.08699999999997,4,1,1,1,5,84.88,-1.5188,0
CC(O)C1=NC(O)=N1,114.104,3,2,1,1,4,65.18,-0.30670000000000003,1
CN=C1NC(=N)OC1=O,127.10299999999998,4,2,0,1,5,74.53999999999999,-0.9041300000000003,0
N=C1OC(=N)C(C=O)O1,128.087,5,2,1,1,5,83.23,-0.48726000000000025,1
Cn1ncnc1NC=O,126.11899999999999,4,1,2,1,5,59.81,-0.6166,0
NC(=O)c1nnc(C=O)o1,141.08599999999998,5,1,2,1,6,99.08,-1.0190000000000001,0
N=C1N=C(CO)OC1=N,127.10299999999998,4,3,1,1,5,89.52000000000001,-0.6380600000000003,0
N=C1NC(=O)COC1=N,127.103,4,3,0,1,5,86.03,-0.9126600000000002,0
Nc1cnc(C=O)nc1N,138.12999999999997,5,2,1,1,5,94.89,-0.5465,0
N=C1OC(=O)C(=NO)O1,130.059,6,2,0,1,6,91.97,-0.71773,0
N=c1onc([NH3+])cc1N,127.127,4,3,0,1,5,103.54,-1.3903299999999998,0
CNC1=NN=C1C=O,111.10399999999998,4,1,1,1,4,53.82,-0.8272000000000002,0
Nc1cnoc1NC=O,127.10299999999998,4,2,2,1,5,81.15,-0.1749,0
O=NC1COCC(=O)O1,131.087,5,0,1,1,5,64.96,-0.3476999999999999,1
N=CN1C(=NO)C1C=O,127.10299999999997,4,2,2,1,5,76.52000000000001,-0.7357300000000002,1
CC(O)C1=NN=CC1=N,125.131,4,2,1,1,4,68.80000000000001,-0.17263,1
N=c1occ(N)oc1=O,128.08700000000002,5,2,0,1,5,93.22,-0.70553,0
CC1=NC(N)=NC1=O,111.104,3,1,0,1,4,67.81,-0.6978,0
CCN1C(=N)NC1=O,113.11999999999999,2,2,1,1,4,56.190000000000005,-0.03372999999999993,0
N=C1COC(=N)OCN1,129.119,4,3,0,1,5,78.19,-0.5076600000000002,0
CNC1=NC(=O)C(=N)O1,127.10299999999998,4,2,0,1,5,74.54,-0.9041300000000001,0
N=COC1NCOC1=O,130.10299999999998,5,2,2,1,5,71.41,-0.9599300000000002,1
NC1=NC(NC=O)=C1O,127.10299999999997,4,3,2,1,5,87.71,-1.1697,0
CC(N)C1=CN=NC1=N,124.14699999999999,3,2,1,1,4,74.59,0.6605700000000001,1
CC(=O)n1cnoc1=N,127.103,5,1,0,1,5,71.88,-0.3843299999999998,0
N=CN1C=NC1CO,113.11999999999998,3,2,2,1,4,59.68000000000001,-0.7442300000000002,1
CC1=NC(=NO)OC1=N,127.10299999999998,4,2,0,1,5,78.03,0.19996999999999998,0
N=C1ON=C(N)C1=N,112.092,5,3,0,1,5,95.31,-0.7141600000000001,0
CN=C1NC(O)=NC1=N,126.11899999999999,2,3,0,1,5,80.83000000000001,-0.49083000000000004,0
N=C1CNCOC(=O)N1,129.119,4,3,0,1,5,74.21,-0.7494300000000003,0
N=C1NCNC(=O)O1,115.09199999999998,3,3,0,1,5,74.21000000000001,-0.79193,0
NC1CC(=O)N=C1NC=O,141.13,3,2,1,1,5,84.55000000000001,-1.6115,1
COc1cc(N)nn1N,128.13500000000002,5,2,1,1,5,79.09,-0.8123000000000002,0
N=C1NC(=N)C(=O)O1,113.076,4,3,0,1,5,86.03000000000002,-0.95516,0
Cc1nnc(CO)c(N)n1,140.146,5,2,1,1,5,84.92,-0.7454800000000001,0
N=CN1NCCOC1=O,129.119,4,2,1,1,5,65.42000000000002,-0.44972999999999996,0
CN=C1NC(=O)N=C1O,127.10299999999998,2,2,0,1,5,74.05,-0.3055999999999999,0
N=C1OCC(=O)C(=O)O1,129.071,5,1,0,1,5,76.45,-0.9363300000000001,0
N=C1NC(=N)C(C=O)O1,127.10299999999998,4,3,1,1,5,86.03000000000002,-0.9142600000000001,1
CNC(=O)C1=NC(N)=N1,126.11900000000001,4,2,1,1,5,79.84,-1.540799999999999,0
Nc1oc(C=O)nc1O,128.087,5,2,1,1,5,89.35000000000001,-0.2250999999999999,0
NC(=O)C1=NC(N)=N1,112.09200000000001,4,2,1,1,5,93.83,-1.8014999999999999,0
N=CC1NC(=N)OC1=O,127.103,4,3,1,1,5,86.03,-0.9142600000000003,1
N=c1[nH]c(=O)oc(=N)o1,129.075,5,3,0,1,6,106.83999999999999,-1.4801599999999997,0
N#CCc1ncnc(N)n1,135.13,5,1,1,1,5,88.48,-0.48012000000000005,0
CCn1ncnc1N=O,126.11899999999999,5,0,2,1,5,60.14,0.6959,0
N#CN1ON(C=N)CC1=O,140.102,4,1,1,1,6,80.42000000000002,-0.93465,0
N=CNC1COC(=O)O1,130.103,4,2,2,1,5,71.41,-0.32403000000000004,1
N=C1NCNC(=O)CO1,129.119,3,3,0,1,5,74.21000000000001,-1.3853300000000002,0
O=CNC1N=C=NC=NO1,140.102,5,1,2,1,6,75.41000000000001,-0.8366000000000002,1
N=C1CC(N)N(O)C1=O,129.119,4,3,0,1,5,90.41,-1.0875300000000003,1
N=COC(=N)N1CCO1,129.119,4,2,1,1,5,69.4,-0.20796000000000014,0
N=CN1CC(=NO)CO1,129.119,4,2,1,1,5,68.91000000000001,-0.32913000000000014,0
N#CC(N)NC1=CN=N1,123.11899999999999,5,2,2,1,5,86.56,-0.35092000000000007,1
N=C1COC(=N)CON1,129.119,4,3,0,1,5,78.19,-0.5076600000000002,0
COc1cnc(N)c(=O)o1,142.114,5,1,1,1,5,78.35000000000001,-0.3744,0
N=C1OCC(=N)C(=N)O1,127.103,5,3,0,1,5,90.01,-0.034989999999999966,0
Nc1cnc(=O)oc1N,127.103,5,2,0,1,5,95.14,-0.8008,0
N=C1N=C(N)C(=CN)N1,125.135,3,4,0,1,5,100.28,-1.3183299999999998,0
NC1=C(N)C(=O)C=N1,111.10399999999998,4,2,0,1,4,81.47,-1.2736000000000003,0
N=C1N=CN1CC=NO,126.11899999999999,3,2,2,1,5,72.04,-0.2749300000000003,0
Nc1ncoc(=O)n1,113.076,5,1,0,1,5,82.01,-0.988,0
N=C1N=C(N)N1CC=O,126.119,3,2,2,1,5,82.53999999999999,-1.24963,0
N=C1NC=CNC(O)O1,129.119,4,4,0,1,5,77.37,-1.1223300000000005,1
Nn1ccnc1C=O,111.10399999999998,4,1,1,1,4,60.910000000000004,-0.5906000000000005,0
COC1=NC(=N)N1CO,129.11900000000003,3,2,1,1,5,68.91,-0.8110299999999999,0
N=Cc1occ(N)[n+]1[O-],127.10300000000001,4,2,1,1,5,89.95,-0.5071300000000001,0
N=C1COC(=N)C(=O)N1,127.103,4,3,0,1,5,86.03,-0.9126600000000002,0
N=CN1C=C(CN)OC=N1,140.146,4,2,2,1,5,74.7,-0.3309300000000001,0
O=C1CC(=O)OC(=O)N1,129.071,4,1,0,1,5,72.47,-0.8305,0
Cn1[nH]nc(CO)c1=N,128.135,4,3,1,1,5,77.69,-1.2800300000000002,0
CC1=NC(COC#N)=N1,123.115,4,0,2,1,4,57.739999999999995,0.3145800000000001,0
O=CC1=NC(F)=NC1=O,128.062,3,0,1,1,5,58.86,-0.508,0
O=c1cc(O)cnn1O,128.087,5,2,0,1,5,75.35,-0.8138000000000001,0
N=c1occc(=O)n1N,127.10300000000001,5,2,0,1,5,85.01,-1.36543,0
N=C1CNCC(=O)NC1=N,140.146,4,4,0,1,5,88.83000000000001,-1.2971599999999994,0
N=C1OC(=O)NC1=O,114.05999999999999,4,2,0,1,5,79.25,-0.7699300000000002,0
N=C1NC(=O)OCC1=O,128.087,4,2,0,1,5,79.25,-0.72743,0
N=CN1C(=N)OC1C=O,127.10299999999997,4,2,2,1,5,77.24000000000001,-0.6145600000000002,1
N=C1NC(C=O)OC1=O,128.087,4,2,1,1,5,79.25,-1.3649300000000002,1
Nc1cc(NC=O)ncn1,138.13,4,2,2,1,5,80.89999999999999,-0.37290000000000045,0
N=Cc1cnc(N)nn1,123.11900000000001,5,2,1,1,5,88.54,-0.5485300000000002,0
N=C1N=C(CO)C(=N)O1,127.10299999999998,4,3,1,1,5,89.52,-0.6380600000000001,0
CN=C1C(=N)ON1C=O,127.10299999999998,4,1,1,1,5,65.75,-0.6044300000000002,0
CNC1OC(=N)NCC1=O,143.14600000000002,4,3,1,1,5,74.21000000000001,-1.3444299999999996,1
N=C1OC(=N)C(=O)O1,114.05999999999999,5,2,0,1,5,83.23,-0.5281600000000002,0
N#CC(N)C1=NN=C1,108.104,4,1,1,1,4,74.53,-0.7223200000000001,1
Nn1c(O)cnc1C=O,127.10299999999998,5,2,1,1,5,81.13999999999999,-0.8850000000000002,0
Cn1oc(C#N)nc1=N,124.10300000000001,5,1,0,1,5,78.6,-0.63575,0
CN=C1NC(C=O)OC1=N,141.12999999999997,4,2,1,1,5,74.53999999999999,-0.8632300000000004,1
N=C1CN(C=O)C(=N)O1,127.10299999999998,4,2,1,1,5,77.24000000000001,-0.61296,0
O=C1N=NC(CO)=N1,113.076,3,1,1,1,5,74.38,-0.03699999999999992,0
N=C1OC(=O)COC1=O,129.071,5,1,0,1,5,76.44999999999999,-0.9363300000000001,0
Cc1nnc(N)nc1C=N,137.14600000000002,5,2,1,1,5,88.53999999999999,-0.24011000000000043,0
N=C1OCOC(=O)O1,117.05999999999999,5,1,0,1,5,68.61,0.06206999999999996,0
N=C1C=C(N)N=[N+]1[O-],112.09200000000001,4,2,0,1,5,88.30000000000001,-0.26012999999999986,0
N=C1N=C(N)N=C1C=O,124.103,4,2,1,1,5,91.66,-1.06813,0
N=C1OC(=N)C(=O)O1,114.05999999999999,5,2,0,1,5,83.23,-0.5281600000000002,0
CC(=O)C1=NN=C1O,112.088,3,1,1,1,4,62.019999999999996,-0.09849999999999998,0
N=CC(=O)c1c[nH]nn1,124.10300000000001,4,2,2,1,5,82.49,-0.36303000000000013,0
COC1=NC(N)=NC1=O,127.10300000000001,4,1,0,1,5,77.03999999999999,-1.1138000000000001,0
NC1(C=O)OC1=NO,116.076,5,2,1,1,5,88.21000000000001,-1.3418000000000003,1
CCc1nc(=N)nn[nH]1,125.135,4,2,1,1,5,78.31,-0.7584300000000004,0
NC1=C(N)C(=O)C=N1,111.10399999999998,4,2,0,1,4,81.47,-1.2736000000000003,0
NC1=NC(OC=O)=C1N,127.10299999999998,5,2,2,1,5,90.7,-1.3419999999999999,0
CC(O)C1=C(N)N=N1,113.12000000000002,4,2,1,1,4,70.97,-0.03919999999999996,1
N=C1OCOC(=O)C1=N,128.087,5,2,0,1,5,83.23,-0.48566000000000015,0
NC1=NC(=O)C(N)=N1,112.092,4,2,0,1,5,93.83,-1.8014999999999999,0
Cn1nc(C=N)c(=O)o1,127.10299999999998,5,1,1,1,5,71.88,-0.62903,0
CC(=O)n1[nH]cc1O,114.10399999999997,3,2,0,1,4,58.019999999999996,0.18189999999999995,0
N=Cn1ncoc1=N,112.09199999999998,5,2,1,1,5,78.66,-0.5892599999999999,0
NC1=NC(CC=O)=C1N,125.13099999999999,4,2,2,1,4,81.47,-0.8835000000000004,0
COC1=NN=C(N)C1=O,127.103,5,1,0,1,5,77.03999999999999,-1.1138000000000001,0
CC(C#N)C1=NN=C1,107.116,3,0,1,1,3,48.51,0.5864800000000001,1
N=C1COC(C=O)C1=O,127.09899999999998,4,1,1,1,4,67.22,-0.8270300000000002,1
O=CN=Nc1[nH]ncc1O,140.102,4,2,2,1,6,90.7,0.3554,0
COc1ncc(=N)[nH]n1,126.119,4,2,1,1,5,74.65,-0.7072300000000002,0
Cc1noc(=N)oc1=O,128.087,5,1,0,1,5,80.09,-0.5843099999999999,0
COC1=NNC(=O)C1=O,128.087,4,1,0,1,5,67.75999999999999,-1.3548000000000002,0
CC(=O)c1c[nH]n[n+]1[O-],127.103,3,1,1,1,5,72.69,-0.7543,0
N=CN1CC(=O)C1=NO,127.10299999999998,4,2,1,1,5,76.75,-0.7341300000000002,0
N=C1OCCOC(=N)O1,130.103,5,2,0,1,5,75.39,-0.0806599999999999,0
COc1conc1CO,129.115,4,1,2,1,4,55.49000000000001,0.17549999999999993,0
N=C1OC(=O)C1C=O,113.07199999999997,4,1,1,1,4,67.22,-0.6644300000000001,1
Nc1occ(C=O)[n+]1[O-],128.087,4,1,1,1,5,83.17,-0.6922999999999999,0
CC1=NC(=O)N=C1N,111.104,2,1,0,1,4,67.81,-0.061899999999999844,0
CCC1=NC(=O)N=C1N,125.131,2,1,1,1,4,67.81,0.32820000000000016,0
N=C1COCOC(=N)O1,130.103,5,2,0,1,5,75.39,-0.0806599999999999,0
CC(=O)c1cnnc(N)n1,138.13,5,1,1,1,5,81.76,-0.34360000000000007,0
N#CC1COC(=N)OCN1,141.13,5,2,0,1,5,78.13,-0.5927500000000003,1
Cc1n[nH]c(=O)c(=O)o1,128.087,4,1,0,1,5,75.96000000000001,-0.96848,0
N=C1OC(=N)C(=NO)O1,129.075,6,3,0,1,6,98.75,-0.26705999999999996,0
O=C1N=C(CO)N=C1O,128.087,3,2,1,1,5,82.25,-1.1261,0
CNC1=CNC(=O)NCN1,142.162,3,4,1,1,5,65.19,-1.1353999999999993,0
COC1=NC(N)=NC1=O,127.10300000000001,4,1,0,1,5,77.03999999999999,-1.1138000000000001,0
N=C1OC(N)=CC1=O,112.088,4,2,0,1,4,76.16999999999999,-0.6369300000000002,0
NC1CC(=O)C(=O)C1O,129.11499999999998,4,2,0,1,4,80.39,-1.7835,2
CCn1nc(OC#N)o1,127.10299999999998,5,0,2,1,5,63.980000000000004,0.3558799999999999,0
N=C1N=CC(CO)=C1O,126.11499999999998,3,3,1,1,4,76.67,-0.14752999999999994,0
CC(O)C1=NC(=N)O1,114.104,3,2,1,1,4,65.67,-0.26933000000000007,1
CN=C1N=CC(=N)O1,111.10399999999998,3,1,0,1,4,57.8,0.05047000000000007,0
C#CC(=O)c1cnn[nH]1,121.099,3,1,1,1,4,58.64,-0.3794000000000001,0
N=C1OCNC(=O)CO1,130.10299999999998,4,2,0,1,5,71.41,-0.9583300000000003,0
NC(=O)C1=NN=C1O,113.076,3,2,1,1,5,88.04,-1.2022,0
CN=C1OC(=N)OC1=N,127.103,5,2,0,1,5,78.52000000000001,-0.02646000000000004,0
N=C1OCCC(=O)C1=NO,142.114,5,2,0,1,5,82.74,-0.21673000000000003,0
N=CC1=NC=C1C(=N)O,123.11499999999998,3,3,2,1,4,80.29,0.50974,0
N=C(CN)c1coc(=N)o1,141.12999999999997,5,3,2,1,5,100.00000000000001,-0.3213599999999998,0
COC1=NN=C1CO,114.10399999999998,4,1,1,1,4,54.18000000000001,-0.6068,0
N=C1OCNC(=O)CO1,130.10299999999998,4,2,0,1,5,71.41,-0.9583300000000003,0
N#CCc1n[nH]nc1N,123.11900000000001,4,2,1,1,5,91.38,-0.5470200000000003,0
CN=C1OC(=N)NC1=O,127.103,4,2,0,1,5,74.53999999999999,-0.9041300000000003,0
O=C1N=CNC(=O)C1=O,126.07099999999997,3,1,0,1,5,75.6,-1.7598,0
N=Cn1[nH]c(=O)[nH]c1=O,128.09099999999998,4,3,1,1,6,94.5,-1.6801300000000001,0
N=COC1=NN=CC1=N,124.103,5,2,1,1,5,81.65,0.027739999999999987,0
NC(=O)C1=NC(N)=C1,111.104,3,2,1,1,4,81.47,-1.2736000000000003,0
N=Cn1[nH]c(=N)oc1=O,128.09099999999998,5,3,1,1,6,98.63,-1.2959600000000002,0
Nc1nccoc1=O,112.08799999999998,4,1,0,1,4,69.12,-0.383,0
O=CC1=CN=NNN1C=O,140.102,5,1,2,1,6,74.13,-0.6295000000000002,0
N=C1N=C(CO)C(=N)O1,127.10299999999998,4,3,1,1,5,89.52,-0.6380600000000001,0
N=C1OCOC(=O)CO1,131.087,5,1,0,1,5,68.61,-0.5313300000000001,0
N=CN1COC(=O)CN1,129.119,4,2,1,1,5,65.42,-1.0856300000000003,0
NC1=NNC(=O)C1=O,113.07599999999998,4,2,0,1,5,84.54999999999998,-2.0425,0
N=C1OCC(=N)C(=N)O1,127.103,5,3,0,1,5,90.01,-0.034989999999999966,0
NC1=NC(=O)OCO1,116.07599999999998,4,1,0,1,5,73.91,-0.5746,0
N=c1cn[nH]nc1CO,126.11899999999999,4,3,1,1,5,85.65,-1.2235300000000005,0
N=CNc1c[nH]c(=O)o1,127.10299999999998,3,3,2,1,5,81.88000000000001,-0.013130000000000197,0
CCN=C1NC(=O)CO1,128.131,3,1,1,1,4,50.69,-0.49130000000000007,0
N#CCc1c[nH]nnc1=O,136.114,4,1,1,1,5,82.43,-0.76902,0
COC1=NN=C1COC#N,139.11399999999998,5,0,2,1,5,66.97,-0.10142000000000007,0
N=COc1coc(=O)o1,129.07099999999997,5,1,2,1,5,76.43,0.21866999999999998,0
CC(O)C1=NNC1=O,114.104,3,2,1,1,4,61.690000000000005,-1.1470000000000002,1
COC1=NN=C(N)C1=O,127.103,5,1,0,1,5,77.03999999999999,-1.1138000000000001,0
NC1=NC(C=O)NC1=O,127.10299999999998,4,2,1,1,5,84.54999999999998,-2.0016,1
N=CN1CC(=O)NCO1,129.119,3,2,1,1,5,65.42,-1.0856299999999999,0
NC1=NC(CO)=C1N,113.11999999999999,4,3,1,1,4,84.63,-1.4802,0
CC(=O)n1ncnc1N,126.119,5,1,0,1,5,73.8,-0.47959999999999997,0
CC1=NC(=O)N=C1N,111.104,2,1,0,1,4,67.81,-0.061899999999999844,0
N=C1CNC(=O)COC1,128.13099999999997,3,2,0,1,4,62.18000000000001,-0.8474300000000001,0
N=C1OCC(=O)OC1=N,128.087,5,2,0,1,5,83.22999999999999,-0.48566000000000015,0
NC1=NC(=O)C(C=O)=N1,125.08699999999997,4,1,1,1,5,84.88,-1.5188,0
N=CN1OCC(=O)CO1,130.103,4,1,1,1,5,62.620000000000005,-0.6586300000000003,0
N=CN=C1OC(O)=C1N,127.10299999999998,4,3,1,1,5,91.69,-0.29202999999999996,0
N=C1NCN(C=O)CO1,129.119,3,2,1,1,5,65.42,-1.0856299999999999,0
CC(=N)Nn1ccnn1,125.13499999999999,4,2,1,1,5,66.59,-0.18123000000000017,0
NC(=O)C1=CN=C1N,111.104,3,2,1,1,4,81.47,-1.2736000000000003,0
N#CNC(=N)OC1=NC1,124.103,4,2,0,1,5,81.26,-0.5794500000000002,0
N=C1N=CN=C1CN,110.12,3,2,1,1,4,74.59,-0.59473,0
N=C1OCC(=O)C(=N)O1,128.087,5,2,0,1,5,83.23,-0.48566000000000015,0
CN1C=NC(=N)ON1C=O,142.118,4,1,1,1,6,68.99000000000001,-0.8001300000000002,0
NC1=NN=C(N)C1=O,112.092,5,2,0,1,5,93.82999999999998,-1.8015000000000003,0
N=C1OCOC(=N)C1=N,127.103,5,3,0,1,5,90.00999999999999,-0.034989999999999966,0
COC1=NNC(=N)C1=N,126.11899999999999,4,3,0,1,5,81.32,-0.45346000000000036,0
N=C1C=NC(N)=C1NC=O,138.13,4,3,2,1,5,91.33000000000001,-1.0356300000000003,0
COC1=CN=C(O)C1=N,126.11499999999998,3,2,1,1,4,65.67,0.46407,0
N=C1COC(=N)N=CO1,127.103,4,2,0,1,5,78.52,-0.026460000000000095,0
CC(=O)C1=NC(O)=N1,112.088,3,1,1,1,4,62.019999999999996,-0.09849999999999998,0
N=C1C=NC(=O)OCO1,128.087,4,1,0,1,5,71.74000000000001,0.15877000000000002,0
N=C1OCN=NCC1=O,127.103,5,1,0,1,5,74.87,-0.027330000000000076,0
N=C1N=C(O)N=C1N,112.092,3,3,0,1,5,94.82,-0.75153,0
N=c1occ(N)n[n+]1[O-],128.09100000000004,5,2,0,1,6,102.84,-1.6303299999999998,0
CC1=NC(CO)=C1N,112.13199999999999,3,2,1,1,3,58.61,-0.3765,0
NC1=NC(O)=CC1=O,112.08799999999997,4,2,0,1,4,75.68,-0.6743000000000001,0
NC(=O)c1nccn1N,126.119,4,2,1,1,5,86.93,-1.3042000000000002,0
NC(=O)n1ccnc1N,126.119,4,2,0,1,5,86.93,-0.6079000000000001,0
CNC1=NN=C1C=O,111.10399999999998,4,1,1,1,4,53.82,-0.8272000000000002,0
N#Cc1n[nH]c(=O)cc1N,136.11399999999995,4,2,0,1,5,95.55999999999999,-0.7762200000000001,0
N=CN=C1NC(CO)C1=N,140.146,3,4,2,1,5,92.32,-1.0241600000000002,1
N=Cc1cc(=O)oc(N)n1,139.114,5,2,1,1,5,92.97,-0.3853300000000001,0
CNC1=NC(=O)C(O)=N1,127.10299999999998,3,2,0,1,5,74.05,-0.9415,0
N=Cn1ncc(=N)nn1,124.107,6,2,1,1,6,91.30000000000001,-1.3922600000000003,0
N=C1NC(=O)COC1=N,127.103,4,3,0,1,5,86.03,-0.9126600000000002,0
C#Cc1nn[nH]c(=O)n1,122.08699999999999,4,1,0,1,5,71.53,-1.4588,0
N=C1OCC(=O)C(=O)O1,129.071,5,1,0,1,5,76.45,-0.9363300000000001,0
Nc1coc(=O)nc1N,127.10300000000001,5,2,0,1,5,95.14,-0.8008,0
Nc1cnc(N=O)nc1,124.103,5,1,1,1,5,81.23,0.4567000000000001,0
N=C1OCC(=N)C(=O)O1,128.087,5,2,0,1,5,83.23,-0.48566000000000015,0
CNC1=NC(=O)NCO1,129.119,3,2,0,1,5,62.72,-0.7409000000000001,0
Nc1ncn(C=O)c1N,126.11899999999999,5,2,1,1,5,86.92999999999999,-0.9142000000000001,0
CC1OC(=O)NC=[N+]1[O-],130.10299999999998,3,1,0,1,5,64.39999999999999,-0.3892,1
COC1=NC(=N)C(=O)N1,127.103,3,2,0,1,5,74.53999999999999,-0.9041300000000001,0
N=C1NCC(=N)C(=N)O1,126.119,4,4,0,1,5,92.81000000000002,-0.46199000000000007,0
Nc1ncn(C=O)c1O,127.10299999999997,5,2,1,1,5,81.14,-0.7908000000000002,0
N=CC1=NC(N)=NC1=O,124.10300000000001,4,2,1,1,5,91.66,-1.0681300000000002,0
CNC1=CN=NC1=N,110.12,3,2,1,1,4,60.6,0.49027,0
N#CC1=NN(C=N)C1,108.10399999999998,3,1,1,1,4,63.24,-0.21134999999999998,0
N=C1OCC(=N)C(O)O1,130.10299999999998,5,3,0,1,5,86.39,-0.6938600000000001,1
N=c1nc(C=O)cno1,125.08699999999997,5,1,1,1,5,79.84,-0.63843,0
N=C1COC(=N)C(=O)O1,128.087,5,2,0,1,5,83.23,-0.48566000000000015,0
N#CC(=N)n1cncn1,121.103,5,1,0,1,5,78.35000000000001,-0.3729499999999999,0
N=C1OC(N)=NC1=O,113.07600000000001,4,2,0,1,5,88.53,-1.1648300000000003,0
N=CN=C1N=COC1=N,124.10299999999998,3,2,1,1,5,81.65,0.027739999999999987,0
COC#Cc1cnnn1N,138.13,5,1,0,1,5,65.96000000000001,-1.0527000000000002,0
NC1=CC(=NC=O)N=N1,124.10300000000001,3,1,1,1,5,80.17,-0.19280000000000003,0
COC1=NC(=O)C(N)=N1,127.10300000000001,4,1,0,1,5,77.03999999999999,-1.1138000000000003,0
N=C1O[C-]N=CN=C1N,124.10300000000001,5,2,0,1,5,83.82,-0.6243399999999999,0
N=C1N=C(C(=N)O)O1,113.07599999999998,3,3,1,1,5,89.52000000000001,-0.11485999999999996,0
O=CC1=NC(=O)NCO1,128.087,3,1,1,1,5,67.76,-0.7189000000000001,0
CN1COC(=O)C(=O)N1,130.10299999999998,4,1,0,1,5,58.64,-1.5362999999999996,0
Cn1c(N)ccc1N=O,125.13099999999997,4,1,1,1,4,60.38,1.0052,0
CC(=O)C1=CN=NC1=N,123.115,3,1,1,1,4,65.64,0.9023699999999999,0
N=CC1=NC(=O)C(=N)N1,124.103,3,3,1,1,5,89.16,-0.8584600000000002,0
CC(N)C1=NC(=N)N1,112.136,2,3,1,1,4,74.25999999999999,-0.72993,1
N=C1N=C(O)N=C1C=O,125.08699999999997,3,2,1,1,5,85.87,-0.4688300000000001,0
COc1cnoc1C=N,126.11499999999998,4,1,2,1,4,59.11000000000001,0.6808699999999999,0
N=C1OCC(=O)OC1=N,128.087,5,2,0,1,5,83.22999999999999,-0.48566000000000015,0
N=C1OC(=O)OCC1=O,129.071,5,1,0,1,5,76.44999999999999,-0.30043,0
CC1=NC(=N)OC1=N,111.10399999999998,3,2,0,1,4,69.28999999999999,0.38954000000000005,0
N=C1COC(=N)NCO1,129.119,4,3,0,1,5,78.19,-0.5076600000000002,0
COC1=NC(O)=NC1=O,128.087,3,1,0,1,5,71.25,-0.5145000000000002,0
NC1=C(CO)C(=O)N=C1,126.11499999999998,3,2,1,1,4,75.68,-1.1975000000000002,0
Nc1coc(=O)c(=O)o1,129.071,5,1,0,1,5,86.44,-0.8248,0
N=CN1CC(=O)NC1=O,127.10299999999998,3,2,1,1,5,73.26,-0.85473,0
COC1=CC(=O)C(N)=N1,126.11500000000001,4,1,1,1,4,64.68,-0.5859000000000001,0
NC1=NC(=O)NC1=O,113.07599999999998,3,2,0,1,5,84.54999999999998,-1.4066,0
N=CC(O)C1=CN=N[N+]1,125.11100000000002,4,2,2,1,5,82.9,-0.17653000000000002,1
Nc1cnc(NC=O)o1,127.10299999999998,4,2,2,1,5,81.14999999999999,-0.17490000000000022,0
N=C1OC(=NO)OCC1=O,144.08599999999998,6,2,0,1,6,91.97,-0.6752300000000002,0
Cc1nnc(N)nc1N,125.13500000000002,5,2,0,1,5,90.71,-0.6555800000000003,0
N=C1N=CN=C1N,96.093,3,2,0,1,4,74.59,-0.63723,0
N#CCn1ncoc1=N,124.10299999999998,5,1,1,1,5,78.6,-0.52085,0
N=CNC1NCOC1C=O,143.146,4,3,3,1,5,74.21000000000001,-1.3460299999999998,2
N=C1N=C(CO)C(=N)O1,127.10299999999998,4,3,1,1,5,89.52,-0.6380600000000001,0
CC(O)C1=NN=C1N,113.12000000000002,4,2,1,1,4,70.97,-0.9060000000000001,1
N#CCC1=NC(=N)O1,109.088,3,1,1,1,4,69.23,0.26355,0
N#CC(=N)OC1COC1=N,139.11399999999998,5,2,1,1,5,89.95000000000002,-0.12007999999999991,1
N=C1OCC(=O)OC1=N,128.087,5,2,0,1,5,83.22999999999999,-0.48566000000000015,0
CN=C1N=CC(N)=[N+]1[O-],126.119,3,1,0,1,5,76.80999999999999,-1.0758999999999999,0
CN=C1ON=C1NC=O,127.10299999999998,4,1,1,1,5,63.050000000000004,-0.8956000000000002,0
N=C1NN=C(CO)C1=O,127.10299999999998,4,3,1,1,5,85.53999999999999,-1.5157300000000002,0
O=CC1COC(=O)NCO1,145.11399999999998,4,1,1,1,5,64.63000000000001,-0.7322,1
N#CCNC1=NC=NC1=N,135.13,4,2,1,1,5,84.39,-0.48274999999999996,0
O=CN=C1N=CC(O)=N1,125.08699999999999,1,1,1,1,5,74.38,-0.4603,0
NC(C=O)C1=NC(O)=N1,127.103,4,2,2,1,5,88.04,-1.1612999999999998,1
N=C1N=CN=C1F,99.068,2,1,0,1,4,48.57,0.37357,0
N=C1COC(=N)C(=O)O1,128.087,5,2,0,1,5,83.23,-0.48566000000000015,0
COC(=N)C1=NNC1=O,127.103,4,2,1,1,5,74.53999999999999,-0.9041300000000003,0
N=CN1C=C(N)OC=N1,126.119,4,2,1,1,5,74.7,-0.3734300000000001,0
Cc1nnc(=N)oc1N,126.119,5,2,0,1,5,88.79,-0.5603100000000001,0
N#Cc1cnoc1N,109.088,4,1,0,1,4,75.84,0.12848000000000004,0
N=C1C=C(N)C(N)=N1,110.12000000000002,3,3,0,1,4,88.25,-0.8229299999999997,0
N=C1OCN(C=O)CO1,130.10299999999998,4,1,1,1,5,62.620000000000005,-0.6586300000000003,0
N=C1OCC(=N)C(=O)O1,128.087,5,2,0,1,5,83.23,-0.48566000000000015,0
N=C1N=COC(=O)CN1,127.103,3,2,0,1,5,74.53999999999999,-0.9041300000000001,0
N#CCc1nc(O)co1,124.09899999999998,4,1,1,1,4,70.05,0.44627999999999995,0
COC1=NNC(=N)C1=O,127.10299999999998,4,2,0,1,5,74.53999999999999,-0.9041300000000003,0
CC(=O)C1=NC(=N)O1,112.088,3,1,1,1,4,62.510000000000005,-0.06112999999999996,0
N=Cc1nnoc1C=O,125.08699999999997,5,1,2,1,5,79.84,-0.12023,0
CC1=NC(=O)NC1=N,111.10399999999998,2,2,0,1,4,65.31,0.14777000000000007,0
Cn1cnnc(N)c1=O,126.119,5,1,0,1,5,73.80000000000001,-1.2425000000000004,0
N=C1N=C(N)C(=N)O1,112.092,4,3,0,1,5,95.31000000000002,-0.7141600000000001,0
Nc1oncc1C=O,112.08799999999998,4,1,1,1,4,69.12,0.06930000000000003,0
O=Cc1ncoc1CO,127.09899999999998,4,1,2,1,4,63.33,-0.020600000000000007,0
N=C1NC(=O)NC1=O,113.076,3,3,0,1,5,82.05000000000001,-1.19693,0
N=C1OCNC(=O)CO1,130.10299999999998,4,2,0,1,5,71.41,-0.9583300000000003,0
N=C1NC(=O)C(CO)N1,129.119,3,4,1,1,5,85.21000000000001,-1.9985300000000001,1
N=C1NC(=O)NCO1,115.092,3,3,0,1,5,74.21000000000001,-0.79193,0
N=C1C=NC(CO)=[N+]1[O-],127.103,4,2,1,1,5,82.50999999999999,-1.0508300000000002,0
N#CC1OC(=O)N1C=N,125.08699999999999,4,1,1,1,5,77.18,-0.10464999999999997,1
NC1=NC(C=O)=NC1=O,125.08699999999997,4,1,1,1,5,84.88,-1.5188,0
COc1oc(=O)oc1N,131.087,5,1,1,1,5,78.6,-0.1764,0
N#CC1=NC(=N)N=N1,107.07600000000001,3,1,0,1,5,84.72,0.30905000000000005,0
N=CN1CC(=O)C(=O)N1,127.10299999999998,3,2,1,1,5,73.26,-1.4906300000000001,0
CN=C1COC(C=O)=N1,126.11499999999998,3,0,1,1,4,51.019999999999996,-0.35770000000000013,0
N=C1OC=NCOC1=N,127.103,5,2,0,1,5,78.52000000000001,-0.026460000000000095,0
N=Cn1cc[nH]c1=NO,126.11899999999999,4,3,1,1,5,77.16,-0.43873000000000023,0
NC1=CC(=O)C(=O)N1,112.088,3,2,0,1,4,72.19,-1.5146,0
COC1=NC(=O)N1C=O,128.087,3,0,1,1,5,58.97,-0.4192,0
CC(=O)c1ncc(N)o1,126.115,4,1,1,1,4,69.12,0.45940000000000003,0
N#Cc1cnc(=N)[nH]n1,121.103,4,2,0,1,5,89.21,-0.8441500000000002,0
N=C1OCOC(=O)C1=N,128.087,5,2,0,1,5,83.23,-0.48566000000000015,0
N=C1OCNC(=O)CO1,130.10299999999998,4,2,0,1,5,71.41,-0.9583300000000003,0
N=C1N=C(CO)N=C1N,126.119,4,3,1,1,5,94.82,-1.2747300000000001,0
COC1=NC(=N)C(=N)O1,127.103,4,2,0,1,5,78.52,-0.02646000000000004,0
N=C1N=C(CN)C(=O)O1,127.103,4,2,1,1,5,88.53000000000002,-1.1223299999999998,0
CNC1=NC(=O)N=C1N,126.119,3,2,0,1,5,79.84,-0.9049,0
N#Cc1n[nH]nc1C=N,121.10299999999998,4,2,1,1,5,89.21000000000001,-0.32595000000000013,0
CN=C1N=C(N)OC1=O,127.103,4,1,0,1,5,77.03999999999999,-1.1138,0
N=C1NCC(=O)C(N)CO1,143.14600000000002,4,3,0,1,5,88.2,-1.56263,1
N=c1nc(OCO)cno1,143.10199999999998,6,2,2,1,6,92.23,-1.12233,0
N=C1OCOC(=O)C1=N,128.087,5,2,0,1,5,83.23,-0.48566000000000015,0
COc1ncc(=N)[nH]n1,126.119,4,2,1,1,5,74.65,-0.7072300000000002,0
COc1cnc(=N)[nH]n1,126.119,4,2,1,1,5,74.65,-0.7072300000000002,0
CC(O)c1nnoc1N,129.119,5,2,1,1,5,85.17,-0.2949000000000001,1
N=CC1=NC(=O)C(N)=N1,124.10300000000001,4,2,1,1,5,91.66,-1.06813,0
O=C1OC(CO)C1=O,116.07199999999999,4,1,1,1,4,63.6,-1.5268000000000002,1
CNC1=NN=C1C=N,110.11999999999999,4,2,1,1,4,60.6,-0.3765300000000002,0
NC1=NC(=O)C(N)=N1,112.092,4,2,0,1,5,93.83,-1.8014999999999999,0
N=C1C=C(N)OC1=O,112.088,4,2,0,1,4,76.17000000000002,-0.6369300000000002,0
NOC1=C(CO)C(=O)N=C1,142.11399999999998,4,2,2,1,5,84.91000000000001,-1.2659000000000002,0
Nc1nn[nH]c1C=NC=O,139.11799999999997,4,2,2,1,6,97.02000000000001,-1.0378000000000005,0
CNC(=O)n1cc(N)o1,129.119,4,2,0,1,5,73.19,-0.1492000000000001,0
N#CCc1nn[nH]c1O,124.103,4,2,1,1,5,85.59,-0.4236200000000002,0
N#CCc1nonc1N,124.10300000000001,5,1,1,1,5,88.73,-0.28212000000000004,0
N#CCc1ncnn1N,123.11900000000001,5,1,1,1,5,80.52,-0.9420200000000001,0
CC1(C#N)NC(=O)O1,112.08799999999998,3,1,0,1,4,62.120000000000005,-0.034019999999999884,1
N=C(O)c1c(N)c1=O,112.088,3,3,1,1,4,87.16999999999999,-0.6120300000000001,0
N=CC1=NC=NC1=N,108.104,3,2,1,1,4,72.42,0.09614,0
C#CC(N)C1=NN=C1N,122.13100000000001,4,2,1,1,4,76.75999999999999,-1.3262999999999998,1
NC1=C(CO)C(=O)O1,115.08799999999998,4,2,1,1,4,72.55,-1.2942000000000002,0
N=C1CONC(=O)CC1=O,142.11399999999998,4,2,0,1,5,79.25,-0.9732300000000003,0
N=C1COC(=N)OCO1,130.103,5,2,0,1,5,75.39,-0.08066000000000012,0
Cn1[nH]cnc(=N)c1=O,126.11899999999999,4,2,0,1,5,74.53,-1.4121299999999999,0
N=C1NC(C=O)OC1=O,128.087,4,2,1,1,5,79.25,-1.3649300000000002,1
C#CCc1nonc1N,123.11500000000001,4,1,1,1,4,64.94,-0.1725,0
N=C1CC(=O)OC(=N)O1,128.087,5,2,0,1,5,83.23,-0.13806000000000002,0
NC1=CNC(=O)ON1CO,145.118,5,3,1,1,6,87.82,-1.3494,0
NC(=O)C1=NOC1=O,114.05999999999999,4,1,1,1,5,81.75,-1.6155,0
N=C(O)C1=NNC1=O,113.076,3,3,1,1,5,85.53999999999999,-0.9925300000000001,0
N=C1NC(=O)OCCO1,130.103,4,2,0,1,5,71.41000000000001,-0.32243,0
CN=C1N=C(O)C(=N)O1,127.10299999999998,3,2,0,1,5,78.03000000000002,-0.06382999999999994,0
N=CN1CC(=O)NC1=N,126.11899999999999,3,3,1,1,5,80.04,-1.03996,0
Cn1ncnc1CO,113.11999999999999,4,1,1,1,4,50.94,-0.6926000000000001,0
N=CC1=NC(=N)C=N1,108.104,3,2,1,1,4,72.42,0.09614,0
CNC(=O)C1=NOC1=N,127.103,4,2,1,1,5,74.53999999999999,-0.9041300000000001,0
NC1=NNC=C(C=O)C=N1,138.12999999999997,5,2,1,1,5,79.83999999999999,-1.0270999999999997,0
N=C1COC(=N)N=CO1,127.103,4,2,0,1,5,78.52,-0.026460000000000095,0
CNC1=NC(C=N)=C1O,125.13099999999997,4,3,1,1,4,68.47,0.037069999999999936,0
N=CN1C(=N)OC1=O,113.07599999999998,4,2,1,1,5,77.24000000000001,-0.01955999999999991,0
N=C1OC=CNC(=O)O1,128.087,4,2,0,1,5,71.41,0.14876999999999996,0
N=C1N=C(O)C(CO)=N1,127.10299999999998,2,3,1,1,5,89.03,-0.6754300000000002,0
N=c1cnn(N)cc1N,125.135,5,3,0,1,5,93.71,-1.3414300000000001,0
N=C1N=C(C(=N)O)CO1,127.10299999999998,3,3,1,1,5,89.52000000000001,-0.07236000000000004,0
N=CN1COC(=O)C(=O)N1,143.102,4,2,1,1,6,82.49000000000001,-1.5590300000000004,0
CN=C1N=CC(CO)=N1,125.13099999999999,2,1,1,1,4,57.31,-0.5101,0
COc1cn[nH]c(=N)n1,126.119,4,2,1,1,5,74.65,-0.70723,0
N#CC(N)C1=NC(=O)N1,124.103,3,2,1,1,5,91.27000000000001,-1.04102,1
N=C1NC(C=O)NCO1,129.119,4,3,1,1,5,74.21000000000001,-1.38693,1
N=CC1COC(=N)CO1,128.131,4,2,1,1,4,66.16,0.028640000000000054,1
N#CCc1[nH]nnc1N,123.11900000000001,4,2,1,1,5,91.38,-0.5470200000000003,0
CNC(=O)C1=NN=C1N,126.11900000000001,4,2,1,1,5,79.84,-1.5408,0
CNC(=O)C1=NN=C1O,127.103,3,2,1,1,5,74.05,-0.9415000000000002,0
Nc1nc(C=O)oc1N,127.10299999999998,5,2,1,1,5,95.14,-0.3485,0
N#COCC1=NC=NC1=N,136.114,4,1,2,1,5,81.59,-0.05575000000000002,0
Cc1noc(=N)oc1=N,127.103,5,2,0,1,5,86.87,-0.46503999999999984,0
N=CN1CC(=O)NCO1,129.119,3,2,1,1,5,65.42,-1.0856299999999999,0
N=C1CNC(=O)C(=O)O1,128.087,4,2,0,1,5,79.25000000000001,-1.3633300000000004,0
N=Cc1cnc(N)n1C=O,138.13,5,2,2,1,5,84.75999999999999,-0.4987300000000001,0
N=C1NC(=O)C(=O)CO1,128.087,4,2,0,1,5,79.25000000000001,-1.36333,0
N=C1OCC(N)C(=O)O1,130.103,5,2,0,1,5,85.39999999999999,-1.1781300000000001,1
NC(=O)Cc1nc[nH]n1,126.119,3,2,2,1,5,84.66000000000001,-1.1675000000000002,0
NC1=C(CO)C=NC1=O,126.11499999999998,3,2,1,1,4,75.68,-1.1975000000000002,0
Nc1ncc(F)n[n+]1[O-],130.08200000000002,4,1,0,1,6,78.74,-1.1687,0
COc1cn(C#N)cn1,123.115,4,0,1,1,4,50.84,0.2208799999999999,0
NC1=CC(N)=NC1=O,111.10400000000001,3,2,0,1,4,81.47,-1.2736000000000003,0
Nc1cc(O)n(C=O)n1,127.103,5,2,1,1,5,81.14,-0.7908000000000002,0
CC(=O)C1=NNC1=N,111.104,3,2,1,1,4,65.31,-0.4881300000000001,0
N#CC(N)c1cn[nH]n1,123.119,4,2,1,1,5,91.38000000000001,-0.6719200000000003,1
COc1nncc(N)n1,126.119,5,1,1,1,5,73.92,-0.5376000000000003,0
NC1=NC(C(N)C=O)=N1,126.11899999999999,5,2,2,1,5,93.83,-1.7606000000000004,1
N=CC1N=C1C(=O)O,112.08799999999998,3,2,2,1,4,73.51,-0.4562300000000002,1
CN=C1C(N)=NC=[N+]1[O-],126.119,4,1,0,1,5,76.80999999999999,-1.0758999999999999,0
Nc1cnoc1NC=O,127.10299999999998,4,2,2,1,5,81.15,-0.1749,0
CN=C1OC(=O)N=C1O,128.087,3,1,0,1,5,71.25,0.12140000000000001,0
COC1=NN=C1OC#N,125.08699999999999,5,0,0,1,5,66.97,-0.14392000000000005,0
N=C(N)C(=O)C1CN1,113.11999999999999,3,3,2,1,4,88.88,-1.5367300000000002,1
CN=C1NC(=O)OC1=O,128.087,4,1,0,1,5,67.75999999999999,-0.7189000000000001,0
CN=C1N=C(CO)OC1=O,142.11399999999998,4,1,1,1,5,71.25,-1.0377,0
N=C1NCC(=O)N1C=O,127.103,3,2,1,1,5,73.26,-1.4906300000000001,0
CN=C1C=C(C(=O)O)O1,127.09899999999998,3,1,1,1,4,58.89,0.013400000000000023,0
Cn1c(C=O)n[nH]c1=N,126.119,4,2,1,1,5,74.53,-0.9598300000000002,0
N=CC1OCN=NC1=N,126.11900000000001,4,2,1,1,5,81.65,0.42174,1
NC1=NC=NC(=O)CN1,126.11899999999999,4,2,0,1,5,79.84,-1.5408000000000004,0
N=C(C=O)N1OC1=N,113.076,4,2,1,1,5,80.31,-0.6554599999999999,0
N=C1NC(C(N)=O)CO1,129.11900000000003,3,3,1,1,5,88.2,-1.6051300000000004,1
N=c1occn1C(N)=O,127.10300000000001,4,2,0,1,5,85.00999999999999,-0.5126299999999999,0
N=C1NC(=O)OC1=NO,129.07500000000002,5,3,0,1,6,94.77000000000001,-0.5088300000000001,0
CN=C1C=NC(=O)N1,111.10399999999998,2,1,0,1,4,53.82,-0.19129999999999997,0
N=C1NC(C=O)N=CO1,127.103,4,2,1,1,5,74.54,-0.9057300000000001,1
N=c1o[c-](C=O)nc1N,126.095,5,2,1,1,5,92.97,-0.7323300000000001,0
N=C1OCOC(=O)C1=N,128.087,5,2,0,1,5,83.23,-0.48566000000000015,0
CN=C1NC(=O)C(=N)O1,127.10299999999998,4,2,0,1,5,74.54,-0.9041300000000001,0
COc1n[nH]c(C=O)n1,127.10299999999998,4,1,2,1,5,67.87,-0.37420000000000003,0
N=CNC1=CC(=N)N=N1,123.119,3,3,2,1,5,84.45,0.46754,0
N=C(CO)c1ncno1,127.103,5,2,2,1,5,83.0,-0.57023,0
N=C1N=C=NOC=C1N,124.103,4,2,0,1,5,83.82,-0.11712999999999985,0
N=CN1OCNC1C=O,129.119,4,2,2,1,5,65.42000000000002,-1.0872300000000001,1
NC1=C(C=O)OC1=O,113.07199999999999,4,1,1,1,4,69.39000000000001,-1.0876000000000001,0
N=C1CC(=O)C(=NO)O1,128.087,5,2,0,1,5,82.74000000000001,-0.25923,0
N=CC(=O)OC1(N)CN1,129.11900000000003,5,3,2,1,5,98.11,-1.6051300000000004,1
N=CN1C=NC(O)C=N1,126.11899999999997,4,2,1,1,5,72.04,-0.7584300000000002,1
N=C1OC(=N)C(=O)O1,114.05999999999999,5,2,0,1,5,83.23,-0.5281600000000002,0
CC1(C)NC(=O)C(=O)N1,128.131,2,2,0,1,4,58.2,-1.0315000000000005,0
CC(=O)n1cnc(N)n1,126.11900000000001,5,1,0,1,5,73.8,-0.47959999999999997,0
N=C1COC(=N)C(=O)N1,127.103,4,3,0,1,5,86.03,-0.9126600000000002,0
N=C1OCC(=O)C(=N)O1,128.087,5,2,0,1,5,83.23,-0.48566000000000015,0
N=C1N=CN=C1NC=O,124.10299999999998,3,2,1,1,5,77.67,-0.8499300000000003,0
N=C1OC(=O)OC1=N,114.05999999999999,5,2,0,1,5,83.22999999999999,0.10774,0
CN=C1N=CN=C1N,110.12,3,1,0,1,4,63.099999999999994,-0.5861999999999998,0
Nc1nccc(=O)n1C=O,139.11399999999998,5,1,1,1,5,77.97999999999999,-1.1362,0
CC(=O)C1=NC(F)=N1,114.07900000000001,3,0,1,1,4,41.79,0.31300000000000006,0
C#CC1=C(O)C(N)=N1,108.1,3,2,0,1,3,58.61,-0.23999999999999988,0
NC1=NN=C(CO)C1=O,127.10299999999998,5,2,1,1,5,88.03999999999999,-1.7254,0
N#Cc1ncnnc1N,121.10300000000001,5,1,0,1,5,88.48,-0.67452,0
N=CCn1cnoc1=N,126.11899999999999,5,2,2,1,5,78.66,-0.39485999999999993,0
CC(=O)c1nnc(N)o1,127.10300000000001,5,1,1,1,5,82.01,-0.14559999999999984,0
N#CCc1ncnoc1=N,136.114,5,1,1,1,5,86.56,-0.38484999999999997,0
COC1=C(O)C(=N)N=C1,126.11499999999998,3,2,1,1,4,65.67,0.46407,0
CNC1=C(O)C(=O)N=C1,126.11499999999998,3,2,1,1,4,61.69,-0.4136000000000002,0
Cn1c(N)nncc1=N,125.13499999999999,5,2,0,1,5,80.58000000000001,-1.12323,0
N=C1NCOC(=O)CO1,130.103,4,2,0,1,5,71.41,-0.9583300000000001,0
Nc1cc(=O)n(C=O)[nH]1,127.103,4,2,1,1,5,80.88,-1.2031,0
COC1=C(O)C(=N)C=N1,126.11499999999998,4,2,1,1,4,65.67,0.46407,0
Cn1cnc(=O)nc1N,126.119,5,1,0,1,5,73.8,-1.2425000000000004,0
N=C1OC(=O)C(=O)O1,115.04399999999998,5,1,0,1,5,76.45,-0.9788300000000001,0
N=C1NC(=O)OCC1=O,128.087,4,2,0,1,5,79.25,-0.72743,0
N=CN1C(=O)NC1C=O,127.10299999999997,3,2,2,1,5,73.26,-0.8563300000000003,1
N=CN1C=NC(N)OC1,128.135,4,2,1,1,5,74.7,-0.84623,1
COC1=NNC(=N)C1=O,127.10299999999998,4,2,0,1,5,74.53999999999999,-0.9041300000000003,0
CN=C1OCOC(=N)O1,130.103,5,1,0,1,5,63.900000000000006,-0.07212999999999997,0
COC1=CN=C(N)C1=O,126.115,4,1,1,1,4,64.68,-0.5859000000000001,0
N=CCn1ncnc1N,125.135,5,2,2,1,5,80.58,-0.4901300000000001,0
N=c1ncoc(=N)o1,113.076,5,2,0,1,5,86.87,-0.77346,0
N=C(N)C1=CN=C1O,111.10399999999998,2,3,1,1,4,82.46000000000001,-0.22362999999999983,0
CC1=NC(N)=NC1=O,111.104,3,1,0,1,4,67.81,-0.6978,0
N=C1OCC(=O)NCC1=O,142.114,4,2,0,1,5,79.25,-1.3208300000000004,0
N=C1OC(=N)C(=O)O1,114.05999999999999,5,2,0,1,5,83.23,-0.5281600000000002,0
N=CN1C=C(O)NCO1,129.119,4,3,1,1,5,68.58000000000001,-0.25533000000000006,0
N=CN1C=C(O)OC(=N)N1,142.118,4,4,1,1,6,92.43,-0.27805999999999986,0
CNc1n[nH]c(C=O)n1,126.11899999999999,4,2,2,1,5,70.67,-0.3411000000000001,0
N=C1OCC(C(=N)O)O1,130.10299999999998,4,3,1,1,5,86.39,-0.12816000000000005,1
N=c1oc(=NO)c1=O,114.05999999999999,5,2,0,1,5,86.65,-1.7152300000000005,0
N=C1C=NC(N)=NC1=O,124.10300000000001,4,2,0,1,5,91.66,-1.0681300000000002,0
CC(=O)C1=NC(N)=N1,111.10400000000001,4,1,1,1,4,67.81,-0.6978,0
NC=C1C=NC(N)=N1,110.12,4,2,0,1,4,76.75999999999999,-0.8143999999999998,0
N=C1COC(=O)N=CO1,128.087,4,1,0,1,5,71.74,0.15877000000000002,0
N=C1COC(=N)OCO1,130.103,5,2,0,1,5,75.39,-0.08066000000000012,0
CN=C1OC(=O)N=C1O,128.087,3,1,0,1,5,71.25,0.12140000000000001,0
N=C1CC(=O)OC(=N)O1,128.087,5,2,0,1,5,83.23,-0.13806000000000002,0
N=C1N=C(O)N=C1O,113.07599999999998,2,3,0,1,5,89.03,-0.15222999999999998,0
N=C1N=C(CN)C=C1N,124.147,3,3,1,1,4,88.25,-0.7804299999999997,0
CN=C1OCOC(=O)C1=O,143.09799999999998,5,0,0,1,5,64.96000000000001,-0.8853,0
N=C1COC(=N)OCO1,130.103,5,2,0,1,5,75.39,-0.08066000000000012,0
Nn1cc(C=O)nn1,112.092,5,1,1,1,5,73.8,-1.1956000000000002,0
N=C1NC(=O)C(=O)CO1,128.087,4,2,0,1,5,79.25000000000001,-1.36333,0
Nc1cnc(C=O)n1N,126.119,5,2,1,1,5,86.92999999999999,-1.0084,0
Cc1c(O)noc1C=O,127.09899999999999,4,1,1,1,4,63.330000000000005,0.5011199999999998,0
Nc1connc1=NC=O,140.102,5,1,1,1,6,94.37,-1.2911000000000001,0
NCC1N=COCC(=O)O1,144.12999999999997,5,1,1,1,5,73.91000000000001,-1.1271,1
CN=C1N=C(N)OC1=O,127.103,4,1,0,1,5,77.03999999999999,-1.1138,0
NC1=C(O)C(=O)N=C1,112.088,3,2,0,1,4,75.68,-0.6742999999999999,0
CN=c1nc(C=O)nc[nH]1,138.13,4,1,1,1,5,71.0,-0.8523000000000005,0
N=c1onccc1N,111.10399999999998,4,2,0,1,4,75.9,-0.2637299999999999,0
NC(=O)C1=NC(CO)=N1,127.103,4,2,2,1,5,88.04,-1.7253999999999996,0
N=C(N)N1COC(=O)C1,129.11899999999997,3,2,0,1,5,79.41,-1.30383,0
N=C1NC(C=O)N=CO1,127.103,4,2,1,1,5,74.54,-0.9057300000000001,1
N=C1CNC(=O)N=CO1,127.10299999999998,3,2,0,1,5,74.54,-0.26823000000000013,0
Nc1nnc(C=O)o1,113.07599999999998,5,1,1,1,5,82.01,-0.5357000000000003,0
NC(=O)c1nccn1N,126.119,4,2,1,1,5,86.93,-1.3042000000000002,0
N=CN1CN=C(CO)N1,128.135,4,3,2,1,5,71.71000000000001,-1.23803,0
N#CCC1=NC(=N)N=N1,121.10300000000001,3,1,1,1,5,84.72,0.69915,0
N=CN1CC(O)COC1=O,144.12999999999997,4,2,1,1,5,73.62,-0.5934300000000001,1
COc1cnc(N)c(=N)o1,141.13,5,2,1,1,5,85.13000000000001,-0.25512999999999997,0
N=C1COC(=O)N=CO1,128.087,4,1,0,1,5,71.74,0.15877000000000002,0
N=C1OC=C(N)C1=O,112.08800000000001,4,2,0,1,4,76.16999999999999,-0.6369300000000002,0
CNC(=O)C1=C(O)N=N1,127.103,4,2,1,1,5,74.05,-0.07470000000000021,0
N=CN1COC(=O)CO1,130.10299999999998,4,1,1,1,5,62.620000000000005,-0.6586300000000003,0
CN=C1C=C(O)N=[N+]1[O-],127.103,4,1,0,1,5,71.02,0.39019999999999994,0
Nc1c(O)ncn1C=O,127.103,5,2,1,1,5,81.13999999999999,-0.7908000000000002,0
N=C1N=C(CO)C(=O)O1,128.087,4,2,1,1,5,82.74,-1.0887300000000002,0
Nc1oncc1C=O,112.08799999999998,4,1,1,1,4,69.12,0.06930000000000003,0
CNc1cc(=N)onn1,126.11900000000001,5,2,1,1,5,74.80000000000001,-0.40923000000000015,0
CN=CN1OCNC1=O,129.119,3,1,1,1,5,53.93,-0.4412,0
N=C1C=NC(N)=C1NO,126.119,5,4,1,1,5,94.49000000000001,-0.8028300000000004,0
Nc1ncc(=O)oc1N,127.103,5,2,0,1,5,95.14,-0.8008000000000002,0
N=C(N)N1C=COCO1,129.11899999999997,3,2,0,1,5,71.57000000000001,-0.42762999999999995,0
N#CCOC1=C(O)N=N1,125.08699999999999,5,1,2,1,5,77.97,0.6769799999999999,0
N=C1NC=C(N)C1=O,111.10400000000001,3,3,0,1,4,78.97,-1.0639299999999998,0
Cn1cnnc1CO,113.11999999999999,4,1,1,1,4,50.94,-0.6926000000000001,0
N=C1OC(C=O)=C1N,112.088,4,2,1,1,4,76.17,-0.63693,0
CC1=NC(=N)NC1=O,111.10399999999998,2,2,0,1,4,65.31,-0.4881300000000001,0
N=C1OC(C=O)OC1=N,128.087,5,2,1,1,5,83.22999999999999,-0.48725999999999997,0
CC1=NC(=O)C(N)=N1,111.104,3,1,0,1,4,67.81,-0.6978,0
O=Cc1nc(O)n[nH]1,113.076,4,2,1,1,5,78.87,-0.6772000000000002,0
N=Cn1cc(O)c(=O)o1,128.087,5,2,1,1,5,79.22000000000001,-0.39793,0
CC1=NC(=N)C(=O)O1,112.08799999999998,3,1,0,1,4,62.510000000000005,-0.06113000000000007,0
CNC#Cc1nn[nH]n1,123.11900000000001,4,2,0,1,5,66.49000000000001,-1.2719000000000003,0
NC1=C(CO)C(=O)C=N1,126.11499999999998,4,2,1,1,4,75.68,-1.1975000000000002,0
N=C1OC(=O)C(C=O)O1,129.07099999999997,5,1,1,1,5,76.45,-0.9379300000000002,1
N=C1CNC(=N)OCO1,129.119,4,3,0,1,5,78.19000000000001,-0.5076600000000004,0
N=CN1C=NC(=O)NC1,126.11899999999999,2,2,1,1,5,68.55,-0.39553000000000016,0
N=C1OC(=N)C(C=O)O1,128.087,5,2,1,1,5,83.23,-0.48726000000000025,1
N=C1ON=C(CO)C1=O,128.087,5,2,1,1,5,82.74000000000001,-1.0887300000000002,0
NC1=NCC=NC(=O)O1,127.10299999999998,4,1,0,1,5,77.04,-0.4779,0
N=C1OCC(=O)C(=N)O1,128.087,5,2,0,1,5,83.23,-0.48566000000000015,0
N=C1OCC(=O)OC1=N,128.087,5,2,0,1,5,83.22999999999999,-0.48566000000000015,0
N=C1CNC(=O)CON1,129.119,3,3,0,1,5,74.21000000000001,-1.3853300000000002,0
N=C1OC(C=O)NC1=O,128.087,4,2,1,1,5,79.25,-1.3649300000000002,1
CN=C1N=C(N)N1C=O,126.119,3,1,1,1,5,71.05,-1.2411,0
CNC1=NC(=O)C(=N)O1,127.10299999999998,4,2,0,1,5,74.54,-0.9041300000000001,0
N=C1COCNC(=O)N1,129.119,3,3,0,1,5,74.21,-0.7494300000000003,0
N=C1OC=C(OO)C1=N,128.087,5,3,1,1,5,86.39000000000001,0.34464,0
Nc1c(O)[nH]cnc1=O,127.103,4,3,0,1,5,92.0,-0.9423000000000001,0
N#CCc1onnc1N,124.10300000000001,5,1,1,1,5,88.73,-0.28212000000000004,0
N=C1OCOC(=O)C1=N,128.087,5,2,0,1,5,83.23,-0.48566000000000015,0
COC1=NC(O)=NC1=N,127.103,3,2,0,1,5,78.03,-0.06383000000000016,0
CC(O)C1=NN=C1N,113.12000000000002,4,2,1,1,4,70.97,-0.9060000000000001,1
N=CC1N=C(N)NCO1,128.13500000000002,5,3,1,1,5,83.49000000000001,-1.1459300000000003,1
N=C1OCC(=O)C(=O)O1,129.071,5,1,0,1,5,76.45,-0.9363300000000001,0
N#CCc1noc(N)n1,124.10300000000001,5,1,1,1,5,88.73,-0.28212000000000004,0
N=Cc1noc(=N)n1C=O,140.102,6,2,2,1,6,95.72999999999999,-1.0084600000000001,0
Nc1c[nH]nc1C=O,111.10399999999998,3,2,1,1,4,71.77000000000001,-0.19559999999999994,0
N=C1NC=NC(C=O)N1,126.11899999999999,3,3,1,1,5,77.34,-1.3327300000000004,1
N=C1OCC(=N)C(=O)O1,128.087,5,2,0,1,5,83.23,-0.48566000000000015,0
Cc1nnc(=O)oc1N,127.103,5,1,0,1,5,82.01,-0.6795800000000001,0
N=C(O)C1=NOC1=O,114.05999999999999,4,2,1,1,5,82.74000000000001,-0.5655300000000001,0
NN=C1N=CN=C1CO,126.11899999999999,4,2,1,1,5,83.33,-1.2662000000000002,0
Cc1nncn1CN,112.13600000000001,4,1,1,1,4,56.730000000000004,-0.4972799999999999,0
COc1onc(N)c1O,130.103,5,2,1,1,5,81.51,-0.02899999999999997,0
N=C1OCC(=O)C(=O)O1,129.071,5,1,0,1,5,76.45,-0.9363300000000001,0
N=C1N=C(N)N=C1C=O,124.103,4,2,1,1,5,91.66,-1.06813,0
N=c1nc(CCO)c1=O,126.11499999999998,4,2,2,1,4,74.03999999999999,-1.66833,0
NC1=C(O)C(=O)C=N1,112.088,4,2,0,1,4,75.68,-0.6742999999999999,0
N=C(O)C1N=NC=C1N,126.119,4,3,1,1,5,94.82,0.15617000000000003,1
COC1=NN=C1NC#N,124.103,5,1,0,1,5,69.77000000000001,-0.5709200000000001,0
N=C(C=O)NC1C=NN1,126.11899999999999,4,3,2,1,5,77.34,-1.3327300000000002,1
CC(=N)N1COC(=O)N1,129.119,3,2,0,1,5,65.42,-0.10213,0
CN=C1N=CN=C1N,110.12,3,1,0,1,4,63.099999999999994,-0.5861999999999998,0
N=C1C=C(CN)N=N1,110.12000000000002,3,2,1,1,4,74.59,0.2720699999999999,0
N=CC1=NC=NC1=N,108.104,3,2,1,1,4,72.42,0.09614,0
N=C1OC(=O)OC1=NO,130.059,6,2,0,1,6,91.97,-0.08182999999999996,0
NC1=C(CO)N=CC1=O,126.11499999999998,4,2,1,1,4,75.68,-1.1975000000000002,0
NC(=O)C1=NC(O)=N1,113.076,3,2,1,1,5,88.04,-1.2022000000000002,0
COC(C#N)n1cn[nH]1,126.11900000000001,4,1,2,1,5,66.63,-0.12022000000000016,1
N=C1CN=C(N)OC1N,128.135,5,3,0,1,5,97.48,-1.3641299999999996,1
CNC1=NC(N)=NC1=O,126.119,4,2,0,1,5,79.84,-1.5408,0
C#CCc1nc(N)n[nH]1,122.13100000000001,3,2,1,1,4,67.59,-0.4374000000000002,0
CN1C(=O)NCOC1=O,130.10299999999998,3,1,0,1,5,58.64000000000001,-0.26449999999999996,0
N=c1occ(N)n1CO,129.11900000000003,5,3,1,1,5,88.17,-0.9074300000000004,0
N#Cc1cnc(N)n1C=N,135.13,5,2,1,1,5,91.47999999999999,-0.20785000000000003,0
N=C1CONC(=O)O1,116.07599999999998,4,2,0,1,5,71.41,-0.36493000000000014,0
N=CC1(N)NCC(=O)O1,129.119,5,3,1,1,5,88.2,-1.6051299999999995,1
N=C1OC(=O)OC1C=O,129.07099999999997,5,1,1,1,5,76.44999999999999,-0.30203,1
N#CC1NC(=N)OCO1,127.103,4,2,0,1,5,78.13000000000001,-0.6352500000000003,1
CNC1=NN=C1C=O,111.10399999999998,4,1,1,1,4,53.82,-0.8272000000000002,0
NC(=O)C1=NC(=O)N=C1,125.08699999999999,2,1,1,1,5,84.88000000000001,-0.8829,0
Cc1nnc(NC=N)nn1,138.134,5,2,2,1,6,87.44000000000001,-0.40601000000000015,0
N=C(N)n1ccoc1=O,127.10299999999997,4,2,0,1,5,85.00999999999999,-0.8171300000000001,0
N=Cc1nc(=N)nco1,124.103,5,2,1,1,5,86.62,-0.4532600000000002,0
Cc1n[nH]c(=O)n1CO,129.119,4,2,1,1,5,70.91,-1.1703800000000004,0
COC1=NN=C(N)C1=O,127.103,5,1,0,1,5,77.03999999999999,-1.1138000000000001,0
N=C1COC(=N)C(=O)O1,128.087,5,2,0,1,5,83.23,-0.48566000000000015,0
N#Cc1nc(N)c(N)o1,124.10300000000001,5,2,0,1,5,101.86,-0.2893200000000002,0
NC1=C(N)C(=O)N=C1,111.10399999999998,3,2,0,1,4,81.47,-1.2736000000000003,0
CC1=CC(=N)OC1=O,111.1,3,1,0,1,3,50.15,0.46677,0
N=CN1C=CNC(=O)O1,127.10299999999998,3,2,1,1,5,65.42,0.021469999999999934,0
COC1=NOC(=N)C1=O,128.087,5,1,0,1,5,71.74000000000001,-0.47713,0
N=CC1=NC(=N)N1C=O,124.103,3,2,2,1,5,80.37,-0.5587600000000001,0
N=C1C(=O)NN=C1CO,127.103,4,3,1,1,5,85.54,-1.51573,0
N=C1N=CNCC1=O,111.10399999999998,3,2,0,1,4,65.31,-0.8357300000000001,0
N=C(O)C1=NC=NC1=O,125.08699999999999,3,2,1,1,5,85.87,-0.4688300000000001,0
CC(=O)N1CNC=[N+]1[O-],129.119,3,1,0,1,5,58.41,-1.1507999999999998,0
O=C1C=NC(=NO)N1,113.076,3,2,0,1,5,74.05,-1.0678000000000003,0
N=C1COC(=O)C(=O)N1,128.087,4,2,0,1,5,79.25,-1.36333,0
COC1=CC(N)=NC1=O,126.11500000000001,3,1,1,1,4,64.68,-0.5859000000000001,0
Cn1cnc(NC#N)n1,123.119,5,1,1,1,5,66.53,-0.2919200000000001,0
COC1=NCOC(=O)CN1,144.13,5,1,0,1,5,59.92,-0.9073000000000002,0
N=C1C(=O)ON=C1N,113.07600000000001,5,2,0,1,5,88.53,-1.16483,0
N=CC1=NC(N)=NC1=N,123.11900000000001,4,3,1,1,5,98.44,-0.6174600000000001,0
CC1=NC([N+](=O)[O-])=N1,113.076,4,0,0,1,5,67.86,0.05109999999999992,0
N=Cc1nnc(N)n1C=O,139.118,6,2,2,1,6,97.65,-1.10373,0
COC1=NC(N)=NC1=O,127.10300000000001,4,1,0,1,5,77.03999999999999,-1.1138000000000001,0
O=CC1NC(=O)NCO1,130.103,3,2,1,1,5,67.43,-1.2017000000000002,1
CC1=NC(=N)N=C1N,110.12,2,2,0,1,4,74.59,-0.24712999999999996,0
O=C1C=C(O)C(=O)O1,114.05599999999998,4,1,0,1,4,63.599999999999994,-0.4883,0
CN=C1OC(=O)NC1=O,128.087,4,1,0,1,5,67.75999999999999,-0.7189000000000001,0
N=C1N=C(N)C(C=O)=N1,124.103,3,2,1,1,5,91.66000000000001,-1.06813,0
CNC(O)C1=CC(=O)O1,129.11499999999998,4,2,2,1,4,58.56,-1.0351000000000004,1
CN=c1ncoc(=O)[nH]1,127.10299999999998,4,1,0,1,5,71.25,-1.1066000000000003,0
NC1=NN=C(C=O)C1=O,125.08699999999997,5,1,1,1,5,84.88,-1.5188,0
NC(=O)Oc1cnoc1,128.087,4,1,1,1,5,78.35000000000001,0.1321000000000001,0
N=c1[nH]c(=N)oc(=N)o1,128.091,5,4,0,1,6,113.61999999999999,-1.3608900000000004,0
CNC(=N)c1c[nH]nn1,125.135,3,3,1,1,5,77.45,-0.6505300000000005,0
CC(O)c1cnnn1N,128.13500000000002,5,2,1,1,5,76.96000000000001,-0.9548000000000001,1
O=CC1C(=O)NCOC1=O,143.09799999999998,4,1,1,1,5,72.47,-1.568,1
Nc1cnc(N)n1C=O,126.119,5,2,1,1,5,86.92999999999998,-0.9142000000000001,0
NC1=NC(O)=CC1=O,112.08799999999997,4,2,0,1,4,75.68,-0.6743000000000001,0
N=c1onc(C=O)n1O,129.075,6,2,1,1,6,92.11,-0.9946300000000001,0
N=CN1N=COC1C=O,127.10299999999997,4,1,2,1,5,65.75,-0.6060300000000001,1
N=CCc1nc(N)no1,126.11900000000001,5,2,2,1,5,88.79,-0.15613,0
N=C1NC(=O)C(CO)O1,130.10299999999998,4,3,1,1,5,82.41000000000001,-1.5715300000000003,1
C[N+]1([O-])NCC(=O)CO1,132.119,4,1,0,1,5,61.39,-1.0503000000000005,1
CC1=NC(=O)C(N)=N1,111.104,3,1,0,1,4,67.81,-0.6978,0
O=C1NC=NCNC1=O,127.103,3,2,0,1,5,70.56,-1.7817999999999998,0
N=Cn1oc(=N)oc1=O,129.075,6,2,1,1,6,95.98000000000002,-1.0310599999999999,0
N=c1occ(N)oc1=O,128.08700000000002,5,2,0,1,5,93.22,-0.70553,0
NC(=O)OC1=CN=C1N,127.10300000000001,4,2,1,1,5,90.7,-0.7061,0
N=C1OCC(=O)OC1=N,128.087,5,2,0,1,5,83.22999999999999,-0.48566000000000015,0
CNC(=O)C1=NN=C1O,127.103,3,2,1,1,5,74.05,-0.9415000000000002,0
N=C1N=NC(CO)=C1N,126.119,4,3,1,1,5,94.82,-0.40793000000000007,0
N=C1NC=CNC(=O)O1,127.103,3,3,0,1,5,74.21000000000001,-0.27823000000000014,0
NC(=O)n1cc[nH]c1=O,127.10299999999998,3,2,0,1,5,80.88,-0.8968,0
N#CCC1=NC(=N)N=N1,121.10300000000001,3,1,1,1,5,84.72,0.69915,0
COC(=O)C1=NOC1=N,128.08700000000002,5,1,1,1,5,71.74000000000001,-0.47713,0
COC1=NNC(=N)C1=O,127.10299999999998,4,2,0,1,5,74.53999999999999,-0.9041300000000003,0
Cn1nnc(C=N)c1N,125.13499999999999,5,2,1,1,5,80.58,-0.60503,0
COC1=NC(=O)NC1=O,128.087,3,1,0,1,5,67.75999999999999,-0.7189000000000001,0
CC(=O)n1ncc(N)n1,126.119,5,1,0,1,5,73.8,-0.47959999999999997,0
N=C1NC(=O)C(=N)CO1,127.103,4,3,0,1,5,86.03000000000002,-0.9126600000000002,0
N=C1OC(O)C=C1C=O,127.09899999999998,4,2,1,1,4,70.38,-0.5624300000000002,1
N#CC(N)c1cnon1,124.103,5,1,1,1,5,88.73,-0.40702000000000016,1
N=C1NCC(=NO)CO1,129.119,4,3,0,1,5,77.7,-0.6288300000000002,0
N=C1CN=COC(=N)N1,126.11899999999999,4,3,0,1,5,81.32,-0.45346000000000014,0
Nc1coc(=O)nc1N,127.10300000000001,5,2,0,1,5,95.14,-0.8008,0
N=C1OCC(=O)N1C=O,128.087,4,1,1,1,5,70.46000000000001,-1.06363,0
N=Cc1nncnc1N,123.119,5,2,1,1,5,88.54,-0.5485300000000002,0
COc1ncn[nH]c1=N,126.119,4,2,1,1,5,74.65,-0.70723,0
C=C(N)C1=NC(O)=N1,111.10399999999998,3,2,1,1,4,70.97,-0.2150999999999999,0
N=CN1CC(=O)OC1=N,127.10299999999998,4,2,1,1,5,77.24000000000001,-0.61296,0
CC(=O)n1cnc(N)n1,126.11900000000001,5,1,0,1,5,73.8,-0.47959999999999997,0
COC(=O)C1=NC(=N)O1,128.08700000000002,4,1,1,1,5,71.74,-0.47713,0
N=CC1NC(=O)N1C=N,126.119,3,3,2,1,5,80.04,-0.40565999999999985,1
N=C1COC(=N)C(=N)O1,127.103,5,3,0,1,5,90.01,-0.034989999999999966,0
CC(N)C1=CN=NC1=N,124.14699999999999,3,2,1,1,4,74.59,0.6605700000000001,1
N=C1N=C(CN)N1C=O,126.119,3,2,2,1,5,82.53999999999999,-1.24963,0
N=C1N=CN=C1CO,111.10399999999998,3,2,1,1,4,68.8,-0.5611300000000001,0
N=C1OCC(=O)NC1=O,128.087,4,2,0,1,5,79.25,-1.36333,0
NC(C=O)N1N=CC1=O,127.103,4,1,2,1,5,75.76,-1.7019000000000004,1
CC(=O)C1=NC(O)=N1,112.088,3,1,1,1,4,62.019999999999996,-0.09849999999999998,0
C#CCc1nn[nH]c1N,122.13100000000001,3,2,1,1,4,67.59,-0.4374000000000002,0
N=CN1NC(=O)C(=O)CO1,143.10199999999998,4,2,1,1,6,82.49000000000001,-1.5590300000000004,0
N=Cc1ncnc(N)n1,123.11900000000001,5,2,1,1,5,88.54,-0.5485300000000002,0
N=CC1NCOC(=N)O1,129.119,5,3,1,1,5,78.19000000000001,-0.5092600000000003,1
CN1CON(C=N)C1=N,128.135,3,2,1,1,5,63.410000000000004,-0.3352600000000003,0
N=C1OCNC(=O)CO1,130.10299999999998,4,2,0,1,5,71.41,-0.9583300000000003,0
NC(=O)OC1OC1=O,117.05999999999999,4,1,1,1,5,81.92000000000002,-1.0354,1
COC1=NNC(=N)C1=N,126.11899999999999,4,3,0,1,5,81.32,-0.45346000000000036,0
Nc1coc(=O)n1CO,130.103,5,2,1,1,5,81.39,-1.0267000000000002,0
N=C(O)c1noc(N)n1,128.091,5,3,1,1,6,109.02,-0.46483,0
CC(=O)n1cnn1N,114.10800000000002,5,1,0,1,5,65.84,-0.9415,0
N=C1CNC(=O)CO1,114.10399999999998,3,2,0,1,4,62.18000000000001,-0.8899300000000003,0
NC1NC(OC=O)C1=O,130.10299999999998,5,2,2,1,5,81.41999999999999,-2.0574000000000003,2
COc1cnoc(=N)c1,126.11499999999998,4,1,1,1,4,59.11000000000001,0.16266999999999993,0
CC1=NC(=N)N=C1N,110.12,2,2,0,1,4,74.59,-0.24712999999999996,0
N=C1CNC(=N)C(O)=CN1,140.146,3,5,0,1,5,91.99000000000001,-0.4668600000000002,0
N=C1CN=CNC1=O,111.10399999999998,3,2,0,1,4,65.31,-0.8357300000000003,0
N=CN1CC(=O)OCN1,129.119,4,2,1,1,5,65.42,-1.0856300000000003,0
N=C1C(=N)C(O)OC1=O,128.087,5,3,0,1,5,94.23000000000002,-1.0988600000000004,1
N=CC(O)C1=NN=C1N,126.11900000000003,5,3,2,1,5,94.82,-1.2763300000000002,1
O=CC1=C(F)C(=O)O1,116.04699999999998,3,0,1,1,4,43.370000000000005,-0.07680000000000003,0
N=CC1=NC(=N)N=C1N,123.11900000000001,3,3,1,1,5,98.44,-0.6174600000000001,0
C#CC(=N)NC1=NC=N1,120.115,3,2,0,1,4,60.6,-0.41563000000000017,0
Nc1nocc1NC=O,127.10299999999998,4,2,2,1,5,81.15,-0.17490000000000022,0
COC1=CN=C(N)C1=N,125.131,4,2,1,1,4,71.46000000000001,-0.13522999999999985,0
COC1=NC(=N)C(N)=N1,126.11900000000001,4,2,0,1,5,83.82,-0.6631300000000002,0
Cc1n[nH]c(NC=O)n1,126.11899999999999,3,2,2,1,5,70.67,-0.31858000000000025,0
N=C1CNC(=O)N=CO1,127.10299999999998,3,2,0,1,5,74.54,-0.26823000000000013,0
N=C1NCNC(=O)CO1,129.119,3,3,0,1,5,74.21000000000001,-1.3853300000000002,0
CC(=N)Nc1cnoc1,125.13099999999999,3,2,1,1,4,61.910000000000004,1.08367,0
CN=C1OC(=O)N=C1N,127.10300000000001,4,1,0,1,5,77.03999999999999,-0.47789999999999994,0
COC1=NC(=N)N1C=O,127.103,3,1,1,1,5,65.75,-0.6044300000000002,0
NC(=O)C1=NC=C1N,111.104,3,2,1,1,4,81.47,-1.2736000000000003,0
Cc1[nH]nnc1NC=O,126.11899999999999,3,2,2,1,5,70.67,-0.31858000000000025,0
N=C(N)OC1COC=N1,129.11899999999997,4,2,1,1,5,80.69000000000001,-0.7189300000000001,1
CC1=NC(N)=NC1=N,110.12,3,2,0,1,4,74.59,-0.24712999999999996,0
Cc1onnc1CO,114.10399999999998,4,1,1,1,4,59.150000000000006,-0.12968000000000007,0
N=COC1NC(=O)C1O,130.10299999999998,4,3,2,1,5,82.41,-1.5731300000000001,2
N=CC1OC(=O)C1=NO,128.087,5,2,1,1,5,82.74,-0.6084300000000002,1
COC1=C(O)C=NC1=N,126.11499999999998,3,2,1,1,4,65.67,0.46407,0
N=c1occ(N)oc1=O,128.08700000000002,5,2,0,1,5,93.22,-0.70553,0
O=CNCCC1=NNC1=O,141.13,3,2,4,1,5,70.56,-1.3917000000000002,0
O=CC1=NCNC1=NO,127.103,4,2,1,1,5,74.05,-1.0253000000000003,0
COC1=NC(N)=NC1=O,127.10300000000001,4,1,0,1,5,77.03999999999999,-1.1138000000000001,0
N=C1COC(=N)NCO1,129.119,4,3,0,1,5,78.19,-0.5076600000000002,0
CC(=O)n1cnnc1N,126.11900000000001,5,1,0,1,5,73.8,-0.47959999999999997,0
O=C1CNC(=O)OCN1,130.103,3,2,0,1,5,67.43,-1.2001,0
N=C1C=NC(CO)=N1,111.104,3,2,1,1,4,68.8,-0.5611300000000001,0
N=C1CN=NC(=O)OC1,127.10299999999998,4,1,0,1,5,74.87,0.60857,0
NC1=NC(=O)C(C=O)=N1,125.08699999999997,4,1,1,1,5,84.88,-1.5188,0
Nc1ncc(C=O)c(=O)o1,140.09799999999998,5,1,1,1,5,86.19,-0.5705,0
N=Cc1ncc(N)nn1,123.11900000000001,5,2,1,1,5,88.54,-0.5485300000000002,0
N=C1OCC(=N)C(=O)O1,128.087,5,2,0,1,5,83.23,-0.48566000000000015,0
N=C1N=NC(N)=C1C=O,124.103,4,2,1,1,5,91.66,-0.20132999999999995,0
NC(=O)N1C=NC1=NO,128.091,3,2,0,1,6,91.28000000000002,-0.8457999999999999,0
Nc1nonc1C=NC=O,140.10199999999998,5,1,2,1,6,94.37,-0.7729000000000004,0
CC(=NO)C1=COC1=O,127.09899999999998,4,1,1,1,4,58.89000000000001,0.2772,0
N=CC1=NC=NC1=N,108.104,3,2,1,1,4,72.42,0.09614,0
C#CCc1nn[nH]c1N,122.13100000000001,3,2,1,1,4,67.59,-0.4374000000000002,0
N=C1N=C(N)N=C1C=O,124.103,4,2,1,1,5,91.66,-1.06813,0
NC1=C(C=O)OC1=O,113.07199999999999,4,1,1,1,4,69.39000000000001,-1.0876000000000001,0
Cc1oc(N)nc1N,113.12000000000002,4,2,0,1,4,78.07,0.1474200000000001,0
N=C1OC(=O)COC1C=O,143.09799999999998,5,1,1,1,5,76.44999999999999,-0.8954300000000002,1
CN=C1ON=C(O)C1=O,128.087,4,1,0,1,5,71.25,-0.5145,0
CC(=O)C1=NC(=N)O1,112.088,3,1,1,1,4,62.510000000000005,-0.06112999999999996,0
N=C1COC(=N)OCO1,130.103,5,2,0,1,5,75.39,-0.08066000000000012,0
N=CN1COCOC1=N,129.119,4,2,1,1,5,69.4,-0.2079600000000001,0
N=c1nc(C=O)cn[nH]1,124.10299999999998,4,2,1,1,5,82.49000000000001,-0.9033300000000002,0
CC1=NN=C(N)C1=N,110.12,4,2,0,1,4,74.59,-0.24712999999999996,0
CN=C1OC(=O)N=C1O,128.087,3,1,0,1,5,71.25,0.12140000000000001,0
Cc1nnc([O-])nc1C=N,137.12199999999999,5,1,1,1,5,85.58000000000001,-0.7487100000000004,0
N=C1OCOC(=N)C1C=O,142.11399999999998,5,2,1,1,5,83.22999999999999,-0.23966000000000015,0
NC1=NC=C1C=O,96.08899999999998,3,1,1,1,3,55.449999999999996,-0.56,0
CNC1=NN=C1C=O,111.10399999999998,4,1,1,1,4,53.82,-0.8272000000000002,0
N=CN1CC(=O)OC1=N,127.10299999999998,4,2,1,1,5,77.24000000000001,-0.61296,0
O=Cc1nc(O)c(O)o1,129.07099999999997,5,2,1,1,5,83.56,-0.10170000000000007,0
NC1=C(C=O)C(O)=N1,112.088,3,2,1,1,4,75.68,-0.6743000000000001,0
COc1nnc(=N)[nH]n1,127.107,5,2,1,1,6,87.54,-1.3122300000000002,0
N=C1OC=NCC(=O)O1,128.087,5,1,0,1,5,71.74,-0.47713000000000005,0
N=C(N)C1=NC(=O)C=N1,124.103,3,2,1,1,5,91.66000000000001,-1.06813,0
CN=c1ncoc(=N)o1,127.10299999999998,5,1,0,1,5,75.38,-0.7224300000000003,0
N=CN1C=NC(=O)OC1,127.10299999999998,3,1,1,1,5,65.75,0.031470000000000053,0
N=CNC(=O)N1CCC1=O,141.13,3,2,1,1,5,73.26,-0.4646300000000001,0
Cc1noc(N)nc1=N,126.11900000000001,5,2,0,1,5,88.78999999999999,-0.5603100000000001,0
N=C1ONC(=O)CC1=O,128.087,4,2,0,1,5,79.25,-1.0157300000000002,0
N=Cc1cnc(=N)on1,124.103,5,2,1,1,5,86.62,-0.45325999999999994,0
O=c1oc(=NO)c1=O,115.04399999999998,5,1,0,1,5,79.87,-1.8345000000000002,0
N=C1COC(=O)COC1=N,142.114,5,2,0,1,5,83.22999999999999,-0.44316000000000016,0
CCN=C1C=NC(=O)N1,125.13099999999999,2,1,1,1,4,53.82,0.19880000000000014,0
N=C1C=C(N)N1C=O,111.104,3,2,1,1,4,70.18,-0.7642300000000002,0
N=C1N=CN=C1C(N)=O,124.103,3,2,1,1,5,91.66,-1.0681300000000002,0
CNC1(C#N)N=CN=N1,123.11900000000001,5,1,1,1,5,72.9,-0.1227200000000001,1
N=C1CC(=N)OC(=O)O1,128.087,5,2,0,1,5,83.23,0.49784,0
COC1=NN=C(N)C1=N,126.119,5,2,0,1,5,83.82,-0.66313,0
N#CC(N)c1ncon1,124.103,5,1,1,1,5,88.73,-0.40701999999999994,1
COc1n[nH]c(=O)c(N)n1,142.118,5,2,1,1,6,93.89,-1.2443000000000002,0
N=C1N=CNC(C=O)O1,127.10299999999997,4,2,1,1,5,74.54,-0.9057300000000001,1
N#CC1=NCN(C=N)O1,124.103,4,1,1,1,5,72.47,-0.27975,0
CNC1=NN=C1C=N,110.11999999999999,4,2,1,1,4,60.6,-0.3765300000000002,0
COC(=O)c1nc1=N,112.08800000000001,4,1,1,1,4,63.04,-0.7767299999999999,0
N#CC1COC(=N)N1C=N,138.13,4,2,1,1,5,83.96000000000001,-0.2473800000000001,1
O=C1COC(=O)N=CO1,129.071,4,0,0,1,5,64.96000000000001,-0.29189999999999994,0
Cc1noc(=N)n1C=O,127.103,5,1,1,1,5,71.88,-0.69771,0
NC1=NC(C=O)C(=O)N1,127.10299999999998,4,2,1,1,5,84.55,-2.0016,1
NC(=O)n1cncc1O,127.10299999999998,4,2,0,1,5,81.14,-0.48450000000000004,0
NC1=NC(C(O)C=O)=N1,127.10299999999997,5,2,2,1,5,88.04,-1.7269999999999999,1
COc1n[nH]nc1C#N,124.103,4,1,1,1,5,74.59,-0.31502000000000013,0
N=C1N=CC(O)=C1N,111.104,3,3,0,1,4,82.46,-0.22362999999999988,0
N=C1COCNC(=O)C1,128.131,3,2,0,1,4,62.18,-0.4998300000000002,0
N=C1OCC(=O)NC1=O,128.087,4,2,0,1,5,79.25,-1.36333,0
N=C1CN=C(N)C(=O)N1,126.119,4,3,0,1,5,91.33000000000001,-1.5493299999999994,0
N=C1OCC(=O)OC1=N,128.087,5,2,0,1,5,83.22999999999999,-0.48566000000000015,0
N=Cc1ncc(N)nn1,123.11900000000001,5,2,1,1,5,88.54,-0.5485300000000002,0
N=COC1C(=N)OC1=O,128.087,5,2,2,1,5,83.22999999999999,-0.48725999999999997,1
C#CC(N)(N)C1=NO1,111.104,4,2,1,1,4,76.93,-1.423,0
N=C1C=C(N)C(=O)O1,112.088,4,2,0,1,4,76.17,-0.6369300000000002,0
N=C1NC=NC1C(=O)O,127.10299999999998,3,3,1,1,5,85.54,-0.9516300000000002,1
COC1=NC(N)=NC1=O,127.10300000000001,4,1,0,1,5,77.03999999999999,-1.1138000000000001,0
N=COC1=NC=NC1=O,125.08699999999999,4,1,1,1,5,74.87,-0.42293000000000003,0
CN=C1C=NC(N)=N1,110.12,3,1,0,1,4,63.099999999999994,-0.5862,0
CN=C1C=NN=C1N,110.12,4,1,0,1,4,63.099999999999994,-0.5862,0
N=C1NCC(=O)C(=O)O1,128.087,4,2,0,1,5,79.25000000000001,-1.36333,0
O=CC1=NC(O)=NC1=O,126.07099999999998,3,1,1,1,5,79.09,-0.9195,0
Nn1c(O)cnc1C=O,127.10299999999998,5,2,1,1,5,81.13999999999999,-0.8850000000000002,0
N=C1CC(=NO)NCO1,129.119,4,3,0,1,5,77.7,-0.2812300000000003,0
N=C1C(=O)OC=C1N,112.088,4,2,0,1,4,76.17,-0.63693,0
C#Cc1n[nH]nc1N,108.104,3,2,0,1,4,67.59,-0.6318000000000001,0
Cc1nc(=N)[n-]c(=O)o1,126.09499999999998,4,1,0,1,5,81.05,-1.2201100000000002,0
Nc1conc1C=NC=O,139.114,4,1,2,1,5,81.47999999999999,-0.16789999999999994,0
Cc1nnc(=O)oc1N,127.103,5,1,0,1,5,82.01,-0.6795800000000001,0
N=CN1CC(=N)NC1=O,126.11899999999999,3,3,1,1,5,80.04,-0.40406000000000003,0
N=C1C(N)=NN=C1C=O,124.10299999999998,5,2,1,1,5,91.66,-1.0681300000000002,0
N=c1[nH]c(=O)oc(=O)o1,130.059,5,2,0,1,6,100.05999999999999,-1.59943,0
Nc1coc(=O)nc1N,127.10300000000001,5,2,0,1,5,95.14,-0.8008,0
N=C1OCC(=O)C(=N)O1,128.087,5,2,0,1,5,83.23,-0.48566000000000015,0
CN=NC1=NC(=O)NC1,126.119,3,1,0,1,5,66.17999999999999,0.1901000000000001,0
O=C1N=C(CO)N=C1CO,142.114,4,2,2,1,5,82.25,-1.6493000000000002,0
CN=C1N=CC(=N)O1,111.10399999999998,3,1,0,1,4,57.8,0.05047000000000007,0
N=C1OCCOC(=N)O1,130.103,5,2,0,1,5,75.39,-0.0806599999999999,0
N=CN1OCCOC1=O,130.103,4,1,1,1,5,62.62000000000001,-0.022729999999999917,0
N=Cn1cc(O)oc1=N,127.10299999999998,5,3,1,1,5,86.0,-0.27865999999999996,0
NC1=NC(=NOC=O)C1,127.10299999999998,4,1,2,1,5,77.03999999999999,-0.7662000000000002,0
O=Cc1cn[nH]c(=O)n1,125.08699999999999,4,1,1,1,5,75.71000000000001,-1.0226,0
Cc1nc(N)noc1=N,126.119,5,2,0,1,5,88.78999999999999,-0.5603100000000001,0
Cc1nc(C=O)[nH][n+]1[O-],127.10299999999998,3,1,1,1,5,72.69,-0.83598,0
N=C1C=C(F)N=C1CO,128.106,3,2,1,1,4,56.44,0.2639700000000001,0
COC1N=C(O)C(=N)O1,130.10299999999998,4,2,1,1,5,74.9,-0.1196299999999999,1
N=C1NC(O)=NC1=O,113.076,2,3,0,1,5,85.53999999999999,-0.9925299999999999,0
N=C1N=C(C(N)=O)O1,113.076,3,2,1,1,5,88.53000000000002,-1.1648300000000003,0
N=Cc1cnncc1N,122.131,4,2,1,1,4,75.65,0.05647000000000013,0
N=CN1C=C(O)C1=O,112.08799999999998,3,2,1,1,4,64.39000000000001,-0.16493000000000008,0
N#CCc1[nH]nnc1N,123.11900000000001,4,2,1,1,5,91.38,-0.5470200000000003,0
N=Nc1conc1N,112.09200000000001,5,2,1,1,5,88.26,0.91927,0
N=C1C(N)=CN=C1N,110.12,4,3,0,1,4,88.25,-0.8229300000000002,0
CC(=O)n1cnc(O)n1,127.103,5,1,0,1,5,68.01,-0.3562,0
N=Cc1nnoc1N,112.092,5,2,1,1,5,88.79,-0.3505300000000002,0
NC1=NC(=O)N=C1N,112.092,3,2,0,1,5,93.83,-1.1656,0
N#CC1=NC(OC=O)=N1,123.07099999999998,5,0,1,1,5,74.81,-0.5489200000000001,0
NC1=CN=NC1=NC=O,124.103,3,1,1,1,5,80.16999999999999,-0.19280000000000003,0
COc1cnc(O)n1C=N,141.13,5,2,2,1,5,71.13,0.052469999999999795,0
N=c1[nH]cc[nH]cc(O)o1,141.13,3,4,0,1,5,88.8,0.24526999999999993,0
CNC1OC(=N)NC1=O,129.119,4,3,1,1,5,74.21000000000001,-1.3869299999999998,1
CC1N=NC(=N)N=C1N,125.135,3,2,0,1,5,86.95,0.13267000000000023,1
Nc1n[nH]nc1C=O,112.09199999999998,4,2,1,1,5,84.66,-0.8006000000000004,0
N=Cc1ncc(=N)[nH]n1,123.119,4,3,1,1,5,89.27,-0.7181600000000001,0
NC(=O)C1=CC(=O)N1,112.08799999999998,2,2,1,1,4,72.19,-1.5146,0
Nc1[nH]nnc1C=O,112.09199999999998,4,2,1,1,5,84.66,-0.8006000000000004,0
CNC1=NC(=N)N=C1O,126.11899999999999,2,3,0,1,5,80.83,-0.49083000000000016,0
N=CN1C=CC(=O)OCN1,141.13,4,2,1,1,5,65.42,-0.57193,0
N=C1OCC(=O)OC1=N,128.087,5,2,0,1,5,83.22999999999999,-0.48566000000000015,0
CC1=NC(=O)OC1=NCO,142.114,4,1,1,1,5,71.25,-0.054199999999999915,0
N=C1COC(=NO)C(=N)O1,143.102,6,3,0,1,6,98.75000000000001,-0.2245600000000002,0
CCC1=NC(=N)OC1=N,125.13099999999999,3,2,1,1,4,69.28999999999999,0.7796400000000001,0
Cn1c(N)nnc1C=O,126.11899999999999,5,1,1,1,5,73.80000000000001,-0.7902,0
N=C1COCN=C(N)N1,128.13500000000002,4,3,0,1,5,83.49,-1.1443299999999996,0
CN=C(N)c1nc1=O,111.10399999999998,3,1,1,1,4,68.34,-1.3475000000000006,0
N=C1OCC(=NO)CO1,130.103,5,2,0,1,5,74.9,-0.20183000000000012,0
NC1=NC(=O)C(CO)=N1,127.10299999999998,4,2,1,1,5,88.03999999999999,-1.7253999999999996,0
CC1=NC(=N)N=C1N,110.12,2,2,0,1,4,74.59,-0.24712999999999996,0
N=C1CN=NC(C=O)N1,126.11899999999997,4,2,1,1,5,77.67,-0.4559300000000001,1
N=C(N)n1ccc(=O)[nH]1,126.11899999999997,3,3,0,1,5,87.66,-1.08203,0
Nc1c(F)cnnc1C=O,141.105,4,1,1,1,5,68.87,0.010399999999999965,0
CN=C1N=C(N)C(=O)O1,127.103,4,1,0,1,5,77.04,-1.1138,0
Nc1c(O)cnn1C=O,127.103,5,2,1,1,5,81.13999999999999,-0.7908000000000002,0
N=C1OC=NC1OC=O,128.087,5,1,2,1,5,71.74000000000001,-0.4787300000000001,1
N=c1nc(CCO)cno1,141.13,5,2,2,1,5,83.0,-0.9161300000000001,0
N=C1OCC(N)=C1CO,128.131,4,3,1,1,4,79.33,-0.8010299999999999,0
N=C1COC(=N)C(=N)O1,127.103,5,3,0,1,5,90.01,-0.034989999999999966,0
N=C1OCC(=O)NC1=O,128.087,4,2,0,1,5,79.25,-1.36333,0
N=C1OC=NC(C=O)O1,128.087,5,1,1,1,5,71.74,-0.4787300000000001,1
CN=c1[nH]c(=O)on1N,130.10699999999997,5,2,0,1,6,89.31,-1.9863,0
N=C1OCC(=O)OC1=N,128.087,5,2,0,1,5,83.22999999999999,-0.48566000000000015,0
O=C1N=C(CO)C(=O)O1,129.07099999999997,4,1,1,1,5,75.96,-0.9035,0
NC(=O)c1ncoc1O,128.087,4,2,1,1,5,89.35000000000001,-0.5209000000000003,0
N=CC1=NC=NC1=O,109.088,3,1,1,1,4,65.64,-0.35453,0
NC=C1N=CN=C1N,110.12,4,2,0,1,4,76.75999999999999,-0.8144,0
N=C1OCNC(=O)CO1,130.10299999999998,4,2,0,1,5,71.41,-0.9583300000000003,0
N=C1C=C(N)OC1=O,112.088,4,2,0,1,4,76.17000000000002,-0.6369300000000002,0
N=CC1=NC(=O)C=C1N,123.115,3,2,1,1,4,79.3,-0.54023,0
CN=C1N=CC(C=N)=N1,122.13099999999999,2,1,1,1,4,60.93,0.14717000000000008,0
CC1=NC(=O)C(N)=N1,111.104,3,1,0,1,4,67.81,-0.6978,0
Cc1nc(C=N)nc(CO)n1,152.157,5,2,2,1,5,82.75,-0.33001,0
N#CC(N)C1=NNC1=O,124.103,4,2,1,1,5,91.27000000000001,-1.67692,1
NC(=O)C1=NC(N)=C1O,127.103,4,3,1,1,5,101.7,-1.3879000000000001,0
N=C1NC=CNC(=N)O1,126.119,3,4,0,1,5,80.99000000000001,-0.46346000000000037,0
N=C1N=C(N)C=C1O,111.10399999999998,3,3,0,1,4,82.46000000000001,-0.22362999999999983,0
CC(=O)c1n[nH]c(=N)o1,127.103,4,2,1,1,5,82.74,-0.31523000000000007,0
N=C1OC(=O)C1CO,115.08799999999998,4,2,1,1,4,70.38,-0.87103,1
N=C1ON=CN=C=C1N,124.103,5,2,0,1,5,83.82,-0.55053,0
N=[N+]C1=NC(=N)C=N1,109.092,4,2,0,1,5,86.52,-0.22915999999999997,0
CC(=O)n1ncnc1N,126.119,5,1,0,1,5,73.8,-0.47959999999999997,0
Cc1noc(=O)c(N)n1,127.10300000000001,5,1,0,1,5,82.01,-0.6795800000000003,0
N=C1OCOC(C=O)C1=N,142.11399999999998,5,2,1,1,5,83.23,-0.44476,1
N=c1occ(N)n1C=O,127.10300000000001,5,2,1,1,5,85.00999999999999,-0.8189300000000002,0
CC(=O)N1OCC(=N)O1,130.103,4,1,0,1,5,62.620000000000005,-0.31102999999999986,0
N=C1OCC(C=O)NC1=O,142.11399999999998,4,2,1,1,5,79.25,-1.3224300000000002,1
N=C1N=NCC(=O)CO1,127.103,4,1,0,1,5,74.87,-0.027329999999999854,0
N=C1NC(=N)C(=O)CO1,127.103,4,3,0,1,5,86.03000000000002,-0.91266,0
NC1=NC(=O)NCN1,114.10799999999999,3,3,0,1,5,79.50999999999999,-1.4285999999999999,0
COC1=NC(=N)N=C1N,126.11900000000001,3,2,0,1,5,83.82,-0.66313,0
COC1=NC(N)=C1N,113.12000000000002,4,2,0,1,4,73.63,-0.8686,0
NC1=NNC(=O)C1=O,113.07599999999998,4,2,0,1,5,84.54999999999998,-2.0425,0
Nc1cnoc(=O)c1N,127.103,5,2,0,1,5,95.14,-0.8008,0
CN=c1nc1NC=O,111.10399999999998,3,1,2,1,4,54.35,-0.9440000000000002,0
N=CN1CC(=O)NCO1,129.119,3,2,1,1,5,65.42,-1.0856299999999999,0
COc1cnc(O)nc1N,141.12999999999997,5,2,1,1,5,81.26,-0.2270000000000002,0
Cn1nnc(C=O)n1,112.09199999999998,5,0,1,1,5,60.67,-0.9774,0
CC(=O)C1=NN=C1O,112.088,3,1,1,1,4,62.019999999999996,-0.09849999999999998,0
N=C1N=CN=C(N)C1=O,124.103,4,2,0,1,5,91.66,-1.06813,0
N=C1OCC(=O)C(=O)O1,129.071,5,1,0,1,5,76.45,-0.9363300000000001,0
NC(=O)C1=CC(=O)N=N1,125.08699999999999,3,1,1,1,5,84.88000000000001,-0.6520000000000001,0
Nc1cnc(N)n1C=O,126.119,5,2,1,1,5,86.92999999999998,-0.9142000000000001,0
COC1=NC(=N)C(=O)O1,128.087,4,1,0,1,5,71.74,-0.47713,0
CC(=O)C1=NN=C1N,111.10400000000001,4,1,1,1,4,67.81,-0.6978,0
N=C1OCC(=O)C(=N)O1,128.087,5,2,0,1,5,83.23,-0.48566000000000015,0
N=C1NC(C=O)C(=O)O1,128.087,4,2,1,1,5,79.25000000000001,-1.3649300000000002,1
N=C1OCC(=O)OC(=N)O1,144.08599999999998,6,2,0,1,6,92.46,-0.5540600000000002,0
N=C1OC=NCC(=O)O1,128.087,5,1,0,1,5,71.74,-0.47713000000000005,0
CN=C1C=NNC1=O,111.10399999999998,3,1,0,1,4,53.82,-0.8272000000000002,0
N=C1ON=C1CC=NO,127.10299999999998,5,2,2,1,5,78.03,0.19996999999999998,0
NC1=CN=C(C=O)C1=O,124.09899999999998,4,1,1,1,4,72.52,-0.9909000000000001,0
NC1=NC(=O)C(C=O)=N1,125.08699999999997,4,1,1,1,5,84.88,-1.5188,0
CC1=NC(CO)=NC1=O,126.11499999999998,3,1,1,1,4,62.02,-0.6217000000000001,0
N=C1OC(=O)C(C=O)O1,129.07099999999997,5,1,1,1,5,76.45,-0.9379300000000002,1
NCC1=CC(=O)N=N1,111.104,3,1,1,1,4,67.81,-0.1786000000000001,0
N=C1OC(C=O)OC1=O,129.071,5,1,1,1,5,76.44999999999999,-0.9379300000000002,1
N=C1NC(=O)OCC1=O,128.087,4,2,0,1,5,79.25,-0.72743,0
CN1OC(C#N)OC1=N,127.10300000000001,4,1,0,1,5,69.34,-0.33554999999999996,1
N=C1NC(=O)NC1=O,113.076,3,3,0,1,5,82.05000000000001,-1.19693,0
CC(N)C1=NC(=O)N=N1,126.119,3,1,1,1,5,80.17,0.3179000000000002,1
NC1=C(N)C(=O)N=C1,111.10399999999998,3,2,0,1,4,81.47,-1.2736000000000003,0
CC(=O)c1n[nH]nc1N,126.11900000000001,4,2,1,1,5,84.66,-0.41050000000000003,0
Cc1n[nH]c(NC=O)n1,126.11899999999999,3,2,2,1,5,70.67,-0.31858000000000025,0
CN=C1N=COCC(=N)O1,141.13,4,1,0,1,5,67.03,0.024570000000000036,0
N=CN1CC(=O)OC1=O,128.087,4,1,1,1,5,70.46000000000001,-0.42772999999999994,0
CC1(OC(=N)N)COC1,130.147,3,2,1,1,4,68.33,-0.3146300000000002,0
N=C1OC(N)=N[NH+]1C=O,129.09900000000002,5,3,1,1,6,92.97,-2.7776300000000003,1
CC(=O)C1=NC(=N)N1,111.104,2,2,1,1,4,65.31,-0.4881300000000001,0
O=CC1OC=NCNC1=O,142.114,4,1,1,1,5,67.75999999999999,-1.3139000000000003,1
N=c1oc(=N)oc(=O)o1,130.059,6,2,0,1,6,104.19000000000001,-1.21526,0
N=C1OCC(C=O)C1=O,127.09899999999998,4,1,1,1,4,67.22,-0.6219300000000001,1
CC(=N)n1cnnc1,110.11999999999999,4,1,0,1,4,54.56,0.12336999999999992,0
COc1n[nH]c(=O)n1C,129.11899999999997,4,1,1,1,5,59.91,-0.8830000000000002,0
N#CCc1noc(=N)o1,125.08699999999999,5,1,1,1,5,86.81,-0.18685000000000002,0
CC(O)(O)c1cnon1,130.103,5,2,1,1,5,79.38000000000001,-0.7731000000000001,0
N#Cc1nc(C=N)no1,122.08699999999999,5,1,1,1,5,86.56,-0.06104999999999999,0
Cc1nnc(N)n1C=N,125.135,5,2,1,1,5,80.58,-0.3761100000000001,0
N=C1COC(=N)OCO1,130.103,5,2,0,1,5,75.39,-0.08066000000000012,0
NC1=CC(CO)=NC1=O,126.115,3,2,1,1,4,75.68,-1.1975,0
CC(=O)C1=NOC1=O,113.07199999999999,4,0,1,1,4,55.73,-0.5118,0
N=c1[nH]c(=O)nco1,113.076,4,2,0,1,5,82.74,-1.15763,0
Cn1cnc(N)nc1=N,125.135,5,2,0,1,5,80.58000000000001,-1.12323,0
COC1=NN=C(N)C1=O,127.103,5,1,0,1,5,77.03999999999999,-1.1138000000000001,0
N=C1N=COCN=CO1,127.103,4,1,0,1,5,67.03,-0.01793,0
CNC1=NC(N)=NC1=O,126.119,4,2,0,1,5,79.84,-1.5408,0
NCc1nnc[nH]c1=O,126.11899999999997,4,2,1,1,5,84.66,-1.3764000000000005,0
Cn1cnc(=N)c(=N)o1,126.11899999999999,5,2,0,1,5,78.66000000000001,-1.02796,0
CN=C1NCNC(=O)O1,129.119,3,2,0,1,5,62.72,-0.7409000000000003,0
CC(=O)C(N)C1N=CN1,127.14699999999999,4,2,2,1,4,67.48,-1.139699999999999,2
CC(=O)C1=NNC1=N,111.104,3,2,1,1,4,65.31,-0.4881300000000001,0
CNC1=CC(=O)C(N)=N1,125.13100000000001,4,2,1,1,4,67.48,-1.0129,0
O=c1ncnc(CO)o1,128.087,5,1,1,1,5,76.22,-1.0779,0
N=C1N=C(C=O)N=C1N,124.103,4,2,1,1,5,91.66,-1.06813,0
N=C1OCC(=O)NC1=O,128.087,4,2,0,1,5,79.25,-1.36333,0
O=Cc1noc(CO)n1,128.087,5,1,2,1,5,76.22,-0.6256000000000002,0
CCc1onnc1N=O,127.103,5,0,2,1,5,68.35,1.0299,0
Nc1nc(O)c[nH]c1=O,127.10299999999997,4,3,0,1,5,92.0,-0.9423000000000001,0
Cc1nncc(NC=O)n1,138.12999999999997,4,1,2,1,5,67.77000000000001,-0.2516800000000003,0
N=C1NC(=O)C(=O)CO1,128.087,4,2,0,1,5,79.25000000000001,-1.36333,0
CC(=O)c1n[nH]nc1N,126.11900000000001,4,2,1,1,5,84.66,-0.41050000000000003,0
N=C1COC(=O)OCO1,131.087,5,1,0,1,5,68.61,0.10457,0
N=C1OC(=N)C(C=O)O1,128.087,5,2,1,1,5,83.23,-0.48726000000000025,1
CC(O)C1=NN=NC1=N,126.11900000000001,4,2,1,1,5,81.16,0.16626999999999992,1
N=C1OCC(=O)NC1=O,128.087,4,2,0,1,5,79.25,-1.36333,0
CN=C1N=C(N)C(=N)O1,126.119,4,2,0,1,5,83.82000000000001,-0.66313,0
CN=C(O)C1=NNC1=N,126.119,3,3,1,1,5,80.83000000000001,-0.49083000000000004,0
NC1=CC(N)=NC1=O,111.10400000000001,3,2,0,1,4,81.47,-1.2736000000000003,0
N=C1N=CN=C1CO,111.10399999999998,3,2,1,1,4,68.8,-0.5611300000000001,0
O=Cc1noc(=O)o1,115.04399999999998,5,0,1,1,5,73.31,-0.5597,0
N=C1CN=COC(=O)O1,128.087,5,1,0,1,5,71.74,0.15876999999999997,0
N=c1nc[nH]c(=N)n1CO,141.13400000000001,5,4,1,1,6,101.54,-1.8800600000000003,0
N=C1NC(=O)NCO1,115.092,3,3,0,1,5,74.21000000000001,-0.79193,0
N=CN1C=CNC(=O)O1,127.10299999999998,3,2,1,1,5,65.42,0.021469999999999934,0
N#CC1=NCOC(=N)OC1,139.11399999999998,5,1,0,1,5,78.46,-0.10995000000000005,0
CC1=NC(NC=O)=[N+]1[O-],127.10299999999998,3,1,1,1,5,67.53,-0.9693,0
CN=C1NN=C1COC=O,141.13,4,1,3,1,5,63.050000000000004,-0.8531000000000002,0
CC(=O)C(O)C1=CN1N,128.131,4,2,2,1,4,66.33,-1.0330000000000001,1
N=CN1C(=O)NCNC1=O,142.118,3,3,1,1,6,85.28999999999999,-0.7142300000000001,0
NC1=NC(=O)N=C1O,113.07599999999998,2,2,0,1,5,88.04,-0.5663,0
C#Cc1nnc(=N)[nH]n1,121.103,4,2,0,1,5,78.31,-1.33953,0
N=CC1=CN=NC1=N,108.104,3,2,1,1,4,72.42,0.9629399999999999,0
Nc1c(O)n[nH]c1C=O,127.103,4,3,1,1,5,92.0,-0.4900000000000002,0
N=CC1=NN=C1C(N)=O,124.103,4,2,2,1,5,91.66,-1.0681300000000002,0
Nc1connc1=NC=O,140.102,5,1,1,1,6,94.37,-1.2911000000000001,0
CN=C1N=CC(N)=[N+]1[O-],126.119,3,1,0,1,5,76.80999999999999,-1.0758999999999999,0
COc1nc(C=N)no1,127.103,5,1,2,1,5,72.0,0.07586999999999994,0
NC1=CC(=O)C(O)=N1,112.088,3,2,0,1,4,75.68,-0.6743000000000001,0
NC1=NC(O)=CC1=O,112.08799999999997,4,2,0,1,4,75.68,-0.6743000000000001,0
Cc1nn[nH]c1CO,113.11999999999998,3,2,1,1,4,61.8,-0.39458000000000004,0
COC1=NC(=O)N1C=N,127.103,3,1,1,1,5,65.75,0.031470000000000053,0
N=C1NCOC(=O)O1,116.076,4,2,0,1,5,71.41,-0.36493,0
O=C(O)C1=NC(O)=C1,113.07199999999999,3,2,1,1,4,69.89,-0.07499999999999996,0
C#Cc1nonc1N,109.08800000000001,4,1,0,1,4,64.94,-0.36689999999999995,0
N=C1N=C(CO)N1F,117.083,2,2,1,1,5,59.68,-0.48793,0
N#CCOc1cn[nH]n1,124.103,4,1,2,1,5,74.59,-0.29292,0
N=C1OC(N)COC1=O,130.103,5,2,0,1,5,85.4,-1.1781300000000001,1
CN=C1OC(=N)N=C1N,126.11900000000001,4,2,0,1,5,83.82,-0.66313,0
N#CCC1=NC(=N)O1,109.088,3,1,1,1,4,69.23,0.26355,0
N=CN1C(=N)OC1=O,113.07599999999998,4,2,1,1,5,77.24000000000001,-0.01955999999999991,0
COc1n[nH]c(=O)n1CO,145.118,5,2,2,1,6,80.14,-1.4702000000000004,0
N=C1OC(=O)OC1=N,114.05999999999999,5,2,0,1,5,83.22999999999999,0.10774,0
CN=C1C=NNC1=N,110.11999999999999,3,2,0,1,4,60.6,-0.3765300000000002,0
NC(=O)C1=NC(=O)N1,113.076,2,2,1,1,5,84.55000000000001,-1.4066,0
O=Cc1n[nH]c(CO)n1,127.10299999999998,4,2,2,1,5,78.87,-0.8905000000000001,0
N=C1NCC(=O)OCO1,130.103,4,2,0,1,5,71.41000000000001,-0.9583300000000001,0
O=Cc1nccc(O)n1,124.09899999999998,4,1,1,1,4,63.08,-0.005300000000000082,0
N=CN1C=NC(=O)OCN1,142.118,4,2,1,1,6,77.78,-0.4639299999999999,0
N=CN1OC(=O)C1CO,130.103,4,2,2,1,5,73.62,-1.27183,1
COc1nc(N)nn1C,128.13500000000002,5,1,1,1,5,65.96000000000001,-0.5941000000000003,0
N=c1ocnc(=O)o1,114.05999999999999,5,1,0,1,5,80.09,-0.89273,0
Cc1nc(CO)n[nH]1,113.11999999999999,3,2,1,1,4,61.800000000000004,-0.3945800000000001,0
CC1=CC(=N)C(O)=N1,110.116,2,2,0,1,3,56.44,0.8800700000000001,0
NC1=C(N)C(C=O)=N1,111.10399999999998,4,2,1,1,4,81.47,-1.2735999999999998,0
N#CC(N)C1=CN=N1,108.104,4,1,1,1,4,74.53,0.14448000000000005,1
N=C1COCNC(=N)N1,128.13500000000002,3,4,0,1,5,80.99000000000001,-0.9346600000000005,0
N=C1NCOC(=N)C(=O)O1,143.102,5,3,0,1,6,95.26,-0.98106,0
CN=C1NC(=O)OC1=N,127.10299999999998,4,2,0,1,5,74.53999999999999,-0.2682300000000001,0
COC1=NOC(=N)C1=O,128.087,5,1,0,1,5,71.74000000000001,-0.47713,0
Nc1oc(C=O)nc1CO,142.114,5,2,2,1,5,89.35000000000001,-0.43839999999999985,0
N=C1N=C(C(=O)CN)O1,127.103,4,2,2,1,5,88.53,-1.1223299999999998,0
NC=C(N)n1cncn1,125.13499999999999,5,2,1,1,5,82.75,-1.0486000000000002,0
Nc1conc1C=O,112.088,4,1,1,1,4,69.12,0.06930000000000014,0
N=CN1C(=NO)C1CO,129.119,4,3,2,1,5,79.68,-0.9423300000000001,1
N=C1COCNC(=O)O1,130.103,4,2,0,1,5,71.41,-0.32243000000000016,0
CC1(O)COC(=O)CN1,131.131,4,2,0,1,4,58.56,-1.1587,1
O=C1NC=NNCO1,115.092,4,2,0,1,5,62.72,-0.7834000000000001,0
Cn1nnc(C=N)c1N,125.13499999999999,5,2,1,1,5,80.58,-0.60503,0
Nc1cnc(=O)[nH]n1,112.092,4,2,0,1,5,84.66,-1.2529000000000001,0
N=C1N=C(N)C(CO)=N1,126.119,3,3,1,1,5,94.82000000000001,-1.2747300000000001,0
CC1=NC(=N)C(=O)N1,111.10399999999998,2,2,0,1,4,65.31,-0.4881300000000001,0
NC1=CC(=O)C(N)=N1,111.10400000000001,4,2,0,1,4,81.47,-1.2735999999999998,0
NC1OC(=O)NC1C=O,130.10299999999998,4,2,1,1,5,81.41999999999999,-1.4215000000000002,2
COc1nc(N)c(C=O)o1,142.114,5,1,2,1,5,78.35000000000001,0.07790000000000019,0
Cc1nc(N)nn1C=N,125.135,5,2,1,1,5,80.58,-0.3761100000000001,0
N=CN1CC(=O)NCN1,128.135,3,3,1,1,5,68.22,-1.5126299999999993,0
N=C1C=C(N)C(C=O)=N1,123.115,3,2,1,1,4,79.3,-0.5402300000000002,0
N=C1CC(C=O)CON1,128.131,3,2,1,1,4,62.18000000000001,-0.29633000000000015,1
N=c1oc(N)cnc1N,126.11900000000001,5,3,0,1,5,101.92,-0.68153,0
CC(O)c1nn[nH]c1O,129.11900000000003,4,3,1,1,5,82.03,-0.4364000000000002,1
N=CN1CC(=O)OCN1,129.119,4,2,1,1,5,65.42,-1.0856300000000003,0
NC1=C(CO)C(=O)O1,115.08799999999998,4,2,1,1,4,72.55,-1.2942000000000002,0
N#CC1=NCOC(=O)O1,126.07099999999998,5,0,0,1,5,71.67999999999999,0.032779999999999976,0
NC1=C(N)C(=O)N=C1,111.10399999999998,3,2,0,1,4,81.47,-1.2736000000000003,0
N=C1NC(=O)C(=N)CO1,127.103,4,3,0,1,5,86.03000000000002,-0.9126600000000002,0
N=Cc1cnnc(N)n1,123.11900000000001,5,2,1,1,5,88.54,-0.5485300000000002,0
N=C1CN=NCOC1=O,127.10299999999998,5,1,0,1,5,74.87,-0.027330000000000076,0
CC1=NC(=O)OC1=NO,128.087,4,1,0,1,5,71.25,0.3852000000000001,0
COC1=NC=C(N)C1=O,126.115,4,1,0,1,4,64.68,-0.5859000000000001,0
COC1=NC(O)=NC1=O,128.087,3,1,0,1,5,71.25,-0.5145000000000002,0
N=C(N)C1COC(=O)O1,130.103,4,2,1,1,5,85.40000000000002,-0.54223,1
COC1=NC(=N)C(N)=N1,126.11900000000001,4,2,0,1,5,83.82,-0.6631300000000002,0
CN=C1N=CN=C1N,110.12,3,1,0,1,4,63.099999999999994,-0.5861999999999998,0
CN=C1N=C(N)C=[N+]1[O-],126.119,3,1,0,1,5,76.80999999999999,-1.0758999999999999,0
CC1=NC(=N)N=C1N,110.12,2,2,0,1,4,74.59,-0.24712999999999996,0
CNc1c(O)n[nH][n+]1[O-],130.107,4,3,1,1,6,87.88,-1.2096000000000002,0
COC1=NN=C1NC=O,127.10299999999998,4,1,1,1,5,63.050000000000004,-0.8956000000000002,0
CC1=NC(CO)=NC1=N,125.13099999999999,3,2,1,1,4,68.80000000000001,-0.17103000000000002,0
CN=c1nc(CO)c1=N,125.13099999999999,4,2,1,1,4,69.33000000000001,-1.5405300000000002,0
N=C1NC=CNC(=O)O1,127.103,3,3,0,1,5,74.21000000000001,-0.27823000000000014,0
N=C1COC(=O)C(=N)O1,128.087,5,2,0,1,5,83.23,-0.48566000000000015,0
N=CN1CCC(=O)OCO1,144.12999999999997,4,1,1,1,5,62.620000000000005,-0.26853000000000016,0
N=C1NC(=N)C(=O)O1,113.076,4,3,0,1,5,86.03000000000002,-0.95516,0
N=c1oc(=O)[nH]n1C=O,129.075,5,2,1,1,6,91.85,-1.71283,0
C#Cc1cnnc(O)n1,121.09899999999999,4,1,0,1,4,58.900000000000006,-0.4415000000000001,0
N=C1N=C(CO)N=C1O,127.10299999999998,3,3,1,1,5,89.03,-0.67543,0
Cn1nc(CO)nc1N,128.135,5,2,1,1,5,76.96,-1.1104,0
N=Cc1nnoc(=N)n1,125.091,6,2,1,1,6,99.51,-1.05826,0
CNC1=NC(=O)N=C1N,126.119,3,2,0,1,5,79.84,-0.9049,0
N=CN1N=C(O)C1C=O,127.10299999999997,3,2,2,1,5,76.75,-0.6519300000000001,1
CN=C1OC=NC1=N,111.104,3,1,0,1,4,57.800000000000004,0.05046999999999996,0
N=C1N=C(N)N=C1C=O,124.103,4,2,1,1,5,91.66,-1.06813,0
Nc1nc(C=O)c(O)[nH]1,127.10299999999997,4,3,1,1,5,92.0,-0.49000000000000016,0
N=c1onc(N)n1C=O,128.091,6,2,1,1,6,97.9,-1.4239300000000001,0
CNc1nc(=O)[nH]n1C=O,142.118,5,2,2,1,6,79.78,-1.3485999999999998,0
N=C1COC(=N)C(O)O1,130.10299999999998,5,3,0,1,5,86.39,-0.6938600000000001,1
CN=C1OC(=O)N=C1O,128.087,3,1,0,1,5,71.25,0.12140000000000001,0
N=C1OC(C=O)C1=NO,128.087,5,2,1,1,5,82.74,-0.6084300000000002,1
CNC1=NC(C=O)=NC1=O,139.11399999999998,4,1,1,1,5,70.89,-1.2581000000000002,0
Cc1noc(=O)c(=O)o1,129.071,5,0,0,1,5,73.31,-0.7035799999999999,0
N=COc1cncnc1N,138.12999999999997,5,2,2,1,5,84.88,0.044669999999999876,0
N=C1OC=NC(C=O)O1,128.087,5,1,1,1,5,71.74,-0.4787300000000001,1
NC1NCC(=O)NC1=O,129.119,4,3,0,1,5,84.22,-2.4828,1
NC(=O)C1=NC(=O)O1,114.05999999999999,3,1,1,1,5,81.75000000000001,-0.9796,0
NC1=NC(=O)C=NC1=O,125.08699999999997,3,1,0,1,5,84.88,-1.5188,0
CC(O)C1=NC(=O)N1,114.104,2,2,1,1,4,61.690000000000005,-0.5111000000000001,1
N=CC1OC(=N)NC1=O,127.103,4,3,1,1,5,86.03,-0.9142600000000003,1
N=C1OC(=O)C(C=O)O1,129.07099999999997,5,1,1,1,5,76.45,-0.9379300000000002,1
CN=NC1C(=O)NC1=O,127.103,4,1,1,1,5,70.89,-0.9066000000000001,0
COc1nc(C=O)n[nH]1,127.103,4,1,2,1,5,67.87,-0.37420000000000025,0
N=C1COCC(=NO)O1,130.103,5,2,0,1,5,74.9,-0.20183000000000012,0
N=CNC1OCC(=O)O1,130.103,4,2,2,1,5,71.41,-0.9599300000000002,1
N=CN1CC(=O)OC(=O)N1,143.102,4,2,1,1,6,82.49000000000001,-0.92313,0
N=CN1C(=O)COC1=O,128.087,4,1,1,1,5,70.46000000000001,-0.42772999999999994,0
N=C1OC(=O)NC1C=O,128.087,4,2,1,1,5,79.25,-0.7290300000000003,1
COC1=NC(=N)N=C1N,126.11900000000001,3,2,0,1,5,83.82,-0.66313,0
N=C1CN=CNC(=O)N1,126.11899999999999,3,3,0,1,5,77.34,-0.6952300000000002,0
Nc1cnnc(C=O)c1N,138.12999999999997,5,2,1,1,5,94.89,-0.5465,0
N=c1nc(CO)nco1,127.10299999999998,5,2,1,1,5,83.0,-0.9586300000000001,0
NC1=CN=C1[N+](=O)[O-],113.076,4,1,0,1,5,81.52,-0.5246999999999999,0
CC1=NC(=N)C(=N)O1,111.10399999999998,3,2,0,1,4,69.29,0.38954,0
N=C1NC(=O)CN=CO1,127.103,4,2,0,1,5,74.54,-0.9041300000000001,0
CN1N=C(C=O)NN1C=O,142.118,5,1,2,1,6,65.01,-1.6777999999999997,0
N#CCc1cnnn1N,123.11900000000001,5,1,1,1,5,80.52,-0.9420200000000001,0
COC1=NC(=O)C(=O)N1,128.087,3,1,0,1,5,67.75999999999999,-1.3548000000000002,0
N=CN1COC(=O)OC1,130.10299999999998,4,1,1,1,5,62.620000000000005,-0.02273000000000014,0
O=CC1=NC(=O)C(O)=C1,125.08299999999997,3,1,1,1,4,66.73,-0.39159999999999995,0
CNc1noc(C=O)n1,127.10299999999998,5,1,2,1,5,68.02000000000001,-0.07619999999999999,0
CNC1=NN=C1C=O,111.10399999999998,4,1,1,1,4,53.82,-0.8272000000000002,0
CNC1=NC(C=O)OCO1,144.12999999999997,5,1,1,1,5,59.92,-0.9089000000000003,1
COC1=NC(=O)C(N)=N1,127.10300000000001,4,1,0,1,5,77.03999999999999,-1.1138000000000003,0
CN=C1OC(=N)NC1=O,127.103,4,2,0,1,5,74.53999999999999,-0.9041300000000003,0
N#CC(NC=N)C1=NO1,124.103,4,2,3,1,5,84.56,-0.5810500000000003,1
C#Cc1nc(N)nn1N,123.11900000000003,5,2,0,1,5,82.75,-1.4446000000000003,0
N=CN1COC(=N)CN1,128.135,4,3,1,1,5,72.2,-0.6349600000000002,0
NC1=C(NC=O)N=C1O,127.10299999999998,3,3,2,1,5,87.71,-1.1697,0
NC(=O)C1=NN=C1N,112.09200000000001,4,2,1,1,5,93.83,-1.8014999999999999,0
N=C1NC(=N)C(=O)CO1,127.103,4,3,0,1,5,86.03000000000002,-0.91266,0
CC(=NO)c1nc1=N,111.104,4,2,1,1,4,69.33000000000001,-0.3651299999999999,0
N=C1OCC(=O)C(=O)O1,129.071,5,1,0,1,5,76.45,-0.9363300000000001,0
N=C1OCOC(=N)C1=O,128.087,5,2,0,1,5,83.22999999999999,-0.48566000000000015,0
N=CN=CC1=N[N-]C1=N,122.111,3,2,2,1,5,86.52000000000001,0.38484,0
N=C1NCC(C(=O)O)N1,129.119,2,4,1,1,5,85.21000000000001,-1.4328300000000003,1
N=C1N=C(N)C(CO)=N1,126.119,3,3,1,1,5,94.82000000000001,-1.2747300000000001,0
N=C1C=NC(O)=C1C=O,124.09899999999998,4,2,1,1,4,73.50999999999999,0.059069999999999956,0
N=C1OC(=O)CC(=O)O1,129.071,5,1,0,1,5,76.45,-0.58873,0
N=CC1=NC(O)=NC1=O,125.08699999999999,3,2,1,1,5,85.87,-0.46883000000000014,0
COc1ncc(N)n1C=O,141.13,5,1,2,1,5,70.14,-0.48780000000000023,0
N=C1COC(=N)C(=O)N1,127.103,4,3,0,1,5,86.03,-0.9126600000000002,0
N=C1NC(N)C(=O)O1,115.092,4,3,0,1,5,88.2,-1.6476299999999995,1
N=Cn1oc(=O)[nH]c1=O,129.075,5,2,1,1,6,91.85,-1.4152300000000002,0
N#CCc1nc(N)no1,124.10300000000001,5,1,1,1,5,88.73,-0.28212000000000004,0
COC1=NNC(=O)C1=N,127.10299999999998,4,2,0,1,5,74.53999999999999,-0.9041300000000001,0
N=C1OC=NC=NC1O,127.10299999999998,5,2,0,1,5,78.03,-0.63113,1
N=C1N=C(C(O)C=O)N1,127.10299999999997,3,3,2,1,5,85.53999999999999,-1.5173300000000003,1
CN=C1NC(CO)=[N+]1[O-],129.119,3,2,1,1,5,70.69,-1.5235,0
N=C1C=C(N)C(O)=N1,111.104,2,3,0,1,4,82.46000000000001,-0.22363000000000005,0
CC(=O)NC(=O)C1CO1,129.11499999999998,3,1,1,1,4,58.7,-0.9521000000000002,1
NC1=CNC(O)=NCN1,128.13500000000002,4,4,0,1,5,82.67,-1.1916999999999995,0
N=CN1C(=N)OC1=N,112.09199999999998,4,3,1,1,5,84.02000000000001,-0.20478999999999992,0
N=C1N=COC(=O)CO1,128.087,4,1,0,1,5,71.74,-0.47713000000000005,0
N=C(O)C1=NN=C1N,112.09200000000001,4,3,1,1,5,94.82,-0.75153,0
COC1=NC(=N)N=C1O,127.103,2,2,0,1,5,78.03,-0.06383000000000005,0
Nc1ncoc1C=NO,127.10299999999998,5,2,1,1,5,84.64,0.06490000000000007,0
N#CN1CC(=O)N(C=N)O1,140.102,5,1,1,1,6,80.42,-0.9346500000000002,0
Cc1nnc(C=O)c(O)n1,139.11399999999998,5,1,1,1,5,75.97,-0.3018800000000001,0
CN=C1C(N)=NN=C1O,126.119,4,2,0,1,5,83.33,-0.7005000000000001,0
N=CC1=NOC(=N)C1=O,125.08699999999999,5,2,1,1,5,86.35999999999999,-0.4314600000000001,0
N=C1N=C(CO)C(=N)N1,126.11899999999999,3,4,1,1,5,92.32,-1.0650600000000003,0
N=COC1=NC(=N)N=C1,124.103,3,2,1,1,5,81.64999999999999,0.027739999999999987,0
N=C1N=CCOC(=N)O1,127.103,4,2,0,1,5,78.52,-0.026460000000000095,0
CNc1cc(N)nn1C=O,140.14600000000002,5,2,2,1,5,72.94,-0.4547000000000003,0
N=C(N)C1=NN=C1O,112.092,3,3,1,1,5,94.82000000000001,-0.7515299999999998,0
N=CN1NC(=O)C1=O,113.07599999999998,3,2,1,1,5,73.26,-1.53313,0
N=C1NC(=O)C(=O)O1,114.05999999999999,4,2,0,1,5,79.25000000000001,-1.4058300000000001,0
N=c1nc(C=O)cno1,125.08699999999997,5,1,1,1,5,79.84,-0.63843,0
NC1=NC(=O)C(C=O)=C1,124.09899999999996,3,1,1,1,4,72.52,-0.9909000000000001,0
CN=NC1OC1=NC=O,127.103,4,0,2,1,5,66.68,-0.020399999999999974,1
N=C1CNCOC(=N)OC1,143.146,5,3,0,1,5,78.19000000000001,-0.46516000000000046,0
N=C1COC(=N)C(=N)O1,127.103,5,3,0,1,5,90.01,-0.034989999999999966,0
N=c1cc(CO)nco1,126.11499999999998,4,2,1,1,4,70.11,-0.35362999999999983,0
Cc1c(O)cnn1C=N,125.131,4,2,1,1,4,61.900000000000006,0.3522899999999999,0
O=CC1NCOC(=O)O1,131.087,5,1,1,1,5,64.63,-0.7747000000000002,1
O=CC1=CC(=O)NOC1,127.09899999999999,3,1,1,1,4,55.400000000000006,-0.8269000000000002,0
N=C1N=C(CO)N=C1N,126.119,4,3,1,1,5,94.82,-1.2747300000000001,0
Nc1n[nH]nc1CCO,128.135,4,3,2,1,5,87.82000000000001,-1.0783000000000005,0
CN=c1ncnc(N)o1,126.119,5,1,0,1,5,77.3,-0.8177000000000003,0
N=COc1[nH]ncc1N,126.119,4,3,2,1,5,87.78,-0.022230000000000083,0
Cc1coc(=N)n1O,114.104,4,2,0,1,4,62.150000000000006,0.10629,0
CC(O)C1=NC(N)=N1,113.12000000000002,4,2,1,1,4,70.97,-0.9060000000000001,1
CCC1=NC(=N)N=N1,110.12,2,1,1,1,4,60.93,1.19547,0
CN=C1NN=C(O)C1=O,127.10299999999998,3,2,0,1,5,74.05000000000001,-0.9415,0
N=C1NC(=O)C1C=O,112.08799999999998,3,2,1,1,4,70.02000000000001,-1.0914300000000001,1
CN=C1C=NC(N)=N1,110.12,3,1,0,1,4,63.099999999999994,-0.5862,0
Nc1ncc(C=O)n1N,126.119,5,2,1,1,5,86.92999999999999,-1.0084000000000004,0
N=Cc1nn[nH]c1C=O,124.10299999999998,4,2,2,1,5,82.49000000000001,-0.38513,0
N=C1OC(=O)NC1=O,114.05999999999999,4,2,0,1,5,79.25,-0.7699300000000002,0
N=c1ncnc(F)cn1,126.094,4,1,0,1,5,62.52,-0.50983,0
Cc1nc(N)nn1C=O,126.119,5,1,1,1,5,73.8,-0.7929800000000002,0
N=C1CN=NC(CO)CN1,142.16199999999998,4,3,1,1,5,80.83,-0.6200300000000001,1
CNC(=O)C1=NC(N)=N1,126.11900000000001,4,2,1,1,5,79.84,-1.540799999999999,0
N=C1N=C(F)N=CC1=O,127.07799999999999,3,1,0,1,5,65.64,-0.05732999999999999,0
CC1=NC(=O)C(N)=N1,111.104,3,1,0,1,4,67.81,-0.6978,0
Nc1c[n+]([O-])nc(N)n1,127.10700000000001,5,2,0,1,6,104.75999999999999,-1.7256,0
CC(O)NC1=NC(=N)O1,129.119,4,3,1,1,5,77.7,-0.7647300000000001,1
N=C1N=CN=C1C=O,109.08799999999998,3,1,1,1,4,65.64,-0.35453,0
N=CC1NC(=O)N1C=N,126.119,3,3,2,1,5,80.04,-0.40565999999999985,1
N=C1COCOC(=O)N1,130.103,4,2,0,1,5,71.41,-0.32242999999999994,0
Nc1cnc(C=O)n1N,126.119,5,2,1,1,5,86.92999999999999,-1.0084,0
COC1=[N+]([O-])C(=N)N=C1,127.103,3,1,0,1,5,71.50999999999999,-0.43923000000000023,0
N=C1OCCOC(=O)C1=O,143.09799999999998,5,1,0,1,5,76.45,-0.8938300000000001,0
CC(N)C1=NN=C1C=O,125.13099999999999,4,1,2,1,4,67.81,-0.6569,1
N=CNC1=CN=C1N,110.12,3,3,2,1,4,74.26,-0.60473,0
N=CN1CCOC(=O)N1,129.119,3,2,1,1,5,65.42,-0.44973000000000013,0
N=C(C=O)N1COC1=N,127.103,4,2,1,1,5,77.24000000000001,-0.61296,0
N#CC(N)C1=NC(=CN)O1,138.13,5,2,1,1,5,97.42,-0.9764200000000001,1
NC(=O)C1=NOC1=O,114.05999999999999,4,1,1,1,5,81.75,-1.6155,0
N#CCc1nc[nH][n+]1[O-],124.103,3,1,1,1,5,79.41,-0.89082,0
Nc1cnn(N)c1C=O,126.119,5,2,1,1,5,86.93,-1.0084000000000004,0
N=CC1=C(N)C(=N)N=N1,123.11900000000001,4,3,1,1,5,98.44,0.24934000000000006,0
CC(=O)C1=NOC1=N,112.088,4,1,1,1,4,62.51,-0.06112999999999996,0
N=C1OC(=O)N=C1N,113.07600000000001,4,2,0,1,5,88.53,-0.5289300000000001,0
N=C1C=NC(N)=C1OC=O,139.114,5,2,2,1,5,88.53,-0.6086300000000002,0
COC1=CC(=N)NC1=O,126.115,3,2,1,1,4,62.18,-0.37623,0
N=c1onc(N)n1C=O,128.091,6,2,1,1,6,97.9,-1.4239300000000001,0
COc1nnoc1NC#N,140.10199999999998,6,1,2,1,6,83.97,-0.028820000000000123,0
CC(=O)c1cn[nH][n+]1[O-],127.103,3,1,1,1,5,72.69,-0.7543,0
N=C1NCC(=O)OCO1,130.103,4,2,0,1,5,71.41000000000001,-0.9583300000000001,0
N=C1OCC(=O)C(=N)O1,128.087,5,2,0,1,5,83.23,-0.48566000000000015,0
N=c1cnc(CN)no1,126.11900000000001,5,2,1,1,5,88.79,-0.99223,0
COC1=C(N)C(=N)N=C1,125.131,3,2,1,1,4,71.46000000000001,-0.13522999999999985,0
Cc1n[nH]c(=N)n1C=N,125.13499999999999,4,3,1,1,5,81.31,-0.5457400000000003,0
N=C1CC(N)OC(=N)O1,129.119,5,3,0,1,5,92.18000000000002,-0.37986000000000003,1
N=CC1NC(=CN)OCO1,143.14600000000002,5,3,1,1,5,80.36000000000001,-0.6864299999999999,1
N=C1NCC(=O)C(=N)O1,127.103,4,3,0,1,5,86.03000000000002,-0.9126600000000002,0
N=COC1COC(=O)N1,130.103,4,2,2,1,5,71.41,-0.32403,1
CC(=O)c1cnc(N)[nH]1,125.131,3,2,1,1,4,71.77000000000001,0.19450000000000006,0
NC1=NOC(=O)C1=NC=O,141.08599999999998,5,1,1,1,6,94.11000000000001,-1.5872,0
N=CN1CN=CC(=O)O1,127.10299999999997,4,1,1,1,5,65.75,-0.6044300000000002,0
CC(=O)C1=NN=C1N,111.10400000000001,4,1,1,1,4,67.81,-0.6978,0
NC1=NC(C=O)=CN(O)N1,142.11799999999997,6,3,1,1,6,90.95,-1.4492000000000005,0
N=C1CN=COC(=O)O1,128.087,5,1,0,1,5,71.74,0.15876999999999997,0
COC1=NOC(=O)C1=N,128.087,5,1,0,1,5,71.74000000000001,-0.47713,0
CNC(=O)C1=CN=[N+]1[O-],127.103,3,1,1,1,5,67.53,-0.45009999999999994,0
Cc1n[nH]c(=N)n1CN,127.15100000000001,4,3,1,1,5,83.48,-1.0847099999999998,0
NC1=C(N)C(=O)N=C1,111.10399999999998,3,2,0,1,4,81.47,-1.2736000000000003,0
N=c1ncn(N)n1C=O,127.107,6,2,1,1,6,89.69,-2.08383,0
N=CN1CC(=O)NC1=N,126.11899999999999,3,3,1,1,5,80.04,-1.03996,0
C#CC(N)C1=NN=N1,108.10400000000001,4,1,1,1,4,63.099999999999994,-0.27379999999999993,1
CC1=NC(=N)N=C1N,110.12,2,2,0,1,4,74.59,-0.24712999999999996,0
N=C1N=COC(=O)CO1,128.087,4,1,0,1,5,71.74,-0.47713000000000005,0
CC(O)C1=C(O)N=N1,114.104,4,2,1,1,4,65.18,0.5601,1
N=c1[nH]c(=O)oc(=N)o1,129.075,5,3,0,1,6,106.83999999999999,-1.4801599999999997,0
COC1NCC(=O)C1=N,128.131,4,2,1,1,4,62.18,-0.84903,1
CN=c1cnoc(=O)[nH]1,127.10299999999998,4,1,0,1,5,71.25,-1.1066,0
CN=C1NN=CC1=O,111.10399999999998,3,1,0,1,4,53.82,-0.8272000000000002,0
CC(O)C1=CC(=N)N1O,128.131,3,3,1,1,4,67.55,-0.06683000000000006,1
CN=c1ncoc(=N)o1,127.10299999999998,5,1,0,1,5,75.38,-0.7224300000000003,0
N=C1OCOC(=O)C1=N,128.087,5,2,0,1,5,83.23,-0.48566000000000015,0
COC1=NC(=O)C(N)=N1,127.10300000000001,4,1,0,1,5,77.03999999999999,-1.1138000000000003,0
N=CN1OC=CNC1=N,126.11899999999999,3,3,1,1,5,72.20000000000002,-0.16376000000000002,0
COC1=NN=C1CO,114.10399999999998,4,1,1,1,4,54.18000000000001,-0.6068,0
N=C1COC(=O)C(=N)N1,127.103,4,3,0,1,5,86.03,-0.9126600000000002,0
Nc1conc(N)c1=O,127.10300000000001,5,2,0,1,5,95.13999999999999,-0.8008,0
Cc1cnc(CO)nn1,125.131,4,1,1,1,4,58.900000000000006,-0.32768000000000014,0
N=CN1C=NC(=O)OC1,127.10299999999998,3,1,1,1,5,65.75,0.031470000000000053,0
Nc1cc(N)n(C=O)n1,126.11900000000001,5,2,1,1,5,86.92999999999999,-0.9142000000000001,0
Cc1nc(=N)c(=N)[nH]o1,126.11899999999999,4,3,0,1,5,89.52,-0.72994,0
N=Cc1noc(CO)n1,127.103,5,2,2,1,5,83.0,-0.44043000000000004,0
N=C1NC(=O)NC1=O,113.076,3,3,0,1,5,82.05000000000001,-1.19693,0
N=C1OC=NCN1C=O,127.103,4,1,1,1,5,65.75,-0.6044300000000002,0
CC(=O)c1ncnn1O,127.103,5,1,1,1,5,68.01,-0.2820000000000001,0
N#CCNC1=NN=C1N,123.11900000000001,5,2,1,1,5,86.56,-1.21612,0
NC1=C(N)C(C=O)=N1,111.10399999999998,4,2,1,1,4,81.47,-1.2735999999999998,0
CC(=N)OC1=C(O)O1,115.08799999999998,4,2,1,1,4,65.84,0.7149699999999999,0
N=c1cn[nH]c(C=O)n1,124.10299999999998,4,2,1,1,5,82.49,-0.9033300000000004,0
O=Cc1ncc(=O)[nH]n1,125.08699999999999,4,1,1,1,5,75.71000000000001,-1.0226000000000002,0
NC(=O)OCC1=NCN1,129.11900000000003,4,2,2,1,5,76.71000000000001,-0.9591000000000003,0
CNC(=N)OC1COC1=N,143.14600000000002,4,3,1,1,5,78.19,-0.46676000000000023,1
N=C1OC=NOCC1=O,128.087,5,1,0,1,5,71.74000000000001,-0.47713000000000005,0
N=C1C=NN=C1NC=O,124.10299999999998,4,2,1,1,5,77.67,-0.8499300000000003,0
N=CN=C1N=C(O)O1,113.07599999999998,2,2,1,1,5,78.03,-0.10633000000000009,0
CNC1(C=O)NC(=O)N1,129.119,3,3,2,1,5,70.23,-1.6286999999999994,0
NC1=C(C=O)C(=O)N=N1,125.087,4,1,1,1,5,84.88000000000001,-0.6520000000000001,0
N=CN1COC(=O)OC1,130.10299999999998,4,1,1,1,5,62.620000000000005,-0.02273000000000014,0
Cn1c(C=N)noc1=N,126.11899999999999,5,2,1,1,5,78.66,-0.50976,0
CC1=C(N)C(=O)N=N1,111.104,3,1,0,1,4,67.81,0.16900000000000015,0
N=C1COC(=N)OCO1,130.103,5,2,0,1,5,75.39,-0.08066000000000012,0
COc1n[nH]cnc1=N,126.11899999999999,4,2,1,1,5,74.65,-0.70723,0
O=C1OC(=O)C1CO,116.07199999999997,4,1,1,1,4,63.60000000000001,-1.3217,0
N=C1COC(=O)NCO1,130.103,4,2,0,1,5,71.41,-0.3224300000000002,0
N=C1N=C(N)C=C1C=O,123.11499999999998,3,2,1,1,4,79.30000000000001,-0.54023,0
C#Cc1cnnn1N,108.10400000000001,4,1,0,1,4,56.730000000000004,-1.0268000000000002,0
CC(=O)C1=NC(N)=N1,111.10400000000001,4,1,1,1,4,67.81,-0.6978,0
CNC1=NOC(=O)C1=O,128.087,5,1,0,1,5,67.76,-1.3548000000000002,0
O=CC1=NC(=O)C(O)=C1,125.08299999999997,3,1,1,1,4,66.73,-0.39159999999999995,0
Cc1ncnc(=N)n1N,125.135,5,2,0,1,5,80.58,-1.2202099999999994,0
CN=C1N=COC1=O,112.08799999999998,3,0,0,1,4,51.02,-0.4001999999999999,0
COC1=NC(=O)C(N)=N1,127.10300000000001,4,1,0,1,5,77.03999999999999,-1.1138000000000003,0
N#CC(=N)n1nccn1,121.103,5,1,0,1,5,78.35000000000001,-0.3729500000000001,0
Cn1cnc(N)nc1=O,126.119,5,1,0,1,5,73.80000000000001,-1.2425000000000004,0
N=C1CNC(=N)OCO1,129.119,4,3,0,1,5,78.19000000000001,-0.5076600000000004,0
COc1cnc(=N)[nH]n1,126.119,4,2,1,1,5,74.65,-0.7072300000000002,0
N=CN1CC(=O)OC1=N,127.10299999999998,4,2,1,1,5,77.24000000000001,-0.61296,0
N=c1ccc(F)nn1N,128.11,4,2,0,1,5,67.69,-0.7845300000000002,0
NCC(=O)c1ncno1,127.103,5,1,2,1,5,82.01,-0.7890000000000004,0
O=C1NC(O)=C1NCO,130.103,4,4,2,1,5,81.59,-1.6173000000000002,0
CC1=NC(=N)N=C1C=O,123.11499999999998,2,1,1,1,4,65.64,0.035569999999999935,0
N#CC1COC(=N)OC1,126.115,4,1,0,1,4,66.1,0.10774999999999996,0
N=C1N=NC(CO)=C1N,126.119,4,3,1,1,5,94.82,-0.40793000000000007,0
N=CNC1COC(O)=N1,129.119,3,3,2,1,5,77.7,-0.5466300000000002,1
CN=C1NC(=N)COCC1=N,154.173,4,3,0,1,5,81.32,-0.3684600000000004,0
CN=C1N=C(N)OC1=N,126.119,4,2,0,1,5,83.82,-0.66313,0
N=CN1CC(C(=N)O)C1=N,140.146,3,4,2,1,5,95.02000000000001,0.037809999999999955,1
C#CC(=O)N1N=C1N,109.08800000000001,3,1,0,1,4,58.459999999999994,-1.3085,0
Cn1nc(N)nc1C=N,125.135,5,2,1,1,5,80.58000000000001,-0.6050300000000002,0
COC1=NC(N)=NC1=O,127.10300000000001,4,1,0,1,5,77.03999999999999,-1.1138000000000001,0
CC(=O)c1nnc(N)o1,127.10300000000001,5,1,1,1,5,82.01,-0.14559999999999984,0
Nc1cnc(=O)[nH]c1,111.10399999999998,3,2,0,1,4,71.77,-0.6479000000000001,0
NC1NC(=O)OC1C=O,130.10299999999998,4,2,1,1,5,81.41999999999999,-1.4215000000000002,2
N#CN1CCCNC1=O,125.131,2,1,0,1,4,56.13,-0.11722000000000005,0
Cc1cnc(N)n1C=N,124.147,4,2,1,1,4,67.69,0.22888999999999976,0
N#CC1N=COC(=N)O1,125.08699999999997,5,1,0,1,5,78.46,-0.15405000000000008,1
CN=C1C=NC(N)=N1,110.12,3,1,0,1,4,63.099999999999994,-0.5862,0
COC(C)C1=NN=C1N,127.14700000000002,4,1,2,1,4,59.97,-0.2518999999999999,1
CC1=NC(=N)N=C1N,110.12,2,2,0,1,4,74.59,-0.24712999999999996,0
N=CN1CC(=O)C(=N)O1,127.10299999999998,4,2,1,1,5,77.24000000000001,-0.61296,0
CN=C1OC(=O)N=C1N,127.10300000000001,4,1,0,1,5,77.03999999999999,-0.47789999999999994,0
CC1=C(CN)N=NC1=O,125.131,3,1,1,1,4,67.81,0.21150000000000013,0
Nc1cnc(O)nc1,111.10399999999998,4,2,0,1,4,72.03,-0.23559999999999998,0
N=CN1CCOC(=N)N1,128.135,3,3,1,1,5,72.2,-0.6349600000000002,0
N=C1N=C(CO)N=C1O,127.10299999999998,3,3,1,1,5,89.03,-0.67543,0
NC(=O)C1=NC(=O)O1,114.05999999999999,3,1,1,1,5,81.75000000000001,-0.9796,0
N=C1CNCC(=NO)O1,129.119,5,3,0,1,5,77.7,-0.6288300000000002,0
N=C1NCCOC(=N)O1,129.119,4,3,0,1,5,78.19000000000001,-0.50766,0
NC1=CC(N)=NC1=O,111.10400000000001,3,2,0,1,4,81.47,-1.2736000000000003,0
CC(=O)C1=NC(=N)O1,112.088,3,1,1,1,4,62.510000000000005,-0.06112999999999996,0
N=C1COCC(=O)CN1,128.131,3,2,0,1,4,62.18,-0.8474300000000001,0
COc1nn[nH]c1N,114.108,4,2,1,1,5,76.82000000000001,-0.6045000000000003,0
Cc1nc(N)nn1C=N,125.135,5,2,1,1,5,80.58,-0.3761100000000001,0
N=C1NC(=O)C(=NO)O1,129.075,5,3,0,1,6,94.77000000000001,-1.14473,0
N=C1CNC(C=O)N1,113.11999999999998,3,3,1,1,4,64.98,-1.3185300000000006,1
N=C(O)n1ccoc1=O,128.087,4,2,0,1,5,79.22,-0.21783000000000002,0
CC1=NC(=N)OC1=N,111.10399999999998,3,2,0,1,4,69.28999999999999,0.38954000000000005,0
CC(O)n1cn[nH]c1=N,128.135,4,3,1,1,5,77.69,-0.7985300000000002,1
N=CN=C1N=CN=C1N,123.119,3,2,1,1,5,86.95,-0.60893,0
CNC1=C(O)C(=O)N=N1,127.103,4,2,1,1,5,74.05,-0.07470000000000021,0
N=CNC1=NN=C1C=O,124.103,4,2,2,1,5,77.67,-0.8499300000000001,0
Cc1nc(N)nn1C=N,125.135,5,2,1,1,5,80.58,-0.3761100000000001,0
CN=C1NCOC(=O)O1,130.10299999999998,4,1,0,1,5,59.92,-0.31390000000000007,0
N=c1nc(N)c(N)co1,126.119,5,3,0,1,5,101.92,-0.68153,0
CN=C1C=C(O)N=N1,111.104,3,1,0,1,4,57.31,0.8799000000000001,0
N=C1NCC(C(=N)O)O1,129.119,3,4,1,1,5,89.19000000000001,-0.5551600000000001,1
COC1(O)C(=O)C1=NO,131.08700000000002,5,2,1,1,5,79.12,-1.2657,1
N=C1OCC(N)C(=O)O1,130.103,5,2,0,1,5,85.39999999999999,-1.1781300000000001,1
N=C1N=CNCC(N)C1=[NH+]O,156.169,4,5,0,1,6,108.46000000000001,-3.1667299999999994,1
NC1CC(=O)C(=NO)O1,130.10299999999998,5,2,0,1,5,84.91000000000001,-0.9517000000000004,1
N=C1COC(C=O)N1,114.10399999999998,3,2,1,1,4,62.18,-0.8915300000000002,1
O=Cc1n[nH]c(CO)n1,127.10299999999998,4,2,2,1,5,78.87,-0.8905000000000001,0
N=C1COC(=O)C(=N)O1,128.087,5,2,0,1,5,83.23,-0.48566000000000015,0
Cn1cnnc1CO,113.11999999999999,4,1,1,1,4,50.94,-0.6926000000000001,0
COC1=NC=C(O)C1=N,126.11499999999998,4,2,0,1,4,65.67,0.46406999999999987,0
NC1=NCN=C1OC=O,127.10299999999997,5,1,1,1,5,77.03999999999999,-1.1138000000000001,0
N=C1OCC(=O)NC1=O,128.087,4,2,0,1,5,79.25,-1.36333,0
N=CN1C(=O)OC1=O,114.05999999999997,4,1,1,1,5,70.46000000000001,0.16566999999999998,0
N=CN1CC(=O)NC1=O,127.10299999999998,3,2,1,1,5,73.26,-0.85473,0
CC(=O)C1=NC(=N)N=N1,124.10300000000001,3,1,1,1,5,78.0,0.3744700000000001,0
CC(=O)C1=NOC1=N,112.088,4,1,1,1,4,62.51,-0.06112999999999996,0
NC(=O)OC1NC1=O,116.076,3,2,1,1,5,91.33000000000001,-1.4624000000000004,1
N=C1NC(=N)C(=O)CO1,127.103,4,3,0,1,5,86.03000000000002,-0.91266,0
N=C1NCCNC(=O)CO1,143.14600000000002,3,3,0,1,5,74.21000000000001,-1.3428299999999993,0
COc1n[nH]c(C=N)n1,126.11899999999999,4,2,2,1,5,74.65,-0.1890300000000002,0
CN1COC(=O)C(=O)O1,131.087,5,0,0,1,5,55.84,-1.1093000000000002,0
N=C1C=NC(CO)=N1,111.104,3,2,1,1,4,68.8,-0.5611300000000001,0
Cc1n[nH]nnc1=N,111.108,4,2,0,1,5,78.31,-1.0124100000000003,0
N=C1NCC(OO)CO1,132.119,4,3,1,1,5,74.57000000000001,-0.60083,1
NC1=C(C=O)N=C1O,112.088,3,2,1,1,4,75.68,-0.6742999999999999,0
COc1c(N)cnn1C=N,140.14600000000002,5,2,2,1,5,76.92,-0.07093000000000033,0
N#CC(=N)n1cncn1,121.103,5,1,0,1,5,78.35000000000001,-0.3729499999999999,0
CC(O)C1=NN=C1N,113.12000000000002,4,2,1,1,4,70.97,-0.9060000000000001,1
N#Cc1nc(N)nn1C=O,137.102,6,1,1,1,6,97.59,-1.2297200000000001,0
O=CC1NC(=O)C1=NO,128.087,4,2,1,1,5,78.76,-1.4861000000000006,1
N=CN1C(=O)OC1=NO,129.075,5,2,1,1,6,85.98,-0.20912999999999998,0
N=Cn1[nH]c(=O)oc1=O,129.075,5,2,1,1,6,91.85,-1.4152300000000002,0
COc1nc[nH]c(=N)n1,126.119,4,2,1,1,5,74.65,-0.70723,0
Nc1nn(C=O)c(=O)[nH]1,128.09099999999998,5,2,1,1,6,93.76999999999998,-1.8081000000000005,0
O=Cc1oncc1NO,128.087,5,2,2,1,5,75.36,0.2881999999999999,0
N=C1OC(=N)C(C=O)O1,128.087,5,2,1,1,5,83.23,-0.48726000000000025,1
N=C1NCC(=O)C(N)O1,129.119,4,3,0,1,5,88.2,-1.60513,1
CC(=O)c1nnc(N)o1,127.10300000000001,5,1,1,1,5,82.01,-0.14559999999999984,0
N=C1C(=O)NN=C1CO,127.103,4,3,1,1,5,85.54,-1.51573,0
COC1=NC(=N)OC1=N,127.103,4,2,0,1,5,78.52000000000001,-0.02646000000000004,0
NC=C1NC(O)=NC1=O,127.10299999999998,3,3,0,1,5,87.71000000000001,-1.1697,0
N=C1C(=O)OC=C1N,112.088,4,2,0,1,4,76.17,-0.63693,0
N=Cn1cn[nH]c1=N,111.10799999999999,4,3,1,1,5,81.31,-0.8541600000000003,0
C#CC(=O)c1cn[nH]n1,121.099,3,1,1,1,4,58.64,-0.3794000000000001,0
CN=C1C=C(N)N=C1N,124.14700000000002,4,2,0,1,4,76.75999999999999,-0.7719,0
Nc1oncc1CCO,128.131,4,2,2,1,4,72.28,-0.20840000000000009,0
N=Cc1cc(N)[n+]([O-])o1,127.10300000000001,4,2,1,1,5,89.95,-0.5071299999999999,0
N=C1OCNC(=O)CO1,130.10299999999998,4,2,0,1,5,71.41,-0.9583300000000003,0
CC1=NC(=O)C(=N)O1,112.08799999999998,3,1,0,1,4,62.510000000000005,-0.06112999999999996,0
N=C1OC(=O)NC1=O,114.05999999999999,4,2,0,1,5,79.25,-0.7699300000000002,0
CC(O)C1=NN=C1N,113.12000000000002,4,2,1,1,4,70.97,-0.9060000000000001,1
NC(=O)c1cc(N)no1,127.103,4,2,1,1,5,95.14,-0.6443000000000003,0
O=Cc1nc(CO)no1,128.087,5,1,2,1,5,76.22,-0.6256000000000002,0
N=c1nc[nH]nc1C=O,124.10299999999998,4,2,1,1,5,82.49000000000001,-0.90333,0
N=CC1=C(N)OC1=O,112.088,4,2,1,1,4,76.17000000000002,-0.6369300000000002,0
N=C1C=C(N)OC1=O,112.088,4,2,0,1,4,76.17000000000002,-0.6369300000000002,0
N=C1OC(=N)C(O)O1,116.07599999999998,5,3,0,1,5,86.39,-0.7363600000000001,1
N=CN1OCNC1C=O,129.119,4,2,2,1,5,65.42000000000002,-1.0872300000000001,1
COC1=NC(=N)C(O)=N1,127.103,3,2,0,1,5,78.03,-0.06383000000000005,0
NC(=O)c1cnc(N)[nH]1,126.119,3,3,1,1,5,97.78999999999999,-0.9092,0
N=C1OC(N)=NC1=O,113.07600000000001,4,2,0,1,5,88.53,-1.1648300000000003,0
COC1=CN=NC1=N,111.104,3,1,1,1,4,57.800000000000004,0.91727,0
CC(=O)Nc1ncn[nH]1,126.119,3,2,1,1,5,70.67,-0.23690000000000028,0
N=CN1COCNC1=O,129.119,3,2,1,1,5,65.42000000000002,-0.4497299999999999,0
N=CN1CC(=O)OCN1,129.119,4,2,1,1,5,65.42,-1.0856300000000003,0
NC1=C(N)C(C=O)=N1,111.10399999999998,4,2,1,1,4,81.47,-1.2735999999999998,0
NC1=NC(=O)C(C=O)=N1,125.08699999999997,4,1,1,1,5,84.88,-1.5188,0
COC1ONC(=N)C1=O,130.103,4,2,1,1,5,71.41,-0.9599300000000002,1
N=c1[nH]c(=O)oc(=N)o1,129.075,5,3,0,1,6,106.83999999999999,-1.4801599999999997,0
NC1=NC(=O)C(C=O)=N1,125.08699999999997,4,1,1,1,5,84.88,-1.5188,0
CC(=O)C1=NC(N)=N1,111.10400000000001,4,1,1,1,4,67.81,-0.6978,0
N=C1COC(=N)C1=NO,127.103,5,3,0,1,5,89.52,-0.1561600000000002,0
CC(=O)n1ncc(N)n1,126.119,5,1,0,1,5,73.8,-0.47959999999999997,0
N=CN1COC(=O)OC1,130.10299999999998,4,1,1,1,5,62.620000000000005,-0.02273000000000014,0
COC1=NC(N)=NC1=N,126.11900000000001,4,2,0,1,5,83.82,-0.66313,0
N=Cc1nc(N)c(N)[nH]1,125.13500000000002,4,4,1,1,5,104.57,-0.4282300000000003,0
Cc1nnc(C=N)nc1N,137.146,5,2,1,1,5,88.54,-0.24010999999999993,0
N#CCc1n[nH]c(N)n1,123.11900000000001,4,2,1,1,5,91.38,-0.5470200000000003,0
N=c1[nH]c(=O)[nH]oc1=O,129.075,4,3,0,1,6,102.71000000000001,-1.8643299999999998,0
CC(=O)C1=NC(O)=C1,111.09999999999998,3,1,1,1,3,49.66,0.42940000000000006,0
Cc1nnc(N)n1CC=O,140.14600000000002,5,1,2,1,5,73.8,-0.6323800000000004,0
N=C1N=C(O)NC1=O,113.07599999999998,2,3,0,1,5,85.53999999999999,-0.9925300000000001,0
N=c1onc(CO)n1N,130.10699999999997,6,3,1,1,6,101.05999999999999,-1.8383299999999996,0
CCC1=NC(N)=NC1=O,125.131,3,1,1,1,4,67.81,-0.30770000000000003,0
N=C1OC(C=O)OC1=N,128.087,5,2,1,1,5,83.22999999999999,-0.48725999999999997,0
CNC1(C=O)NC(=O)O1,130.103,4,2,2,1,5,67.43,-1.2017000000000002,1
N=C1CNC(=O)NC1=O,127.10299999999998,3,3,0,1,5,82.05000000000001,-1.15443,0
CC(=O)C1=NN=C1O,112.088,3,1,1,1,4,62.019999999999996,-0.09849999999999998,0
N=C1COCNC(=O)O1,130.103,4,2,0,1,5,71.41,-0.32243000000000016,0
N=C1NCC(=NO)CN1,128.13500000000002,3,4,0,1,5,80.5,-1.0558300000000003,0
CC(=O)c1nn[nH]c1O,127.103,4,2,1,1,5,78.87,-0.2871,0
N=CN1C(=O)NC1C=O,127.10299999999997,3,2,2,1,5,73.26,-0.8563300000000003,1
COc1noc(CN)n1,129.119,5,1,2,1,5,74.17,-0.4631,0
NC(=O)c1cnoc1N,127.103,4,2,1,1,5,95.14,-0.6443000000000001,0
N=C1COC(=N)NCO1,129.119,4,3,0,1,5,78.19,-0.5076600000000002,0
CN1C=NC(CC#N)=NO1,138.13,5,0,1,1,5,60.980000000000004,0.11887999999999999,0
COc1nc(N)cn1C=N,140.14600000000002,5,2,2,1,5,76.92,-0.07092999999999988,0
N=CN1NCOCC1=O,129.119,4,2,1,1,5,65.42000000000002,-1.0856299999999999,0
N=C1OCC(=O)C(=N)O1,128.087,5,2,0,1,5,83.23,-0.48566000000000015,0
NC1=CC(O)=NC1=O,112.088,2,2,0,1,4,75.68,-0.6742999999999999,0
N=C1N=C(C=O)C(CN)=N1,138.13,3,2,2,1,5,91.66,-1.0256299999999998,0
Cc1[nH]nc(C=O)c1O,126.11499999999997,3,2,1,1,4,65.98,0.23621999999999993,0
CN=C1N=NC(N)=N1,111.108,3,1,0,1,5,75.46,-0.24729999999999996,0
C#CC(N)(C#N)N1CO1,123.115,4,1,1,1,4,65.35,-0.99712,2
Nc1cc(N)n(C=O)n1,126.11900000000001,5,2,1,1,5,86.92999999999999,-0.9142000000000001,0
N=C1CNCC(C=O)=N1,125.13099999999999,3,2,1,1,4,65.31,-0.7932300000000003,0
N=Cn1[nH]c(=O)oc1=O,129.075,5,2,1,1,6,91.85,-1.4152300000000002,0
O=CC1CONC(=O)O1,131.087,4,1,1,1,5,64.63,-0.7747000000000002,1
CN=C1N=CN=C1N,110.12,3,1,0,1,4,63.099999999999994,-0.5861999999999998,0
N=CC1NCNC(=N)O1,128.13500000000002,4,4,1,1,5,80.99000000000001,-0.9362600000000003,1
CN=C1CC(=O)NO1,114.10399999999998,3,1,0,1,4,50.69,-0.5338,0
N=C1NC(=O)COC1=N,127.103,4,3,0,1,5,86.03,-0.9126600000000002,0
N=CN1C=NC(=O)OC1,127.10299999999998,3,1,1,1,5,65.75,0.031470000000000053,0
N=C1CC(=O)OCCO1,129.11499999999998,4,1,0,1,4,59.38000000000001,-0.07282999999999995,0
N=C(N)n1[nH]cc1C=O,126.11899999999997,3,3,1,1,5,87.66,-0.6297300000000003,0
Cc1nc(N)nn1C=O,126.119,5,1,1,1,5,73.8,-0.7929800000000002,0
CC1=NN=C(N)C1=O,111.104,4,1,0,1,4,67.81,-0.6978,0
N=CN1NCC1C=NO,128.135,4,3,2,1,5,71.71000000000001,-0.7577300000000002,1
NCC(=O)C1=NN=C1N,126.11900000000001,5,2,2,1,5,93.83,-1.7589999999999995,0
N=C1C(N)=NN=C1CO,126.11899999999999,5,3,1,1,5,94.82000000000001,-1.2747300000000004,0
N=C1C=NC(N)=C1N,110.12000000000002,4,3,0,1,4,88.25,-0.8229300000000002,0
N=Cn1cnc(N)n1,111.108,5,2,1,1,5,80.58,-0.6845300000000001,0
N=c1nc[nH]c(=O)n1O,128.09099999999998,5,3,0,1,6,94.76,-1.71183,0
NC1=CC(=O)N=C1N,111.10400000000001,3,2,0,1,4,81.47,-1.2736000000000003,0
N=C1COC(=N)C(=O)N1,127.103,4,3,0,1,5,86.03,-0.9126600000000002,0
N=CC1=NC(=O)OC1=N,125.08699999999999,4,2,1,1,5,86.36000000000001,0.20444,0
N=C1NC(=N)C(=O)CO1,127.103,4,3,0,1,5,86.03000000000002,-0.91266,0
N=C(N)OC1=NCCO1,129.119,4,2,0,1,5,80.69000000000001,-0.71733,0
CN=C1OC(=N)C(=O)O1,128.087,5,1,0,1,5,71.74,-0.47713,0
N=C1NCC(=O)N=CO1,127.103,3,2,0,1,5,74.54,-0.9041300000000001,0
CN=C1C=C(N)OC1=O,126.115,4,1,0,1,4,64.68,-0.5859000000000001,0
N=C1COC(=O)N=CN1,127.103,3,2,0,1,5,74.53999999999999,-0.26823000000000013,0
CN=C1N=NN=C1CO,126.11899999999999,4,1,1,1,5,69.67,-0.17119999999999996,0
COC1=NNC(=N)C1=O,127.10299999999998,4,2,0,1,5,74.53999999999999,-0.9041300000000003,0
N=c1occ(N)oc1=O,128.08700000000002,5,2,0,1,5,93.22,-0.70553,0
N=C1COC(=N)OCO1,130.103,5,2,0,1,5,75.39,-0.08066000000000012,0
N=C1OCC(=N)C(=N)O1,127.103,5,3,0,1,5,90.01,-0.034989999999999966,0
N=C1OC(=O)OC(=N)C1=N,141.08599999999998,6,3,0,1,6,107.07999999999998,0.12751000000000007,0
CNc1n[nH]c(C=N)n1,125.13499999999999,4,3,2,1,5,77.45,-0.15593,0
Cn1cc(NC=N)nn1,125.135,4,2,2,1,5,66.59,-0.1659300000000003,0
NC1=C(N)C(=O)C=N1,111.10399999999998,4,2,0,1,4,81.47,-1.2736000000000003,0
NC(=O)c1nc[nH]c1O,127.10299999999998,3,3,1,1,5,92.00000000000001,-0.7858000000000005,0
N=C1CN=COC(=O)N1,127.10299999999998,4,2,0,1,5,74.53999999999999,-0.26823000000000013,0
N=C1OCC(=O)C(=O)O1,129.071,5,1,0,1,5,76.45,-0.9363300000000001,0
Nc1oncc1OC=O,128.087,5,1,2,1,5,78.35,-0.20800000000000013,0
N=C1CC(=O)NOCO1,130.10299999999998,4,2,0,1,5,71.41000000000001,-0.6107300000000002,0
CN=C1C(N)=NC=[N+]1[O-],126.119,4,1,0,1,5,76.80999999999999,-1.0758999999999999,0
N#CC(=O)N1CNCN1,126.119,4,2,0,1,5,68.16,-1.63862,0
Cc1c[nH]nnc1=NCO,140.14600000000002,4,2,1,1,5,74.16,-1.0363800000000003,0
CNC1=C(O)C(=N)N=C1,125.13099999999999,3,3,1,1,4,68.47,0.037069999999999936,0
N=C1CC(=O)COCN1,128.131,3,2,0,1,4,62.18000000000001,-0.49983000000000016,0
N=C1OC(=N)C(=N)C(O)O1,143.10199999999998,6,4,0,1,6,110.24000000000001,-0.7165900000000003,1
N=c1[nH]c(=O)[nH]c(=O)o1,129.075,4,3,0,1,6,102.71,-1.8643299999999998,0
N=C(N)C1=NC(O)=N1,112.092,3,3,1,1,5,94.82000000000001,-0.75153,0
CN=C1N=CNC1=O,111.10399999999998,2,1,0,1,4,53.82,-0.8272000000000002,0
N=C1CNC(=O)C=CO1,126.11499999999997,3,2,0,1,4,62.18000000000001,-0.3762300000000003,0
N=C1NC(=O)N=CC1=O,125.08699999999999,3,2,0,1,5,82.38,-0.67323,0
N=C1OCC(=O)C1=NO,128.087,5,2,0,1,5,82.74,-0.60683,0
O=Cc1n[nH]c(C=O)n1,125.08699999999997,4,1,2,1,5,75.71000000000001,-0.5703,0
CN1NN=CN=C1C=N,125.13499999999999,5,2,1,1,5,63.839999999999996,-0.57223,0
N=Cc1n[nH]nc1C=O,124.10299999999998,4,2,2,1,5,82.49000000000001,-0.38513,0
N=C1OC=NC1C(=O)O,128.087,4,2,1,1,5,82.74,-0.5246300000000002,1
N=CN1CC(N)C(=O)N1,128.135,3,3,1,1,5,82.21000000000001,-1.73243,1
NC1=[N+]([O-])C(=O)N=C1,113.076,3,1,0,1,5,81.52,-0.9416999999999998,0
N=Cc1nnc(N)n1C=O,139.118,6,2,2,1,6,97.65,-1.10373,0
NCC1=NC(=O)C(=O)O1,128.087,4,1,1,1,5,81.75,-1.573,0
N=C1OCCN(C=O)O1,130.103,4,1,1,1,5,62.620000000000005,-0.6586300000000003,0
COc1nnc(N)n1C=N,141.13400000000001,6,2,2,1,6,89.81,-0.6759300000000001,0
Nc1coc(=O)n1CO,130.103,5,2,1,1,5,81.39,-1.0267000000000002,0
N=C1OCNC(=O)CO1,130.10299999999998,4,2,0,1,5,71.41,-0.9583300000000003,0
N=C1CC(C=O)C(=O)O1,127.09899999999998,4,1,1,1,4,67.22,-0.2743300000000002,1
N=C1C=C(N)N=NC1=N,123.11900000000001,4,3,0,1,5,98.44,0.24934000000000006,0
N=C(N)OC1N=CCN1,128.135,4,3,1,1,5,83.49000000000001,-1.14593,1
CN=C1C=NN=C1N,110.12,4,1,0,1,4,63.099999999999994,-0.5862,0
Nc1oncc1CO,114.10399999999998,4,2,1,1,4,72.28,-0.2509,0
N=CN1CC(=O)NC=N1,126.11899999999999,3,2,1,1,5,68.55000000000001,-1.03143,0
Nc1cn(C=O)c(N)n1,126.119,5,2,1,1,5,86.92999999999999,-0.9142000000000001,0
N=c1oc(=N)n(C=O)o1,129.075,6,2,1,1,6,95.98,-1.3286600000000002,0
N=C1NCCOC(=O)O1,130.103,4,2,0,1,5,71.41,-0.32243,0
COC1=NC(=N)C(O)=N1,127.103,3,2,0,1,5,78.03,-0.06383000000000005,0
COc1cnoc(=N)n1,127.103,5,1,1,1,5,72.0,-0.44233000000000006,0
N=C1C=C(N)C(=O)O1,112.088,4,2,0,1,4,76.17,-0.6369300000000002,0
Cc1cnoc1NC=O,126.11499999999998,3,1,2,1,4,55.13,0.5513199999999998,0
N#CC(N)C1=NC(O)=N1,124.103,4,2,1,1,5,94.76,-0.8366199999999999,1
N=C1C=NC(CN)=[N+]1[O-],126.11900000000001,4,2,1,1,5,88.30000000000001,-1.08443,0
N=C(C=O)n1cncn1,124.103,5,1,1,1,5,71.63,-0.69763,0
COC(=O)c1nc[nH]n1,127.10300000000001,4,1,1,1,5,67.87,-0.4087,0
CNC1=NC=NC1=N,110.11999999999999,3,2,0,1,4,60.6,-0.3765300000000002,0
CN=C1OC(N)=C1N,113.12000000000002,4,2,0,1,4,73.63,-0.8686,0
COc1cnc(=O)[nH]c1,126.11499999999998,3,1,1,1,4,54.98,-0.2215000000000002,0
N=C1OCC(=O)NC1=O,128.087,4,2,0,1,5,79.25,-1.36333,0
CN=C1CNC(C#N)=N1,122.13099999999999,3,1,0,1,4,60.54,-0.46002000000000004,0
Nc1ncoc1NC=O,127.10299999999998,4,2,2,1,5,81.15,-0.17490000000000022,0
Cc1onnc1NC=O,127.10299999999998,4,1,2,1,5,68.02000000000001,-0.053680000000000117,0
COC1=NN=C(O)C1=N,127.10299999999998,4,2,0,1,5,78.03,-0.06383000000000016,0
CNC(=O)c1nc[nH]n1,126.119,3,2,1,1,5,70.67,-0.8357000000000003,0
N=C1COCNC(=O)N1,129.119,3,3,0,1,5,74.21,-0.7494300000000003,0
COC1=NN=C1C=N,111.10399999999998,4,1,1,1,4,57.800000000000004,0.05046999999999996,0
NC(=O)C1=NN=C1O,113.076,3,2,1,1,5,88.04,-1.2022,0
N=C1NCONC(=N)O1,130.107,4,4,0,1,6,90.22000000000001,-1.04556,0
N=C1NC(C=O)OCO1,130.103,4,2,1,1,5,71.41000000000001,-0.9599300000000002,1
NC1=NN=C1C=NCO,126.11899999999999,5,2,2,1,5,83.33,-1.2662000000000002,0
Cc1nnc(CO)nn1,126.119,5,1,1,1,5,71.79,-0.9326800000000002,0
NC(=O)NC1=NC=C1O,127.10299999999998,3,3,0,1,5,87.71000000000001,-0.5338,0
C#CC(=O)n1cn[nH]1,109.088,3,1,0,1,4,50.68,-0.5154000000000001,0
O=Cc1ncnn1C=O,125.08699999999999,5,0,2,1,5,64.85,-0.8711,0
Nc1ncn(C=O)c1O,127.10299999999997,5,2,1,1,5,81.14,-0.7908000000000002,0
N=C1OCCN=NC1=O,127.10300000000001,4,1,0,1,5,74.87,-0.027330000000000076,0
NC1=NC(=O)C(=O)N1,113.07599999999998,3,2,0,1,5,84.55,-2.0425000000000004,0
N#CC(N)N1NC=CO1,126.11899999999997,5,2,1,1,5,74.31,-0.9822200000000001,1
O=CNC1=NC=CC1=O,124.09899999999998,3,1,1,1,4,58.53,-0.7727000000000002,0
N=C1NCCNC(=O)N1,128.13500000000002,2,4,0,1,5,77.01,-1.1764299999999999,0
N=C1N=CC(N)=C1N,110.12000000000002,3,3,0,1,4,88.25,-0.8229300000000002,0
CC1=NC(N)=NC1=O,111.104,3,1,0,1,4,67.81,-0.6978,0
N=C1C(N)=CC(N)=C1O,125.13099999999999,4,4,0,1,4,96.12,-0.40933,0
N=C1N=CC(=O)N=C1O,125.08699999999999,2,2,0,1,5,85.87,-0.4688299999999999,0
N=CNC1OCOC1=N,129.119,4,3,2,1,5,78.19,-0.5092600000000003,1
NC(=O)Nc1cnco1,127.10299999999998,3,2,1,1,5,81.15,0.16520000000000035,0
N=Cc1cnnc(=N)[nH]1,123.119,4,3,1,1,5,89.27000000000001,-0.7181600000000001,0
N=C1OCNC(=O)CO1,130.10299999999998,4,2,0,1,5,71.41,-0.9583300000000003,0
CN=C(O)C1=NC(=N)O1,127.103,3,2,1,1,5,78.03000000000002,-0.06382999999999994,0
O=C1C=C(O)N=C1O,113.07199999999999,3,2,0,1,4,69.89,-0.07500000000000007,0
N=C1NCC(=N)C(=O)O1,127.103,4,3,0,1,5,86.03000000000002,-0.91266,0
Cc1nc(=N)on1C=O,127.10299999999998,5,1,1,1,5,71.88,-0.69771,0
N=C1OCC(=O)C1=NO,128.087,5,2,0,1,5,82.74,-0.60683,0
N=CN1CC(=O)OC1=N,127.10299999999998,4,2,1,1,5,77.24000000000001,-0.61296,0
N=C1N=CNCC(=O)O1,127.10299999999998,4,2,0,1,5,74.54,-0.9041300000000001,0
N=Cc1occ(N)c1N,125.13100000000001,4,3,1,1,4,89.03,0.44167000000000023,0
N=CN1CC(=O)OCN1,129.119,4,2,1,1,5,65.42,-1.0856300000000003,0
CC1(CO)N=NNC1=O,129.119,4,2,1,1,5,74.05000000000001,-0.7656000000000003,1
CC(=O)C1=NC(N)=N1,111.10400000000001,4,1,1,1,4,67.81,-0.6978,0
Cc1nnc(N)n1C=N,125.135,5,2,1,1,5,80.58,-0.3761100000000001,0
Nc1conc1C=O,112.088,4,1,1,1,4,69.12,0.06930000000000014,0
CN=C1N=C(N)N1C=O,126.119,3,1,1,1,5,71.05,-1.2411,0
N=C1N=CN=C1CO,111.10399999999998,3,2,1,1,4,68.8,-0.5611300000000001,0
N#COCC1=NOC1=N,125.087,5,1,2,1,5,78.46000000000001,-0.15245000000000003,0
C#Cc1nn[nH]c(=N)n1,121.103,4,2,0,1,5,78.31,-1.33953,0
N=C1OC(C=O)N=C1O,128.087,4,2,1,1,5,82.74,-0.5246300000000002,1
COC(N)c1nc1=N,113.12,4,2,2,1,4,71.99000000000001,-0.9596299999999998,1
COC1=NC(N)=NC1=O,127.10300000000001,4,1,0,1,5,77.03999999999999,-1.1138000000000001,0
C#CCN1OC(=O)C1=N,124.09899999999998,3,1,1,1,4,53.39,-0.6293300000000002,0
Cc1nc(N)nc(CO)n1,140.146,5,2,1,1,5,84.92,-0.7454800000000004,0
N=C1CC(=O)C(=O)O1,113.07199999999997,4,1,0,1,4,67.22,-0.5203300000000002,0
N=C1OC(=N)C(=N)O1,113.076,5,3,0,1,5,90.01,-0.07748999999999995,0
O=C(O)c1cc(O)n[nH]1,128.087,3,3,1,1,5,86.21000000000001,-0.18650000000000005,0
COC1=NNC(=O)C1=N,127.10299999999998,4,2,0,1,5,74.53999999999999,-0.9041300000000001,0
N=c1nc(N)on1C=O,128.091,6,2,1,1,6,97.9,-1.4239300000000001,0
Nc1nc(CC=O)n[nH]1,126.11899999999999,4,2,2,1,5,84.66,-0.8717000000000004,0
N=CN1NCCOC1O,131.135,4,3,1,1,5,68.58000000000001,-1.2938300000000003,1
CN=C1N=C(N)N=C1N,125.13500000000002,4,2,0,1,5,89.11999999999999,-1.2997999999999994,0
CNc1nc(OC=O)c[nH]1,141.12999999999997,4,2,3,1,5,67.01,-0.013399999999999967,0
N=CN1CC(=O)OC1=O,128.087,4,1,1,1,5,70.46000000000001,-0.42772999999999994,0
N=C1OCC(=O)C1=O,113.07199999999999,4,1,0,1,4,67.22,-0.8679300000000001,0
NN=C1C=NC(CO)=N1,126.11899999999999,4,2,1,1,5,83.33,-1.2662,0
CCc1nc(=O)nn[nH]1,126.119,4,1,1,1,5,71.53,-0.8777000000000004,0
COC1=NC(O)=NC1=N,127.103,3,2,0,1,5,78.03,-0.06383000000000016,0
CN=C1N=NNC1=N,111.10799999999999,3,2,0,1,5,72.96000000000001,-0.03762999999999994,0
CN=c1nncc(N)[nH]1,125.13499999999999,4,2,0,1,5,79.94999999999999,-1.0826,0
Cc1nc(CN)nn1N,127.15100000000002,5,2,1,1,5,82.75,-1.2409799999999995,0
O=c1[nH]ncn1CCO,129.119,4,2,2,1,5,70.91,-1.4363000000000004,0
CN=C1ON=C1C=N,111.10399999999998,4,1,1,1,4,57.800000000000004,0.05047000000000007,0
N=C(N)Oc1cnoc1,127.10299999999998,4,2,1,1,5,85.13000000000001,-0.05312999999999962,0
CNC(=O)C1=NN=C1O,127.103,3,2,1,1,5,74.05,-0.9415000000000002,0
CNC(=O)c1ncn[nH]1,126.119,3,2,1,1,5,70.67,-0.8357000000000003,0
CNc1nncc(N)n1,125.135,5,2,1,1,5,76.72,-0.5045000000000002,0
Cc1nc(N)noc1=N,126.119,5,2,0,1,5,88.78999999999999,-0.5603100000000001,0
N=C1N=C(C(=N)N)O1,112.092,3,3,1,1,5,95.31,-0.7141600000000001,0
N=C1COC(=N)CO1,114.104,4,2,0,1,4,66.16,-0.012260000000000104,0
CC(=O)n1ncnc1N,126.119,5,1,0,1,5,73.8,-0.47959999999999997,0
N=CC1N=COC(=O)N1,127.10299999999998,4,2,1,1,5,74.53999999999999,-0.26982999999999996,1
N=C(N)OC1CC(=O)N1,129.119,3,3,1,1,5,88.20000000000002,-1.2575299999999998,1
N#CCC1=NNC1=N,108.104,3,2,1,1,4,72.03,-0.16344999999999998,0
Nn1c(C=O)c[nH]c1=O,127.10299999999998,4,2,1,1,5,80.88,-1.2973000000000003,0
NC1=NN=CC1=NCO,126.11899999999999,5,2,1,1,5,83.33,-1.2662000000000002,0
N=C1NCC(=O)C(=O)O1,128.087,4,2,0,1,5,79.25000000000001,-1.36333,0
CN=C1C=NN=C1N,110.12,4,1,0,1,4,63.099999999999994,-0.5862,0
Cn1cnnc1C=O,111.10399999999998,4,0,1,1,4,47.78,-0.3724000000000003,0
CC(=O)n1ncc(O)n1,127.10299999999998,5,1,0,1,5,68.01,-0.3562,0
N=C1N=CNOC(=O)O1,129.075,5,2,0,1,6,83.77,-0.3791299999999999,0
N=CN1CC(=O)NCO1,129.119,3,2,1,1,5,65.42,-1.0856299999999999,0
Cn1cnc(N)nc1=O,126.119,5,1,0,1,5,73.80000000000001,-1.2425000000000004,0
COc1connc1=N,127.10300000000001,5,1,1,1,5,72.0,-0.44233000000000006,0
N#COCc1n[nH]oc1=O,141.086,5,1,2,1,6,91.91,-0.6394200000000001,0
COC1=CN=C(N)C1=O,126.115,4,1,1,1,4,64.68,-0.5859000000000001,0
Cc1n[nH]c(=O)c(N)n1,126.119,4,2,0,1,5,84.66,-0.9444800000000002,0
NC(=O)c1cnc(C=O)[nH]1,139.11399999999998,3,2,2,1,5,88.84,-0.6789000000000001,0
CN=c1nc(N)nco1,126.119,5,1,0,1,5,77.3,-0.8177000000000003,0
N=c1ncoc(N)n1,112.09200000000001,5,2,0,1,5,88.79,-0.86873,0
Cc1cnc(=N)oc1N,125.131,4,2,0,1,4,75.9,0.04468999999999984,0
N=C1N=CN=C(N)C1=O,124.103,4,2,0,1,5,91.66,-1.06813,0
COc1cnc(=O)[nH]n1,127.103,4,1,1,1,5,67.87,-0.8265000000000002,0
N=C1CNC(=N)OCCO1,143.146,4,3,0,1,5,78.19000000000001,-0.46516000000000046,0
CC(=O)c1nc(N)n[nH]1,126.11900000000001,4,2,1,1,5,84.66,-0.41050000000000025,0
CC(=O)c1n[nH]c(N)n1,126.11900000000001,4,2,1,1,5,84.66,-0.41050000000000003,0
Nc1conc(N)c1=O,127.10300000000001,5,2,0,1,5,95.13999999999999,-0.8008,0
N=C1NC(=O)C(=O)CO1,128.087,4,2,0,1,5,79.25000000000001,-1.36333,0
CC1=NC(=O)N=C1N,111.104,2,1,0,1,4,67.81,-0.061899999999999844,0
O=[N+]([O-])C1=COC1=NO,130.059,5,1,1,1,6,84.96000000000001,-0.07760000000000006,0
N=Cc1ncc(CN)[nH]1,124.147,3,3,2,1,4,78.55000000000001,-0.13393000000000022,0
CN=C1C=NC(O)=N1,111.10399999999998,2,1,0,1,4,57.31,0.013099999999999945,0
COC1=C(N)C(=O)N=C1,126.115,3,1,1,1,4,64.68,-0.5859000000000001,0
CC(=O)n1ncc(O)n1,127.10299999999998,5,1,0,1,5,68.01,-0.3562,0
N#CC1NCOC1C=O,126.11499999999998,4,1,1,1,4,62.12,-0.9766200000000003,2
CC1=NC(N)=NC1=O,111.104,3,1,0,1,4,67.81,-0.6978,0
CC(N)n1cnoc1=N,128.135,5,2,1,1,5,80.83000000000001,-0.5672300000000001,1
CC(=O)n1ncc(N)n1,126.119,5,1,0,1,5,73.8,-0.47959999999999997,0
N=C1COC(=N)NCO1,129.119,4,3,0,1,5,78.19,-0.5076600000000002,0
NC1=NN=CC1=NC=O,124.10299999999998,4,1,1,1,5,80.16999999999999,-1.0596,0
Nc1ncc(C=O)n1C=O,139.11399999999998,5,1,2,1,5,77.97999999999999,-0.6839000000000002,0
N=C1OC(=O)OC1C=O,129.07099999999997,5,1,1,1,5,76.44999999999999,-0.30203,1
O=CC1=NC(=NO)OC1,128.087,4,1,1,1,5,71.25,-0.5983,0
Cc1nnc(N)oc1=N,126.119,5,2,0,1,5,88.78999999999999,-0.5603100000000001,0
N=CN1C=C(O)OCO1,130.10299999999998,4,2,1,1,5,65.78000000000002,0.17166999999999993,0
CC(=O)c1nn[nH]c1N,126.11900000000001,4,2,1,1,5,84.66,-0.41050000000000003,0
CC1=NC(=O)C(=O)N1,112.08799999999998,2,1,0,1,4,58.53,-0.9388000000000001,0
N=C1CC(O)NC(=O)O1,130.10299999999998,4,3,0,1,5,82.41000000000001,-0.58803,1
N=C1CNC(=N)OCO1,129.119,4,3,0,1,5,78.19000000000001,-0.5076600000000004,0
COC1=NC(N)=NC1=O,127.10300000000001,4,1,0,1,5,77.03999999999999,-1.1138000000000001,0
N=CN1C=NC(C=O)N1,126.11899999999997,4,2,2,1,5,68.55,-1.0330300000000001,1
N=C1NC(=O)COC1=N,127.103,4,3,0,1,5,86.03,-0.9126600000000002,0
N=CN1CC(=O)OC1=O,128.087,4,1,1,1,5,70.46000000000001,-0.42772999999999994,0
O=C1CC(=O)NC(=O)N1,128.087,3,2,0,1,5,75.27,-1.2575,0
N=CC1=NC(N)=NC1=O,124.10300000000001,4,2,1,1,5,91.66,-1.0681300000000002,0
Cc1nonc(N)c1=N,126.119,5,2,0,1,5,88.78999999999999,-0.5603100000000001,0
N=C1C=C(F)OC1=O,115.06299999999999,3,1,0,1,4,50.15,0.37387000000000004,0
N=Cn1oc(=N)cc1N,126.119,5,3,1,1,5,91.79,-0.40206000000000003,0
CNC1=NN=CC1=N,110.11999999999999,4,2,0,1,4,60.6,-0.3765300000000002,0
CNC(=O)C1=NNC1=O,127.103,3,2,1,1,5,70.56,-1.7817999999999996,0
N=C(N)c1nc[nH]n1,111.108,3,3,1,1,5,91.44000000000001,-0.9112300000000002,0
Nc1cc(O)nc(N)n1,126.11900000000001,5,3,0,1,5,98.05,-0.6534000000000002,0
N=C1N=CC(NCO)=N1,126.119,3,3,1,1,5,80.83,-1.05653,0
N=C(O)C1=NC(N)=N1,112.09200000000001,4,3,1,1,5,94.82,-0.75153,0
N=C1OC(=O)CC(=O)O1,129.071,5,1,0,1,5,76.45,-0.58873,0
N=C1NC(=O)C(=O)O1,114.05999999999999,4,2,0,1,5,79.25000000000001,-1.4058300000000001,0
CC(=O)CC1=NN=N1,111.10400000000001,4,0,2,1,4,54.15,0.7448,0
COc1c[nH]c(=O)nn1,127.103,4,1,1,1,5,67.87,-0.8265000000000002,0
Nc1cnc(=O)n(C=O)n1,140.10199999999998,6,1,1,1,6,90.86999999999999,-1.7412,0
COC1=CC(=O)C(O)=N1,127.09899999999999,3,1,1,1,4,58.89,0.013399999999999912,0
CC(O)C1=NNC1=N,113.12,3,3,1,1,4,68.47,-0.6963300000000001,1
N=CC1=CN=C(N)C1=N,122.131,4,3,1,1,4,86.08000000000001,-0.08955999999999997,0
Nc1cnc(=O)n(O)c1,127.10299999999998,5,2,0,1,5,81.14,-0.9372,0
CC1(ON)NC(=N)C1=O,129.119,4,3,1,1,5,88.19999999999999,-1.25753,1
NC1=CC(=NCO)N=C1,125.131,3,2,1,1,4,70.97,-0.7383000000000002,0
N=Cc1nocc1N,111.104,4,2,1,1,4,75.9,0.25447000000000003,0
CC(O)C1=NC(=N)N=N1,126.11900000000001,3,2,1,1,5,81.16000000000001,0.16626999999999992,1
N=c1cc(N)n(C=O)o1,127.103,5,2,1,1,5,85.01,-0.8189300000000002,0
O=Cc1nc(CO)no1,128.087,5,1,2,1,5,76.22,-0.6256000000000002,0
N#CN1CC(=N)NC1O,126.11899999999999,4,3,0,1,5,83.14,-1.3741500000000004,1
N=CN1C=C(O)NOC1,129.11899999999997,4,3,1,1,5,68.58000000000001,-0.25533000000000006,0
N=C1OC=NC1=NCO,127.103,4,2,1,1,5,78.03,-0.6295300000000001,0
C#CCc1nc(O)n[nH]1,123.115,3,2,1,1,4,61.800000000000004,-0.314,0
COC1=NC(=N)N=C1N,126.11900000000001,3,2,0,1,5,83.82,-0.66313,0
O=C1C=NC(CO)=N1,112.088,3,1,1,1,4,62.019999999999996,-1.0118,0
N=C1NCCOC(=N)N1,128.13500000000002,3,4,0,1,5,80.99000000000001,-0.93466,0
N=C1ON=C1CC=O,112.08799999999998,4,1,2,1,4,62.51,-0.06113000000000007,0
CNC(=O)C1=NC(=O)N1,127.103,2,2,1,1,5,70.56,-1.1459000000000001,0
N=C1OC(CO)=NC1=O,128.087,4,2,1,1,5,82.74000000000001,-1.0887300000000002,0
O=CN1C(=O)NC1=O,114.05999999999999,3,1,1,1,5,66.48,-0.712,0
N#CC1=NN(C=N)CO1,124.10299999999998,4,1,1,1,5,72.47,-0.27974999999999994,0
N=c1[nH]ncnc1N,111.108,4,3,0,1,5,91.44,-1.1336300000000004,0
Cn1cc(O)c(=N)nn1,126.119,5,2,0,1,5,74.79,-0.9998300000000002,0
CNc1coc(=O)nn1,127.10300000000001,5,1,1,1,5,68.02000000000001,-0.5285000000000002,0
N=CC1OC(=N)OC1=O,128.087,5,2,1,1,5,83.22999999999999,-0.48725999999999997,1
NC1=C(O)C(=O)N=C1,112.088,3,2,0,1,4,75.68,-0.6742999999999999,0
N=C1COCC(=NO)O1,130.103,5,2,0,1,5,74.9,-0.20183000000000012,0
CN=C(N)C1=C(O)N=N1,126.11899999999999,4,2,1,1,5,83.33,0.16629999999999995,0
CNC=C1NN=NC1=O,126.119,4,2,1,1,5,65.85,-0.45580000000000015,0
NCC1=NC(=O)OCN1,129.119,4,2,1,1,5,76.71,-0.9591000000000003,0
O=C1N=C(CO)C(=O)O1,129.07099999999997,4,1,1,1,5,75.96,-0.9035,0
COC1=NC(O)=NC1=N,127.103,3,2,0,1,5,78.03,-0.06383000000000016,0
N=C1COC(=N)NCO1,129.119,4,3,0,1,5,78.19,-0.5076600000000002,0
N=C1COC(=NO)CO1,130.103,5,2,0,1,5,74.9,-0.20183000000000012,0
Cc1nnc(NC=O)nn1,139.118,5,1,2,1,6,80.66000000000001,-0.8566800000000003,0
N#CCc1n[nH]nnc1=N,136.11800000000002,5,2,1,1,6,102.1,-1.25475,0
N=C1N=C(N)OC1=N,112.092,4,3,0,1,5,95.31,-0.7141600000000001,0
N=C(O)n1cnc(=O)o1,129.075,5,2,0,1,6,92.11,-0.82283,0
Nc1cocnc1=O,112.088,4,1,0,1,4,69.12,-0.383,0
N=C1OCCNC(=O)C1=N,141.13,4,3,0,1,5,86.03,-0.8701600000000003,0
Nn1c(C=O)coc1=O,128.087,5,1,1,1,5,78.22999999999999,-1.0324000000000002,0
NC1=NC(=O)C(CO)=N1,127.10299999999998,4,2,1,1,5,88.03999999999999,-1.7253999999999996,0
N=CCn1ncnc1N,125.135,5,2,2,1,5,80.58,-0.4901300000000001,0
COC1=NNC(=O)C1=N,127.10299999999998,4,2,0,1,5,74.53999999999999,-0.9041300000000001,0
CNC1=CC(=O)N=C1,110.116,2,1,1,1,3,41.46,-0.2993000000000001,0
N=CN1NCOC1=O,115.09199999999998,4,2,1,1,5,65.42000000000002,-0.49222999999999995,0
O=CC1CNC(=O)C1O,129.11499999999998,3,2,1,1,4,66.4,-1.7078,2
COC1=NC(=N)OC1=O,128.087,4,1,0,1,5,71.74000000000001,-0.47713,0
N#CCc1noc(=N)[nH]1,124.103,4,2,1,1,5,89.46000000000001,-0.45175000000000004,0
CN=C1NN=NC1=N,111.108,3,2,0,1,5,72.96000000000001,-0.03763000000000005,0
CN=C1N=NNC1=NC,125.13499999999999,3,1,0,1,5,61.47,0.013400000000000023,0
CC1=NC(=O)C(N)=N1,111.104,3,1,0,1,4,67.81,-0.6978,0
N=C1OC(=N)C(=N)O1,113.076,5,3,0,1,5,90.01,-0.07748999999999995,0
N=C1COCOC(=O)C1,129.11499999999998,4,1,0,1,4,59.38,-0.07283000000000017,0
C#CCOC1=NN=C1N,123.11500000000001,4,1,1,1,4,59.97,-0.6795,0
N=C1N=C(O)C(C=O)=N1,125.08699999999997,2,2,1,1,5,85.86999999999999,-0.4688300000000001,0
N=c1occ(N)nc1N,126.11900000000003,5,3,0,1,5,101.92,-0.6815300000000002,0
N=C(C=NO)C1NCO1,129.119,5,3,2,1,5,77.7,-0.6304300000000003,1
CNC1=NN=C1C=O,111.10399999999998,4,1,1,1,4,53.82,-0.8272000000000002,0
N=C1OC(O)=C1C=O,113.07199999999997,4,2,1,1,4,70.38,-0.03763000000000005,0
N=C(N)N1C=NC1=NO,127.10699999999999,3,3,0,1,6,98.06,-1.0310300000000001,0
NC1=CC(=O)C(N)=N1,111.10400000000001,4,2,0,1,4,81.47,-1.2735999999999998,0
CC(=N)OC1=NNC1=O,127.103,4,2,0,1,5,74.53999999999999,-0.5565300000000002,0
N=C1COC(=N)OCO1,130.103,5,2,0,1,5,75.39,-0.08066000000000012,0
N=CN1OC=NC1C=O,127.10299999999998,4,1,2,1,5,65.75,-0.6060300000000001,1
CN=C1OC(=N)C(=N)O1,127.103,5,2,0,1,5,78.52,-0.02646000000000004,0
CN(C)n1cnc(=O)[nH]1,128.135,4,1,1,1,5,53.92,-1.231,0
COC(=O)C1=NC(N)=N1,127.10300000000002,5,1,1,1,5,77.03999999999999,-1.1138000000000003,0
Cc1nc(=N)[nH]c[n+]1[O-],126.11899999999999,3,2,0,1,5,79.47,-1.16901,0
N=CC1=NC(N)=NC1=O,124.10300000000001,4,2,1,1,5,91.66,-1.0681300000000002,0
CC(O)C1=NC(CO)=N1,128.131,4,2,2,1,4,65.18,-0.8299000000000001,1
N=C1OC(=O)C1CO,115.08799999999998,4,2,1,1,4,70.38,-0.87103,1
CN1OC(C#N)NC1=N,126.11900000000001,3,2,0,1,5,72.14,-0.7625500000000001,1
N=C1N=COC(=O)CO1,128.087,4,1,0,1,5,71.74,-0.47713000000000005,0
Nc1nc(C=O)[nH]c1O,127.10299999999997,4,3,1,1,5,92.0,-0.4900000000000001,0
CC(=O)n1[nH]nc1N,114.108,4,2,0,1,5,76.7,-0.5465000000000002,0
N=C1CNC(=N)OCO1,129.119,4,3,0,1,5,78.19000000000001,-0.5076600000000004,0
N=c1onc(CO)o1,116.07599999999998,5,2,1,1,5,83.25,-0.7606300000000001,0
N=C1OCC(=N)C(=O)O1,128.087,5,2,0,1,5,83.23,-0.48566000000000015,0
N=C1CC(=O)NC(=O)O1,128.087,4,2,0,1,5,79.25000000000001,-0.37983000000000006,0
N=C1N=C(CO)OC1=N,127.10299999999998,4,3,1,1,5,89.52000000000001,-0.6380600000000003,0
NC1=C(F)C(=O)C=N1,114.079,3,1,0,1,4,55.45,-0.26279999999999987,0
N=CN1CC(=O)OCN1,129.119,4,2,1,1,5,65.42,-1.0856300000000003,0
NC(=O)C1=NC(O)=N1,113.076,3,2,1,1,5,88.04,-1.2022000000000002,0
CN=NC1C(=O)[N+]1([O-])O,131.091,5,1,1,1,6,85.08,-0.3615000000000001,2
N=Cn1c(O)cnc1N,126.11899999999999,5,3,1,1,5,87.92,-0.37393000000000004,0
Nc1c[n+]([O-])c(N)cn1,126.119,4,2,0,1,5,91.86999999999999,-1.1206,0
CN=c1nc(N)nco1,126.119,5,1,0,1,5,77.3,-0.8177000000000003,0
N=C1NCC(C=O)CO1,128.131,3,2,1,1,4,62.18000000000001,-0.6439300000000001,1
N#CCc1nc(N)no1,124.10300000000001,5,1,1,1,5,88.73,-0.28212000000000004,0
CN=c1[nH]nc(CCO)o1,143.146,4,2,2,1,5,74.41,-0.9320000000000004,0
CN=C1N=C(N)N1C=N,125.135,3,2,1,1,5,77.83,-0.7904299999999997,0
COC(=O)C1=NC(N)=N1,127.10300000000002,5,1,1,1,5,77.03999999999999,-1.1138000000000003,0
CN(C#N)C1=NN=C1N,123.11900000000001,5,1,0,1,5,77.77,-0.91642,0
N=Cn1cc(CN)oc1=O,141.13,5,2,2,1,5,85.00999999999999,-0.6448299999999998,0
COC1=NC(N)=NC1=N,126.11900000000001,4,2,0,1,5,83.82,-0.66313,0
NC1=NC(C(=O)O)=C1,112.08799999999997,3,2,1,1,4,75.67999999999999,-0.6742999999999999,0
CNc1cnc(=O)[nH]n1,126.119,4,2,1,1,5,70.67,-0.7934000000000003,0
CC(=O)C1=NNC1=O,112.088,3,1,1,1,4,58.53,-0.9388000000000001,0
N=CNC1OCC(=O)O1,130.103,4,2,2,1,5,71.41,-0.9599300000000002,1
NC1=C(CO)C(C=O)=N1,126.11499999999998,4,2,2,1,4,75.68,-1.1975000000000002,0
Nc1nocc1C=O,112.08799999999998,4,1,1,1,4,69.12,0.06930000000000003,0
N=C1N=C(N)C(=O)N1,112.092,3,3,0,1,5,91.33000000000001,-1.5918299999999999,0
CC1=NC(=N)N=C1O,111.10399999999998,1,2,0,1,4,68.8,0.3521700000000001,0
CC(=O)C(=O)N1CO1,115.088,3,0,1,1,4,49.68,-0.6933,0
N=C1OC=NC(CN)C1=O,141.13,5,2,1,1,5,88.53,-1.0814300000000001,1
N=C1N=C(N)C(C=O)=N1,124.103,3,2,1,1,5,91.66000000000001,-1.06813,0
N=C1OCC(N)C(=O)O1,130.103,5,2,0,1,5,85.39999999999999,-1.1781300000000001,1
N=CN1CC(=O)OC1=N,127.10299999999998,4,2,1,1,5,77.24000000000001,-0.61296,0
CN=C1NN=C(CO)C1=N,140.146,4,3,1,1,5,80.83000000000001,-1.0140300000000002,0
N=c1oc(=N)oc(=N)o1,129.075,6,3,0,1,6,110.97000000000001,-1.0959900000000002,0
CNC(=O)c1cnoc1,126.11499999999998,3,1,1,1,4,55.13,0.03419999999999995,0
COC1=NC(=O)OC1=N,128.087,4,1,0,1,5,71.74000000000001,0.15877000000000002,0
N=CN=C1N=CC(O)=N1,124.10299999999998,1,2,1,1,5,81.16,-0.009630000000000083,0
N=C1COC(=O)NC=N1,127.103,3,2,0,1,5,74.53999999999999,-0.26823000000000013,0
N#CCc1noc(N)n1,124.10300000000001,5,1,1,1,5,88.73,-0.28212000000000004,0
CNC(=O)C1=NOC1=O,128.087,4,1,1,1,5,67.75999999999999,-1.3548000000000002,0
N=C1OC(N)=CC1=O,112.088,4,2,0,1,4,76.16999999999999,-0.6369300000000002,0
N=C1OCC(=O)C1=O,113.07199999999999,4,1,0,1,4,67.22,-0.8679300000000001,0
CC(=O)C1=NNC1=N,111.104,3,2,1,1,4,65.31,-0.4881300000000001,0
NC(=O)C1=NC(O)=N1,113.076,3,2,1,1,5,88.04,-1.2022000000000002,0
N=C1OC(=N)C(=O)O1,114.05999999999999,5,2,0,1,5,83.23,-0.5281600000000002,0
N=CC1=NC=NC1=NN,123.11900000000001,4,2,1,1,5,86.95,-0.60893,0
N=C1CONC(=O)CO1,130.10299999999998,4,2,0,1,5,71.41,-0.9583300000000003,0
N=C1OCCNC(=O)O1,130.103,4,2,0,1,5,71.41,-0.32243000000000016,0
N=C1C=NN=C(N)C1=O,124.103,5,2,0,1,5,91.66,-1.06813,0
COc1ncc(N)n1N,128.13500000000002,5,2,1,1,5,79.09,-0.8123000000000002,0
CC(C)Oc1nc1=O,113.116,3,0,2,1,3,39.19,0.10459999999999992,0
CN=C1C=NC(CO)=N1,125.13099999999999,3,1,1,1,4,57.31,-0.5101000000000002,0
N=CC1=C(N)C(N)=N1,110.12000000000002,4,3,1,1,4,88.25,-0.8229299999999997,0
COc1ncoc(=N)n1,127.103,5,1,1,1,5,72.0,-0.44233000000000006,0
N#CC(N)c1ncn[nH]1,123.119,4,2,1,1,5,91.38,-0.6719200000000001,1
NC(C=O)c1ncno1,127.103,5,1,2,1,5,82.01,-0.7317000000000002,1
Nc1ncc(C=O)nn1,124.103,5,1,1,1,5,81.76,-0.7337000000000002,0
COc1nc(C=N)c(O)o1,142.11399999999998,5,2,2,1,5,79.34,0.3864699999999999,0
Nc1n[nH]c(C=O)c1N,126.11899999999999,4,3,1,1,5,97.78999999999999,-0.6134000000000004,0
N=C1NC(C=O)N1C=O,127.103,3,2,2,1,5,73.26,-1.4922300000000004,1
O=CC1=NC(C=O)CO1,127.09899999999998,4,0,2,1,4,55.730000000000004,-0.8185000000000002,1
COC1=NC(CO)=NC1=O,142.114,4,1,1,1,5,71.25,-1.0377000000000003,0
CN1COC(=O)C(=N)O1,130.10299999999998,5,1,0,1,5,62.620000000000005,-0.6586300000000003,0
N=C1N=CC(N)=C1O,111.104,3,3,0,1,4,82.46000000000001,-0.22363000000000027,0
CC1C(=O)OC1CO,116.11599999999999,3,1,1,1,3,46.53,-0.45980000000000015,2
N=CNC1=CN=NC1=N,123.119,3,3,2,1,5,84.45,0.46754,0
CC1=NC(N)=NC1=O,111.104,3,1,0,1,4,67.81,-0.6978,0
CC(O)C1=C(O)N=N1,114.104,4,2,1,1,4,65.18,0.5601,1
Cc1n[nH]c(N)nc1=O,126.119,4,2,0,1,5,84.66,-0.94448,0
N=C1CC(=O)OC(=O)N1,128.087,4,2,0,1,5,79.25,-0.37983000000000006,0
NC1=NC(=O)C(O)=C1,112.08799999999997,3,2,0,1,4,75.67999999999999,-0.6742999999999999,0
CC1=NC(=O)OC1=N,112.08799999999998,3,1,0,1,4,62.51,0.57477,0
NC(=O)C1=NNC1=O,113.076,3,2,1,1,5,84.55000000000001,-2.0425,0
CN=C1N=C(N)C(=O)N1,126.119,3,2,0,1,5,79.84,-1.540799999999999,0
COc1nnc(=N)on1,128.09099999999998,6,1,1,1,6,84.89,-1.04733,0
N=C1C=C(C(N)=O)O1,112.088,3,2,1,1,4,76.17,-0.6369300000000002,0
N=C1COC(=NO)CN1,129.119,4,3,0,1,5,77.7,-0.6288300000000002,0
CN=C1ON=C1NC=O,127.10299999999998,4,1,1,1,5,63.050000000000004,-0.8956000000000002,0
COC(=O)c1cn[nH]n1,127.10300000000001,4,1,1,1,5,67.87,-0.40870000000000023,0
NC(=O)Nc1conn1,128.09099999999998,4,2,1,1,6,94.04,-0.43979999999999997,0
N=Cn1ccnc1N,110.12,4,2,1,1,4,67.69,-0.07952999999999999,0
Nc1cn([O-])c(C=O)n1,126.09499999999998,5,1,1,1,5,83.97,-0.3763000000000001,0
N=C1COC(=N)C(=O)N1,127.103,4,3,0,1,5,86.03,-0.9126600000000002,0
NC1=NC(=O)NC1=O,113.07599999999998,3,2,0,1,5,84.54999999999998,-1.4066,0
COC1=NC(=O)C(N)=N1,127.10300000000001,4,1,0,1,5,77.03999999999999,-1.1138000000000003,0
CC1=NN=C(N)C1=O,111.104,4,1,0,1,4,67.81,-0.6978,0
CNC1=NC(=O)C(=N)O1,127.10299999999998,4,2,0,1,5,74.54,-0.9041300000000001,0
N=C1NC(=O)N=C1N,112.09200000000001,3,3,0,1,5,91.33,-0.95593,0
CNC(=O)c1nc[nH]n1,126.119,3,2,1,1,5,70.67,-0.8357000000000003,0
N=C1OC(=O)C(=O)O1,115.04399999999998,5,1,0,1,5,76.45,-0.9788300000000001,0
N=C1OC(=N)C(CO)O1,130.10299999999998,5,3,1,1,5,86.39,-0.6938600000000001,1
CC1=NC(=O)OC1=N,112.08799999999998,3,1,0,1,4,62.51,0.57477,0
NC1=NC(=O)C(CO)=N1,127.10299999999998,4,2,1,1,5,88.03999999999999,-1.7253999999999996,0
N#CC(C=O)C1=NC=N1,121.099,4,0,2,1,4,65.58,-0.23452000000000006,1
N=CN1C=NC1C=O,111.10399999999997,3,1,2,1,4,56.52,-0.53763,1
Cn1c(=N)cnn1C=O,126.11899999999999,5,1,1,1,5,63.67,-1.2606300000000001,0
N=C1N=CCOC(=N)O1,127.103,4,2,0,1,5,78.52,-0.026460000000000095,0
N=CNC1OCOC1=N,129.119,4,3,2,1,5,78.19,-0.5092600000000003,1
Nc1ncc(N)c(=O)o1,127.103,5,2,0,1,5,95.14,-0.8008,0
CC1CNC(=O)OC1=N,128.131,3,2,0,1,4,62.18,0.33957000000000015,1
N=C1N=C(C=O)N=C1O,125.08699999999997,3,2,1,1,5,85.87,-0.4688299999999999,0
NC1=NC(=O)C(C=O)=N1,125.08699999999997,4,1,1,1,5,84.88,-1.5188,0
Cc1nnc(N)c(=O)o1,127.103,5,1,0,1,5,82.01,-0.6795800000000001,0
N#CCNC1=NC(=O)O1,125.08699999999999,4,1,1,1,5,74.48,-0.39421999999999996,0
N=Cn1c(=N)[nH]c[n+]1[O-],127.10699999999999,4,3,1,1,6,95.36,-1.61576,0
N=C1OC=NCNC1=O,127.103,4,2,0,1,5,74.53999999999999,-0.9041300000000003,0
N=C1C=C(N)OC1=N,111.104,4,3,0,1,4,82.95000000000002,-0.18625999999999998,0
COc1conc1N=O,128.08700000000002,5,0,2,1,5,64.69,1.0810999999999997,0
N=C1NC(=N)OC(=O)CO1,143.102,5,3,0,1,6,95.26,-0.98106,0
CN=C1OC(=O)N=C1N,127.10300000000001,4,1,0,1,5,77.03999999999999,-0.47789999999999994,0
CN=C1C=NN=C1N,110.12,4,1,0,1,4,63.099999999999994,-0.5862,0
NC1=NC=C(O)NCO1,129.119,5,3,0,1,5,79.87,-0.7647000000000002,0
N=C1OCC(=O)C(=O)O1,129.071,5,1,0,1,5,76.45,-0.9363300000000001,0
N=C1COC(C=O)CO1,129.11499999999998,4,1,1,1,4,59.379999999999995,-0.4220300000000001,1
CCc1noc(=N)nc1N,140.146,5,2,1,1,5,88.79,-0.30633000000000016,0
CC1=NC(=N)N=C1N,110.12,2,2,0,1,4,74.59,-0.24712999999999996,0
CC1(N)OC(=O)C1=N,114.10399999999998,4,2,0,1,4,76.17,-0.7621300000000002,1
Nc1cnoc(=O)c1N,127.103,5,2,0,1,5,95.14,-0.8008,0
N=C1N=CN=C(N)C1=O,124.103,4,2,0,1,5,91.66,-1.06813,0
CC(=O)C1=NC(O)=C1,111.09999999999998,3,1,1,1,3,49.66,0.42940000000000006,0
CC(=O)c1nc1=O,97.073,3,0,1,1,3,47.03,-0.4800000000000001,0
CC1=NC(=N)C(N)=N1,110.12,3,2,0,1,4,74.59,-0.24712999999999996,0
N=C1OCC1(O)C(N)=O,130.103,4,3,1,1,5,96.4,-1.78973,1
N=C1NCC(=O)C(=N)O1,127.103,4,3,0,1,5,86.03000000000002,-0.9126600000000002,0
N=CN1NCOC1=O,115.09199999999998,4,2,1,1,5,65.42000000000002,-0.49222999999999995,0
O=CNC1N=COC1=O,128.087,4,1,2,1,5,67.75999999999999,-1.3564000000000003,1
N=C1N=C(N)OC1=O,113.076,4,2,0,1,5,88.53,-1.16483,0
CNC1NC(=O)NC1=O,129.119,3,3,1,1,5,70.22999999999999,-1.6286999999999994,1
CC(=N)n1[nH]c(=O)o1,115.09199999999998,4,2,0,1,5,74.78,-0.3853299999999999,0
CN=C1N=C(N)C=C1N,124.147,3,2,0,1,4,76.75999999999999,-0.7718999999999996,0
N=Cc1cnc(N)nn1,123.11900000000001,5,2,1,1,5,88.54,-0.5485300000000002,0
CC1=C(NC=O)C(=N)N=N1,138.13,3,2,2,1,5,77.67,0.40697000000000005,0
N=C1NC(=N)OC(=O)CO1,143.102,5,3,0,1,6,95.26,-0.98106,0
CC(=O)c1cnoc1N,126.115,4,1,1,1,4,69.12,0.45940000000000014,0
N=C1OCCNC(=O)O1,130.103,4,2,0,1,5,71.41,-0.32243000000000016,0
O=c1nc(O)nco1,114.05999999999997,5,1,0,1,5,76.22,-0.8646,0
CN(C#N)c1ncn[nH]1,123.119,4,1,1,1,5,68.6,-0.2780200000000001,0
N=C1N=CC(N)=C1N,110.12000000000002,3,3,0,1,4,88.25,-0.8229300000000002,0
N=C1N=C(N)N=C1O,112.092,3,3,0,1,5,94.82000000000001,-0.7515299999999998,0
N=C1OC(=N)C(C=O)O1,128.087,5,2,1,1,5,83.23,-0.48726000000000025,1
CCc1n[nH]c(=O)n1N,128.135,4,2,1,1,5,76.7,-1.1523999999999996,0
N=CN1CC(=O)OCN1,129.119,4,2,1,1,5,65.42,-1.0856300000000003,0
CC1=NC(N)=NC1=O,111.104,3,1,0,1,4,67.81,-0.6978,0
COC1=NC(N)=NC1=O,127.10300000000001,4,1,0,1,5,77.03999999999999,-1.1138000000000001,0
N#CC1=NC(N)=NC1=O,122.087,4,1,0,1,5,91.6,-1.19412,0
CNC1NC(=N)C1=N,112.136,3,4,1,1,4,71.75999999999999,-0.8678600000000001,1
CC(=O)C1=NC(=N)N1,111.104,2,2,1,1,4,65.31,-0.4881300000000001,0
CC1=C(N)N=NC1=N,110.12,3,2,0,1,4,74.59,0.6196700000000002,0
O=CC1N=NC(=O)O1,114.05999999999999,4,0,1,1,5,68.09,0.11379999999999996,1
CC1=NC(=O)N1CO,114.10399999999998,2,1,1,1,4,52.900000000000006,-0.20979999999999993,0
N=C1N=CC(N)=C1O,111.104,3,3,0,1,4,82.46000000000001,-0.22363000000000027,0
N=C1C=NC(O)=C1N,111.104,4,3,0,1,4,82.46,-0.22362999999999988,0
N#CCC1=NC(=N)N1N,123.11900000000001,3,2,1,1,5,89.26,-0.57735,0
CN=C1NC(=N)N1C=O,126.11899999999999,3,2,1,1,5,68.55000000000001,-1.0314300000000003,0
N=c1ncc(CO)n[nH]1,126.119,4,3,1,1,5,85.65,-1.2235300000000002,0
Nc1ncoc1C=NCO,141.13,5,2,2,1,5,84.64,-0.3745000000000002,0
N=c1oc(=N)oc(=N)o1,129.075,6,3,0,1,6,110.97000000000001,-1.0959900000000002,0
N=C1N=C(O)C(C=O)=N1,125.08699999999997,2,2,1,1,5,85.86999999999999,-0.4688300000000001,0
N=C1N=C(CO)N=C1N,126.119,4,3,1,1,5,94.82,-1.2747300000000001,0
N=C1COC(=O)NCN1,129.119,3,3,0,1,5,74.21,-0.7494300000000003,0
N=c1ocnc(=O)o1,114.05999999999999,5,1,0,1,5,80.09,-0.89273,0
NC1=CC(=O)C(O)=N1,112.088,3,2,0,1,4,75.68,-0.6743000000000001,0
N=CN1C(=O)NC1=O,113.07599999999998,3,2,1,1,5,73.26,-0.26133,0
N=C(O)c1ncc(N)[nH]1,126.119,3,4,1,1,5,98.78,-0.12473000000000012,0
CC1=NC(=O)C(O)=N1,112.08799999999998,2,1,0,1,4,62.019999999999996,-0.09849999999999998,0
N=c1cc(N)oc(N)n1,126.11900000000001,5,3,0,1,5,101.92,-0.6815300000000002,0
O=Cc1c(O)cnn1O,128.087,5,2,1,1,5,75.35,-0.3615000000000001,0
N=CN1CC(=O)NC(=O)N1,142.118,3,3,1,1,6,85.29,-1.3501299999999996,0
CN=C1C=NC(N)=N1,110.12,3,1,0,1,4,63.099999999999994,-0.5862,0
CC(=O)N1C=NC1=N,111.104,2,1,0,1,4,56.52,-0.18842999999999993,0
NC(C=O)c1cnn[nH]1,126.119,4,2,2,1,5,84.66,-0.9966000000000002,1
O=CC1=NC=NC1=O,110.07199999999999,3,0,1,1,4,58.86,-0.8052000000000001,0
NC1=NC(=O)C(=O)N1,113.07599999999998,3,2,0,1,5,84.55,-2.0425000000000004,0
Nc1ocnc1C=O,112.08799999999998,4,1,1,1,4,69.12,0.06930000000000014,0
N=c1oc(=N)c1=NCO,127.103,5,3,1,1,5,93.43,-2.03536,0
N=CC1CC(=N)C(N)O1,127.147,4,3,1,1,4,82.95,-0.27056,2
COC1=NC(=N)NC1=O,127.103,3,2,0,1,5,74.53999999999999,-0.9041300000000003,0
Cc1n[nH]c(=N)c(=O)o1,127.10299999999998,4,2,0,1,5,82.74,-0.84921,0
N=C1OCC(O)C1=N,114.10399999999998,4,3,0,1,4,77.16,-0.6254600000000001,1
O=CC1CONC1=NO,130.103,4,2,1,1,5,70.92,-0.8759999999999999,1
N=C1COCOC(=O)N1,130.103,4,2,0,1,5,71.41,-0.32242999999999994,0
N#CCNC1=NC(=O)O1,125.08699999999999,4,1,1,1,5,74.48,-0.39421999999999996,0
N=CC1NOC1CO,116.11999999999999,4,3,2,1,4,65.34,-1.0997300000000003,2
Nc1nccnc1NC=O,138.13,4,2,2,1,5,80.9,-0.3729000000000002,0
CNC1=NN=CC1=N,110.11999999999999,4,2,0,1,4,60.6,-0.3765300000000002,0
N=C1NCOC(=O)C1=O,128.087,4,2,0,1,5,79.25,-1.36333,0
N=C(N)C1=NN=C1O,112.092,3,3,1,1,5,94.82000000000001,-0.7515299999999998,0
N=C1OC(=N)C(=O)O1,114.05999999999999,5,2,0,1,5,83.23,-0.5281600000000002,0
N=C1OCC(=O)OC1=N,128.087,5,2,0,1,5,83.22999999999999,-0.48566000000000015,0
N=C1CNCC(=O)CO1,128.131,4,2,0,1,4,62.18000000000001,-0.8474300000000001,0
COC1=NN=C1NC=N,126.11899999999999,4,2,1,1,5,69.83000000000001,-0.4449300000000002,0
N=C1NC(=N)OCO1,115.092,4,3,0,1,5,78.19000000000001,-0.55016,0
N=CN1C(=O)C1C=NO,127.10299999999997,4,2,2,1,5,76.52,-0.73573,1
N=Cc1cnoc(=N)n1,124.103,5,2,1,1,5,86.62,-0.45326000000000016,0
Cc1nnc(C=N)n1O,126.11899999999999,5,2,1,1,5,74.79,-0.17851000000000006,0
CC1=NN=C(N)C1=O,111.104,4,1,0,1,4,67.81,-0.6978,0
Cn1nnc(C=O)c1O,127.10299999999997,5,1,1,1,5,68.01,-0.6668000000000001,0
N=C1COC(=N)C(=O)OC1,142.11399999999998,5,2,0,1,5,83.23,-0.4431600000000002,0
N=C1NCC(=O)C(=N)O1,127.103,4,3,0,1,5,86.03000000000002,-0.9126600000000002,0
N=Cn1c(N)nncc1=N,138.13400000000001,6,3,1,1,6,104.43,-1.20506,0
NC1=CC(=O)C(N)=N1,111.10400000000001,4,2,0,1,4,81.47,-1.2735999999999998,0
N=COc1cc(N)co1,126.11499999999998,4,2,2,1,4,72.24,0.8476700000000001,0
N=C1OCC(O)C(=N)O1,130.10299999999998,5,3,0,1,5,86.39,-0.6938600000000001,1
Cn1nnc(C=N)c1N,125.13499999999999,5,2,1,1,5,80.58,-0.60503,0
O=C1CN=COC=NO1,128.087,5,0,0,1,5,60.25,-0.4686000000000001,0
COc1onnc1C=N,127.103,5,1,2,1,5,72.0,0.07586999999999994,0
NCC1=NC=NC1=O,111.10399999999998,3,1,1,1,4,67.81,-1.0454,0
COC1=NN=C(N)C1=N,126.119,5,2,0,1,5,83.82,-0.66313,0
CN=C1OC(=O)OC1=O,129.071,5,0,0,1,5,64.96000000000001,-0.29190000000000005,0
N=CN1C(=N)OCC1=O,127.10299999999998,4,2,1,1,5,77.24000000000001,-0.6129600000000002,0
Nc1nc(C=O)c(O)[nH]1,127.10299999999997,4,3,1,1,5,92.0,-0.49000000000000016,0
N#Cn1cnc(N)n1,109.09200000000001,5,1,0,1,5,80.52,-0.8105200000000001,0
Cc1cnnc(NCO)n1,140.146,5,2,2,1,5,70.93,-0.45828000000000013,0
N=C1C=NC(N)=NC1=O,124.10300000000001,4,2,0,1,5,91.66,-1.0681300000000002,0
N=C1C(=O)N=COC1N,127.103,4,2,0,1,5,88.53,-1.12393,1
Nc1cc(NC=O)no1,127.103,4,2,2,1,5,81.14999999999999,-0.17490000000000022,0
COC1=NC(N)=NC1=N,126.11900000000001,4,2,0,1,5,83.82,-0.66313,0
CC(=O)C1=NNC1=N,111.104,3,2,1,1,4,65.31,-0.4881300000000001,0
N=C1C=NOC1=NCO,127.103,5,2,1,1,5,78.03,-0.6295300000000001,0
CC(=O)[N+]1([O-])COC1,117.104,3,0,0,1,4,49.36,-0.20730000000000004,0
Cc1nc(NC#N)no1,124.103,5,1,1,1,5,74.74000000000001,0.2709999999999999,0
CNC1OC(=N)OC1C=N,143.14600000000002,5,3,2,1,5,78.19,-0.46836000000000005,2
N=Cc1cnoc(=O)n1,125.08699999999999,5,1,1,1,5,79.84,-0.5725300000000002,0
N=C1OC(N)=NC1=O,113.07600000000001,4,2,0,1,5,88.53,-1.1648300000000003,0
NC1=NC(=C=O)NN=N1,125.091,6,2,0,1,6,92.19999999999999,-1.0554999999999999,0
NCC1C(=O)NC1=O,114.10399999999998,3,2,1,1,4,72.19,-1.7823000000000004,0
CNc1c[nH]c(=O)nn1,126.119,4,2,1,1,5,70.67,-0.7934000000000003,0
CC1(C(N)=O)NC1=O,114.10399999999998,2,2,1,1,4,82.1,-1.6398000000000001,1
N=NC1C=CNC(=O)O1,127.103,4,2,1,1,5,74.54,0.59697,1
CN=COc1c[nH]nc1N,140.146,4,2,2,1,5,76.28999999999999,0.02879999999999988,0
CC1=C(N)C(=N)N=N1,110.12,3,2,0,1,4,74.59,0.6196700000000002,0
NC(=O)c1cn[nH][n+]1[O-],128.091,3,2,1,1,6,98.71000000000001,-1.8579999999999997,0
COc1cnoc(=O)c1N,142.11399999999998,5,1,1,1,5,78.35000000000001,-0.3744,0
N=C1CCNCN=CO1,127.14699999999998,4,2,0,1,4,57.47,-0.04063000000000011,0
N=C(O)C1=NC=NC1=N,124.103,3,3,1,1,5,92.65,-0.018159999999999954,0
CNC(=O)c1cn[nH]n1,126.119,3,2,1,1,5,70.67,-0.8357000000000003,0
O=Cc1nc(CO)no1,128.087,5,1,2,1,5,76.22,-0.6256000000000002,0
Cn1nncc1NC=O,126.11899999999997,4,1,2,1,5,59.81,-0.6166000000000003,0
N=C1COCNC(=O)N1,129.119,3,3,0,1,5,74.21,-0.7494300000000003,0
Cn1nc(CCO)c(=O)o1,144.13,5,1,2,1,5,68.25999999999999,-1.0919,0
CC(O)C1ON=NC1=N,129.11900000000003,4,2,1,1,5,78.03,0.11046999999999996,2
N=CC1(N)COC(O)=N1,129.11899999999997,4,3,1,1,5,91.69000000000001,-0.7648299999999997,1
N=C1C=C(O)N=C1N,111.104,4,3,0,1,4,82.46,-0.22362999999999988,0
N=C1N=COC(=O)CN1,127.103,3,2,0,1,5,74.53999999999999,-0.9041300000000001,0
N=CC1=NC(=N)C(=O)N1,124.103,3,3,1,1,5,89.16,-0.8584600000000002,0
NC1=NC(=O)C(C=O)=N1,125.08699999999997,4,1,1,1,5,84.88,-1.5188,0
Nc1nc(C=O)oc1N,127.10299999999998,5,2,1,1,5,95.14,-0.3485,0
NC1=NC(CO)=NC1=O,127.10299999999998,4,2,1,1,5,88.03999999999999,-1.7254,0
N=C1NC=CN(C=O)O1,127.103,3,2,1,1,5,65.42,-0.6144300000000003,0
NC(=O)C1=NC(O)=N1,113.076,3,2,1,1,5,88.04,-1.2022000000000002,0
N=C1OC=NCOC1=N,127.103,5,2,0,1,5,78.52000000000001,-0.026460000000000095,0
O=CC(=O)C1COCN1,129.115,4,1,2,1,4,55.400000000000006,-1.2996999999999996,1
CC1NCC(=O)OC1=O,129.11499999999998,4,1,0,1,4,55.4,-0.9521000000000002,1
N=C1C=NC(=N)N1CO,126.119,3,3,1,1,5,83.53,-0.76536,0
N=CN1COC(=O)C1N,129.11899999999997,4,2,1,1,5,79.41000000000001,-1.30543,1
N=CC1=NC(N)=NC1=O,124.10300000000001,4,2,1,1,5,91.66,-1.0681300000000002,0
CN=C1NC(=O)OCO1,130.10299999999998,4,1,0,1,5,59.92,-0.31390000000000007,0
N=C1CC(O)C(=O)O1,115.08799999999998,4,2,0,1,4,70.38,-0.7285300000000001,1
N#CC1(N)C=NC1=N,108.10399999999998,3,2,0,1,4,86.02000000000001,-0.73085,1
NC1=C(N)C(=O)N=C1,111.10399999999998,3,2,0,1,4,81.47,-1.2736000000000003,0
NC(C=O)OC1=NCN1,129.119,5,2,2,1,5,76.71000000000001,-1.5966,1
CN(C#N)c1conn1,124.103,5,0,1,1,5,65.95,-0.01312000000000002,0
N=C1N=CC(C(N)=O)=N1,124.10300000000001,2,2,1,1,5,91.66000000000001,-1.06813,0
Cc1nc(=N)[nH]c(=N)o1,126.11899999999999,4,3,0,1,5,89.52,-0.72994,0
N=C1COC(=N)OCO1,130.103,5,2,0,1,5,75.39,-0.08066000000000012,0
N=CCN1C(=O)N1C=N,126.11899999999999,3,2,3,1,5,70.78999999999999,-0.10436000000000017,0
CN=C1C=NC(=N)N=C1,122.13099999999999,2,1,0,1,4,60.93,0.14716999999999997,0
N=C1CONC(=O)CO1,130.10299999999998,4,2,0,1,5,71.41,-0.9583300000000003,0
COc1n[nH]c(C#N)c1O,139.114,4,2,1,1,5,81.92999999999999,-0.0044200000000000905,0
Cn1cnnc1C=N,110.11999999999999,4,1,1,1,4,54.56,-0.18723000000000017,0
N=C1NC(=N)C(C=O)O1,127.10299999999998,4,3,1,1,5,86.03000000000002,-0.9142600000000001,1
N=C1CNC(C=O)NCO1,143.146,5,3,1,1,5,74.21000000000001,-1.34443,1
NC1=C(N)C(C=O)=N1,111.10399999999998,4,2,1,1,4,81.47,-1.2735999999999998,0
NC1=NC(=O)N=C1N,112.092,3,2,0,1,5,93.83,-1.1656,0
CN=C1N=COC1=O,112.08799999999998,3,0,0,1,4,51.02,-0.4001999999999999,0
CC(=O)C1=NC(=O)O1,113.07199999999999,3,0,1,1,4,55.730000000000004,0.12410000000000004,0
N=COC1CNC(=N)CO1,143.14600000000002,4,3,2,1,5,78.19000000000001,-0.4667600000000003,1
N=C1COC(=O)OC=N1,128.087,4,1,0,1,5,71.74,0.1587699999999999,0
N=C1CN=NCC1=O,111.10399999999998,4,1,0,1,4,65.64,0.041069999999999995,0
CN=C1N=C(N)C(=O)O1,127.103,4,1,0,1,5,77.04,-1.1138,0
Cc1n[nH]c(=N)n1C=O,126.11899999999999,4,2,1,1,5,74.53,-0.9626100000000002,0
NCN1C(=O)OC1C=O,130.10299999999998,4,1,2,1,5,72.63,-1.1202,1
COC1=NC(=O)N=C1N,127.10300000000001,3,1,0,1,5,77.03999999999999,-0.47789999999999994,0
CC(=O)n1cnc(N)n1,126.11900000000001,5,1,0,1,5,73.8,-0.47959999999999997,0
N#CCC1=NC(=N)N=N1,121.10300000000001,3,1,1,1,5,84.72,0.69915,0
N=COc1cnc(C=O)[nH]1,139.11399999999998,4,2,3,1,5,78.83,0.20806999999999987,0
N=CN1C(=O)NC1=O,113.07599999999998,3,2,1,1,5,73.26,-0.26133,0
N=C1NCOC(=O)C1C=O,142.11399999999998,4,2,1,1,5,79.25,-1.11733,1
N#CC(=N)c1conn1,122.08699999999999,5,1,1,1,5,86.56,-0.038949999999999985,0
N=CC(N)C1=CC(=O)N1,125.13099999999999,3,3,2,1,4,78.97,-1.02303,1
N=CN1CC(=O)OC1=N,127.10299999999998,4,2,1,1,5,77.24000000000001,-0.61296,0
COC1=NC(NC#N)=N1,124.10300000000001,5,1,0,1,5,69.77,-0.5709200000000001,0
N=c1oc(CO)ncc1N,141.12999999999997,5,3,1,1,5,96.13,-0.7714300000000003,0
N#COCC1=NC=C1N,123.11500000000001,4,1,2,1,4,71.39999999999999,-0.2612199999999999,0
O=Cc1cn[nH]c(=O)n1,125.08699999999999,4,1,1,1,5,75.71000000000001,-1.0226,0
Cc1nc(O)nc(=O)[nH]1,127.10299999999998,4,2,0,1,5,78.87,-0.8210800000000003,0
N=Cc1noc(C=O)n1,125.08699999999999,5,1,2,1,5,79.84,-0.12023,0
N=C1OC(O)=C1NC=O,128.087,4,3,2,1,5,82.41,-0.5330300000000001,0
NC1=NC(C(=O)CO)=N1,127.10299999999998,5,2,2,1,5,88.03999999999999,-1.7253999999999996,0
CN=C1OCOC(=N)CO1,144.13,5,1,0,1,5,63.900000000000006,-0.02962999999999999,0
COC1=NN=C1NC=N,126.11899999999999,4,2,1,1,5,69.83000000000001,-0.4449300000000002,0
N=c1nc1C(N)C=O,111.10399999999998,4,2,2,1,4,79.83000000000001,-1.36463,1
CNC1=NN=C(N)C1=N,125.135,5,3,0,1,5,86.62,-1.0901299999999996,0
N=C1CNC(=N)OCO1,129.119,4,3,0,1,5,78.19000000000001,-0.5076600000000004,0
N=CN1CC(=O)OCN1,129.119,4,2,1,1,5,65.42,-1.0856300000000003,0
N=Cc1ncc(N)oc1=N,138.13,5,3,1,1,5,99.75,-0.26605999999999985,0
N=C1OC=NC(=O)CO1,128.087,4,1,0,1,5,71.74,-0.47713000000000005,0
N=Cn1c(N)nnc1C=O,139.118,6,2,2,1,6,97.65,-0.8720300000000001,0
N=CN1COCNC1=O,129.119,3,2,1,1,5,65.42000000000002,-0.4497299999999999,0
N=C1NC(=O)C(=N)CO1,127.103,4,3,0,1,5,86.03000000000002,-0.9126600000000002,0
NC1=NC(C=NCO)=N1,126.11899999999999,5,2,2,1,5,83.33,-1.2662,0
N=C1NCNC(=O)CO1,129.119,3,3,0,1,5,74.21000000000001,-1.3853300000000002,0
Nc1conc1NC=O,127.103,4,2,2,1,5,81.15,-0.1749,0
N=C1CN=NC(C=O)O1,127.10299999999997,5,1,1,1,5,74.87,-0.028930000000000122,1
Cc1nc(C=O)nc(=N)o1,139.11399999999998,5,1,1,1,5,79.84,-0.33000999999999986,0
CC(O)C1=NOC1=N,114.104,4,2,1,1,4,65.67000000000002,-0.26933000000000007,1
O=CC1=NC(CO)=[N+]1[O-],128.087,4,1,2,1,5,75.72999999999999,-1.5014999999999998,0
N=COc1ncc(O)nn1,140.10199999999998,6,2,2,1,6,91.98,-0.43693000000000015,0
Nc1ncc(N)c(=O)o1,127.103,5,2,0,1,5,95.14,-0.8008,0
N=C1NC(=O)C(=O)O1,114.05999999999999,4,2,0,1,5,79.25000000000001,-1.4058300000000001,0
N=C1OC(=O)NCC1=O,128.087,4,2,0,1,5,79.25,-0.7274300000000002,0
CC(=N)n1ncc(=O)o1,127.10299999999998,5,1,0,1,5,71.88,-0.31842999999999994,0
N=C1ONC=C(C=O)O1,128.087,5,2,1,1,5,71.41,-0.48713000000000006,0
NC1=NC(=O)N=C1C=O,125.08699999999997,3,1,1,1,5,84.88,-0.8829,0
Nc1oncc1C=O,112.08799999999998,4,1,1,1,4,69.12,0.06930000000000003,0
Nc1c[nH]c(=O)n1CO,129.11900000000003,4,3,1,1,5,84.04,-1.2916,0
N=C1COC(=N)OCO1,130.103,5,2,0,1,5,75.39,-0.08066000000000012,0
Cn1cnnc1NC=N,125.13499999999999,4,2,2,1,5,66.59,-0.16593000000000052,0
O=Cc1ncc(=O)[nH]n1,125.08699999999999,4,1,1,1,5,75.71000000000001,-1.0226000000000002,0
N=c1[nH]c(=N)oc(=O)o1,129.075,5,3,0,1,6,106.83999999999999,-1.4801600000000006,0
N=Cn1oc(=O)[nH]c1=N,128.091,5,3,1,1,6,98.63,-1.2959600000000002,0
Cc1nc(NC=O)no1,127.10299999999998,4,1,2,1,5,68.02000000000001,-0.053680000000000117,0
COc1nn[nH]c1C=N,126.11899999999999,4,2,2,1,5,74.65,-0.1890300000000002,0
N=CNC1OCNC1C=N,142.162,4,4,3,1,5,80.99000000000001,-0.8953599999999995,2
N=C1OC(CO)C1=NO,130.103,5,3,1,1,5,85.9,-0.8150300000000004,1
CNC1=CN=NC1=O,111.104,3,1,1,1,4,53.82,0.03959999999999991,0
N=C1NC(=O)C(=N)O1,113.076,4,3,0,1,5,86.03000000000002,-0.9551600000000002,0
CN=C1N=CC(=O)O1,112.08799999999998,3,0,0,1,4,51.019999999999996,-0.4001999999999999,0
N=c1cc(N)n(C=O)[nH]1,126.119,4,3,1,1,5,87.66,-1.0838300000000003,0
N=C1NC(=O)C(=N)O1,113.076,4,3,0,1,5,86.03000000000002,-0.9551600000000002,0
N=CN1C(C=O)N1C=O,127.10299999999998,3,1,3,1,5,64.00999999999999,-1.19253,1
COC1=NN=C1NC=O,127.10299999999998,4,1,1,1,5,63.050000000000004,-0.8956000000000002,0
N=C1OC(=O)N1CO,116.076,4,2,1,1,5,73.62,-0.67683,0
CC(O)c1cn[nH]n1,113.12,3,2,1,1,4,61.800000000000004,-0.14200000000000002,1
C#CCn1cnc(O)n1,123.11499999999998,4,1,1,1,4,50.94,-0.38310000000000016,0
N=C1N=C(N)N=C1C=O,124.103,4,2,1,1,5,91.66,-1.06813,0
CC(=O)C1=NC(O)=N1,112.088,3,1,1,1,4,62.019999999999996,-0.09849999999999998,0
N=C1OCC(C(=N)O)CO1,144.12999999999997,4,3,1,1,5,86.39,0.11943999999999999,0
O=C1CN=NCC1O,114.10399999999998,4,1,0,1,4,62.019999999999996,-0.6177999999999999,1
N#CCN=C1N=C(O)N1,124.10299999999998,2,2,1,1,5,80.77,-0.6168200000000001,0
NC1=NC(=O)N=C1CO,127.10299999999998,3,2,1,1,5,88.04,-1.0895000000000001,0
Nc1nc(OC=O)co1,128.08699999999996,5,1,2,1,5,78.35000000000001,-0.20800000000000013,0
CC(=O)n1cnnc1O,127.103,5,1,0,1,5,68.01,-0.3562,0
CNC(=O)C1=NN=C1O,127.103,3,2,1,1,5,74.05,-0.9415000000000002,0
N=CN1OC(C=O)NC1=N,142.118,4,3,2,1,6,89.27000000000001,-1.1099599999999998,1
CN=C1N=C(N)C=[N+]1[O-],126.119,3,1,0,1,5,76.80999999999999,-1.0758999999999999,0
N=CNc1ncoc1N,126.119,4,3,2,1,5,87.93,0.27577,0
O=Cc1n[nH]c(C=O)n1,125.08699999999997,4,1,2,1,5,75.71000000000001,-0.5703,0
N=C1COC(=N)OCN1,129.119,4,3,0,1,5,78.19,-0.5076600000000002,0
CC(=NO)C1=NC(=N)O1,127.103,4,2,1,1,5,78.03000000000002,0.19996999999999998,0
N#CCNN1C=NC1=N,123.11899999999999,3,2,2,1,5,75.27000000000001,-0.7067500000000002,0
N=Cc1nn[nH]c1C=O,124.10299999999998,4,2,2,1,5,82.49000000000001,-0.38513,0
N=CN1COC(=O)CO1,130.10299999999998,4,1,1,1,5,62.620000000000005,-0.6586300000000003,0
N=C1N=CN=C1C=O,109.08799999999998,3,1,1,1,4,65.64,-0.35453,0
CNc1n[nH]c(C=O)n1,126.11899999999999,4,2,2,1,5,70.67,-0.3411000000000001,0
O=CNc1c[nH]nc1O,127.10299999999998,3,3,2,1,5,78.01,-0.31640000000000007,0
CN=C1OC(=N)OC1=N,127.103,5,2,0,1,5,78.52000000000001,-0.02646000000000004,0
O=Cc1nnc(CO)[nH]1,127.10299999999998,4,2,2,1,5,78.87,-0.8905000000000001,0
N=C1N=CNC(=O)CO1,127.10299999999998,3,2,0,1,5,74.54,-0.9041300000000001,0
CC(=O)C1=NC(=N)O1,112.088,3,1,1,1,4,62.510000000000005,-0.06112999999999996,0
CC(O)C1=C(O)N=N1,114.104,4,2,1,1,4,65.18,0.5601,1
N=C1N=C(N)N=C1C=O,124.103,4,2,1,1,5,91.66,-1.06813,0
NC1=C(N)C(=O)N=C1,111.10399999999998,3,2,0,1,4,81.47,-1.2736000000000003,0
N=C1N=C(C=O)N=C1CO,139.114,4,2,2,1,5,85.87,-0.99203,0
N=C1N=CN=CN=CN1,123.11899999999999,3,2,0,1,5,72.96,-0.3907300000000002,0
N=C1N=COC(=O)CN1,127.103,3,2,0,1,5,74.53999999999999,-0.9041300000000001,0
N=C1N=C(CO)C(=O)N1,127.10299999999998,3,3,1,1,5,85.53999999999999,-1.5157300000000002,0
N=C(N)c1cnc(C=O)[nH]1,138.13,3,3,2,1,5,95.62,-0.4937299999999997,0
Nc1nc(=O)c(CO)co1,142.11399999999998,5,2,1,1,5,89.35,-0.8907,0
CC(=O)NC1=NN=C1N,126.11900000000001,4,2,0,1,5,79.84,-1.1931999999999996,0
NC1(C=O)COC(=O)O1,131.087,5,1,1,1,5,78.62000000000002,-0.9929000000000001,1
CN=C1N=CC(N)=[N+]1[O-],126.119,3,1,0,1,5,76.80999999999999,-1.0758999999999999,0
CN1CC(=O)OC(=N)O1,130.10299999999998,5,1,0,1,5,62.620000000000005,-0.6586300000000003,0
N=C1N=C(N)N=C1C=O,124.103,4,2,1,1,5,91.66,-1.06813,0
N=CC1=NC(=O)N1CO,127.103,3,2,2,1,5,76.75,-0.58013,0
Cc1nnc(C=N)n1O,126.11899999999999,5,2,1,1,5,74.79,-0.17851000000000006,0
NC1=CC(=O)C(=O)O1,113.07199999999999,4,1,0,1,4,69.39,-1.0876000000000001,0
O=CNC1=NC=NC1=O,125.08699999999999,3,1,1,1,5,70.89,-1.3006000000000002,0
CN=C1C=C(N)C(=N)O1,125.131,4,2,0,1,4,71.46,-0.13522999999999985,0
N=CC1OC(=O)N1CO,130.103,4,2,2,1,5,73.62,-0.6359300000000001,1
N=C1OCC(N)(C=O)O1,130.103,5,2,1,1,5,85.39999999999999,-1.1781300000000001,1
N=C1OCC(=O)C(=N)O1,128.087,5,2,0,1,5,83.23,-0.48566000000000015,0
CN=C1C=NN=C1N,110.12,4,1,0,1,4,63.099999999999994,-0.5862,0
N=C1C=NC(N)=C1CO,125.131,4,3,1,1,4,82.46000000000001,-0.7468300000000003,0
N=C1COC(=N)NCN1,128.13500000000002,3,4,0,1,5,80.99,-0.93466,0
Nc1ncnc(C=O)n1,124.10299999999998,5,1,1,1,5,81.76,-0.7337,0
Cc1nc(O)[nH]c(=N)n1,126.11899999999999,4,3,0,1,5,85.65,-0.7018100000000003,0
N=C1CC(=N)C(O)CO1,128.13099999999997,4,3,0,1,4,77.16000000000001,-0.23536000000000012,1
N=C1CNC(=O)C(=N)O1,127.10299999999998,4,3,0,1,5,86.03000000000002,-0.9126600000000002,0
N=C1NCCC(=NO)O1,129.119,4,3,0,1,5,77.7,-0.28123000000000026,0
C#Cc1nnc(N)n1N,123.11900000000001,5,2,0,1,5,82.75,-1.4446000000000003,0
N=c1nc(C=O)nc[nH]1,124.10299999999998,4,2,1,1,5,82.49000000000001,-0.9033300000000004,0
N=c1ccoc(=O)[nH]1,112.088,3,2,0,1,4,69.85,-0.55263,0
N=C1ON=C(CO)C1=N,127.10299999999998,5,3,1,1,5,89.52000000000001,-0.6380600000000003,0
N=Cn1cc(O)c(=O)[nH]1,127.10299999999998,4,3,1,1,5,81.87,-0.6628300000000003,0
Cc1nc(C=N)c(O)o1,126.11499999999997,4,2,1,1,4,70.11,0.6862899999999998,0
N#COCc1n[nH]cc1N,138.13,4,2,2,1,5,87.72,-0.010419999999999985,0
CC1(O)ONC(=N)O1,118.092,4,3,0,1,5,74.57000000000001,-0.8614300000000001,1
O=Cn1[nH]c(=O)nc1CO,143.102,5,2,2,1,6,87.98,-1.8979999999999997,0
N=C1C=NC(O)C1=NO,127.10299999999998,5,3,0,1,5,89.03,-0.7608300000000003,1
COC1=NC(N)=C1C=O,126.115,4,1,1,1,4,64.68,-0.5859000000000001,0
CC1(O)OC(=O)C1=N,115.088,4,2,0,1,4,70.38,-0.7285300000000003,1
Cc1n[nH]c(=O)nc1N,126.119,4,2,0,1,5,84.66,-0.9444800000000002,0
N#CCC1=NC(CO)=N1,123.115,4,1,2,1,4,68.74,-0.29702,0
O=C1C=NCC(=O)NCN1,141.13,3,2,0,1,5,70.56,-1.7392999999999994,0
N=C1NC(C=O)NC1=O,127.103,3,3,1,1,5,82.05000000000001,-1.7919299999999998,1
NCC1=C(C=O)OCN1,128.13099999999997,4,2,2,1,4,64.35000000000001,-1.0671000000000002,0
COc1cn[nH]c(=O)n1,127.103,4,1,1,1,5,67.87,-0.8265,0
N=C1OC(=O)NCC1=O,128.087,4,2,0,1,5,79.25,-0.7274300000000002,0
N=C1CNC(=N)OCO1,129.119,4,3,0,1,5,78.19000000000001,-0.5076600000000004,0
N=CN1CCOC(=O)O1,130.10299999999998,4,1,1,1,5,62.620000000000005,-0.02273000000000014,0
N=C1N=C(O)C(=N)N1,112.09199999999998,2,4,0,1,5,92.32,-0.5418600000000002,0
N=C1N=C(N)C(C=O)=N1,124.103,3,2,1,1,5,91.66000000000001,-1.06813,0
N=Cc1cnc(=N)[nH]n1,123.119,4,3,1,1,5,89.27,-0.7181600000000001,0
N=C(O)c1cnon1,113.076,4,2,1,1,5,83.0,-0.04703000000000013,0
Nc1ncc(=O)[nH]c1N,126.119,4,3,0,1,5,97.78999999999999,-1.0657000000000003,0
COC1=NC(=N)N=C1C=N,138.13,3,2,1,1,5,81.65,0.07023999999999997,0
N=C1NCOC1=NC=O,127.103,3,2,1,1,5,74.53999999999999,-0.9041300000000001,0
N=C1OCC(=O)OC1=N,128.087,5,2,0,1,5,83.22999999999999,-0.48566000000000015,0
N=C1CNC(=O)OC1=O,128.087,4,2,0,1,5,79.25,-0.7274300000000002,0
CN=C1NC(=N)OC1=O,127.10299999999998,4,2,0,1,5,74.53999999999999,-0.9041300000000003,0
Nc1nn[nH]c1C=O,112.09199999999997,4,2,1,1,5,84.66,-0.8006000000000004,0
N=C1OCOC(=O)C(=N)O1,144.08599999999998,6,2,0,1,6,92.46000000000001,-0.5540600000000002,0
CNC1=NC(=O)N=C1N,126.119,3,2,0,1,5,79.84,-0.9049,0
Cc1noc(=O)nc1N,127.10300000000001,5,1,0,1,5,82.01,-0.6795800000000001,0
N=C1C=NC(CO)=C1O,126.11499999999998,4,3,1,1,4,76.67,-0.14752999999999994,0
O=CC1=NC(=O)OC1=O,127.05499999999998,4,0,1,1,5,72.80000000000001,-0.6969000000000001,0
N=C1NC(=O)C(=N)O1,113.076,4,3,0,1,5,86.03000000000002,-0.9551600000000002,0
N=C1N=CC(N)=C1N,110.12000000000002,3,3,0,1,4,88.25,-0.8229300000000002,0
N=C1OC(=O)OC1=NO,130.059,6,2,0,1,6,91.97,-0.08182999999999996,0
N=C1COCNC(=O)O1,130.103,4,2,0,1,5,71.41,-0.32243000000000016,0
CN=C1N=C(N)C(=O)O1,127.103,4,1,0,1,5,77.04,-1.1138,0
C#CC(=N)n1nc(O)[nH]1,124.103,4,3,0,1,5,77.69,-0.6246300000000002,0
Nc1nncc(=O)n1CO,142.118,6,2,1,1,6,94.03000000000002,-1.8297,0
N=C1N=CC(O)=NCO1,127.103,3,2,0,1,5,78.03,-0.06383000000000011,0
N=CN1NCCOC1=O,129.119,4,2,1,1,5,65.42000000000002,-0.44972999999999996,0
CC1=NC(=N)N=C1N,110.12,2,2,0,1,4,74.59,-0.24712999999999996,0
COC1=NN=C1CO,114.10399999999998,4,1,1,1,4,54.18000000000001,-0.6068,0
NC(=O)C1=NC(=O)C=N1,125.08699999999999,3,1,1,1,5,84.88000000000001,-1.5188,0
N=C1N=CC(N)=C1N,110.12000000000002,3,3,0,1,4,88.25,-0.8229300000000002,0
N=C1OCC(=O)OC1=N,128.087,5,2,0,1,5,83.22999999999999,-0.48566000000000015,0
COc1[nH]c(=O)cnc1N,141.12999999999997,4,2,1,1,5,81.0,-0.6393,0
CNC(=O)c1nccn1N,140.146,4,2,1,1,5,72.94,-1.0434999999999997,0
CN=C1N=CC(N)=N1,110.12,2,1,0,1,4,63.099999999999994,-0.5862,0
N=C1NC(C=O)OC1=O,128.087,4,2,1,1,5,79.25,-1.3649300000000002,1
N=C1CNC(C=O)=NO1,127.10299999999998,5,2,1,1,5,74.54,-0.9041300000000003,0
Nc1ncc(N)c(=O)o1,127.103,5,2,0,1,5,95.14,-0.8008,0
N=C1C=NC(N)=C1N,110.12000000000002,4,3,0,1,4,88.25,-0.8229300000000002,0
NC1=NC(=O)N=C1O,113.07599999999998,2,2,0,1,5,88.04,-0.5663,0
COC(=N)C1=NOC1=O,128.087,5,1,1,1,5,71.74000000000001,-0.47713,0
N=C(N)C1=C(O)OC1=O,128.087,4,3,1,1,5,96.4,-0.7512299999999998,0
CC(=O)n1nc(O)[nH]1,115.09199999999998,4,2,0,1,5,70.91,-0.4231000000000002,0
COc1cnn[nH]c1=O,127.103,4,1,1,1,5,67.87,-0.8265,0
N=CN1OCNC(=N)C1=O,142.118,4,3,1,1,6,89.27000000000001,-1.10836,0
N=CN1C=NC(=O)NC1,126.11899999999999,2,2,1,1,5,68.55,-0.39553000000000016,0
N=C1N=C(C=O)N=C1O,125.08699999999997,3,2,1,1,5,85.87,-0.4688299999999999,0
NC1=NC=NC1=NC=O,124.10299999999998,3,1,1,1,5,80.16999999999999,-1.0596,0
Cn1cn[nH]c1=NC=O,126.11899999999999,3,1,1,1,5,63.04,-1.1947000000000003,0
N=C1OCOCOC1=N,130.103,5,2,0,1,5,75.39000000000001,-0.0806599999999999,0
COC1=NC(=O)C(O)=N1,128.087,3,1,0,1,5,71.25,-0.5145,0
N#CC1=NC(=N)N=C1O,122.08699999999999,2,2,0,1,5,92.59,-0.14415,0
Cc1n[nH]c(=N)n1CO,128.135,4,3,1,1,5,77.69,-1.0511100000000002,0
Cc1nncc(N)n1,110.12,4,1,0,1,4,64.69,-0.23778,0
NC1=C(N)C(=O)N=C1,111.10399999999998,3,2,0,1,4,81.47,-1.2736000000000003,0
COc1cn[nH]c1N=O,127.103,4,1,2,1,5,67.34,0.8161999999999998,0
COc1cnc(=N)[nH]n1,126.119,4,2,1,1,5,74.65,-0.7072300000000002,0
N=C1OC=NCC1=O,112.088,4,1,0,1,4,62.51,-0.40873000000000004,0
CN=C1C=NOC1=N,111.10399999999998,4,1,0,1,4,57.800000000000004,0.05046999999999996,0
CC1=NC(N)=NC1=N,110.12,3,2,0,1,4,74.59,-0.24712999999999996,0
N=c1[nH]c(=N)oc(=O)o1,129.075,5,3,0,1,6,106.83999999999999,-1.4801600000000006,0
CN=C1N=C(O)N1C=O,127.10299999999998,2,1,1,1,5,65.26,-0.6417999999999999,0
COC1=NC(=O)C(N)=N1,127.10300000000001,4,1,0,1,5,77.03999999999999,-1.1138000000000003,0
N=CC(N)N1NC1=O,114.10799999999999,3,3,2,1,5,91.89000000000001,-1.1390300000000004,1
CC(N)C1=NC(=O)N1,113.11999999999999,2,2,1,1,4,67.47999999999999,-0.5447,1
N=C1CNC(=N)OCOC1,143.146,4,3,0,1,5,78.19000000000001,-0.46516000000000046,0
CN=C1N=NC(N)=N1,111.108,3,1,0,1,5,75.46,-0.24729999999999996,0
NC=C(N)N1COC1=O,129.119,4,2,1,1,5,81.58000000000001,-0.8876000000000006,0
CC(OC#N)n1nco1,127.103,5,0,2,1,5,63.98,0.49227999999999994,1
N=C1OCC(=O)OC1=N,128.087,5,2,0,1,5,83.22999999999999,-0.48566000000000015,0
N=c1occ(N)oc1=O,128.08700000000002,5,2,0,1,5,93.22,-0.70553,0
CN=NC1C(=N)OC1=O,127.103,5,1,1,1,5,74.87,-0.028930000000000067,1
N#CCc1nonc1N,124.10300000000001,5,1,1,1,5,88.73,-0.28212000000000004,0
N=CN1CC(=O)OCO1,130.10299999999998,4,1,1,1,5,62.620000000000005,-0.65863,0
N=C1COC(=N)C(=O)O1,128.087,5,2,0,1,5,83.23,-0.48566000000000015,0
N=C1C=C(F)N=C1N,113.09500000000001,3,2,0,1,4,62.230000000000004,0.18787000000000015,0
C#Cc1nc(=O)on1N,125.087,5,1,0,1,5,74.05,-1.4686000000000001,0
CC(=O)C1=NC(N)=N1,111.10400000000001,4,1,1,1,4,67.81,-0.6978,0
N=CN1NCOC1=O,115.09199999999998,4,2,1,1,5,65.42000000000002,-0.49222999999999995,0
Nc1n[nH]nc1C=O,112.09199999999998,4,2,1,1,5,84.66,-0.8006000000000004,0
N=C1OCNC(=O)CO1,130.10299999999998,4,2,0,1,5,71.41,-0.9583300000000003,0
N=CNc1cc(N)on1,126.119,4,3,2,1,5,87.93,0.27577,0
COc1noc(=N)n1CO,145.118,6,2,2,1,6,84.27000000000001,-1.0860300000000003,0
CNC1=NC(N)=NC1=O,126.119,4,2,0,1,5,79.84,-1.5408,0
N#CCOC1=NC(=O)N1,125.08699999999999,3,1,1,1,5,74.47999999999999,-0.39421999999999996,0
CN=c1nc(N)c1=O,111.104,4,1,0,1,4,68.34,-1.5698999999999999,0
N=C1OC(N)C(=N)C1=N,126.119,5,4,0,1,5,106.79999999999998,-0.6817900000000001,1
Cc1nnc([O-])c(N)n1,125.111,5,1,0,1,5,87.75,-1.1641800000000002,0
O=c1cc(NO)cno1,128.087,5,2,1,1,5,75.36,-0.16410000000000008,0
N=C(N)C1=NC(=O)O1,113.076,3,2,1,1,5,88.53000000000002,-0.5289299999999999,0
Cc1noc(=N)nc1N,126.11900000000001,5,2,0,1,5,88.79,-0.5603100000000001,0
N=C1OC(=O)C(=NO)O1,130.059,6,2,0,1,6,91.97,-0.71773,0
N=CN1CC(=O)CNC1=O,141.13,3,2,1,1,5,73.26,-0.8122299999999996,0
NC1=NN=CC1=NC=O,124.10299999999998,4,1,1,1,5,80.16999999999999,-1.0596,0
Nc1ocnc1C=NC=O,139.11399999999998,4,1,2,1,5,81.47999999999999,-0.16789999999999994,0
NC1=NC(CO)=CC1=O,126.11499999999997,4,2,1,1,4,75.68,-1.1975000000000002,0
CC(=O)C1=NC(N)=N1,111.10400000000001,4,1,1,1,4,67.81,-0.6978,0
N=CC1ON(C=N)C1=N,126.119,4,3,2,1,5,84.02000000000001,-0.16388999999999998,1
N=CNC1=NC(=O)N1,112.092,2,3,1,1,5,77.34,-0.73773,0
N=C1N=C(O)N=C1CN,126.119,3,3,1,1,5,94.82,-0.70903,0
COC1=NNC(=N)C1=O,127.10299999999998,4,2,0,1,5,74.53999999999999,-0.9041300000000003,0
COC(=O)C1=CN=C1N,126.11500000000001,4,1,1,1,4,64.67999999999999,-0.5859000000000001,0
CN(C)C1=NNC1=O,113.11999999999999,3,1,0,1,4,44.7,-1.0087000000000002,0
COc1cn[nH]c(=O)n1,127.103,4,1,1,1,5,67.87,-0.8265,0
COC1=NC(=N)C(=O)O1,128.087,4,1,0,1,5,71.74,-0.47713,0
N#CC1NC(=N)C(=O)O1,125.08699999999999,4,2,0,1,5,85.97000000000001,-1.0402500000000003,1
N=c1oc(=N)n(C=O)o1,129.075,6,2,1,1,6,95.98,-1.3286600000000002,0
N=C1COC(=O)N=CN1,127.103,3,2,0,1,5,74.53999999999999,-0.26823000000000013,0
Cc1nn[nH]c(=O)c1O,127.10299999999997,4,2,0,1,5,78.87,-0.8210800000000003,0
N=C1C=C(CO)C(=O)N1,126.11499999999998,3,3,1,1,4,73.17999999999999,-0.9878300000000002,0
Nn1nncc1C#CCO,138.13,5,2,0,1,5,76.96000000000001,-1.6643000000000001,0
N#CN=C(N)OC1C=NO1,140.102,5,1,1,1,6,92.99000000000001,-0.8591200000000001,1
COC1=NNC(=O)C1=N,127.10299999999998,4,2,0,1,5,74.53999999999999,-0.9041300000000001,0
N=CC1OC=NN1C=N,126.119,4,2,2,1,5,72.53,-0.1553599999999999,1
O=CC(=O)c1c[nH]nn1,125.087,4,1,2,1,5,75.71000000000001,-0.8137000000000003,0
N=C1C(O)=NN=C1CO,127.103,4,3,1,1,5,89.03,-0.67543,0
NC1=NN=C1C=NC=O,124.10299999999998,4,1,2,1,5,80.16999999999999,-1.0596,0
N#CC1=NC(N)=NC1=O,122.087,4,1,0,1,5,91.6,-1.19412,0
N#Cc1nncc(=N)o1,122.08699999999997,5,1,0,1,5,86.56,-0.57925,0
NC(=O)C1=NC(O)=N1,113.076,3,2,1,1,5,88.04,-1.2022000000000002,0
CN=C1N=C(N)C=[N+]1[O-],126.119,3,1,0,1,5,76.80999999999999,-1.0758999999999999,0
N=C1COC(=N)OCO1,130.103,5,2,0,1,5,75.39,-0.08066000000000012,0
N#CC(N)c1c[nH]nn1,123.119,4,2,1,1,5,91.38,-0.6719200000000003,1
N=c1ocncc1N,111.104,4,2,0,1,4,75.9,-0.26373000000000013,0
N=C1CN(C=O)NCO1,129.119,4,2,1,1,5,65.42,-1.0856299999999999,0
N=C1CN=NCC(=O)O1,127.10299999999998,5,1,0,1,5,74.87,-0.027330000000000076,0
O=Cc1cn[nH]c1C=O,124.09899999999998,3,1,2,1,4,62.82,0.03470000000000001,0
Nc1cn(C=O)c(=O)[nH]1,127.10299999999998,4,2,1,1,5,80.88,-1.2031,0
N=C1NC(=O)OCCO1,130.103,4,2,0,1,5,71.41000000000001,-0.32243,0
N=C1NC(=O)C(=O)CO1,128.087,4,2,0,1,5,79.25000000000001,-1.36333,0
CC(=N)N1C=NC1=N,110.11999999999999,2,2,0,1,4,63.300000000000004,0.26224000000000003,0
N=C1N=C(N)C(=O)O1,113.076,4,2,0,1,5,88.53000000000002,-1.16483,0
CNC1NC(=O)N1C=O,129.119,3,2,2,1,5,61.44,-1.3290000000000002,1
O=CN1CONC(=O)C1,130.10299999999998,3,1,1,1,5,58.64,-1.5363000000000004,0
NC1=NCC(=O)OC=N1,127.10299999999998,5,1,0,1,5,77.03999999999999,-1.1138000000000003,0
CN1COC(=N)C1=O,114.10399999999998,3,1,0,1,4,53.39,-0.5902300000000003,0
NC1=CC(O)=NC1=O,112.088,2,2,0,1,4,75.68,-0.6742999999999999,0
CN=C1N=CN=C1N,110.12,3,1,0,1,4,63.099999999999994,-0.5861999999999998,0
N#CCc1n[nH]c(=N)o1,124.103,4,2,1,1,5,89.46,-0.45175000000000026,0
N=C1NCC(=O)NC1=O,127.103,3,3,0,1,5,82.05000000000001,-1.79033,0
CNC1=NC(=O)C(N)O1,129.119,4,2,0,1,5,76.71000000000001,-1.5965999999999996,1
N=C1OCC(=O)C(=N)O1,128.087,5,2,0,1,5,83.23,-0.48566000000000015,0
N=C1N=C(O)C(=N)O1,113.07599999999998,3,3,0,1,5,89.52,-0.11485999999999996,0
N=C1OC(C=O)NC1=O,128.087,4,2,1,1,5,79.25,-1.3649300000000002,1
Cc1n[nH]c(=O)c(N)n1,126.119,4,2,0,1,5,84.66,-0.9444800000000002,0
N=C1OCC(=N)N(C=O)O1,143.102,5,2,1,1,6,86.47000000000001,-0.6813600000000002,0
N=CN1COC(=O)OC1,130.10299999999998,4,1,1,1,5,62.620000000000005,-0.02273000000000014,0
Nc1nc(C=O)cc(=O)o1,140.09799999999996,5,1,1,1,5,86.19,-0.5705,0
CN1COC(=N)OC1=O,130.10299999999998,4,1,0,1,5,62.62,-0.02272999999999986,0
N=CN1COC1=NCO,129.119,4,2,2,1,5,68.91000000000001,-0.8110300000000004,0
Nc1ncn(C=O)c1N,126.11899999999999,5,2,1,1,5,86.92999999999999,-0.9142000000000001,0
N=C1N=CCCC(N)=N1,124.14700000000002,2,2,0,1,4,74.59,0.14297000000000015,0
CC1=NC(N)=NC1=N,110.12,3,2,0,1,4,74.59,-0.24712999999999996,0
N=c1ncc(N)nn1C=O,139.11800000000002,6,2,1,1,6,97.65,-1.62193,0
NC1=NC(C=O)=NC1=O,125.08699999999997,4,1,1,1,5,84.88,-1.5188,0
CN=C1N=CC(O)=N1,111.10399999999998,1,1,0,1,4,57.31,0.013100000000000056,0
O=Cc1nc(CO)co1,127.09899999999998,4,1,2,1,4,63.33,-0.020600000000000007,0
N=C1NC(C=O)NCO1,129.119,4,3,1,1,5,74.21000000000001,-1.38693,1
CC(=O)NC1COC1=N,128.131,3,2,1,1,4,62.18,-0.50143,1
Cc1nc(CO)oc1N,128.13099999999997,4,2,1,1,4,72.28,0.05752000000000007,0
Cc1nc(N)oc(=N)n1,126.119,5,2,0,1,5,88.79,-0.5603100000000001,0
COC1=NC(N)=NC1=O,127.10300000000001,4,1,0,1,5,77.03999999999999,-1.1138000000000001,0
CNC(=O)c1ncn[nH]1,126.119,3,2,1,1,5,70.67,-0.8357000000000003,0
CCn1oc(=O)[nH]c1=O,130.10299999999998,4,1,1,1,5,68.0,-0.8505,0
CN=C1C=C(CO)N=N1,125.131,3,1,1,1,4,57.31,0.35669999999999996,0
N=Cn1oc(=N)oc1=O,129.075,6,2,1,1,6,95.98000000000002,-1.0310599999999999,0
Cn1cnc(=O)nc1N,126.119,5,1,0,1,5,73.8,-1.2425000000000004,0
CNC(=O)C1=NN=C1,111.104,3,1,1,1,4,53.82,-0.8272000000000002,0
NC(=O)C1=NN=C1N,112.09200000000001,4,2,1,1,5,93.83,-1.8014999999999999,0
N=C1C=NC(=N)OCO1,127.103,4,2,0,1,5,78.52000000000001,-0.026460000000000095,0
COc1n[nH]c(=N)n1C=O,142.118,5,2,2,1,6,83.75999999999999,-1.26243,0
N=CN1C(=O)NC1C=O,127.10299999999997,3,2,2,1,5,73.26,-0.8563300000000003,1
N=C1NC(=O)C(=O)CO1,128.087,4,2,0,1,5,79.25000000000001,-1.36333,0
O=CNc1n[nH]ccc1=O,139.11399999999998,3,2,2,1,5,74.85,-0.6618000000000002,0
N#CC1=NCNC(=N)O1,124.103,4,2,0,1,5,81.26,-0.57945,0
N=C(N)n1cnn1C=O,127.10699999999999,5,2,1,1,6,89.69,-1.5355299999999996,0
Nc1cc(N)n(C=O)n1,126.11900000000001,5,2,1,1,5,86.92999999999999,-0.9142000000000001,0
NC1=CC(CO)=NC1=O,126.115,3,2,1,1,4,75.68,-1.1975,0
N#CC1N=CNC(=O)O1,125.08699999999997,4,1,0,1,5,74.48,-0.39582,1
N=C1COC(=N)OCO1,130.103,5,2,0,1,5,75.39,-0.08066000000000012,0
N=C1N=C(N)N=C1CO,126.119,4,3,1,1,5,94.82000000000001,-1.27473,0
N=c1ncc(C=O)no1,125.08699999999999,5,1,1,1,5,79.84,-0.63843,0
N=C1CNCOC(=O)O1,130.10299999999998,5,2,0,1,5,71.41,-0.3224300000000002,0
O=C(O)C1N=CC1=NO,128.087,4,2,1,1,5,82.25,-0.6457999999999999,1
CC(=O)C1=NN=C1O,112.088,3,1,1,1,4,62.019999999999996,-0.09849999999999998,0
COC1=NC(O)=C1N=O,128.087,5,1,1,1,5,71.25,0.5384,0
CCn1oc(=N)oc1=O,130.10299999999998,5,1,1,1,5,72.13,-0.4663300000000001,0
N=C1C(=O)N=CN=C1N,124.10300000000001,4,2,0,1,5,91.66,-1.06813,0
CNc1nnc[nH]c1=N,125.13499999999999,4,3,1,1,5,77.45,-0.6741300000000003,0
CC(=O)n1cnc(=N)o1,127.103,5,1,0,1,5,71.88,-0.38433,0
N=c1[nH]c(=O)oc(=N)o1,129.075,5,3,0,1,6,106.83999999999999,-1.4801599999999997,0
COC(=O)C1=NC(=N)N1,127.10300000000001,3,2,1,1,5,74.53999999999999,-0.9041300000000001,0
NC1=NNC(=O)C1=O,113.07599999999998,4,2,0,1,5,84.54999999999998,-2.0425,0
Cc1onnc1NC=O,127.10299999999998,4,1,2,1,5,68.02000000000001,-0.053680000000000117,0
O=CN1COC(=O)OC1,131.087,4,0,1,1,5,55.84,-0.47340000000000004,0
N=C1CNC(=O)NC=N1,126.11899999999999,2,3,0,1,5,77.34,-0.6952300000000002,0
CC1CNC(=N)OC1=O,128.131,3,2,0,1,4,62.18,-0.2963299999999999,1
COc1[nH]nnc1C=O,127.103,4,1,2,1,5,67.87,-0.37420000000000025,0
N=CN1CC(=O)OCN1,129.119,4,2,1,1,5,65.42,-1.0856300000000003,0
COc1cnc(O)nc1,126.11499999999998,4,1,1,1,4,55.24,0.1907999999999998,0
Nc1ncc(C=O)n1N,126.119,5,2,1,1,5,86.92999999999999,-1.0084000000000004,0
N=C1C(N)=CN=C1C=O,123.11499999999998,4,2,1,1,4,79.30000000000001,-0.5402300000000002,0
C#Cc1n[nH]nc1N,108.104,3,2,0,1,4,67.59,-0.6318000000000001,0
N=C1N=COC(=O)CO1,128.087,4,1,0,1,5,71.74,-0.47713000000000005,0
COC1=NN=C1NC=O,127.10299999999998,4,1,1,1,5,63.050000000000004,-0.8956000000000002,0
CC(=O)C1=NN=C1N,111.10400000000001,4,1,1,1,4,67.81,-0.6978,0
N=C1C(N)=NN=C1N,111.108,5,3,0,1,5,100.61,-1.3508300000000002,0
N=C1OCN=CN=C1N,126.119,5,2,0,1,5,83.82,-0.66313,0
Nc1cnc(CO)nn1,126.119,5,2,1,1,5,84.92,-1.0539,0
NC(=O)C1=CN=C[NH2+]C1,126.139,2,2,1,1,4,72.06,-2.0390999999999995,0
Cn1nc(N)nc1C=O,126.119,5,1,1,1,5,73.80000000000001,-0.7902,0
CC(=O)n1ncc(N)n1,126.119,5,1,0,1,5,73.8,-0.47959999999999997,0
CC1(O)NC(=N)C(=N)O1,129.119,4,4,0,1,5,89.19000000000001,-0.7732600000000003,1
CNC(=O)OC1=NC=N1,127.103,4,1,0,1,5,63.05,-0.2597,0
N=C1OC=NNCC1=O,127.103,5,2,0,1,5,74.53999999999999,-0.9041300000000003,0
N#CC(=O)n1cn[nH]1,110.076,4,1,0,1,5,74.47,-0.6250200000000001,0
CC(O)c1n[nH]c(=N)o1,129.119,4,3,1,1,5,85.9,-0.46453000000000005,1
N=Cn1[nH]c(=O)oc1=N,128.09099999999998,5,3,1,1,6,98.63,-1.2959600000000002,0
CC(=O)n1ncc(=N)o1,127.10299999999998,5,1,0,1,5,71.88,-0.38433,0
CN=C1OC(O)=NC1=O,128.087,3,1,0,1,5,71.25,-0.5145000000000002,0
N=COC1OC(=N)C1=O,128.087,5,2,2,1,5,83.22999999999999,-0.48725999999999997,1
N=C1OCC(=O)NC1=O,128.087,4,2,0,1,5,79.25,-1.36333,0
N#CC1=NC(=O)N1C=N,122.08699999999999,3,1,1,1,5,80.31,-0.04884999999999995,0
COC1=NC(CO)=NC1=O,142.114,4,1,1,1,5,71.25,-1.0377000000000003,0
CC(=O)n1ncc(N)n1,126.119,5,1,0,1,5,73.8,-0.47959999999999997,0
N=c1occ(N)c(=N)o1,127.10300000000001,5,3,0,1,5,100.00000000000001,-0.5862600000000002,0
N=CN1CC(=N)COC1=O,141.13,4,2,1,1,5,77.24000000000001,0.06544,0
N=CNC1=NC(=O)N=C1,124.103,2,2,1,1,5,77.67,-0.2140299999999999,0
C#CC(N)C1=NN=N1,108.10400000000001,4,1,1,1,4,63.099999999999994,-0.27379999999999993,1
CC1=NC(O)OC=NC1=O,142.11399999999998,4,1,0,1,5,71.25,-0.6917,1
N=C1OC=NCOC1=N,127.103,5,2,0,1,5,78.52000000000001,-0.026460000000000095,0
N#CCN1OCNC1=O,127.10299999999998,3,1,1,1,5,65.36000000000001,-0.57572,0
N=COC1C(=N)NC1=O,127.103,4,3,2,1,5,86.03,-0.9142600000000003,1
O=C1CNC(=NO)NC1,129.119,3,3,0,1,5,73.72,-1.5064999999999995,0
N=C(O)C1=NC(F)=N1,115.06700000000001,3,2,1,1,5,68.8,0.25927,0
CC(=O)C(N)C1NCO1,130.147,4,2,2,1,4,64.35000000000001,-1.1939,2
COc1n[nH]nc1OC#N,140.10199999999998,5,1,2,1,6,83.82,-0.32682000000000017,0
N=C1NC(=O)OCC1=O,128.087,4,2,0,1,5,79.25,-0.72743,0
N=c1[nH]c(=O)oc(=O)o1,130.059,5,2,0,1,6,100.05999999999999,-1.59943,0
CC1(O)N=NC(=O)CN1,129.119,4,2,0,1,5,74.05,-0.7656000000000001,1
N#CN=C1CN(C=N)O1,124.103,4,1,1,1,5,72.47,-0.27975,0
N=C(O)C1=NN=C1N,112.09200000000001,4,3,1,1,5,94.82,-0.75153,0
N=C1ON=C1C(N)C=O,127.10299999999998,5,2,2,1,5,88.53,-1.12393,1
N=CC1=NC(N)=NC1=O,124.10300000000001,4,2,1,1,5,91.66,-1.0681300000000002,0
N=C1C=C(O)NC1=O,112.08799999999998,3,3,0,1,4,73.18,-0.46463000000000004,0
N=C1NC=CNC(=O)O1,127.103,3,3,0,1,5,74.21000000000001,-0.27823000000000014,0
N=C1COC(=N)OCO1,130.103,5,2,0,1,5,75.39,-0.08066000000000012,0
Nc1n[nH]nc1C=O,112.09199999999998,4,2,1,1,5,84.66,-0.8006000000000004,0
O=Cc1n[nH]c(CO)n1,127.10299999999998,4,2,2,1,5,78.87,-0.8905000000000001,0
N=CN1C=NC(C=O)O1,127.10299999999997,4,1,2,1,5,65.75,-0.6060300000000001,1
N=Cc1[nH]nnc1C=O,124.103,4,2,2,1,5,82.49000000000001,-0.38513,0
N=CN1CC(=O)C(O)O1,130.10299999999998,4,2,1,1,5,73.62,-1.27183,1
CN=C1N=C(N)N1C=O,126.119,3,1,1,1,5,71.05,-1.2411,0
C#Cc1nnc(N)n1N,123.11900000000001,5,2,0,1,5,82.75,-1.4446000000000003,0
Nc1nc(CC=O)n[nH]1,126.11899999999999,4,2,2,1,5,84.66,-0.8717000000000004,0
N=Cc1nc(=O)cn[nH]1,124.103,4,2,1,1,5,82.49000000000001,-0.8374300000000001,0
N=CN1C=NC1NC=O,126.11899999999997,3,2,3,1,5,68.55000000000001,-1.0330300000000001,1
N=Cc1ncc(N)nn1,123.11900000000001,5,2,1,1,5,88.54,-0.5485300000000002,0
N=C1COC(=O)CO1,115.088,4,1,0,1,4,59.379999999999995,-0.46293000000000006,0
N=CN1C(=O)OC1C=O,128.08699999999996,4,1,2,1,5,70.46000000000001,-0.42933,1
N=C1N=C(N)C(=O)N1,112.092,3,3,0,1,5,91.33000000000001,-1.5918299999999999,0
N=C1COC(=N)C(=N)O1,127.103,5,3,0,1,5,90.01,-0.034989999999999966,0
N=CCc1onnc1N,126.11900000000001,5,2,2,1,5,88.79,-0.15613,0
N=C1NCCNC(=O)O1,129.119,3,3,0,1,5,74.21000000000001,-0.7494299999999996,0
N#CCC1=NC(=N)N=C1,120.115,2,1,1,1,4,72.36,0.36025000000000007,0
N=C1NC(=O)N=C1N,112.09200000000001,3,3,0,1,5,91.33,-0.95593,0
Cn1c(N)c(O)n1C=O,129.11899999999997,5,2,1,1,5,73.18,-0.8473000000000002,0
Nc1cnn[nH]c1=NC=O,139.118,4,2,1,1,6,97.02000000000001,-1.556,0
Nc1cc(OC=O)on1,128.087,5,1,2,1,5,78.35000000000001,-0.20800000000000013,0
N=C1ON=C(N)C1=O,113.076,5,2,0,1,5,88.53,-1.16483,0
CNC(=O)c1nc1=O,112.088,3,1,1,1,4,59.06,-1.323,0
O=c1occ(O)n1CO,131.08700000000002,5,2,1,1,5,75.6,-0.9033000000000002,0
NC(=O)NC1OCC1=O,130.10299999999998,3,2,1,1,5,81.42000000000002,-1.4199000000000004,1
N=C1C=C(O)C(=O)N1,112.08799999999998,3,3,0,1,4,73.17999999999999,-0.46463000000000004,0
N=C1CC(=O)OC(=N)O1,128.087,5,2,0,1,5,83.23,-0.13806000000000002,0
COC1=NC(=O)N=N1,113.07600000000001,3,0,0,1,5,63.379999999999995,0.5746,0
N=C1NC(=N)C(O)O1,115.09199999999998,4,4,0,1,5,89.19000000000001,-1.1633600000000002,1
N=C1N=C(N)C=NC1=O,124.103,3,2,0,1,5,91.66,-1.06813,0
CN=C1ON=C(N)C1=O,127.103,5,1,0,1,5,77.03999999999999,-1.1138,0
NC1=CC(=O)N1CO,114.104,3,2,1,1,4,66.56,-1.4215000000000002,0
CC(=O)c1n[nH]c(O)n1,127.103,4,2,1,1,5,78.87,-0.2871,0
COc1nc(C=O)c(N)[nH]1,141.13,4,2,2,1,5,81.0,-0.18700000000000017,0
N=CN1CC(=O)OCN1,129.119,4,2,1,1,5,65.42,-1.0856300000000003,0
Cn1cc(OC=N)nn1,126.119,5,1,2,1,5,63.790000000000006,-0.1990300000000002,0
N#Cc1ncc(C(=N)N)o1,136.114,4,2,1,1,5,99.69,-0.16964999999999997,0
Cc1nc(NC=O)n[nH]1,126.11899999999999,3,2,2,1,5,70.67,-0.31858000000000025,0
CC(=O)C1N=CN=C1O,126.11499999999998,3,1,1,1,4,62.019999999999996,-0.05760000000000004,1
NC1=NC(=O)OCCN1,129.119,4,2,0,1,5,76.71,-0.9591000000000003,0
CC1=NN=C(CO)C1=N,125.13099999999999,4,2,1,1,4,68.80000000000001,-0.1710299999999999,0
COC1=NC(=O)C(N)=N1,127.10300000000001,4,1,0,1,5,77.03999999999999,-1.1138000000000003,0
CC(=O)c1nc(N)no1,127.10300000000001,5,1,1,1,5,82.01,-0.14560000000000006,0
COC1=NC(N)=NC1=O,127.10300000000001,4,1,0,1,5,77.03999999999999,-1.1138000000000001,0
CN=c1[nH]nc(C=N)o1,126.11899999999999,4,2,1,1,5,78.03,-0.46913000000000044,0
N=C1C(=O)NC=C1N,111.104,3,3,0,1,4,78.97,-1.0639300000000003,0
N#CC(=O)n1cn[nH]1,110.076,4,1,0,1,5,74.47,-0.6250200000000001,0
N=Cn1cnc(CO)n1,126.11899999999999,5,2,2,1,5,74.79,-0.77443,0
C#CC1=NC(=N)N=N1,106.08800000000001,2,1,0,1,4,60.93,0.4186700000000001,0
N=C1OCC(=O)C(=N)O1,128.087,5,2,0,1,5,83.23,-0.48566000000000015,0
NC(=O)C1=CC(=O)N1,112.08799999999998,2,2,1,1,4,72.19,-1.5146,0
N=C(O)C1(N)COC=N1,129.119,4,3,1,1,5,91.69,-0.7648299999999997,1
COC1=NNC(=N)C1=O,127.10299999999998,4,2,0,1,5,74.53999999999999,-0.9041300000000003,0
CN=C1N=C(N)C(=O)O1,127.103,4,1,0,1,5,77.04,-1.1138,0
CC(=O)C1=NC(=O)N1,112.088,2,1,1,1,4,58.53,-0.3028999999999999,0
COC1=NOC(=N)C1=N,127.103,5,2,0,1,5,78.52000000000001,-0.02646000000000004,0
Cc1nc(NC=O)no1,127.10299999999998,4,1,2,1,5,68.02000000000001,-0.053680000000000117,0
N=c1nc(C=O)cn[nH]1,124.10299999999998,4,2,1,1,5,82.49000000000001,-0.9033300000000002,0
N=C1OC(=NO)C1CO,130.103,5,3,1,1,5,85.9,-0.6099300000000001,1
NCC(=O)C1=NC(=O)O1,128.087,4,1,2,1,5,81.75000000000001,-0.9370999999999998,0
COC(=N)c1cnoc1,126.11499999999998,4,1,1,1,4,59.11,0.6463699999999999,0
N#CC(N)C1=NC(CO)=N1,138.13,5,2,2,1,5,94.76,-1.35982,1
Cn1ncc(N)nc1=O,126.11900000000001,5,1,0,1,5,73.80000000000001,-1.2425000000000004,0
NCc1cnc(N)nn1,125.135,5,2,1,1,5,90.71,-1.0875000000000001,0
NC(=O)N1CCOC1=O,130.103,3,1,0,1,5,72.63,-0.4826999999999999,0
N=CN=C1OCOC1=N,127.10299999999998,4,2,1,1,5,78.52000000000001,-0.026460000000000095,0
N=Nc1ocnc1C=O,125.08699999999999,5,1,2,1,5,79.31,1.14957,0
O=CC1=NOC1C=NO,128.087,5,1,2,1,5,71.25,-0.5999000000000001,1
N=C1NC(=O)C(=O)CO1,128.087,4,2,0,1,5,79.25000000000001,-1.36333,0
N#CC(=O)n1cncn1,122.08699999999999,5,0,0,1,5,71.57,-0.55812,0
COC1=C(O)C(=O)N=N1,128.087,4,1,1,1,5,71.25,0.3523,0
C#CCc1nonnc1=N,136.114,5,1,1,1,5,75.66,-0.8802300000000003,0
N=Nc1nc(C=O)co1,125.08699999999997,5,1,2,1,5,79.31,1.14957,0
N=C1C=CN=NC1=N,108.104,3,2,0,1,4,72.42,0.9629399999999999,0
N=C1C=NN=C1CO,111.10399999999998,4,2,1,1,4,68.8,-0.5611300000000001,0
N#CC(N)c1c[nH]nn1,123.119,4,2,1,1,5,91.38,-0.6719200000000003,1
N=C1N=NCC(C=O)O1,127.10299999999998,4,1,1,1,5,74.87,-0.028930000000000122,1
NC(=O)C1=CC(=O)O1,113.07199999999997,3,1,1,1,4,69.39,-1.0876000000000001,0
N=C1COC(=O)NC=N1,127.103,3,2,0,1,5,74.53999999999999,-0.26823000000000013,0
NC1=C(C=O)C(=O)C=N1,124.09899999999999,4,1,1,1,4,72.52000000000001,-0.9909000000000001,0
Cc1nc(N)nn1N,113.12400000000002,5,2,0,1,5,82.75,-1.1174799999999998,0
N=C1NC(CO)C(=O)O1,130.103,4,3,1,1,5,82.41000000000001,-1.5715299999999999,1
COc1cnc(=O)[nH]c1N,141.12999999999997,4,2,1,1,5,81.0,-0.6393000000000002,0
CN=C1ON=CC1=N,111.10399999999998,4,1,0,1,4,57.800000000000004,0.05047000000000007,0
CN=C1N=CN=C1N,110.12,3,1,0,1,4,63.099999999999994,-0.5861999999999998,0
N=C1NC(=O)C(=O)O1,114.05999999999999,4,2,0,1,5,79.25000000000001,-1.4058300000000001,0
N=CN1CONC1=O,115.09199999999998,3,2,1,1,5,65.42000000000002,-0.4922299999999999,0
N=C1OC(=O)CN=C1N,127.10300000000001,5,2,0,1,5,88.53,-1.1223300000000003,0
N=C1CC(=N)OC(=O)O1,128.087,5,2,0,1,5,83.23,0.49784,0
N=CC1CNC(=N)NCO1,142.162,3,4,1,1,5,80.99000000000001,-0.8937600000000003,1
C#CC(=N)n1nco1,109.088,4,1,0,1,4,54.81,-0.06532999999999994,0
Nc1cnc(OC=O)[nH]1,127.10299999999998,4,2,2,1,5,81.0,-0.47290000000000004,0
N=C1C=C(N)N=NC1=O,124.10300000000001,4,2,0,1,5,91.66,-0.20133000000000012,0
O=CNC1=NC=NC1=O,125.08699999999999,3,1,1,1,5,70.89,-1.3006000000000002,0
N=c1[nH]c(=N)c(O)co1,127.10299999999998,4,4,0,1,5,96.86,-0.7277600000000002,0
CNC1=NC(=N)N=C1N,125.135,3,3,0,1,5,86.62,-1.0901299999999996,0
N=c1[nH]cncc1N=O,124.103,4,2,1,1,5,81.96000000000001,0.28706999999999994,0
N=C1ONC(=O)C1C=O,128.087,4,2,1,1,5,79.25,-1.1598300000000001,1
NC1=CC(=O)C(O)=N1,112.088,3,2,0,1,4,75.68,-0.6743000000000001,0
C#Cc1n[nH]c(C=N)n1,120.11499999999998,3,2,1,1,4,65.42,-0.21633000000000008,0
N=c1ncoc(=O)o1,114.05999999999999,5,1,0,1,5,80.09,-0.89273,0
Nc1nocc1C=O,112.08799999999998,4,1,1,1,4,69.12,0.06930000000000003,0
NC(=O)C1NCC(=O)O1,130.10299999999998,4,2,1,1,5,81.42,-2.0557999999999996,1
N=C1ONC(=O)C1C=O,128.087,4,2,1,1,5,79.25,-1.1598300000000001,1
NC1=NN=C(C=O)C1=O,125.08699999999997,5,1,1,1,5,84.88,-1.5188,0
CC1=NC(=N)N1C=N,110.11999999999999,2,2,1,1,4,63.300000000000004,0.26224000000000003,0
N=C1OCC(=O)C1O,115.08799999999998,4,2,0,1,4,70.38,-1.0761300000000003,1
CN=C1OC(=O)N1CO,130.103,4,1,1,1,5,62.129999999999995,-0.6257999999999999,0
NC1=NC(C=O)=NC1=O,125.08699999999997,4,1,1,1,5,84.88,-1.5188,0
N=C1OCC(=O)NC1=O,128.087,4,2,0,1,5,79.25,-1.36333,0
N=C1C=NC(N)=NC1=O,124.10300000000001,4,2,0,1,5,91.66,-1.0681300000000002,0
N=C1NN=C(CO)C1=N,126.11899999999999,4,4,1,1,5,92.32,-1.0650600000000003,0
N=CC1NCOC(=O)N1,129.119,4,3,1,1,5,74.21,-0.7510300000000001,1
CN=C1N=NC(=N)O1,112.09199999999998,3,1,0,1,5,70.16,0.38937000000000005,0
COC1=NC(=O)C(N)=N1,127.10300000000001,4,1,0,1,5,77.03999999999999,-1.1138000000000003,0
COC1=NC(=N)C(N)=N1,126.11900000000001,4,2,0,1,5,83.82,-0.6631300000000002,0
NC1=NC(C=O)=NC1=O,125.08699999999997,4,1,1,1,5,84.88,-1.5188,0
COC1=NC(O)=C1N,114.104,4,2,0,1,4,67.84,-0.2693,0
CN=C1NC(=O)NC1=O,127.10299999999998,3,2,0,1,5,70.56,-1.1459000000000001,0
N=CN1COCOC1=O,130.10299999999998,4,1,1,1,5,62.62000000000001,-0.022729999999999917,0
CNC1(OC=O)NC1=O,130.10299999999998,4,2,3,1,5,77.34,-1.8376000000000001,1
N=C1OCC(=O)C(=N)O1,128.087,5,2,0,1,5,83.23,-0.48566000000000015,0
CC(=O)C1=NOC1=N,112.088,4,1,1,1,4,62.51,-0.06112999999999996,0
CNC1=NC(=O)N=C1N,126.119,3,2,0,1,5,79.84,-0.9049,0
N=C1OC(=O)N=C1CO,128.087,4,2,1,1,5,82.74,-0.45282999999999995,0
NC1=CN=C(N)C1=O,111.104,4,2,0,1,4,81.47,-1.2735999999999998,0
N=CN1COC(=O)OC1,130.10299999999998,4,1,1,1,5,62.620000000000005,-0.02273000000000014,0
Cc1nc(N)nn1C=O,126.119,5,1,1,1,5,73.8,-0.7929800000000002,0
COc1n[nH]nc1CO,129.119,4,2,2,1,5,71.03,-0.6944000000000001,0
N=C1NC(=O)C(=O)CO1,128.087,4,2,0,1,5,79.25000000000001,-1.36333,0
CNC1=NN=CC1=N,110.11999999999999,4,2,0,1,4,60.6,-0.3765300000000002,0
C#CC(N)c1nnon1,124.10300000000001,5,1,1,1,5,77.83,-0.9024000000000001,1
N=CC1OC(=N)NC1=O,127.103,4,3,1,1,5,86.03,-0.9142600000000003,1
NC1=NC(=O)N=C1CO,127.10299999999998,3,2,1,1,5,88.04,-1.0895000000000001,0
N=COC1OCC(=N)O1,130.103,5,2,2,1,5,75.39,-0.08225999999999994,1
N=C1N=C(F)C=C1N,113.095,2,2,0,1,4,62.230000000000004,0.18787000000000015,0
N=C1NC(C=O)OC1=N,127.103,4,3,1,1,5,86.03,-0.9142600000000001,1
NC1=CC(=O)N=C1CO,126.115,3,2,1,1,4,75.68,-1.1975,0
N=c1nc(CO)c(N)no1,142.118,6,3,1,1,6,109.02,-1.3764299999999998,0
O=C1CNC(=NO)CO1,130.103,4,2,0,1,5,70.92,-1.0795,0
Cc1n[nH]nc1N=N,111.108,4,2,1,1,5,77.78,0.7755899999999998,0
N=C1NCC(=O)NCO1,129.119,3,3,0,1,5,74.21000000000001,-1.3853300000000002,0
O=c1[nH]cnnc1CO,127.103,4,2,1,1,5,78.87,-1.3428000000000002,0
N=C1C=NC(CO)=C1O,126.11499999999998,4,3,1,1,4,76.67,-0.14752999999999994,0
CN=C1NC(=O)OCO1,130.10299999999998,4,1,0,1,5,59.92,-0.31390000000000007,0
CN=c1ncc(N)no1,126.119,5,1,0,1,5,77.3,-0.8177000000000003,0
N=C1N=C(C=O)C(=O)O1,126.07099999999997,4,1,1,1,5,79.58,-0.8821300000000001,0
N=c1cncc(N)n1[O-],125.111,5,2,0,1,5,90.75,-0.70933,0
N=C1NCC(=O)NC1=O,127.103,3,3,0,1,5,82.05000000000001,-1.79033,0
CNC1=NC(=N)C=C1N,124.14699999999999,3,3,0,1,4,74.26,-0.5622300000000002,0
N=c1onc(N)cc1N,126.119,5,3,0,1,5,101.92,-0.6815300000000002,0
Nc1cnc(CO)n1N,128.135,5,3,1,1,5,90.08999999999999,-1.3286,0
N=CN1CC(=O)NCO1,129.119,3,2,1,1,5,65.42,-1.0856299999999999,0
CN=C1N=C(O)N=C1N,126.119,3,2,0,1,5,83.33,-0.7004999999999999,0
N=C1C=NC(=N)C(=N)O1,124.103,4,3,0,1,5,93.14,0.01921000000000006,0
Nc1[nH]ncc1COC=O,141.12999999999997,4,2,3,1,5,81.0,-0.3351000000000004,0
N=C1N=C(N)C=[N+]1[O-],112.092,3,2,0,1,5,88.30000000000001,-1.12693,0
NCc1cnc(=O)oc1N,141.12999999999997,5,2,1,1,5,95.14,-0.9243000000000003,0
NC1=NC(=O)C(C=O)=N1,125.08699999999997,4,1,1,1,5,84.88,-1.5188,0
CC1=NC=N[NH+]1OC=N,127.12699999999998,4,2,2,1,5,62.24,-1.2147299999999992,1
N=C1C=C(O)OC1=N,112.08799999999998,4,3,0,1,4,77.16,0.41304,0
N=C1N=C(O)NC1=O,113.07599999999998,2,3,0,1,5,85.53999999999999,-0.9925300000000001,0
N=Cc1ncnc(N)n1,123.11900000000001,5,2,1,1,5,88.54,-0.5485300000000002,0
CCC1=NCOC(=O)N1,128.131,3,1,1,1,4,50.69,0.4922,0
N=CN1CC(=O)COCN1,143.146,4,2,1,1,5,65.42,-1.0431300000000003,0
N=C1NC(=O)C(=N)CO1,127.103,4,3,0,1,5,86.03000000000002,-0.9126600000000002,0
N=C1NC(=O)NC=CO1,127.10299999999998,3,3,0,1,5,74.21000000000001,-0.27823,0
N=C1COCOC(=O)N1,130.103,4,2,0,1,5,71.41,-0.32242999999999994,0
N=C1OC=NC(=O)C1O,128.087,4,2,0,1,5,82.74,-1.0903300000000002,1
N=C1OCC(=N)C(=O)O1,128.087,5,2,0,1,5,83.23,-0.48566000000000015,0
N=C1ON=C(N)C1=O,113.076,5,2,0,1,5,88.53,-1.16483,0
N#CC1COC(=N)N1,111.104,3,2,0,1,4,68.89999999999999,-0.5668500000000003,1
N=CN1COCNC1=O,129.119,3,2,1,1,5,65.42000000000002,-0.4497299999999999,0
O=c1cn[nH]nc1O,113.076,4,2,0,1,5,78.87,-1.1295000000000004,0
N=C1OC(N)=NC1=O,113.07600000000001,4,2,0,1,5,88.53,-1.1648300000000003,0
N=C1OCC(=O)C(=N)O1,128.087,5,2,0,1,5,83.23,-0.48566000000000015,0
CC1COC(=N)NC1=N,127.14699999999999,3,3,0,1,4,68.96000000000001,0.1543400000000001,1
NC(=O)c1nc[nH]c(=O)n1,140.10199999999998,4,2,1,1,6,101.73,-1.7362000000000004,0
N=C1OC(=NO)CC1=O,128.087,5,2,0,1,5,82.74000000000001,-0.25923000000000007,0
N=Cn1cc(C(=N)O)o1,127.10299999999998,4,3,2,1,5,86.0,0.41964000000000007,0
N=C1COCOC(=N)O1,130.103,5,2,0,1,5,75.39,-0.0806599999999999,0
CC1(N)OCC(=O)O1,117.10399999999998,4,1,0,1,4,61.55,-0.8078000000000001,1
N=CN1C=NC(=O)OC1,127.10299999999998,3,1,1,1,5,65.75,0.031470000000000053,0
COc1nc(C=O)n[nH]1,127.103,4,1,2,1,5,67.87,-0.37420000000000025,0
COC1=NC(=N)N=C1N,126.11900000000001,3,2,0,1,5,83.82,-0.66313,0
N=C(N)OC1NCC1=O,129.119,4,3,1,1,5,88.20000000000002,-1.6051300000000004,1
COc1nn[nH]c1N=O,128.091,5,1,2,1,6,80.23,0.21119999999999978,0
NC1=NC(C#CC=O)=N1,121.09899999999998,4,1,0,1,4,67.81,-1.0845,0
CC1(O)N=COC1=N,114.10399999999998,4,2,0,1,4,65.67000000000002,-0.26933,1
N=CN1C=COC(=N)O1,127.10299999999998,4,2,1,1,5,69.4,0.26324000000000003,0
COC1=[N+]([O-])C(=N)N=C1,127.103,3,1,0,1,5,71.50999999999999,-0.43923000000000023,0
NN=C1NCC(C=O)O1,129.11899999999997,4,2,1,1,5,76.71,-1.5965999999999996,1
N=C1NC(=O)OC1=NO,129.07500000000002,5,3,0,1,6,94.77000000000001,-0.5088300000000001,0
CC1=NC(N)=NC1=O,111.104,3,1,0,1,4,67.81,-0.6978,0
Cc1ocnc(=N)[n+]1[O-],127.103,4,1,0,1,5,76.82000000000001,-0.9041100000000002,0
COc1ncc(O)c(=N)[nH]1,141.13,4,3,1,1,5,81.99000000000001,-0.3966300000000002,0
CN=CC1=NC=NC1=O,123.115,3,0,1,1,4,54.15,-0.3035000000000001,0
N=C1NC(=O)OC1C=O,128.087,4,2,1,1,5,79.25,-0.7290300000000001,1
CC(=O)n1ncnc1N,126.119,5,1,0,1,5,73.8,-0.47959999999999997,0
Cn1nc(N)c(N)n1,113.12400000000002,5,2,0,1,5,82.75,-1.0204999999999995,0
CN=C1N=CC(CN)=N1,124.147,2,1,1,1,4,63.099999999999994,-0.5437000000000001,0
NC1=CN=C(CO)C1=O,126.11499999999998,4,2,1,1,4,75.68,-1.1975000000000002,0
N=c1ncoc(=N)[nH]1,112.092,4,3,0,1,5,89.52000000000001,-1.0383600000000002,0
N=C1N=C(N)OC1=O,113.076,4,2,0,1,5,88.53,-1.16483,0
CC(=O)NC1=CNCO1,128.131,3,2,1,1,4,50.36,-0.5013000000000001,0
N#CC(=O)n1nco1,111.05999999999999,5,0,0,1,5,71.82,-0.36012,0
N=COC1C=NC(=N)O1,127.103,4,2,2,1,5,78.52,-0.02805999999999992,1
N=C1N=C(C=O)N=C1N,124.103,4,2,1,1,5,91.66,-1.06813,0
N=C1COC(=N)OCO1,130.103,5,2,0,1,5,75.39,-0.08066000000000012,0
N=Cn1oc(=N)oc1=O,129.075,6,2,1,1,6,95.98000000000002,-1.0310599999999999,0
N=Cc1oncc1N,111.104,4,2,1,1,4,75.9,0.25447000000000003,0
NC(=O)n1nncc1N,127.107,5,2,0,1,6,99.82000000000001,-1.2129000000000005,0
N#CCNC1=NC(O)=N1,124.103,4,2,1,1,5,80.77,-0.6168199999999999,0
N=CN1CC(=O)C(=N)N1,126.11899999999999,3,3,1,1,5,80.04,-1.03996,0
N#CCNC1=NC(=O)O1,125.08699999999999,4,1,1,1,5,74.48,-0.39421999999999996,0
N=C1OC=NCOC1=N,127.103,5,2,0,1,5,78.52000000000001,-0.026460000000000095,0
O=C1CC(O)NC=[N+]1[O-],130.103,4,2,0,1,5,75.39999999999999,-1.6367000000000003,1
CNC(=O)C1=NC(=N)O1,127.103,3,2,1,1,5,74.54,-0.9041300000000001,0
COC1=NC(N)=NC1=O,127.10300000000001,4,1,0,1,5,77.03999999999999,-1.1138000000000001,0
CNC1=NC(=O)N=C1N,126.119,3,2,0,1,5,79.84,-0.9049,0
N=C1NC(=N)OCO1,115.092,4,3,0,1,5,78.19000000000001,-0.55016,0
O=C1CN=COC(=O)N1,128.087,4,1,0,1,5,67.75999999999999,-0.7189000000000001,0
N=C1C=C(N)N=C1C=O,123.115,4,2,1,1,4,79.30000000000001,-0.5402300000000002,0
N=CNC1=NC(=O)N=C1,124.103,2,2,1,1,5,77.67,-0.2140299999999999,0
COC1=NN=C1NC#N,124.103,5,1,0,1,5,69.77000000000001,-0.5709200000000001,0
C#CC(O)N1N=CC1=N,123.115,3,2,1,1,4,59.68,-0.7833300000000001,1
N=C1N=NC(C=O)=N1,110.076,3,1,1,1,5,78.0,-0.015629999999999977,0
NC1OC(=O)COC1=O,131.087,5,1,0,1,5,78.62,-1.6288000000000002,1
NC(=O)c1coc(N)n1,127.103,4,2,1,1,5,95.14,-0.6443000000000001,0
CN=C1N=NC=C1N,110.11999999999999,3,1,0,1,4,63.099999999999994,0.28060000000000007,0
NC1C=NC(=O)OCO1,130.10299999999998,4,1,0,1,5,73.91,-0.5337000000000001,1
N=C1NC(=O)OC1C=O,128.087,4,2,1,1,5,79.25,-0.7290300000000001,1
CC1=NC(N)=NC1=N,110.12,3,2,0,1,4,74.59,-0.24712999999999996,0
Cc1nc(N)nn1CO,128.13500000000002,5,2,1,1,5,76.96,-0.8814800000000005,0
CC1(OC=NO)OC1=N,130.10299999999998,5,2,2,1,5,78.2,0.14417000000000002,1
Nc1cc(N)oc(=O)n1,127.10300000000001,5,2,0,1,5,95.14,-0.8008000000000002,0
N=C(O)c1coc(=O)[nH]1,128.087,3,3,1,1,5,90.07999999999998,-0.14873000000000003,0
NC(=O)C1=C(O)N=N1,113.076,4,2,1,1,5,88.04,-0.3354,0
N=C1N=C(O)N=C1N,112.092,3,3,0,1,5,94.82,-0.75153,0
O=c1cc(O)[nH]c(=O)o1,129.071,4,2,0,1,5,83.3,-0.9663000000000002,0
N=C1CN=C(O)OC=N1,127.10299999999998,3,2,0,1,5,78.03,-0.06383000000000011,0
N=CC1=NC(=N)N1O,112.092,3,3,1,1,5,83.53,-0.32595999999999997,0
N#Cc1nnc(=O)on1,124.05899999999998,6,0,0,1,6,92.67,-1.30352,0
NC1=C(O)C(=O)C=N1,112.088,4,2,0,1,4,75.68,-0.6742999999999999,0
COC1=NC(CC#N)=N1,123.11500000000001,4,0,1,1,4,57.739999999999995,0.31457999999999997,0
CC(=N)OC1COC1=O,129.11499999999998,4,1,1,1,4,59.38,-0.07442999999999994,1
COC1=NC(N)=NC1=N,126.11900000000001,4,2,0,1,5,83.82,-0.66313,0
N=C1NC(=O)C(C=O)N1,127.10299999999998,3,3,1,1,5,82.05000000000001,-1.7919299999999998,1
N=C(N)C1=NC=NC1=O,124.103,3,2,1,1,5,91.66,-1.06813,0
N=c1c(N)conc1C=O,139.11399999999998,5,2,1,1,5,92.97,-0.45123000000000024,0
COC1=NC(=N)NC1=N,126.119,3,3,0,1,5,81.32,-0.45346000000000036,0
N=c1cnc(N)c(N)o1,126.11900000000001,5,3,0,1,5,101.92,-0.6815300000000004,0
NC1=CN=C(N)C1=O,111.104,4,2,0,1,4,81.47,-1.2735999999999998,0
N=C1OC(=N)C(=O)O1,114.05999999999999,5,2,0,1,5,83.23,-0.5281600000000002,0
CC1=C(CN)C(=N)N=N1,124.147,3,2,1,1,4,74.59,0.6621699999999999,0
CN=C1OC(CO)=C1N,128.131,4,2,1,1,4,67.84,-0.7925,0
CC(=O)c1n[nH]c(=O)[nH]1,127.103,3,2,1,1,5,78.61,-0.6994000000000002,0
Cc1nnc(N)n1C=N,125.135,5,2,1,1,5,80.58,-0.3761100000000001,0
N=C1COCC(=N)C(=O)O1,142.114,5,2,0,1,5,83.23,-0.44316000000000016,0
N=C1OCC(=O)C(=N)O1,128.087,5,2,0,1,5,83.23,-0.48566000000000015,0
N=C1NC=NCC1=NO,126.119,4,3,0,1,5,80.83,-0.5746300000000002,0
NC(=O)C1ON=C1N,115.09200000000001,4,2,1,1,5,90.7,-1.8573000000000004,1
COC1=NN=C(N)C1=O,127.103,5,1,0,1,5,77.03999999999999,-1.1138000000000001,0
CN=c1cnc(N)no1,126.119,5,1,0,1,5,77.3,-0.8177000000000001,0
N=C(N)Oc1ncc[nH]1,126.11899999999999,3,3,1,1,5,87.78,-0.3180300000000002,0
N=C1OCOC(=O)C(=N)O1,144.08599999999998,6,2,0,1,6,92.46000000000001,-0.5540600000000002,0
CC1=C(N)C(=N)N=C1,109.13199999999999,2,2,0,1,3,62.230000000000004,0.28077000000000013,0
Cc1nnc(NC=O)[nH]1,126.11899999999999,3,2,2,1,5,70.67,-0.31858000000000025,0
N=C1NC(=O)C(=O)CO1,128.087,4,2,0,1,5,79.25000000000001,-1.36333,0
N=CN1C(=O)OC1C=O,128.08699999999996,4,1,2,1,5,70.46000000000001,-0.42933,1
Nc1[nH]ncc1C=O,111.10399999999997,3,2,1,1,4,71.77000000000001,-0.19560000000000038,0
N#CCOc1coc(N)n1,139.11399999999998,5,1,2,1,5,85.07,0.15918,0
COC1=NNC(=O)C1=N,127.10299999999998,4,2,0,1,5,74.53999999999999,-0.9041300000000001,0
N=C1N=COCC(=O)N1,127.103,3,2,0,1,5,74.53999999999999,-0.9041300000000001,0
CC(O)C1=NC=NC1=N,125.131,3,2,1,1,4,68.80000000000001,-0.17263,1
N=C1N=C(N)N=C1CO,126.119,4,3,1,1,5,94.82000000000001,-1.27473,0
COC1=CC(=O)C(=N)N1,126.115,3,2,1,1,4,62.18000000000001,-0.37623,0
Nc1ocnc1C=NCO,141.13,5,2,2,1,5,84.64,-0.3745,0
N=C1OC(=N)C(C=O)O1,128.087,5,2,1,1,5,83.23,-0.48726000000000025,1
N=CN1NC1C(=N)CO,128.135,4,4,3,1,5,92.88000000000001,-1.24816,1
N=CNc1c[nH]c(=O)[nH]1,126.11899999999999,2,4,2,1,5,84.53,-0.27803000000000033,0
O=CC(=O)n1[nH]cc1O,128.087,4,2,1,1,5,75.09,-0.6391000000000003,0
NC(=O)C1N=NCC1=O,127.103,4,1,1,1,5,84.88,-1.1248000000000002,1
CN=C1ON=C(N)C1=O,127.103,5,1,0,1,5,77.03999999999999,-1.1138,0
N=CC1OC(=N)C1=NO,127.103,5,3,1,1,5,89.52,-0.15776,1
N=C1CNC(=O)OC1=N,127.10299999999998,4,3,0,1,5,86.03,-0.27676000000000023,0
COC1=NC(=N)OC1=N,127.103,4,2,0,1,5,78.52000000000001,-0.02646000000000004,0
COC1=NC(N)=NC1=O,127.10300000000001,4,1,0,1,5,77.03999999999999,-1.1138000000000001,0
N=COC1=C(N)C=N1,111.104,4,2,2,1,4,71.46,-0.1777300000000001,0
CC(=O)n1cnc(N)n1,126.11900000000001,5,1,0,1,5,73.8,-0.47959999999999997,0
NCC1=NC(=O)NC1=O,127.10299999999998,3,2,1,1,5,84.54999999999998,-1.3641,0
N=CN1NCOC1C=O,129.11899999999997,4,2,2,1,5,65.42000000000002,-1.0872300000000001,1
N=C1C=C(O)N=C1N,111.104,4,3,0,1,4,82.46,-0.22362999999999988,0
O=C1N=CC(O)=C1O,113.07199999999997,3,2,0,1,4,69.89,-0.07499999999999996,0
N=C1N=C(N)C(CO)=N1,126.119,3,3,1,1,5,94.82000000000001,-1.2747300000000001,0
Nc1nncc(=O)n1N,127.107,6,2,0,1,6,99.82000000000001,-2.0656999999999996,0
NC1=CN=C(N)C1=O,111.104,4,2,0,1,4,81.47,-1.2735999999999998,0
N=C1N=C(CO)C(=N)O1,127.10299999999998,4,3,1,1,5,89.52,-0.6380600000000001,0
N#CC1=NC(=O)C(N)=N1,122.087,4,1,0,1,5,91.6,-1.19412,0
CN=C1N=NC(N)=C1O,126.11899999999999,4,2,0,1,5,83.33,0.16630000000000017,0
N=C1C=NC(CO)=N1,111.104,3,2,1,1,4,68.8,-0.5611300000000001,0
CN=C1N=C(N)OC1=O,127.103,4,1,0,1,5,77.03999999999999,-1.1138,0
CN=C1OCNC(=O)O1,130.103,4,1,0,1,5,59.92,-0.3139,0
N=C1COCOC(=N)O1,130.103,5,2,0,1,5,75.39,-0.0806599999999999,0
NC(=O)C1NC(=O)CO1,130.10299999999998,3,2,1,1,5,81.42,-2.0557999999999996,1
N=C1OC(=O)NCC1N,129.119,4,3,0,1,5,88.2,-0.9692300000000003,1
N=C1N=CC(N)=NC1=O,124.10300000000001,3,2,0,1,5,91.66,-1.0681300000000002,0
O=c1nc(CO)nco1,128.087,5,1,1,1,5,76.22,-1.0779000000000003,0
CN=C1C=NC(=N)N1N,125.135,3,2,0,1,5,77.83,-0.7904300000000002,0
O=[N+]([O-])C1=CC(O)=N1,114.05999999999999,3,1,1,1,5,75.73,0.07459999999999994,0
N=C1OC=NC1=NC=O,125.08699999999999,3,1,1,1,5,74.87,-0.42293000000000003,0
N=Cn1cnc(=O)[nH]1,112.09199999999998,4,2,1,1,5,74.53,-0.97343,0
N=C1OCC(=O)C(=O)O1,129.071,5,1,0,1,5,76.45,-0.9363300000000001,0
O=CNC1=NN=C1C=O,125.08699999999999,4,1,2,1,5,70.89,-1.3006000000000002,0
Cc1nc(OC#N)n[nH]1,124.103,4,1,1,1,5,74.59,-0.02700000000000008,0
N=CN1C=CNC(=O)N1,126.11899999999999,2,3,1,1,5,68.22,-0.4055300000000001,0
N=C1NCC(=O)C(=O)O1,128.087,4,2,0,1,5,79.25000000000001,-1.36333,0
N=c1ocnnc1CO,127.103,5,2,1,1,5,83.0,-0.9586300000000001,0
N=C1NC(=O)COC1=N,127.103,4,3,0,1,5,86.03,-0.9126600000000002,0
COC1=NC(=N)N=C1N,126.11900000000001,3,2,0,1,5,83.82,-0.66313,0
N=C1ONC(=O)C1C=O,128.087,4,2,1,1,5,79.25,-1.1598300000000001,1
N=C(N)C1=NC(=O)N=C1,124.103,2,2,1,1,5,91.66000000000001,-0.4322299999999999,0
N=CN1CC=C(O)NC1=O,141.12999999999997,3,3,1,1,5,76.42000000000002,0.01807000000000003,0
N=C1OC(=N)C(=O)O1,114.05999999999999,5,2,0,1,5,83.23,-0.5281600000000002,0
N#CC(N)c1c[nH]cn1,122.13099999999999,3,2,1,1,4,78.49,-0.06692000000000004,1
N=C1C(ON)=CN=C1O,127.103,4,3,1,1,5,91.69,-0.2920300000000003,0
N=CN1CCOC1=NO,129.119,4,2,1,1,5,68.91000000000001,-0.3291300000000003,0
CC(=O)n1cnnc1,111.104,4,0,0,1,4,47.78,-0.061799999999999966,0
CN=C1N=CN=C1N,110.12,3,1,0,1,4,63.099999999999994,-0.5861999999999998,0
NC1=CC(=O)C(N)=N1,111.10400000000001,4,2,0,1,4,81.47,-1.2735999999999998,0
N#CN=C(N)N1COC1,126.11900000000001,3,1,0,1,5,74.64,-0.97062,0
NC1=C(O)C(=O)C=N1,112.088,4,2,0,1,4,75.68,-0.6742999999999999,0
NC1N=CC(=O)C(=O)O1,128.087,5,1,0,1,5,81.75,-1.5746000000000002,1
N=CN1CC(=N)NC1=O,126.11899999999999,3,3,1,1,5,80.04,-0.40406000000000003,0
COC1=C(N)N=NC1=N,126.11900000000001,4,2,1,1,5,83.82,0.20367000000000007,0
CC1(C(=O)O)OC1=N,115.088,3,2,1,1,4,73.68,-0.1628299999999998,1
N=C1OCNC1C(N)=O,129.119,4,3,1,1,5,88.19999999999999,-1.60513,1
N=C1NC(=O)C(=O)CO1,128.087,4,2,0,1,5,79.25000000000001,-1.36333,0
N=CC1OCNC(=N)O1,129.119,4,3,1,1,5,78.19000000000001,-0.5092600000000003,1
N=CN1C=NC(C=O)N1,126.11899999999997,4,2,2,1,5,68.55,-1.0330300000000001,1
NC1=NC=NC1=NC=O,124.10299999999998,3,1,1,1,5,80.16999999999999,-1.0596,0
Cc1nc(N)nn1C=N,125.135,5,2,1,1,5,80.58,-0.3761100000000001,0
CN=C1N=C(O)N=C1N,126.119,3,2,0,1,5,83.33,-0.7004999999999999,0
N=C1NC(=N)C(=O)CO1,127.103,4,3,0,1,5,86.03000000000002,-0.91266,0
COc1n[nH]c(=N)n1C=O,142.118,5,2,2,1,6,83.75999999999999,-1.26243,0
O=C1CC(=O)C(=O)N1,113.07199999999999,3,1,0,1,4,63.24,-1.3980000000000001,0
N=CC1=NN=C(O)C1=O,125.08699999999997,4,2,1,1,5,85.87,-0.46883000000000014,0
COC1=CC(=N)N=C1N,125.13100000000001,3,2,1,1,4,71.46,-0.13522999999999985,0
N=C1NN=C(CO)C1=O,127.10299999999998,4,3,1,1,5,85.53999999999999,-1.5157300000000002,0
N=C1COCNC(=N)O1,129.119,4,3,0,1,5,78.19000000000001,-0.5076600000000004,0
CNC1=NC(=O)NC1=O,127.10299999999998,3,2,0,1,5,70.56,-1.1459000000000001,0
N=C1COC(=O)C(=N)O1,128.087,5,2,0,1,5,83.23,-0.48566000000000015,0
CNC(=O)C1=C(N)N=N1,126.11900000000001,4,2,1,1,5,79.84,-0.6740000000000002,0
N=Cc1nnc(N)n1CO,141.13400000000001,6,3,2,1,6,100.81000000000002,-1.1922300000000001,0
N=C1CC(=O)C(CO)O1,129.11499999999998,4,2,1,1,4,70.38000000000001,-0.6860300000000001,1
Cc1c(N)nnn1C=O,126.119,5,1,1,1,5,73.8,-0.7929800000000002,0
N=C1NCNC(=O)O1,115.09199999999998,3,3,0,1,5,74.21000000000001,-0.79193,0
N=C1NC=NCC(=O)CN1,140.14600000000002,3,3,0,1,5,77.34,-1.2886300000000002,0
N=CN1CC(=O)OC=N1,127.10299999999998,4,1,1,1,5,65.75,-0.60443,0
CCOc1ncnnc1N,140.146,5,1,2,1,5,73.92,-0.14750000000000008,0
COC1=NC(=N)N=C1N,126.11900000000001,3,2,0,1,5,83.82,-0.66313,0
N=COC1=NCN1C=N,126.119,4,2,2,1,5,72.53,-0.15376000000000006,0
C#CC1NCONC1=O,126.115,3,2,0,1,4,50.36,-1.4033000000000002,1
NC(=O)OC1=NC=C1O,128.087,4,2,0,1,5,84.91000000000001,-0.10679999999999984,0
Nc1onc(O)c1C=O,128.087,5,2,1,1,5,89.35,-0.22510000000000002,0
N=C[NH2+]C1COC(=N)N1,129.143,3,4,2,1,5,85.57,-1.9624599999999992,1
N=C1NC(=N)OC=CO1,127.10299999999998,4,3,0,1,5,78.19000000000001,-0.036459999999999826,0
N=Cc1cnc(CO)nn1,138.13,5,2,2,1,5,82.75,-0.6384300000000003,0
Nc1n[nH]nc1C=NC=O,139.118,4,2,2,1,6,97.02000000000001,-1.0378000000000005,0
NC(=O)C1=NC(=O)C=N1,125.08699999999999,3,1,1,1,5,84.88000000000001,-1.5188,0
CNC(=O)C1=NC(=O)O1,128.087,3,1,1,1,5,67.76,-0.7189000000000001,0
N=C1OC(C=O)OC1=O,129.071,5,1,1,1,5,76.44999999999999,-0.9379300000000002,1
N=CN1C=NCN1C=O,126.11899999999999,3,1,2,1,5,59.760000000000005,-0.7317300000000002,0
COC1=NC(N)=NC1=O,127.10300000000001,4,1,0,1,5,77.03999999999999,-1.1138000000000001,0
NC(=O)C1=NC=NC1=O,125.08699999999999,3,1,1,1,5,84.88,-1.5188,0
N=CC1=C(N)C(=N)N=N1,123.11900000000001,4,3,1,1,5,98.44,0.24934000000000006,0
NC1=CC(=O)C(N)=N1,111.10400000000001,4,2,0,1,4,81.47,-1.2735999999999998,0
Cc1nc(NC=O)c(N)o1,141.13,4,2,2,1,5,81.15,0.13352000000000003,0
N=C1ON=C1NC=O,113.07599999999998,4,2,1,1,5,74.53999999999999,-0.9466300000000003,0
N=C1CNC(=N)C(=O)O1,127.10299999999998,4,3,0,1,5,86.03000000000002,-0.9126600000000005,0
N=C1CNC(=O)C(=N)O1,127.10299999999998,4,3,0,1,5,86.03000000000002,-0.9126600000000002,0
C#CC(O)c1conn1,124.099,4,1,1,1,4,59.150000000000006,-0.26380000000000003,1
CC1(N)OC(=N)OC1=O,130.10299999999998,5,2,0,1,5,85.4,-0.83053,1
NC1=CN=C(N)C1=O,111.104,4,2,0,1,4,81.47,-1.2735999999999998,0
CC(N)C1=NN=C1C#N,122.131,4,1,1,1,4,74.53,-0.3322199999999999,1
N=CN1C(=O)OC1=NO,129.075,5,2,1,1,6,85.98,-0.20912999999999998,0
CN=C1C=C(N)C(=O)N1,125.131,3,2,0,1,4,67.47999999999999,-1.0129,0
Nc1nc[nH]c(=O)c1O,127.10299999999997,4,3,0,1,5,92.0,-0.9423000000000001,0
NCc1cn[n+]([O-])c(N)c1,140.14600000000002,4,2,1,1,5,91.86999999999999,-1.2441000000000002,0
NC(=O)c1noc(N)n1,128.091,5,2,1,1,6,108.03,-1.2493000000000003,0
N=Cc1cn(C(=N)O)o1,127.10299999999998,4,3,1,1,5,86.0,0.41963999999999996,0
N=C1COC(=O)CCO1,129.115,4,1,0,1,4,59.379999999999995,-0.07282999999999995,0
NC1=CON=CC(N)=N1,126.11900000000001,5,2,0,1,5,85.99,-0.8828000000000003,0
COc1cnc(=N)[nH]n1,126.119,4,2,1,1,5,74.65,-0.7072300000000002,0
C#Cc1n[nH]nc1CO,123.11499999999998,3,2,1,1,4,61.8,-0.7217,0
COC1=NNC(=N)C1=O,127.10299999999998,4,2,0,1,5,74.53999999999999,-0.9041300000000003,0
N=C1NC(O)=CC1=O,112.08799999999998,3,3,0,1,4,73.18,-0.4646300000000001,0
N=CN1C(=N)NC1C=O,126.11899999999997,3,3,2,1,5,80.04,-1.0415600000000003,1
N=C1N=C(C=O)N=C1N,124.103,4,2,1,1,5,91.66,-1.06813,0
Nc1cc(NC=O)on1,127.103,4,2,2,1,5,81.14999999999999,-0.17490000000000022,0
CN=C1OC(=O)N=C1N,127.10300000000001,4,1,0,1,5,77.03999999999999,-0.47789999999999994,0
COC1=NC(=N)C(N)=N1,126.11900000000001,4,2,0,1,5,83.82,-0.6631300000000002,0
N=C1N=C(N)C(=O)O1,113.076,4,2,0,1,5,88.53000000000002,-1.16483,0
N=C1OCNC=NC1=O,127.10299999999998,4,2,0,1,5,74.53999999999999,-0.9041300000000003,0
N=C1COC(=N)OCO1,130.103,5,2,0,1,5,75.39,-0.08066000000000012,0
N=C1OC=NC1=NCO,127.103,4,2,1,1,5,78.03,-0.6295300000000001,0
N=c1oc(=N)oc(=O)o1,130.059,6,2,0,1,6,104.19000000000001,-1.21526,0
N=CNC(=O)N1CCO1,129.119,3,2,1,1,5,65.42,-0.44972999999999996,0
NC(=O)C1=NC=NC1=O,125.08699999999999,3,1,1,1,5,84.88,-1.5188,0
N=C1COC(=N)NCO1,129.119,4,3,0,1,5,78.19,-0.5076600000000002,0
N=C1OCNC(=O)CO1,130.10299999999998,4,2,0,1,5,71.41,-0.9583300000000003,0
NC=C1N=C(N)N=C1O,126.119,4,3,0,1,5,96.99,-0.9286999999999999,0
N=C1OCOC1=NCO,130.103,5,2,1,1,5,74.9,-0.6837300000000002,0
Nc1cc(NC=O)c[nH]1,125.13099999999999,2,3,2,1,4,70.91,0.1651999999999999,0
O=Cc1nc[nH]c1O,112.08799999999998,3,2,1,1,4,65.98,-0.07220000000000004,0
N=CNc1c[nH]c(=O)o1,127.10299999999998,3,3,2,1,5,81.88000000000001,-0.013130000000000197,0
N=C1N=CN=C1F,99.068,2,1,0,1,4,48.57,0.37357,0
N=C1C=C(N)C(N)=N1,110.12000000000002,3,3,0,1,4,88.25,-0.8229299999999997,0
NC1=NC(=O)N=C1C=O,125.08699999999997,3,1,1,1,5,84.88,-0.8829,0
NC1=NC(CC=O)=C1N,125.13099999999999,4,2,2,1,4,81.47,-0.8835000000000004,0
CN=C(N)n1cc[nH]c1=O,140.146,3,2,0,1,5,76.16999999999999,-1.0310000000000004,0
CN=C1N=CN=C1N,110.12,3,1,0,1,4,63.099999999999994,-0.5861999999999998,0
N=c1occ(N)n1CO,129.11900000000003,5,3,1,1,5,88.17,-0.9074300000000004,0
CC1=NC(=N)N=C1N,110.12,2,2,0,1,4,74.59,-0.24712999999999996,0
Nc1ncoc1C=O,112.08799999999998,4,1,1,1,4,69.12,0.06930000000000003,0
N=c1cnc(CO)no1,127.103,5,2,1,1,5,83.0,-0.9586300000000003,0
Cc1ncc(N)n1C=O,125.131,4,1,1,1,4,60.91,-0.18797999999999998,0
N=C1N=CC(C=O)=N1,109.088,2,1,1,1,4,65.64,-0.35453,0
CC(=O)C1=NC(=N)N1,111.104,2,2,1,1,4,65.31,-0.4881300000000001,0
CC1=NC(=N)N=C1N,110.12,2,2,0,1,4,74.59,-0.24712999999999996,0
CN=C1NN=C(N)C1=N,125.135,4,3,0,1,5,86.62,-1.0901299999999996,0
COC1=NC(=N)C(N)=N1,126.11900000000001,4,2,0,1,5,83.82,-0.6631300000000002,0
N=C1OC(=O)N1C=O,114.05999999999999,4,1,1,1,5,70.46000000000001,-0.47023000000000015,0
NC1CNC(=O)C(=O)O1,130.10299999999998,4,2,0,1,5,81.42,-2.0557999999999996,1
COC1=NC(=N)N=C1O,127.103,2,2,0,1,5,78.03,-0.06383000000000005,0
N=CN1CC(=O)NCO1,129.119,3,2,1,1,5,65.42,-1.0856299999999999,0
COC(=O)C1=NC(=N)O1,128.08700000000002,4,1,1,1,5,71.74,-0.47713,0
N=c1nc(C=O)nc[nH]1,124.10299999999998,4,2,1,1,5,82.49000000000001,-0.9033300000000004,0
O=Cc1nn[nH]c1O,113.07599999999998,4,2,1,1,5,78.87,-0.6772000000000001,0
Cn1ncnc1C=NCO,140.14600000000002,5,1,2,1,5,63.3,-0.8162,0
CNc1cnoc(=N)n1,126.119,5,2,1,1,5,74.80000000000001,-0.40923000000000037,0
CC(=N)Oc1cnon1,127.103,5,1,1,1,5,72.0,0.44556999999999997,0
Cc1nc(N)nn1C=O,126.119,5,1,1,1,5,73.8,-0.7929800000000002,0
O=CNc1nc[nH][n+]1[O-],128.091,3,2,2,1,6,84.72,-1.3885999999999998,0
C#Cc1nn[nH]c1N,108.104,3,2,0,1,4,67.59,-0.6318000000000001,0
N=C1NC(=O)N=CC1O,127.10299999999998,3,3,0,1,5,85.54,-0.8814299999999999,1
N=C1N=C(O)C(=N)O1,113.07599999999998,3,3,0,1,5,89.52,-0.11485999999999996,0
CC1=NC(=O)C(=O)O1,113.07199999999997,3,0,0,1,4,55.730000000000004,-0.5118,0
N#CC(=O)n1ccn1N,124.103,5,1,0,1,5,76.74,-0.8328200000000001,0
Cn1cnnc1NC=O,126.11899999999999,4,1,2,1,5,59.81,-0.6166000000000005,0
N#CCNc1conn1,124.103,5,1,2,1,5,74.74000000000001,0.005079999999999807,0
COC1=NC(N)=NC1=O,127.10300000000001,4,1,0,1,5,77.03999999999999,-1.1138000000000001,0
N=CN1NC(=O)C1=O,113.07599999999998,3,2,1,1,5,73.26,-1.53313,0
CN=C1N=C(N)N=C1N,125.13500000000002,4,2,0,1,5,89.11999999999999,-1.2997999999999994,0
N#Cc1n[nH]c(CO)n1,124.10299999999998,4,2,1,1,5,85.59,-0.8313200000000001,0
COC1=NC(N)=CC1=O,126.115,4,1,0,1,4,64.68,-0.5859000000000001,0
CC(=O)n1cn[nH]c1=N,126.119,4,2,0,1,5,74.53,-0.6492300000000002,0
N=C1OC(=CN)N=C1O,127.103,4,3,0,1,5,91.69,-0.2920300000000003,0
CC1=NN=C(CO)C1=N,125.13099999999999,4,2,1,1,4,68.80000000000001,-0.1710299999999999,0
N=c1nc(C=O)nc[nH]1,124.10299999999998,4,2,1,1,5,82.49000000000001,-0.9033300000000004,0
CN=C1N=C(N)OC1=O,127.103,4,1,0,1,5,77.03999999999999,-1.1138,0
Nc1ncc(O)c(=O)o1,128.087,5,2,0,1,5,89.35000000000001,-0.6774000000000002,0
N[N+](=O)C1=NC(=O)N=C1,127.083,2,1,0,1,6,87.89,-0.7581,0
N=C1OCNC(=O)C(=O)O1,144.08599999999998,5,2,0,1,6,88.48,-1.4317300000000004,0
N=CN1CNC(=O)C1=N,126.11899999999997,3,3,1,1,5,80.04,-1.03996,0
N=C1C=NC(C=O)=C1O,124.09899999999998,4,2,1,1,4,73.51,0.05907000000000007,0
N=C1NC(=O)CNCO1,129.119,4,3,0,1,5,74.21000000000001,-1.3853300000000002,0
O=Cc1n[nH]c(CO)n1,127.10299999999998,4,2,2,1,5,78.87,-0.8905000000000001,0
N=C1NCOC(C=O)O1,130.10299999999998,4,2,1,1,5,71.41,-0.9599300000000002,1
COC1=NN=C(N)C1=O,127.103,5,1,0,1,5,77.03999999999999,-1.1138000000000001,0
N#CC(N)N1N=C1C=N,123.11899999999999,5,2,2,1,5,89.03,-0.9265500000000002,1
N=C1NC(=O)NCO1,115.092,3,3,0,1,5,74.21000000000001,-0.79193,0
NC1COC(=O)NCO1,132.119,4,2,0,1,5,73.58,-1.0149000000000001,1
CC(=O)c1nc(O)n[nH]1,127.103,4,2,1,1,5,78.87,-0.2871000000000001,0
O=c1ncoc(=O)[nH]1,114.05999999999999,4,1,0,1,5,75.96000000000001,-1.2769,0
Cc1nc(N)nc(N)n1,125.13500000000002,5,2,0,1,5,90.71,-0.6555800000000003,0
COC1=NC(C#N)=N1,109.08800000000001,4,0,0,1,4,57.739999999999995,-0.07552000000000003,0
NC1=NC(=O)N=C1N,112.092,3,2,0,1,5,93.83,-1.1656,0
N=CN1C(=O)NC1=O,113.07599999999998,3,2,1,1,5,73.26,-0.26133,0
N=CN1COC(=O)C(=O)N1,143.102,4,2,1,1,6,82.49000000000001,-1.5590300000000004,0
N#CCC1=CN=NC1=N,120.115,3,1,1,1,4,72.36,1.2270499999999998,0
Cc1nc(N)nn1C=O,126.119,5,1,1,1,5,73.8,-0.7929800000000002,0
N=c1ncc(CO)n[nH]1,126.119,4,3,1,1,5,85.65,-1.2235300000000002,0
CC(=O)n1[nH]nc1CO,129.119,4,2,1,1,5,70.91,-0.6364000000000003,0
COC1=NC(=N)C(O)=N1,127.103,3,2,0,1,5,78.03,-0.06383000000000005,0
N=C1NC(=O)OC1=NN,128.091,5,3,0,1,6,100.56,-1.02433,0
Nc1cc(O)c(=O)[nH]n1,127.103,4,3,0,1,5,92.0,-0.9423000000000004,0
N=C1NCC(=O)COC1=N,141.13,4,3,0,1,5,86.03,-0.8701600000000003,0
Cc1noc(=N)c(=N)o1,127.103,5,2,0,1,5,86.87,-0.46504000000000006,0
N=C(N)n1cncn1,111.10799999999999,4,2,0,1,5,80.58,-0.9803300000000004,0
N=CN1CN=COC1=O,127.10299999999997,4,1,1,1,5,65.75,0.03146999999999994,0
O=C1C=NC(CO)=N1,112.088,3,1,1,1,4,62.019999999999996,-1.0118,0
CNC(=O)C1=NN=C1O,127.103,3,2,1,1,5,74.05,-0.9415000000000002,0
C#CC(=N)NC1=NC=N1,120.115,3,2,0,1,4,60.6,-0.41563000000000017,0
N#CCc1cnc(O)o1,124.09899999999998,4,1,1,1,4,70.05,0.44627999999999995,0
N=C1NC(=O)CN=CO1,127.103,4,2,0,1,5,74.54,-0.9041300000000001,0
N=CN1COC(=NO)C1,129.11899999999997,4,2,1,1,5,68.91000000000001,-0.32913000000000037,0
COC1=NC(N)=NC1=O,127.10300000000001,4,1,0,1,5,77.03999999999999,-1.1138000000000001,0
NCC(=O)c1nn[nH]n1,127.10700000000001,5,2,2,1,6,97.55,-1.6589000000000005,0
CN=C1NC(=O)C(=O)O1,128.087,4,1,0,1,5,67.76,-1.3548000000000002,0
N=C1N=CNC(=O)CO1,127.10299999999998,3,2,0,1,5,74.54,-0.9041300000000001,0
NC1=NC(=O)C(CO)=N1,127.10299999999998,4,2,1,1,5,88.03999999999999,-1.7253999999999996,0
N=C(N)C1=NOCC=N1,126.119,4,2,1,1,5,83.82000000000001,-0.66313,0
CC(C#N)c1cnn[nH]1,122.131,3,1,1,1,4,65.36,0.43177999999999994,1
N=C1OCOC(=N)OCO1,146.10199999999998,6,2,0,1,6,84.62,-0.14906000000000014,0
N=C1N=COC(O)C1=O,128.087,4,2,0,1,5,82.74000000000001,-1.0903300000000002,1
NCC1=NC(=O)C(N)=C1,125.13099999999999,3,2,1,1,4,81.47,-1.2311000000000003,0
N=C1C=NC(=O)NOC1,127.103,3,2,0,1,5,74.54,-0.2682300000000002,0
N#CCOc1cnn[nH]1,124.103,4,1,2,1,5,74.59,-0.29292,0
N#CC(O)C1=NC(=O)O1,126.071,4,1,1,1,5,82.67999999999999,-0.58042,1
N#CC(=O)C1=CN=N1,107.072,4,0,1,1,4,65.58,0.38627999999999996,0
CNC1=C(N)C(=O)N=N1,126.11900000000001,4,2,1,1,5,79.83999999999999,-0.6740000000000002,0
CC(O)C1=NN=NC1=O,127.10300000000001,4,1,1,1,5,74.38,-0.28440000000000015,1
Nc1nc(C=O)oc1N,127.10299999999998,5,2,1,1,5,95.14,-0.3485,0
Cn1cnc(=O)oc1=N,127.10299999999998,5,1,0,1,5,71.88,-1.14723,0
C#Cc1n[nH]nc1N=O,122.08699999999999,4,1,1,1,5,71.0,0.18389999999999995,0
CC(=N)C1=NC(=O)N1,111.104,2,2,1,1,4,65.31,0.14777000000000007,0
CC1(C(=N)N)NN1C=O,128.13500000000002,3,3,2,1,5,91.89000000000001,-1.3848300000000002,1
CN=C1C=NC(=N)O1,111.10399999999998,3,1,0,1,4,57.8,0.05046999999999996,0
N=C1NC=NC(C=O)N1,126.11899999999999,3,3,1,1,5,77.34,-1.3327300000000004,1
COC(=O)c1cnoc1N,142.11399999999998,5,1,1,1,5,78.35,0.043399999999999994,0
CC(=O)NC1=NC(N)=N1,126.11900000000001,4,2,0,1,5,79.84,-1.1931999999999996,0
N=C1N=CC(N)=NC1=O,124.10300000000001,3,2,0,1,5,91.66,-1.0681300000000002,0
N=CC1=C(N)C(CO)=N1,125.131,4,3,2,1,4,82.46000000000001,-0.7468300000000001,0
Cc1noc(=N)nc1C=O,139.114,5,1,1,1,5,79.84,-0.33000999999999986,0
Cn1c(N)nnc1C=N,125.13499999999999,5,2,1,1,5,80.58000000000001,-0.6050300000000002,0
COC1=C(N)C(=N)N=N1,126.11900000000001,4,2,1,1,5,83.82000000000001,0.20367000000000018,0
N=C1N=C(C(=N)O)O1,113.07599999999998,3,3,1,1,5,89.52000000000001,-0.11485999999999996,0
N=CN1C=NC(=O)OCN1,142.118,4,2,1,1,6,77.78,-0.4639299999999999,0
N#CCC1=NC=NC1=N,120.115,3,1,1,1,4,72.36,0.36025,0
CC1=NC(=NCO)C=N1,125.13099999999999,3,1,1,1,4,57.31,-0.16249999999999992,0
NC=C1C=NC(N)=[N+]1[O-],126.119,4,2,0,1,5,90.47,-1.3040999999999996,0
O=CNC1=C(CO)N=N1,127.103,4,2,3,1,5,74.05,-0.6404000000000003,0
N=C1C[N+]([O-])=COCO1,130.10299999999998,4,1,0,1,5,68.38000000000001,-0.49343000000000004,0
N=CN1C=C(O)OC(=N)O1,143.10199999999998,5,3,1,1,6,89.63000000000001,0.14894000000000007,0
NC1=C(NCO)C(=O)O1,130.10299999999998,5,3,2,1,5,84.58,-1.7896,0
Cn1ncnc1CO,113.11999999999999,4,1,1,1,4,50.94,-0.6926000000000001,0
CC(=O)c1cnon1,112.088,4,0,1,1,4,55.99,0.2722,0
N=C1NC(C=O)CO1,114.104,3,2,1,1,4,62.18000000000001,-0.8915300000000002,1
N=C1COC(=N)OCO1,130.103,5,2,0,1,5,75.39,-0.08066000000000012,0
C#Cc1n[nH]nc1N,108.104,3,2,0,1,4,67.59,-0.6318000000000001,0
Cn1ncc(=O)c(=O)[nH]1,127.103,4,1,0,1,5,67.75,-1.5314000000000003,0
CC(=O)n1cnc(=O)[nH]1,127.103,4,1,0,1,5,67.75,-0.7685000000000002,0
N=C1N=C(O)C(C=O)=N1,125.08699999999997,2,2,1,1,5,85.86999999999999,-0.4688300000000001,0
CC(=O)C1=NC(=N)N=N1,124.10300000000001,3,1,1,1,5,78.0,0.3744700000000001,0
N=c1occ(N)n1C=O,127.10300000000001,5,2,1,1,5,85.00999999999999,-0.8189300000000002,0
CCc1noc(=O)n1O,130.103,5,1,1,1,5,68.26,-0.36400000000000005,0
N=C1OC(=O)OCC1N,130.10299999999998,5,2,0,1,5,85.39999999999999,-0.54223,1
CN1CC(=N)OC(=O)N1,129.119,4,2,0,1,5,65.42,-0.44973000000000013,0
Nc1ncoc1NC=O,127.10299999999998,4,2,2,1,5,81.15,-0.17490000000000022,0
N#CCC(=O)C1=NO1,110.07199999999999,4,0,2,1,4,65.75,-0.18712000000000006,0
N=C1N=CC(CCO)=N1,125.131,2,2,2,1,4,68.8,-0.17102999999999996,0
COC1=NC(=N)N=C1N,126.11900000000001,3,2,0,1,5,83.82,-0.66313,0
CC1=NC(=O)C(N)=N1,111.104,3,1,0,1,4,67.81,-0.6978,0
N=C1OCNC(=O)CO1,130.10299999999998,4,2,0,1,5,71.41,-0.9583300000000003,0
N=C1NC(O)C(=N)CO1,129.119,4,4,0,1,5,89.19000000000001,-1.1208600000000002,1
O=CN=c1[nH]oncc1=O,141.08599999999998,4,1,1,1,6,88.32,-1.5800000000000005,0
NC1=NC(C=O)=CN(N)N1,141.134,6,3,1,1,6,96.74,-1.9646999999999997,0
N=C1C(N)=NC=[N+]1[O-],112.09199999999998,4,2,0,1,5,88.30000000000001,-1.12693,0
N=c1ncoc(=O)o1,114.05999999999999,5,1,0,1,5,80.09,-0.89273,0
N=CC1NC(C=O)OC1=O,142.11399999999998,5,2,2,1,5,79.25,-1.32403,2
N=C1NCOC(=O)CO1,130.103,4,2,0,1,5,71.41,-0.9583300000000001,0
COc1coc(=O)nn1,128.087,5,0,1,1,5,65.22,-0.5616000000000001,0
N=CN1COC(=O)CO1,130.10299999999998,4,1,1,1,5,62.620000000000005,-0.6586300000000003,0
N#CCNc1nocc1N,138.12999999999997,5,2,2,1,5,87.87,0.19228000000000006,0
N=C1COC(=N)C(=O)N1,127.103,4,3,0,1,5,86.03,-0.9126600000000002,0
N=C1NCC(C(N)=O)O1,129.119,3,3,1,1,5,88.2,-1.60513,1
N=C1C=C(N)N1CO,113.12,3,3,1,1,4,73.34,-0.9708300000000001,0
CC(=O)c1n[nH]c(=N)o1,127.103,4,2,1,1,5,82.74,-0.31523000000000007,0
N=C1NC(=O)C(C=O)CO1,142.11399999999998,4,2,1,1,5,79.25000000000001,-1.11733,1
COc1n[nH]c(=O)n1C=N,142.118,5,2,2,1,6,83.75999999999999,-0.9648300000000001,0
NC(=O)C1C=NN=C1N,126.11900000000001,4,2,1,1,5,93.83,-1.5554999999999997,1
N#CCn1cnnc1N,123.119,5,1,1,1,5,80.52,-0.6161200000000002,0
CNC1=NC(C=O)NC1=O,141.12999999999997,4,2,1,1,5,70.56,-1.7409000000000001,1
CC1=NC(N)=NC1=O,111.104,3,1,0,1,4,67.81,-0.6978,0
N=c1ccnc(N)n1C=O,138.13,5,2,1,1,5,84.75999999999999,-1.0169300000000001,0
COC(=N)N1N=CC1=N,126.119,4,2,0,1,5,72.53,-0.15376,0
N=c1ncc(CO)no1,127.103,5,2,1,1,5,83.0,-0.9586300000000001,0
Nc1nc(C=O)n[nH]1,112.09199999999998,4,2,1,1,5,84.66,-0.8006000000000002,0
N=CN1C(=O)NCC1CO,143.146,3,3,2,1,5,76.42,-1.0204300000000002,1
N=C1OCC(=O)OC(=N)O1,144.08599999999998,6,2,0,1,6,92.46,-0.5540600000000002,0
Nc1cc(OC=O)n[nH]1,127.103,4,2,2,1,5,81.0,-0.47290000000000026,0
N=C1C(C=O)=CN=C1N,123.11500000000001,4,2,1,1,4,79.3,-0.5402300000000002,0
CNc1cnoc(=O)n1,127.103,5,1,1,1,5,68.02000000000001,-0.5285000000000002,0
COc1nn[nH]c1C=O,127.10299999999998,4,1,2,1,5,67.87,-0.37420000000000025,0
COC1=NC(CN)=[N+]1[O-],129.11900000000003,4,1,1,1,5,73.67999999999999,-1.1300999999999997,0
CN=c1nc(O)[nH]n1C#N,139.118,5,2,0,1,6,89.99000000000001,-1.2235200000000004,0
N=c1oc(=N)oc(=O)o1,130.059,6,2,0,1,6,104.19000000000001,-1.21526,0
CNC1=NC(=O)OC1=N,127.10299999999998,4,2,0,1,5,74.53999999999999,-0.2682300000000001,0
NC(=NO)C1(C=O)CO1,130.10299999999998,4,2,2,1,5,88.21000000000001,-1.2993000000000003,1
N=C1OC(C=O)=C1N,112.088,4,2,1,1,4,76.17,-0.63693,0
N=c1[nH]c(=O)oc(=N)o1,129.075,5,3,0,1,6,106.83999999999999,-1.4801599999999997,0
NCC1=NNC(=O)C1=O,127.10299999999997,4,2,1,1,5,84.54999999999998,-2.0,0
N=C1OC(C=O)OC1=N,128.087,5,2,1,1,5,83.22999999999999,-0.48725999999999997,0
N=C1OC(=O)C=C1N,112.088,4,2,0,1,4,76.17,-0.63693,0
N=C1N=CC(=N)OCN1,126.119,3,3,0,1,5,81.32000000000001,-0.45346000000000014,0
Nc1ncnc(C=O)n1,124.10299999999998,5,1,1,1,5,81.76,-0.7337,0
COC1=NC(O)=C1N,114.104,4,2,0,1,4,67.84,-0.2693,0
N=C1C=C(CCO)N=N1,125.131,3,2,2,1,4,68.8,0.69577,0
N=Cc1oc(=N)oc1O,128.087,5,3,1,1,5,94.21000000000001,0.05534,0
N=C1OCC(=O)C(=N)O1,128.087,5,2,0,1,5,83.23,-0.48566000000000015,0
O=C1COCCNC1=O,129.115,3,1,0,1,4,55.4,-1.2980999999999998,0
CNc1noc(C=O)n1,127.10299999999998,5,1,2,1,5,68.02000000000001,-0.07619999999999999,0
N=C1NCCOC(=N)O1,129.119,4,3,0,1,5,78.19000000000001,-0.50766,0
N=C1CNC(=O)C(=N)O1,127.10299999999998,4,3,0,1,5,86.03000000000002,-0.9126600000000002,0
NCc1nc(C=O)n[nH]1,126.11899999999999,4,2,2,1,5,84.66,-0.9241000000000004,0
N=Cc1cnc(=N)[nH]n1,123.119,4,3,1,1,5,89.27,-0.7181600000000001,0
NC1=NC(=O)C(C=O)=N1,125.08699999999997,4,1,1,1,5,84.88,-1.5188,0
N=Cc1nc(N)n(C=N)n1,138.13400000000001,6,3,2,1,6,104.42999999999999,-0.6868600000000002,0
NC(=O)n1nccc1N,126.11899999999999,4,2,0,1,5,86.93,-0.6079000000000003,0
N=c1[nH]c(=O)oc(=N)o1,129.075,5,3,0,1,6,106.83999999999999,-1.4801599999999997,0
N#Cc1nnc(C=O)[nH]1,122.08699999999997,4,1,1,1,5,82.43,-0.51112,0
NC1=CC(=O)N=C1N,111.10400000000001,3,2,0,1,4,81.47,-1.2736000000000003,0
NC1=NC=NOC1=CO,127.10299999999997,5,2,0,1,5,80.2,-0.28350000000000014,0
COC1=NC(=O)C(O)=N1,128.087,3,1,0,1,5,71.25,-0.5145,0
N=C1N=C(O)C(CO)=N1,127.10299999999998,2,3,1,1,5,89.03,-0.6754300000000002,0
CC(=O)Nc1nc[nH]n1,126.119,3,2,1,1,5,70.67,-0.23690000000000028,0
N=C1OCC(=O)C(=N)O1,128.087,5,2,0,1,5,83.23,-0.48566000000000015,0
N=C1OCC(=O)C(=N)O1,128.087,5,2,0,1,5,83.23,-0.48566000000000015,0
N=CN1OCCOC1=N,129.119,4,2,1,1,5,69.4,-0.2079600000000001,0
NC1=NC(=O)N=C1N,112.092,3,2,0,1,5,93.83,-1.1656,0
N=c1[nH]c(=O)c(O)co1,128.087,4,3,0,1,5,90.08,-0.84703,0
N=CN1C=NC1=NC=O,124.10299999999998,2,1,2,1,5,68.88,-0.55023,0
COC1=NC(=N)OC1=O,128.087,4,1,0,1,5,71.74000000000001,-0.47713,0
O=C(O)Cc1cn[nH][n+]1[O-],143.102,3,2,2,1,6,92.91999999999999,-1.3297999999999999,0
CC(=O)n1cnc(=O)o1,128.087,5,0,0,1,5,65.1,-0.5036,0
N=C1NCC(=O)OCO1,130.103,4,2,0,1,5,71.41000000000001,-0.9583300000000001,0
CN=C1OCC(=O)C(=N)O1,142.114,5,1,0,1,5,71.74,-0.43463,0
CC(=N)Oc1cnno1,127.103,5,1,1,1,5,72.0,0.44556999999999997,0
NC1=NC(CO)=CC1=O,126.11499999999997,4,2,1,1,4,75.68,-1.1975000000000002,0
NC1=NC(=O)C(C=O)=N1,125.08699999999997,4,1,1,1,5,84.88,-1.5188,0
N#CCC1=NC(=N)N=C1,120.115,2,1,1,1,4,72.36,0.36025000000000007,0
N=C1COC(=N)OCN1,129.119,4,3,0,1,5,78.19,-0.5076600000000002,0
CN=C1COC(=O)C(=N)N1,141.13,4,2,0,1,5,74.53999999999999,-0.8616300000000001,0
N=C1OCC(=O)OC1=N,128.087,5,2,0,1,5,83.22999999999999,-0.48566000000000015,0
Cc1noc(=N)n1O,115.092,5,2,0,1,5,75.04,-0.49871000000000015,0
N=C1C=NN=C1CO,111.10399999999998,4,2,1,1,4,68.8,-0.5611300000000001,0
COc1nc(=N)on1C=O,143.102,6,1,2,1,6,81.10999999999999,-0.99753,0
N=CC1=NC(=O)C(N)=C1,123.115,3,2,1,1,4,79.3,-0.54023,0
Cc1c[nH]nnc1=O,111.104,3,1,0,1,4,58.64,-0.52668,0
Cn1ncnc1C=N,110.11999999999999,4,1,1,1,4,54.56,-0.18722999999999973,0
N=C1OC(=O)CC(=O)O1,129.071,5,1,0,1,5,76.45,-0.58873,0
CC(O)c1c[nH]n[n+]1[O-],129.119,3,2,1,1,5,75.85,-0.9036000000000002,1
Nc1cnoc1C=NC=O,139.11399999999998,4,1,2,1,5,81.47999999999999,-0.16789999999999994,0
CN=C1NN=NC1=O,112.092,3,1,0,1,5,66.18,-0.4883000000000001,0
CC1=NC(=N)N=C1N,110.12,2,2,0,1,4,74.59,-0.24712999999999996,0
CN=C1OC(=O)NC1=N,127.103,4,2,0,1,5,74.53999999999999,-0.2682300000000001,0
N=C1OC=CNOC1=O,128.087,5,2,0,1,5,71.41,-0.48713000000000023,0
Cc1nc(=N)[nH]n1CN,127.15100000000001,4,3,1,1,5,83.48,-1.0847099999999998,0
N=CC1=NC(N)=NC1=O,124.10300000000001,4,2,1,1,5,91.66,-1.0681300000000002,0
O=CC1COC(=O)NC1=O,143.09799999999998,4,1,1,1,5,72.47,-0.9321000000000002,1
CC(=O)Oc1cn[nH]n1,127.10300000000001,4,1,1,1,5,67.87,-0.2700000000000002,0
N=C1N=C(N)C(C=O)=N1,124.103,3,2,1,1,5,91.66000000000001,-1.06813,0
N=C1NC(=O)NC1=O,113.076,3,3,0,1,5,82.05000000000001,-1.19693,0
N=C1NC(=O)OCO1,116.076,4,2,0,1,5,71.41000000000001,-0.36493,0
N=C1N=CC(F)=NC1=O,127.078,2,1,0,1,5,65.64,-0.05732999999999994,0
N=c1nc(C=O)cn[nH]1,124.10299999999998,4,2,1,1,5,82.49000000000001,-0.9033300000000002,0
N=C1COC(=N)C(=O)O1,128.087,5,2,0,1,5,83.23,-0.48566000000000015,0
NC(=O)C1=NN=C1N,112.09200000000001,4,2,1,1,5,93.83,-1.8014999999999999,0
COc1cnoc1C=O,127.09899999999998,4,0,2,1,4,52.330000000000005,0.4956999999999999,0
CC(N)n1nc(C=O)o1,129.11899999999997,5,1,2,1,5,74.05000000000001,-0.2341999999999999,1
Nc1cnc(N)c(N)n1,125.13500000000002,5,3,0,1,5,103.83999999999999,-0.7767999999999999,0
N=c1oc(CO)cn1N,129.119,5,3,1,1,5,88.17,-1.23333,0
N=C1OC(=O)NCC1=O,128.087,4,2,0,1,5,79.25,-0.7274300000000002,0
Cc1nnc(NC=O)[nH]1,126.11899999999999,3,2,2,1,5,70.67,-0.31858000000000025,0
NC(=O)c1nc[nH]n1,112.092,3,2,1,1,5,84.66000000000001,-1.0964000000000005,0
Cc1nnc(CO)c(=O)[nH]1,141.13,4,2,1,1,5,78.87,-1.03438,0
O=Cc1cn[nH]c(=O)n1,125.08699999999999,4,1,1,1,5,75.71000000000001,-1.0226,0
COc1c(O)c1=NCO,129.115,4,2,2,1,4,62.05,-0.8731000000000002,0
N=C1OC=COC(=N)O1,128.087,5,2,0,1,5,75.39,0.39053999999999994,0
N=C1NC(=N)C(=O)OCO1,143.102,5,3,0,1,6,95.26000000000002,-0.98106,0
COC1=NC(=O)C(N)=N1,127.10300000000001,4,1,0,1,5,77.03999999999999,-1.1138000000000003,0
CC1=NC(=N)N=C1N,110.12,2,2,0,1,4,74.59,-0.24712999999999996,0
N=C1NC(=O)OCCO1,130.103,4,2,0,1,5,71.41000000000001,-0.32243,0
CC(=O)OC1=NC(N)=N1,127.10300000000002,5,1,0,1,5,77.03999999999999,-0.7662,0
NC(=O)c1ccoc1N,126.11499999999998,3,2,1,1,4,82.25,-0.0393,0
CC1=NC(=O)OC1=NO,128.087,4,1,0,1,5,71.25,0.3852000000000001,0
Cc1ncc(=NO)on1,127.103,5,1,0,1,5,71.51,-0.3320800000000001,0
N#CC(=N)NC1CN1C=O,138.13,3,2,2,1,5,79.75,-1.1250499999999999,1
N=C1N=C(C(N)=O)O1,113.076,3,2,1,1,5,88.53000000000002,-1.1648300000000003,0
N=C1OC=C(N)NCO1,129.11900000000003,5,3,0,1,5,80.36,-0.7273300000000003,0
N=CC1(O)CNN=CO1,129.119,5,3,1,1,5,77.7,-1.1123300000000003,1
N=CN1CC(=O)C(=O)N1,127.10299999999998,3,2,1,1,5,73.26,-1.4906300000000001,0
CNC1=NC(=O)NC1=O,127.10299999999998,3,2,0,1,5,70.56,-1.1459000000000001,0
N=Cn1o[n+]([O-])c1CO,131.091,5,2,2,1,6,89.09,-1.33803,0
N=C1N=COC1=NCO,127.103,4,2,1,1,5,78.03,-0.6295300000000001,0
N=C1NC(C=O)=C1N,111.104,3,3,1,1,4,78.97,-1.0639300000000003,0
CC(N)C1=CN=NC1=O,125.13099999999999,3,1,1,1,4,67.81,0.2099000000000001,1
N=C1ON=C(CO)C1=O,128.087,5,2,1,1,5,82.74000000000001,-1.0887300000000002,0
Nc1ncnc(C=O)n1,124.10299999999998,5,1,1,1,5,81.76,-0.7337,0
N=CN1OCC1(N)C=O,129.119,4,2,2,1,5,79.41,-1.30543,1
N=C1COC(=N)OCO1,130.103,5,2,0,1,5,75.39,-0.08066000000000012,0
N=C1OCOC(=N)C1=N,127.103,5,3,0,1,5,90.00999999999999,-0.034989999999999966,0
CC1(OC(=N)O)NC1=O,130.10299999999998,3,3,1,1,5,92.32,-0.6582300000000001,1
Cn1cnc(=O)n1CO,129.119,5,1,1,1,5,60.05,-1.4684000000000004,0
N=c1[nH]nncc1N,111.108,4,3,0,1,5,91.44,-1.1336300000000004,0
CNC1=NC(N)=NC1=O,126.119,4,2,0,1,5,79.84,-1.5408,0
N=C1N=C(O)C(=O)O1,114.05999999999997,3,2,0,1,5,82.74,-0.5655300000000001,0
O=c1cnc(CO)n[nH]1,127.103,4,2,1,1,5,78.87,-1.3428000000000002,0
Nc1cc(O)noc1=O,128.087,5,2,0,1,5,89.35,-0.6774,0
CC(N)C1=NC=NC1=O,125.13099999999999,3,1,1,1,4,67.81,-0.6569,1
Cn1cnc(N)nc1=N,125.135,5,2,0,1,5,80.58000000000001,-1.12323,0
CC(=O)C1=NC(=N)N1,111.104,2,2,1,1,4,65.31,-0.4881300000000001,0
N=C1NCCC(=O)OC1=N,141.13,4,3,0,1,5,86.03,-0.5225600000000004,0
N#CCNc1cnc(O)o1,139.11399999999998,5,2,2,1,5,82.08,0.3156799999999998,0
CC1=NN=C(N)C1=N,110.12,4,2,0,1,4,74.59,-0.24712999999999996,0
Nc1[nH]c(C=O)nc1CO,141.13,4,3,2,1,5,92.00000000000001,-0.7033000000000003,0
COC1NC(=O)C(=N)O1,130.103,4,2,1,1,5,71.41,-0.95993,1
N=C1CNC(=O)C(=O)N1,127.10299999999998,3,3,0,1,5,82.05000000000001,-1.79033,0
N=C1NC(=O)OC1C=O,128.087,4,2,1,1,5,79.25,-0.7290300000000001,1
O=CC1OC(CO)NC1=O,145.11399999999998,4,2,2,1,5,75.63,-1.9812999999999996,2
Cn1cc(NC=O)c(=O)o1,142.11399999999998,4,1,2,1,5,64.24000000000001,-0.4534,0
O=CC(=O)c1nnc[nH]1,125.087,4,1,2,1,5,75.71000000000001,-0.8137000000000001,0
NC(=O)OC1=NC1C=O,128.087,4,1,1,1,5,81.75,-0.9387000000000001,1
NC(=O)N1NCC1=O,115.09199999999998,3,2,0,1,5,75.43,-1.5880999999999998,0
COC1=NC(=O)C(N)=N1,127.10300000000001,4,1,0,1,5,77.03999999999999,-1.1138000000000003,0
N=C1N=CC(N)=[N+]1[O-],112.09200000000001,3,2,0,1,5,88.30000000000001,-1.12693,0
N=C1OCC(=O)C(=N)O1,128.087,5,2,0,1,5,83.23,-0.48566000000000015,0
N=CN=C1N=CN=C1O,124.10299999999998,2,2,1,1,5,81.16,-0.009630000000000083,0
Cn1ocnc1=NC=O,127.103,4,0,1,1,5,60.39,-0.9298000000000002,0
N=C1N=COC(=O)CO1,128.087,4,1,0,1,5,71.74,-0.47713000000000005,0
N=CN=C1N=NC=C1N,123.119,3,2,1,1,5,86.95,0.2578700000000001,0
COc1nc(N)c(O)o1,130.103,5,2,1,1,5,81.51,-0.02899999999999997,0
N=c1nc(C=O)cn[nH]1,124.10299999999998,4,2,1,1,5,82.49000000000001,-0.9033300000000002,0
CNC(=O)C1=NC(O)=N1,127.103,3,2,1,1,5,74.05,-0.9415,0
O=CCOc1cn[nH]n1,127.103,4,1,3,1,5,67.87,-0.6176000000000004,0
N=CN=Cc1n[nH]nc1O,139.11800000000002,4,3,2,1,6,98.01,-0.4637300000000001,0
N=C1N=C(CO)N=C1N,126.119,4,3,1,1,5,94.82,-1.2747300000000001,0
Nc1ncc(NC=O)o1,127.10299999999998,4,2,2,1,5,81.14999999999999,-0.17490000000000022,0
N=C(O)C1=NC(=O)N=C1,125.08699999999999,2,2,1,1,5,85.86999999999999,0.16707000000000005,0
N=C1NCC(=O)N=CO1,127.103,3,2,0,1,5,74.54,-0.9041300000000001,0
Cc1nc(N)cc(=O)[n-]1,124.12299999999999,3,1,0,1,4,70.08,-0.7103800000000002,0
N=CN1C=NC(=O)NC1,126.11899999999999,2,2,1,1,5,68.55,-0.39553000000000016,0
N#Cc1n[nH]c(C=N)n1,121.10299999999998,4,2,1,1,5,89.21,-0.32595000000000013,0
COc1nnc(C=N)[nH]1,126.11899999999999,4,2,2,1,5,74.65,-0.18903000000000014,0
Cc1n[nH]nc1CC#N,122.131,3,1,1,1,4,65.36,0.17919999999999997,0
N#Cc1onnc1CO,125.08699999999999,5,1,1,1,5,82.94,-0.5664199999999999,0
N=C1OC(=N)C(=NO)O1,129.075,6,3,0,1,6,98.75,-0.26705999999999996,0
COC1=NC(=O)C(N)=N1,127.10300000000001,4,1,0,1,5,77.03999999999999,-1.1138000000000003,0
N=C1NC=NC(C=O)O1,127.10299999999998,4,2,1,1,5,74.54,-0.9057300000000001,1
Nc1[nH]cnc1C=O,111.10399999999998,3,2,1,1,4,71.77000000000001,-0.19559999999999994,0
N=c1[nH]c(C=NO)co1,127.10299999999998,4,3,1,1,5,85.37,-0.10473000000000038,0
Cc1n[nH]c(=O)n1NC=O,142.118,4,2,2,1,6,79.78,-1.4202800000000004,0
N=C1NCC(=O)C(O)O1,130.10299999999998,4,3,0,1,5,82.41000000000001,-1.5715300000000003,1
CN=C1C=NN=C1N,110.12,4,1,0,1,4,63.099999999999994,-0.5862,0
N=c1cnc(N)nn1O,127.10700000000001,6,3,0,1,6,100.81000000000002,-1.42293,0
N=C1N=C(C=O)N=C1N,124.103,4,2,1,1,5,91.66,-1.06813,0
CC(=O)C1=NC(N)=N1,111.10400000000001,4,1,1,1,4,67.81,-0.6978,0
Cc1[nH]nnc1NC=O,126.11899999999999,3,2,2,1,5,70.67,-0.31858000000000025,0
N=C1NC=COC(=N)O1,127.103,4,3,0,1,5,78.19000000000001,-0.03646000000000005,0
COc1ncnn1C,113.12,4,0,1,1,4,39.940000000000005,-0.17630000000000012,0
N=C1OCNC(=O)CO1,130.10299999999998,4,2,0,1,5,71.41,-0.9583300000000003,0
COC1=NC(=O)N=C1N,127.10300000000001,3,1,0,1,5,77.03999999999999,-0.47789999999999994,0
N=C1OCC(=O)C(=N)O1,128.087,5,2,0,1,5,83.23,-0.48566000000000015,0
NC1=NC(=O)C(C=O)=N1,125.08699999999997,4,1,1,1,5,84.88,-1.5188,0
N=C1COC(=N)OC1,114.104,4,2,0,1,4,66.16,-0.012260000000000104,0
N#CC1CNC(=O)CN1,125.13099999999999,3,2,0,1,4,64.92,-1.4020199999999998,1
N=CN1CC(=O)N=[N+]1[O-],128.091,3,1,1,1,6,82.59,-0.6868299999999998,0
CCc1nn[nH]c(=O)c1N,140.14599999999996,4,2,1,1,5,84.66,-0.6905000000000001,0
N=C1OC(=NO)C1C=O,128.087,5,2,1,1,5,82.74000000000001,-0.4033300000000002,1
COC1=NC(N)=NC1=O,127.10300000000001,4,1,0,1,5,77.03999999999999,-1.1138000000000001,0
N#CN=Cn1ccoc1=N,136.11399999999998,5,1,1,1,5,78.07,-0.08195000000000002,0
N=C1N=COC(=O)CO1,128.087,4,1,0,1,5,71.74,-0.47713000000000005,0
N=C1OC=NC(=O)C1=O,126.07099999999998,4,1,0,1,5,79.58,-0.8821300000000001,0
N=C(O)C1=NC(=O)C=N1,125.08699999999999,3,2,1,1,5,85.86999999999999,-0.4688300000000001,0
Nc1ncc(OC=O)cn1,139.11399999999998,5,1,2,1,5,78.10000000000001,-0.40600000000000014,0
N=C1OCC(CN)=NC1=O,141.13000000000002,4,2,1,1,5,88.53,-1.0798300000000003,0
N=C1ON=C(F)C1=N,115.067,4,2,0,1,5,69.28999999999999,0.29664,0
Nc1coc(=O)n1C=O,128.087,5,1,1,1,5,78.22999999999999,-0.9381999999999999,0
N#CN=CC1=NOC1=N,122.087,5,1,1,1,5,81.59,-0.09825,0
N#CC(N)C1=NC=N1,108.104,4,1,1,1,4,74.53,-0.7223200000000001,1
NN=C1C=C(O)N=C1O,127.10299999999998,4,3,0,1,5,91.2,-0.32939999999999997,0
N=CC1=NC=NC1=N,108.104,3,2,1,1,4,72.42,0.09614,0
N=C1N=CC(=O)OCO1,128.087,4,1,0,1,5,71.74000000000001,-0.47713000000000005,0
N=CC1=NC=NC1=N,108.104,3,2,1,1,4,72.42,0.09614,0
N=C1OC(=O)CNC1=O,128.087,4,2,0,1,5,79.25,-1.36333,0
N=C1COC(=N)NCO1,129.119,4,3,0,1,5,78.19,-0.5076600000000002,0
N=CC1NN(C=N)CO1,128.135,4,3,2,1,5,72.2,-0.63656,1
Cc1nnc(=O)[nH]n1,112.092,4,1,0,1,5,71.53,-1.1316800000000002,0
C#Cc1nnoc(=N)n1,122.08699999999999,5,1,0,1,5,75.66,-1.0746300000000002,0
N=c1nc(N)nco1,112.092,5,2,0,1,5,88.79,-0.8687300000000002,0
COC1=C(N)N=NC1=N,126.11900000000001,4,2,1,1,5,83.82,0.20367000000000007,0
COC1=COC(=O)C1=N,127.09899999999999,4,1,1,1,4,59.38,0.050769999999999926,0
COC1=NC(N)=NC1=O,127.10300000000001,4,1,0,1,5,77.03999999999999,-1.1138000000000001,0
Nc1nn[nH]c1C=O,112.09199999999997,4,2,1,1,5,84.66,-0.8006000000000004,0
N#Cc1nonc1CN,124.10300000000001,5,1,1,1,5,88.73,-0.60002,0
Cc1nnc(C=N)nn1,123.119,5,1,1,1,5,75.41,-0.42731,0
CC1=NC(=O)N=C1O,112.08799999999998,1,1,0,1,4,62.019999999999996,0.5374000000000001,0
Cn1c(N)nnc1C=O,126.11899999999999,5,1,1,1,5,73.80000000000001,-0.7902,0
NC1=NC(=O)C(=O)N1,113.07599999999998,3,2,0,1,5,84.55,-2.0425000000000004,0
CC1=NC(=N)N=C1N,110.12,2,2,0,1,4,74.59,-0.24712999999999996,0
N=C1COC(=N)OCO1,130.103,5,2,0,1,5,75.39,-0.08066000000000012,0
CN=c1cnc(N)no1,126.119,5,1,0,1,5,77.3,-0.8177000000000001,0
NC(=O)C1=NN=C1N,112.09200000000001,4,2,1,1,5,93.83,-1.8014999999999999,0
Cc1noc(OC#N)n1,125.087,5,0,1,1,5,71.94,0.23789999999999994,0
N=C1N=C(N)C(C=O)=N1,124.103,3,2,1,1,5,91.66000000000001,-1.06813,0
Nc1cnc(O)n1C=O,127.10299999999998,5,2,1,1,5,81.13999999999999,-0.7908000000000002,0
N=CN1CN=C(C=O)O1,127.10299999999997,4,1,2,1,5,65.75,-0.6044300000000002,0
CNC(=O)C1=NC(=N)O1,127.103,3,2,1,1,5,74.54,-0.9041300000000001,0
N=C1NC(=N)C(=O)O1,113.076,4,3,0,1,5,86.03000000000002,-0.95516,0
N=c1nncc(C=O)o1,125.08699999999997,5,1,1,1,5,79.84,-0.6384300000000003,0
N=C1OC(O)C(C=O)O1,131.087,5,2,1,1,5,79.61,-1.1461300000000003,2
N=C1NCOC(C=O)N1,129.119,3,3,1,1,5,74.21,-1.3869300000000004,1
N=C1N=CN=C1C=O,109.08799999999998,3,1,1,1,4,65.64,-0.35453,0
Nc1nc(C=O)cn1N,126.11899999999999,5,2,1,1,5,86.92999999999999,-1.0084,0
Nc1cc(=O)[nH]c(N)n1,126.11900000000001,4,3,0,1,5,97.79,-1.0657000000000003,0
Cc1nnc(N)c(N)n1,125.13500000000002,5,2,0,1,5,90.71,-0.6555800000000003,0
N=C1N=NC(C=O)O1,113.07599999999998,4,1,1,1,5,74.87,-0.07142999999999994,1
CC1=NN=C(CO)C1=O,126.11499999999998,4,1,1,1,4,62.02,-0.6216999999999999,0
O=CC1N=CC(=O)NCO1,142.11399999999998,4,1,1,1,5,67.76,-1.3139000000000003,1
N=C1OC=NC(=O)C1=O,126.07099999999998,4,1,0,1,5,79.58,-0.8821300000000001,0
Cn1c(N)nnc1C=O,126.11899999999999,5,1,1,1,5,73.80000000000001,-0.7902,0
NC1=NC(=O)N1CC=O,127.10299999999998,3,1,2,1,5,75.75999999999999,-1.0644,0
N=C1NCC(C=O)OCO1,144.12999999999997,4,2,1,1,5,71.41000000000001,-0.91743,1
N=C1OC(C=O)C1=NO,128.087,5,2,1,1,5,82.74,-0.6084300000000002,1
C#Cc1cnnc(=N)o1,121.09899999999999,4,1,0,1,4,62.77,-0.46963000000000016,0
N=C1OCOC(=O)C1=N,128.087,5,2,0,1,5,83.23,-0.48566000000000015,0
N=Cn1[nH]c(=O)cc1N,126.11899999999999,4,3,1,1,5,87.66,-0.7862300000000002,0
CC(=O)C1=NOC1=O,113.07199999999999,4,0,1,1,4,55.73,-0.5118,0
NC1=NC=NCC(=O)O1,127.10299999999998,5,1,0,1,5,77.04,-1.1138000000000001,0
Nc1nc(C=O)c(O)o1,128.08699999999996,5,2,1,1,5,89.35,-0.2250999999999999,0
CC1NC(=N)OC(=O)O1,130.10299999999998,4,2,0,1,5,71.41,0.023570000000000202,1
NC(=O)C1=NC(N)=N1,112.09200000000001,4,2,1,1,5,93.83,-1.8014999999999999,0
CCn1cc(O)c(N)n1,127.147,4,2,1,1,4,64.07,0.19080000000000003,0
CN=C1N=CN=C1O,111.10399999999998,2,1,0,1,4,57.31,0.013100000000000056,0
N=C1OCC(N)OC1O,132.119,5,3,0,1,5,88.56,-1.38633,2
N=C1COC(=N)C(=O)O1,128.087,5,2,0,1,5,83.23,-0.48566000000000015,0
NC1=NNC(=O)C1=O,113.07599999999998,4,2,0,1,5,84.54999999999998,-2.0425,0
NC1=NC(=O)N=C1N,112.092,3,2,0,1,5,93.83,-1.1656,0
N=C1NCN=C(O)CO1,129.119,3,3,0,1,5,77.7,-0.5450300000000001,0
N=C1C(O)=CN=C1N,111.10400000000001,4,3,0,1,4,82.46,-0.22362999999999988,0
N=C1COC(=N)OCCO1,144.13,5,2,0,1,5,75.39,-0.038160000000000194,0
COC1=NNC(=N)C1=N,126.11899999999999,4,3,0,1,5,81.32,-0.45346000000000036,0
C#CC1=NN=C1NC=O,121.09899999999998,3,1,1,1,4,53.82,-0.8663000000000001,0
COC1=NC(=N)OC1=O,128.087,4,1,0,1,5,71.74000000000001,-0.47713,0
NC1=CC(=O)C(=O)O1,113.07199999999999,4,1,0,1,4,69.39,-1.0876000000000001,0
N=c1cnoc(=O)n1N,128.091,6,2,0,1,6,97.89999999999999,-1.9704300000000003,0
Cn1ncc(=N)nn1,111.10800000000002,5,1,0,1,5,67.45,-1.3104300000000002,0
N=CN1CCOC(=O)N1,129.119,3,2,1,1,5,65.42,-0.44973000000000013,0
N=c1oc(=N)oc(=N)o1,129.075,6,3,0,1,6,110.97000000000001,-1.0959900000000002,0
N=Cc1n[nH]c(C=O)n1,124.10299999999998,4,2,2,1,5,82.49,-0.3851300000000002,0
N=C1OC(=N)C(CO)O1,130.10299999999998,5,3,1,1,5,86.39,-0.6938600000000001,1
NC1=CC(=O)C(N)=N1,111.10400000000001,4,2,0,1,4,81.47,-1.2735999999999998,0
N=CC1NC(=O)N1C=O,127.103,3,2,2,1,5,73.26,-0.85633,1
C#Cc1nc(N)nn1C=O,136.114,5,1,1,1,5,73.8,-1.1201,0
N=c1nnc(CN)co1,126.119,5,2,1,1,5,88.79,-0.99223,0
N=CN1C=NCOC1=N,126.11899999999999,4,2,1,1,5,72.53,-0.15376000000000006,0
O=CC(=NO)c1c[nH]o1,128.087,4,2,2,1,5,78.58999999999999,-0.015100000000000002,0
NC1=NC=C(O)C1=O,112.08799999999998,4,2,0,1,4,75.68,-0.6743000000000001,0
CNC1C(=N)N=CNC1=O,140.146,3,3,1,1,5,77.34,-1.2902299999999998,1
Nc1c[nH]c(=O)n1CO,129.11900000000003,4,3,1,1,5,84.04,-1.2916,0
CN=C1C=NN=C1N,110.12,4,1,0,1,4,63.099999999999994,-0.5862,0
N=C1N=C(N)N=C1C=O,124.103,4,2,1,1,5,91.66,-1.06813,0
CC1=NC(CO)=NC1=N,125.13099999999999,3,2,1,1,4,68.80000000000001,-0.17103000000000002,0
CN=C1N=CN=C1N,110.12,3,1,0,1,4,63.099999999999994,-0.5861999999999998,0
CNC1=C(N)C(=O)N=N1,126.11900000000001,4,2,1,1,5,79.83999999999999,-0.6740000000000002,0
N=C(N[NH3+])c1cnco1,127.12699999999998,3,3,1,1,5,89.55,-1.25353,0
CN=c1oncnc1N,126.119,5,1,0,1,5,77.3,-0.8177000000000001,0
CC1=NC(=N)C(O)=N1,111.10399999999998,2,2,0,1,4,68.8,0.35217,0
N=CN1C(=O)OC1=O,114.05999999999997,4,1,1,1,5,70.46000000000001,0.16566999999999998,0
N=CC1NCOC(=N)N1,128.13500000000002,4,4,1,1,5,80.99000000000001,-0.9362600000000003,1
N#CC(O)C1=NC(N)=N1,124.10300000000002,5,2,1,1,5,94.75999999999999,-1.40232,1
O=COC1NCNC1=O,130.10299999999998,4,2,2,1,5,67.43,-1.8376000000000001,1
N=C1N=C(C(=N)O)O1,113.07599999999998,3,3,1,1,5,89.52000000000001,-0.11485999999999996,0
Nc1nocc1C=O,112.08799999999998,4,1,1,1,4,69.12,0.06930000000000003,0
Nc1ncnc(=O)n1C=O,140.10199999999998,6,1,1,1,6,90.87,-1.7412,0
CC(=O)c1nnoc1N,127.10300000000001,5,1,1,1,5,82.01,-0.14559999999999995,0
CC(=O)C1=NNC1=N,111.104,3,2,1,1,4,65.31,-0.4881300000000001,0
N=CC1NC(=O)OC1=O,128.087,4,2,1,1,5,79.25,-0.7290300000000001,1
Nc1cc(OC=O)n[nH]1,127.103,4,2,2,1,5,81.0,-0.47290000000000026,0
NC1(C=O)NCC(=O)O1,130.103,5,2,1,1,5,81.42,-2.0557999999999996,1
N=C1N=C(CO)N=C1N,126.119,4,3,1,1,5,94.82,-1.2747300000000001,0
N=CN1CC(O)C(=N)O1,129.11899999999997,4,3,1,1,5,80.40000000000002,-0.8211600000000003,1
N=c1nnc(C=O)c[nH]1,124.10299999999998,4,2,1,1,5,82.49000000000001,-0.9033300000000002,0
N=c1ocnc(CO)[n+]1[O-],143.102,5,2,1,1,6,97.05,-1.7202300000000001,0
N=C1N=CN=C1OCO,127.10299999999998,4,2,1,1,5,78.03,-0.6295300000000001,0
O=c1cc(O)on1CO,131.08700000000002,5,2,1,1,5,75.6,-0.9033000000000002,0
N=CN1NC(=N)COC1=O,142.118,4,3,1,1,6,89.27000000000001,-0.4724600000000001,0
N=C1NC=CNC(=O)N1,126.119,2,4,0,1,5,77.01,-0.7052300000000002,0
CC(N)(O)C1=COCN1,130.147,4,3,1,1,4,67.51,-0.9277000000000002,1
N=C1COC(=N)NCO1,129.119,4,3,0,1,5,78.19,-0.5076600000000002,0
N=C1OC(=O)C(C=O)O1,129.07099999999997,5,1,1,1,5,76.45,-0.9379300000000002,1
CN=C1N=CN=C1O,111.10399999999998,2,1,0,1,4,57.31,0.013100000000000056,0
N=C1COCNC(=N)O1,129.119,4,3,0,1,5,78.19000000000001,-0.5076600000000004,0
CNc1cnnc(=O)[nH]1,126.119,4,2,1,1,5,70.67,-0.7934000000000003,0
N=C1OCOC(=N)C(=N)O1,143.102,6,3,0,1,6,99.24,-0.10338999999999998,0
N=CC1OC(=O)OC1=N,128.087,5,2,1,1,5,83.22999999999999,0.1486400000000001,1
N=C1OCC=NC(=O)O1,128.087,4,1,0,1,5,71.74,0.15876999999999997,0
N=C1COC(=O)N=CO1,128.087,4,1,0,1,5,71.74,0.15877000000000002,0
Nc1coc(=O)n1CO,130.103,5,2,1,1,5,81.39,-1.0267000000000002,0
N=Cn1cc(N)c(O)n1,126.119,5,3,1,1,5,87.92,-0.37392999999999993,0
NC1C=NC(=O)NCOC1,143.146,3,2,0,1,5,76.71,-0.9182000000000001,1
N#CC(N)C1=NOC1=O,125.08699999999999,5,1,1,1,5,88.47,-1.2499200000000001,1
N=CN1C(=O)NC1=O,113.07599999999998,3,2,1,1,5,73.26,-0.26133,0
N=Cn1oc(=N)nc1N,127.10700000000001,6,3,1,1,6,104.68,-1.00706,0
CN=C1NC(=O)NCC1=O,141.13,3,2,0,1,5,70.56,-1.1033999999999997,0
N=C1COC(=N)OCO1,130.103,5,2,0,1,5,75.39,-0.08066000000000012,0
N=c1cnnc(C=O)[nH]1,124.10299999999998,4,2,1,1,5,82.49000000000001,-0.9033300000000004,0
N=C1NN=C1C(O)C=O,127.10299999999997,4,3,2,1,5,85.53999999999999,-1.51733,1
N=C1NC(=O)C(C=O)O1,128.087,4,2,1,1,5,79.25000000000001,-1.3649300000000002,1
CNC(=O)c1cnn[nH]1,126.119,3,2,1,1,5,70.67,-0.8357000000000003,0
N=C1OCNC1=NCO,129.119,4,3,1,1,5,77.7,-1.1107300000000002,0
N=C1OCNC(C=O)O1,130.10299999999998,5,2,1,1,5,71.41,-0.9599300000000004,1
N=C(C=O)N1NCC1=N,126.119,4,3,1,1,5,80.04,-1.03996,0
CC1=NN=C(N)C1=O,111.104,4,1,0,1,4,67.81,-0.6978,0
N=CN1CC(=O)OC(=N)O1,143.10199999999998,5,2,1,1,6,86.47000000000001,-0.68136,0
O=NC1=CC(O)=C1CO,127.09899999999998,4,2,2,1,4,69.89,0.45469999999999994,0
COC1=NC(N)=NC1=O,127.10300000000001,4,1,0,1,5,77.03999999999999,-1.1138000000000001,0
CN=C1C=NC(N)=[N+]1[O-],126.119,4,1,0,1,5,76.80999999999999,-1.0758999999999999,0
CN=C1C=C(O)N=C1N,125.131,4,2,0,1,4,70.97,-0.17259999999999998,0
CC(=O)C1=NC(=O)O1,113.07199999999999,3,0,1,1,4,55.730000000000004,0.12410000000000004,0
N#CCC1=NN=C1N,108.10400000000001,4,1,1,1,4,74.53,-0.37311999999999984,0
CC1=NN=C(CO)C1=N,125.13099999999999,4,2,1,1,4,68.80000000000001,-0.1710299999999999,0
N=COC1=NCC(=O)N1,127.103,4,2,1,1,5,74.53999999999999,-0.9041300000000001,0
N=C1OCC(=O)OC1=N,128.087,5,2,0,1,5,83.22999999999999,-0.48566000000000015,0
N=CNC1=NCOC1=O,127.103,4,2,1,1,5,74.53999999999999,-0.9041300000000001,0
N=CC1(N)CON1C=O,129.119,4,2,2,1,5,79.41000000000001,-1.30543,1
N=C1OCC(=O)NCC1=O,142.114,4,2,0,1,5,79.25,-1.3208300000000004,0
N=C1CC(=O)NOC1=N,127.10299999999998,4,3,0,1,5,86.03,-0.5650600000000003,0
N=CNC1=NCC(O)O1,129.119,4,3,1,1,5,77.7,-1.11233,1
CC1(NC=O)N=NC1=O,127.10300000000001,3,1,2,1,5,70.89,-0.5590000000000002,1
N=C1C=NC(CO)=C1CO,140.142,4,3,2,1,4,76.67,-0.67073,0
N=c1ncoc(=N)o1,113.076,5,2,0,1,5,86.87,-0.77346,0
N#CCc1nc(O)n[nH]1,124.103,4,2,1,1,5,85.59,-0.42362000000000005,0
N=Cc1cnc(N)nn1,123.11900000000001,5,2,1,1,5,88.54,-0.5485300000000002,0
N#CC1N=CN(C=N)N1,123.11899999999999,4,2,1,1,5,75.27,-0.70835,1
N=C1N=C(C=O)N=C1N,124.103,4,2,1,1,5,91.66,-1.06813,0
Nc1conc1C=NCO,141.13000000000002,5,2,2,1,5,84.64,-0.3745,0
N=CC1=CN=C(N)C1=O,123.115,4,2,1,1,4,79.30000000000001,-0.5402300000000002,0
N=C(C=O)OC1OC1=N,128.087,5,2,2,1,5,86.53,-0.48725999999999997,1
N=C1N=C(C#CCO)O1,124.09899999999998,3,2,0,1,4,65.67,-0.6544300000000001,0
NC1=COC(=O)NCN1,129.119,4,3,0,1,5,76.38,-0.9690999999999999,0
NCC1=NC=NC1=O,111.10399999999998,3,1,1,1,4,67.81,-1.0454,0
N#CC(N)C1=CN=N1,108.104,4,1,1,1,4,74.53,0.14448000000000005,1
N=CN1OC=NC1CO,129.119,4,2,2,1,5,68.91000000000001,-0.8126300000000002,1
N=C1CNC(=O)OCO1,130.10299999999998,4,2,0,1,5,71.41000000000001,-0.3224300000000002,0
NC1=CN=C(N)C1=O,111.104,4,2,0,1,4,81.47,-1.2735999999999998,0
N=c1[nH]c(C=O)c(N)o1,127.103,4,3,1,1,5,95.87,-0.5181300000000002,0
N=C1OCC(=O)C(=O)O1,129.071,5,1,0,1,5,76.45,-0.9363300000000001,0
N=Cc1cnnc(N)n1,123.11900000000001,5,2,1,1,5,88.54,-0.5485300000000002,0
COc1nc(C=N)no1,127.103,5,1,2,1,5,72.0,0.07586999999999994,0
N=C1OCNC(=O)CO1,130.10299999999998,4,2,0,1,5,71.41,-0.9583300000000003,0
N=C1OC(C(=N)N)O1,115.09200000000001,4,3,1,1,5,92.18,-0.76996,0
CN1COC(=O)C(=N)O1,130.10299999999998,5,1,0,1,5,62.620000000000005,-0.6586300000000003,0
NCc1cnnc(=O)o1,127.10299999999998,5,1,1,1,5,82.01,-1.1115000000000004,0
O=CN1CC(O)C(=O)O1,131.087,4,1,1,1,5,66.84,-1.7225000000000004,1
N=C1C=C(N)C(O)=N1,111.104,2,3,0,1,4,82.46000000000001,-0.22363000000000005,0
N=C1OC(=O)NC1C=O,128.087,4,2,1,1,5,79.25,-0.7290300000000003,1
O=C1NCC(=O)C(=O)N1,128.087,3,2,0,1,5,75.27,-1.6051000000000002,0
N=C1OC(=N)C(=O)O1,114.05999999999999,5,2,0,1,5,83.23,-0.5281600000000002,0
CNC1=NC(=O)C(N)=N1,126.119,4,2,0,1,5,79.84,-1.540799999999999,0
Cc1n[nH]c(=O)c(N)n1,126.119,4,2,0,1,5,84.66,-0.9444800000000002,0
N=CN1C=CNC(=O)CO1,141.13,3,2,1,1,5,65.42,-0.5719300000000003,0
O=CC(=O)N1CC(=O)O1,129.071,4,0,1,1,5,63.68000000000001,-1.5143000000000002,0
N=C1COC(=N)OCO1,130.103,5,2,0,1,5,75.39,-0.08066000000000012,0
O=NC1=NC(=O)C(F)=C1,128.06199999999998,3,0,0,1,5,58.86,0.5449,0
N=C1NC(=O)COC1=N,127.103,4,3,0,1,5,86.03,-0.9126600000000002,0
O=C1NCOC(=O)CN1,130.103,3,2,0,1,5,67.42999999999999,-1.2001,0
CC1N=C(C#N)N=CO1,123.115,4,0,0,1,4,57.739999999999995,0.31298000000000004,1
N=C1NC=CNC(=O)CN1,140.14600000000002,2,4,0,1,5,77.01,-1.29863,0
N=C1NCC(=O)N=CO1,127.103,3,2,0,1,5,74.54,-0.9041300000000001,0
N=C1NN=C(N)C1=O,112.092,4,3,0,1,5,91.33000000000001,-1.5918300000000003,0
NC1=NC(=O)C(C=O)=N1,125.08699999999997,4,1,1,1,5,84.88,-1.5188,0
NC1=CC(=O)C(O)=N1,112.088,3,2,0,1,4,75.68,-0.6743000000000001,0
N#CCn1ccoc1=N,123.11499999999997,4,1,1,1,4,65.71000000000001,0.08414999999999989,0
N=C1NC=NC1CO,113.11999999999999,3,3,1,1,4,68.47,-1.04393,1
N=COC1OCNC1=O,130.103,4,2,2,1,5,71.41,-0.9599300000000002,1
COC1=NC(NC#N)=N1,124.10300000000001,5,1,0,1,5,69.77,-0.5709200000000001,0
N=C1OCNC(=O)CO1,130.10299999999998,4,2,0,1,5,71.41,-0.9583300000000003,0
N=CN1C=NC(=O)CN1,126.11899999999999,3,2,1,1,5,68.55,-1.03143,0
CC1=C(N)C(=N)N=N1,110.12,3,2,0,1,4,74.59,0.6196700000000002,0
CN=C1C=NC(=N)N=N1,123.119,2,1,0,1,5,73.28999999999999,0.48606999999999995,0
Cc1noc(=N)nc1N,126.11900000000001,5,2,0,1,5,88.79,-0.5603100000000001,0
Nc1cn[nH]c1C=O,111.10399999999998,3,2,1,1,4,71.77,-0.19559999999999994,0
CC1=NC(N)=NC1=O,111.104,3,1,0,1,4,67.81,-0.6978,0
CCc1noc(=N)n1C=O,141.13,5,1,2,1,5,71.88,-0.4437300000000002,0
NC1=CC(=O)C(N)=N1,111.10400000000001,4,2,0,1,4,81.47,-1.2735999999999998,0
N=CN1COCNC1=N,128.135,3,3,1,1,5,72.20000000000002,-0.6349600000000002,0
N#CCc1n[nH]c(N)n1,123.11900000000001,4,2,1,1,5,91.38,-0.5470200000000003,0
CN=C1ON=C1CN,113.12,4,1,1,1,4,59.97,-0.6403999999999999,0
N=C1OCC(=N)C(=O)O1,128.087,5,2,0,1,5,83.23,-0.48566000000000015,0
CC(N)C1=NC(=N)N=C1,124.14699999999999,2,2,1,1,4,74.59,-0.20622999999999986,1
N=CNC1=NC(O)C=N1,126.11899999999999,4,3,1,1,5,80.83,-1.05813,1
COC1=NNC(=N)C1=O,127.10299999999998,4,2,0,1,5,74.53999999999999,-0.9041300000000003,0
CCn1nc(C=O)c(=N)o1,141.12999999999997,5,1,2,1,5,71.88,-0.2120300000000001,0
N=C1NC(C=O)OC1=O,128.087,4,2,1,1,5,79.25,-1.3649300000000002,1
N=C1OCC(=NO)C1C=O,142.11399999999998,5,2,1,1,5,82.74000000000001,-0.3608300000000002,1
CN(C=O)C1=NOC1=O,128.087,4,0,1,1,5,58.970000000000006,-1.0551000000000001,0
N=CN1NCCOC1=O,129.119,4,2,1,1,5,65.42000000000002,-0.44972999999999996,0
N=CN1CC(=O)OC=N1,127.10299999999998,4,1,1,1,5,65.75,-0.60443,0
COC1=CC(N)=NC1=O,126.11500000000001,3,1,1,1,4,64.68,-0.5859000000000001,0
COC(=O)C1=NC(N)=N1,127.10300000000002,5,1,1,1,5,77.03999999999999,-1.1138000000000003,0
Cc1nc(=N)on1C=N,126.11899999999999,5,2,1,1,5,78.66,-0.2808399999999999,0
O=CN1CC(=O)NC1=O,128.087,3,1,1,1,5,66.48,-1.3054000000000001,0
NC(=O)c1ncn(N)n1,127.10700000000001,5,2,1,1,6,99.82000000000001,-1.9092000000000002,0
NC1=NN=CC1=NC=O,124.10299999999998,4,1,1,1,5,80.16999999999999,-1.0596,0
O=C1C=NC(CO)=C1O,127.09899999999998,4,2,1,1,4,69.89,-0.5982000000000001,0
C#CC(=N)n1cno1,109.088,4,1,0,1,4,54.81,-0.06533000000000005,0
CC1=NC(NC=O)=C1O,126.11499999999997,3,2,2,1,4,61.69,-0.06599999999999984,0
Nc1coc(=O)c(N)n1,127.10300000000001,5,2,0,1,5,95.14,-0.8008,0
N=Cc1noc(N)c1O,127.103,5,3,1,1,5,96.13000000000001,-0.03993000000000002,0
N=C1N=NC(N)=C1C=O,124.103,4,2,1,1,5,91.66,-0.20132999999999995,0
NC1=NN=C(CO)C1=O,127.10299999999998,5,2,1,1,5,88.03999999999999,-1.7254,0
N=C1OCN=CNC1=O,127.10299999999998,4,2,0,1,5,74.53999999999999,-0.9041300000000003,0
N=C1OC(N)COC1=O,130.103,5,2,0,1,5,85.4,-1.1781300000000001,1
N=Cn1c(N)nnc1C=O,139.118,6,2,2,1,6,97.65,-0.8720300000000001,0
N#CCC1=C(CO)N=N1,123.115,4,1,2,1,4,68.74,0.56978,0
N=C1CC(O)OC(=O)N1,130.10299999999998,4,3,0,1,5,82.41,-0.58803,1
CN(C=O)N1N=CC1=N,126.119,3,1,2,1,5,59.760000000000005,-0.73173,0
CC(=O)n1cn[nH]c1=N,126.119,4,2,0,1,5,74.53,-0.6492300000000002,0
N=C1OC=C(O)C1=O,113.07199999999999,4,2,0,1,4,70.38,-0.03763000000000005,0
N=c1[nH]c(=N)oc(=O)o1,129.075,5,3,0,1,6,106.83999999999999,-1.4801600000000006,0
N=c1oc(=N)oc(=N)o1,129.075,6,3,0,1,6,110.97000000000001,-1.0959900000000002,0
NC(=O)C1=NN=C1N,112.09200000000001,4,2,1,1,5,93.83,-1.8014999999999999,0
N=C1OC(=O)C(C=O)O1,129.07099999999997,5,1,1,1,5,76.45,-0.9379300000000002,1
CC1(O)NCOC1=O,117.104,4,2,0,1,4,58.559999999999995,-1.2012000000000003,1
CC1=NC(=O)N1CN,113.12,2,1,1,1,4,58.69,-0.24339999999999995,0
NC1=CN=C(N)C1=O,111.104,4,2,0,1,4,81.47,-1.2735999999999998,0
Cc1noc(=O)n1CN,129.119,5,1,1,1,5,74.05,-0.9390799999999999,0
N=C(N)C1CNC1C=O,127.14699999999999,3,3,2,1,4,78.97,-1.2907299999999997,2
Nc1cnc(N)n1C=O,126.119,5,2,1,1,5,86.92999999999998,-0.9142000000000001,0
CN=C1CN=NC(=O)O1,127.10299999999998,4,0,0,1,5,63.379999999999995,0.6171,0
N=C1COC(=O)C(N)O1,130.103,5,2,0,1,5,85.4,-1.1781300000000001,1
CN=C1N=C(NC=O)O1,127.10299999999998,3,1,1,1,5,63.05,-0.8956000000000002,0
COc1nonc1C=N,127.103,5,1,2,1,5,72.0,0.07586999999999994,0
CC1=C(N)C(=O)N=N1,111.104,3,1,0,1,4,67.81,0.16900000000000015,0
N=C1OCN=C(C=O)O1,128.087,5,1,1,1,5,71.74,-0.47713000000000005,0
N=COC1NC(=O)CO1,130.10299999999998,4,2,2,1,5,71.41,-0.9599300000000002,1
N=CNC1=NN=CC1=N,123.119,4,3,1,1,5,84.45,-0.3992599999999999,0
Cc1nnc(OC=N)o1,127.10299999999998,5,1,2,1,5,72.0,0.36389,0
NC1=CC(O)=NC1=O,112.088,2,2,0,1,4,75.68,-0.6742999999999999,0
C#CCn1nn[nH]c1=N,123.119,4,2,1,1,5,70.35,-1.2811299999999999,0
NC1=NC(OC=O)=C1O,128.08699999999996,5,2,2,1,5,84.91000000000001,-0.7426999999999999,0
N=C1N=C(N)C(CO)=N1,126.119,3,3,1,1,5,94.82000000000001,-1.2747300000000001,0
N=C1COC(=N)N1C=O,127.103,4,2,1,1,5,77.24000000000001,-0.6129600000000002,0
CC(=O)C1=NC(=N)N1,111.104,2,2,1,1,4,65.31,-0.4881300000000001,0
O=CC(=O)OC1=NCO1,129.071,5,0,1,1,5,64.96000000000001,-0.9278000000000002,0
N=c1nc(CO)cno1,127.10299999999998,5,2,1,1,5,83.0,-0.9586300000000001,0
CC1(N)COC(=N)CO1,130.147,4,2,0,1,4,68.33,-0.31462999999999997,1
COC1=CN=C(O)C1=N,126.11499999999998,3,2,1,1,4,65.67,0.46407,0
N=C1N=CC(N)=[N+]1[O-],112.09200000000001,3,2,0,1,5,88.30000000000001,-1.12693,0
N=C1CN=NCC(=O)O1,127.10299999999998,5,1,0,1,5,74.87,-0.027330000000000076,0
N=C1COC(=N)OCO1,130.103,5,2,0,1,5,75.39,-0.08066000000000012,0
Nc1cnc(N)n1C=O,126.119,5,2,1,1,5,86.92999999999998,-0.9142000000000001,0
CNC(C#N)C1=NN=C1,122.131,4,1,2,1,4,60.54,-0.46162000000000014,1
N=C1N=C(N)C(=O)N1,112.092,3,3,0,1,5,91.33000000000001,-1.5918299999999999,0
Cn1cnc(=N)c(=O)o1,127.10299999999998,5,1,0,1,5,71.88,-1.1472300000000002,0
CC(O)c1n[nH]c(N)n1,128.13500000000002,4,3,1,1,5,87.82000000000001,-0.5598000000000003,1
Nc1cc(C=O)n(N)n1,126.11900000000001,5,2,1,1,5,86.93,-1.0084,0
CC1=NC(CN)=NC1=N,124.147,3,2,1,1,4,74.59,-0.20462999999999998,0
CCc1nn[nH]c(=N)n1,125.13499999999999,4,2,1,1,5,78.31,-0.7584300000000004,0
N=C(N)C1=NC=NC1=O,124.103,3,2,1,1,5,91.66,-1.06813,0
NC(=O)C1COC(=O)N1,130.103,3,2,1,1,5,81.42000000000002,-1.4199,1
CNC1OCOC(=N)C1=O,144.13,5,2,1,1,5,71.41,-0.91743,1
N=Cc1nncc(=N)o1,124.10299999999998,5,2,1,1,5,86.62,-0.45325999999999994,0
N=C1N=CC(C=O)=N1,109.088,2,1,1,1,4,65.64,-0.35453,0
CC1=NC(N)=C1CO,112.13199999999999,3,2,1,1,3,58.61,-0.37649999999999995,0
CC(=O)n1[nH]c(=N)o1,115.09199999999998,4,2,0,1,5,74.78,-0.4512300000000002,0
O=CC1OCONC1=O,131.087,4,1,1,1,5,64.63,-1.4106,1
N=C1CC(=O)C(=O)ON1,128.087,4,2,0,1,5,79.25,-1.0157300000000002,0
N=C1C=NC(N)=C1N,110.12000000000002,4,3,0,1,4,88.25,-0.8229300000000002,0
COC#Cc1n[nH]nc1N,138.13,4,2,0,1,5,76.82,-0.6577000000000002,0
COC1=NN=C(N)C1=O,127.103,5,1,0,1,5,77.03999999999999,-1.1138000000000001,0
N=CN1OC(=N)C1CO,129.119,4,3,2,1,5,80.4,-0.8211600000000003,1
N=C1COC(=N)N1C=O,127.103,4,2,1,1,5,77.24000000000001,-0.6129600000000002,0
N=C1NC(=O)C(=N)CO1,127.103,4,3,0,1,5,86.03000000000002,-0.9126600000000002,0
N=CN1COC1=NC=O,127.10299999999998,3,1,2,1,5,65.75,-0.6044300000000002,0
COc1nc(C#N)n[nH]1,124.10300000000001,4,1,1,1,5,74.59,-0.31502000000000024,0
Cc1ncc(=O)oc1O,127.09899999999998,4,1,0,1,4,63.33,0.04881999999999992,0
N=CNC1=NC=NC1=N,123.119,3,3,1,1,5,84.45,-0.3992599999999999,0
CC1(NC=O)NC(=N)O1,129.119,3,3,2,1,5,74.21000000000001,-1.0393300000000003,1
C#CC1=NNC(=O)C1=N,121.09899999999998,3,2,0,1,4,65.31,-0.87483,0
COC1=NC(=O)C(N)=N1,127.10300000000001,4,1,0,1,5,77.03999999999999,-1.1138000000000003,0
N=C1N=NC(CO)=C1N,126.119,4,3,1,1,5,94.82,-0.40793000000000007,0
CC(O)CC1=NN=C1N,127.14700000000002,4,2,2,1,4,70.97,-0.5159,1
CN=C1N=C(N)C=[N+]1[O-],126.119,3,1,0,1,5,76.80999999999999,-1.0758999999999999,0
N=COC1OCNC1=O,130.103,4,2,2,1,5,71.41,-0.9599300000000002,1
N=CC1OC(=N)NC1=N,126.119,4,4,1,1,5,92.81,-0.46359000000000034,1
N=C(N)C(=O)C1N=CN1,126.11899999999999,4,3,2,1,5,91.33,-1.5509300000000001,1
COc1cnoc1C#N,124.09899999999999,4,0,1,1,4,59.050000000000004,0.5548799999999999,0
CC(O)C1=NC(N)=N1,113.12000000000002,4,2,1,1,4,70.97,-0.9060000000000001,1
N=Cn1c(N)cnc1C=O,138.13,5,2,2,1,5,84.75999999999999,-0.2670299999999999,0
CC1=NN=C(N)C1=O,111.104,4,1,0,1,4,67.81,-0.6978,0
O=C1COC(=O)C1=O,114.05599999999998,4,0,0,1,4,60.440000000000005,-1.3186,0
NC1=NC(C=O)C(=O)O1,128.087,5,1,1,1,5,81.75,-1.5746000000000002,1
O=C1CC(=NO)OCN1,130.103,4,2,0,1,5,70.92,-0.7319,0
O=CC1COC(=O)NO1,131.087,4,1,1,1,5,64.63000000000001,-0.7746999999999999,1
N=C1C=C(CO)N=N1,111.104,3,2,1,1,4,68.8,0.30567000000000005,0
C#CC(N)N1N=NC1=N,123.119,3,2,1,1,5,77.83,-0.4780299999999999,1
CNc1coc(=O)oc1=O,143.09799999999998,5,1,1,1,5,72.45,-0.3653000000000001,0
N#CC(O)c1conn1,125.087,5,1,1,1,5,82.94,-0.37342000000000003,1
N=C1NC(O)=CC1=O,112.08799999999998,3,3,0,1,4,73.18,-0.4646300000000001,0
CCc1nc(=N)[nH]c(=O)o1,141.13,4,2,1,1,5,82.74,-0.5952300000000001,0
CC(=O)C1=NOC1=N,112.088,4,1,1,1,4,62.51,-0.06112999999999996,0
Nc1nc(=O)c(C=O)co1,140.09799999999996,5,1,1,1,5,86.19,-0.5705,0
N=CC1OC(=N)OC(=N)O1,143.102,6,3,1,1,6,99.24,-0.1049899999999998,0
N=C1OCC(=O)OC1=N,128.087,5,2,0,1,5,83.22999999999999,-0.48566000000000015,0
N=C1COCNC(=N)O1,129.119,4,3,0,1,5,78.19000000000001,-0.5076600000000004,0
N=C1N=C(N)C(CO)=N1,126.119,3,3,1,1,5,94.82000000000001,-1.2747300000000001,0
CC(=O)C1=NN=C1N,111.10400000000001,4,1,1,1,4,67.81,-0.6978,0
Cc1noc(N)nc1=N,126.11900000000001,5,2,0,1,5,88.78999999999999,-0.5603100000000001,0
COC1=NC(N)=NC1=N,126.11900000000001,4,2,0,1,5,83.82,-0.66313,0
Nc1nc(C=O)[n+]([O-])[nH]1,128.09099999999998,4,2,1,1,6,98.71000000000001,-1.5622,0
Nc1nc(C=O)[nH][n+]1[O-],128.09099999999998,4,2,1,1,6,98.71,-1.5622,0
CN=c1oc(=NO)c1=N,127.103,5,2,0,1,5,81.94,-1.5449300000000001,0
CNC1=NOC(=O)C1=N,127.10299999999998,5,2,0,1,5,74.54,-0.9041300000000001,0
N=C1OCCC=NOC1=N,141.13,5,2,0,1,5,78.52000000000001,0.36363999999999996,0
CC1=NC(=O)N=C1N,111.104,2,1,0,1,4,67.81,-0.061899999999999844,0
CC(=O)c1cnc(N)o1,126.115,4,1,1,1,4,69.12,0.45940000000000014,0
CC1=NC(=N)N=C1N,110.12,2,2,0,1,4,74.59,-0.24712999999999996,0
CNC1=NC(=N)N=C1O,126.11899999999999,2,3,0,1,5,80.83,-0.49083000000000016,0
O=CC1OC(=O)NC1=O,129.071,4,1,1,1,5,72.47,-1.1797000000000002,1
N=C1NC(=N)C(=O)O1,113.076,4,3,0,1,5,86.03000000000002,-0.95516,0
N=C1OCOC(=N)C1=O,128.087,5,2,0,1,5,83.22999999999999,-0.48566000000000015,0
CN=C1C=NOC1=O,112.08799999999998,4,0,0,1,4,51.02,-0.4002000000000001,0
N=CC1OC(=N)OC1=O,128.087,5,2,1,1,5,83.22999999999999,-0.48725999999999997,1
N=CN1C=NCC(=O)N1,126.11899999999999,3,2,1,1,5,68.55,-1.0314300000000003,0
CNC(=N)OC1=NC1O,129.119,4,3,0,1,5,77.7,-1.1123300000000005,1
N=C1OC(=N)C(=NO)O1,129.075,6,3,0,1,6,98.75,-0.26705999999999996,0
N=C1N=NC=C1C=O,109.08799999999998,3,1,1,1,4,65.64,0.51227,0
N=C1OCC(=O)C(=N)O1,128.087,5,2,0,1,5,83.23,-0.48566000000000015,0
NC(=O)C1=NC=C1O,112.08799999999998,3,2,1,1,4,75.68,-0.6742999999999999,0
N=Cn1oc(=O)oc1=O,130.059,6,1,1,1,6,89.19999999999999,-1.1503299999999999,0
CC1(C(N)=O)OC1=N,114.10399999999998,3,2,1,1,4,79.47,-0.7621300000000002,1
N=COC1=NC(=O)C=C1N,139.11399999999998,4,2,1,1,5,88.53,-0.60863,0
N#CCC1=NN=C1N,108.10400000000001,4,1,1,1,4,74.53,-0.37311999999999984,0
N=C1NCOC(C=O)N1,129.119,3,3,1,1,5,74.21,-1.3869300000000004,1
Nc1nc(CC=O)n[nH]1,126.11899999999999,4,2,2,1,5,84.66,-0.8717000000000004,0
CN=C1N=C(N)C=[N+]1[O-],126.119,3,1,0,1,5,76.80999999999999,-1.0758999999999999,0
NC1=CC(=O)C(O)=N1,112.088,3,2,0,1,4,75.68,-0.6743000000000001,0
N=C1N=C(N)C(=N)N1,111.108,3,4,0,1,5,98.11000000000001,-1.1411600000000002,0
N=C1NCC(=O)NC1=O,127.103,3,3,0,1,5,82.05000000000001,-1.79033,0
Cc1cnc(O)nc1O,126.11499999999998,4,2,0,1,4,66.24000000000001,0.19621999999999984,0
N=C1CN(C=O)NC1=O,127.10299999999998,3,2,1,1,5,73.26,-1.4906300000000001,0
Cc1nc(N)noc1=O,127.103,5,1,0,1,5,82.00999999999999,-0.6795800000000001,0
Nc1nc(CC=O)c(O)[nH]1,141.12999999999997,4,3,2,1,5,92.0,-0.5611000000000004,0
N=C1COC(=N)C(=N)O1,127.103,5,3,0,1,5,90.01,-0.034989999999999966,0
COc1c[nH]nnc1=N,126.119,4,2,1,1,5,74.65,-0.70723,0
NC1(C=O)NC1C=O,114.10399999999998,4,2,2,1,4,82.1,-1.989,2
N=C1OC(=O)C(=NO)O1,130.059,6,2,0,1,6,91.97,-0.71773,0
CC(=O)OC1=NC(N)=N1,127.10300000000002,5,1,0,1,5,77.03999999999999,-0.7662,0
N#CC(N)c1cnon1,124.103,5,1,1,1,5,88.73,-0.40702000000000016,1
N=C1NC(=N)C(O)CO1,129.119,4,4,0,1,5,89.19000000000001,-1.1208600000000002,1
CC(=O)C1=NC(=N)N1,111.104,2,2,1,1,4,65.31,-0.4881300000000001,0
Nc1noc(C=O)n1,113.076,5,1,1,1,5,82.01,-0.5357000000000001,0
N=C1N=C(O)C(CO)=N1,127.10299999999998,2,3,1,1,5,89.03,-0.6754300000000002,0
N=C1OCC(O)CC1=O,129.11499999999998,4,2,0,1,4,70.38,-0.6860300000000001,1
CC1OC=NN=C(N)C1=N,140.14600000000002,5,2,0,1,5,83.82,-0.2746299999999998,1
CC1=NC(=N)C(N)=N1,110.12,3,2,0,1,4,74.59,-0.24712999999999996,0
C#Cc1nonc1N,109.08800000000001,4,1,0,1,4,64.94,-0.36689999999999995,0
N=C1N=C=C(N)OCN1,126.119,3,3,0,1,5,83.49000000000001,-1.03173,0
NC1=NC(=O)N1CO,115.09199999999998,3,2,1,1,5,78.92,-1.3135,0
N=C1OCC(=O)OC1=N,128.087,5,2,0,1,5,83.22999999999999,-0.48566000000000015,0
CC(=O)n1cnc(N)n1,126.11900000000001,5,1,0,1,5,73.8,-0.47959999999999997,0
N=CN1C=CNC(=O)O1,127.10299999999998,3,2,1,1,5,65.42,0.021469999999999934,0
N=CC1=NC(N)=NC1=N,123.11900000000001,4,3,1,1,5,98.44,-0.6174600000000001,0
Nc1ncnn1CC=O,126.11899999999999,5,1,2,1,5,73.8,-0.9408000000000003,0
Nc1nc(C(O)C=O)co1,142.11399999999995,5,2,2,1,5,89.35000000000001,-0.5109000000000004,1
NC1=NC(=O)N1CO,115.09199999999998,3,2,1,1,5,78.92,-1.3135,0
CNC1=NC(N)=NC1=O,126.119,4,2,0,1,5,79.84,-1.5408,0
CNC(=O)C1=NC(N)=N1,126.11900000000001,4,2,1,1,5,79.84,-1.540799999999999,0
CC(=O)C1=NC(=O)O1,113.07199999999999,3,0,1,1,4,55.730000000000004,0.12410000000000004,0
CC1(CO)C=NN=NC1=O,141.13000000000002,4,1,1,1,5,74.38,-0.03680000000000011,1
N=CN1C=C1C(=O)O,112.08799999999998,2,2,2,1,4,64.16,-0.16492999999999985,0
Cc1c(N)noc1CO,128.131,4,2,1,1,4,72.28,0.05752000000000007,0
N=CN1CCOC(=O)C1=NO,157.129,5,2,1,1,6,85.98,-0.7600300000000002,0
CC(=O)NC1=COC1=O,127.09899999999998,3,1,1,1,4,55.4,-0.47930000000000006,0
N=c1ccnc(N)n1N,125.13500000000002,5,3,0,1,5,93.71,-1.34143,0
CC1=C(N)N=NC1=N,110.12,3,2,0,1,4,74.59,0.6196700000000002,0
CC1=NC(NC=O)=C1N,125.13099999999999,3,2,2,1,4,67.48,-0.6653,0
Cc1noc(=N)n1CO,129.11900000000003,5,2,1,1,5,75.04,-0.7862100000000003,0
N=C1COC(=N)C(=O)O1,128.087,5,2,0,1,5,83.23,-0.48566000000000015,0
N=Cn1oc(=N)cc1N,126.119,5,3,1,1,5,91.79,-0.40206000000000003,0
N=C1N=CN=C1OC=O,125.08699999999997,4,1,1,1,5,74.87,-0.42293000000000003,0
CC1=NN=C(OC=N)C1=O,139.11399999999998,5,1,1,1,5,74.87,-0.03283000000000008,0
CC1(C=N)NC(=O)O1,114.10399999999998,3,2,1,1,4,62.18000000000001,0.09197,1
N=CN1NCCOC1=N,128.135,4,3,1,1,5,72.20000000000002,-0.6349600000000002,0
N=C1COC(=N)C(=N)O1,127.103,5,3,0,1,5,90.01,-0.034989999999999966,0
Nc1cnnc(=O)n1N,127.10700000000001,6,2,0,1,6,99.82000000000001,-2.0656999999999996,0
N=C1ON=C1C(N)=O,113.076,4,2,1,1,5,88.53,-1.1648300000000003,0
Nc1cc(OC=O)no1,128.087,5,1,2,1,5,78.35000000000001,-0.20800000000000013,0
N=C1OC(N)COC1=O,130.103,5,2,0,1,5,85.4,-1.1781300000000001,1
CC(N)(N)C1=NC=[N+]1[O-],128.135,4,2,1,1,5,90.47000000000001,-1.429299999999999,0
N=C1NCC(=O)OCO1,130.103,4,2,0,1,5,71.41000000000001,-0.9583300000000001,0
N=C1NC(=O)CC1=NO,127.103,4,3,0,1,5,85.54,-0.6862300000000001,0
N=CC1CN(C=N)C(=O)O1,141.13,4,2,2,1,5,77.24000000000001,0.06384000000000017,1
N=C1N=CN=C1CO,111.10399999999998,3,2,1,1,4,68.8,-0.5611300000000001,0
N=C1NCOC(=O)CO1,130.103,4,2,0,1,5,71.41,-0.9583300000000001,0
N=C1OCOC(=O)CO1,131.087,5,1,0,1,5,68.61,-0.5313300000000001,0
CC(=O)C1=NNC1=N,111.104,3,2,1,1,4,65.31,-0.4881300000000001,0
N#CC(=O)C1COC(=N)O1,140.09799999999998,5,1,1,1,5,83.17,-0.5707500000000001,1
CN=C1C=C(N)N=[N+]1[O-],126.11900000000001,4,1,0,1,5,76.80999999999999,-0.20909999999999973,0
COc1nc(OC#N)no1,141.086,6,0,2,1,6,81.17,-0.0619200000000002,0
N=C(N)Cc1nccnn1,137.146,4,2,2,1,5,88.54,-0.6499300000000003,0
COc1nn[nH]c1C#N,124.103,4,1,1,1,5,74.59,-0.31502000000000013,0
COC1=NC(=N)N=C1O,127.103,2,2,0,1,5,78.03,-0.06383000000000005,0
CCc1noc(=N)n1N,128.135,5,2,1,1,5,80.83,-0.7682300000000002,0
CN1C=C(NC=O)C=NO1,141.13,4,1,2,1,5,53.93000000000001,-0.5634000000000001,0
CC1=NC(CO)=NC1=O,126.11499999999998,3,1,1,1,4,62.02,-0.6217000000000001,0
NC(=O)C1=NC(N)=N1,112.09200000000001,4,2,1,1,5,93.83,-1.8014999999999999,0
CC1=NC(=N)N=C1N,110.12,2,2,0,1,4,74.59,-0.24712999999999996,0
N=CN1CCC(=O)NC1=O,141.13,3,2,1,1,5,73.26,-0.46463000000000004,0
N=C1COC(=O)N=CO1,128.087,4,1,0,1,5,71.74,0.15877000000000002,0
N=C1NCOCC(=O)O1,130.103,4,2,0,1,5,71.41,-0.9583300000000001,0
CN1CNC(=O)OC(=N)O1,145.118,5,2,0,1,6,74.65000000000002,-0.51813,0
CC(=O)C1=NC(N)=N1,111.10400000000001,4,1,1,1,4,67.81,-0.6978,0
CC1=NN=C(CO)C1=O,126.11499999999998,4,1,1,1,4,62.02,-0.6216999999999999,0
CNC(=O)c1ncon1,127.103,4,1,1,1,5,68.02000000000001,-0.5708000000000002,0
CC(=O)n1nc(CO)[nH]1,129.119,4,2,1,1,5,70.91,-0.6364000000000001,0
N=C1NC(=O)N=C1CO,127.103,3,3,1,1,5,85.54,-0.8798300000000001,0
Nc1cnc(C=O)nn1,124.103,5,1,1,1,5,81.76,-0.7337,0
N=C1COCOC(=N)O1,130.103,5,2,0,1,5,75.39,-0.0806599999999999,0
N=Cc1[nH]nnc1C=O,124.103,4,2,2,1,5,82.49000000000001,-0.38513,0
N=C1OCCOC1=NO,130.103,5,2,0,1,5,74.9,-0.20183000000000012,0
CN=c1[nH]c(N)[n+]([O-])o1,130.107,4,2,0,1,6,94.25,-1.6461999999999994,0
N=CC1NCOC(=O)N1,129.119,4,3,1,1,5,74.21,-0.7510300000000001,1
Cc1nc(N)nn1C=N,125.135,5,2,1,1,5,80.58,-0.3761100000000001,0
N#CC(N)n1ccnn1,123.11899999999999,5,1,1,1,5,80.52,-0.7410200000000002,1
N=CC1=NN=C(N)C1=O,124.103,5,2,1,1,5,91.66,-1.06813,0
NC1=NC(=O)C=C1F,114.07899999999998,2,1,0,1,4,55.449999999999996,-0.26279999999999987,0
Nc1nn[nH]c(=O)c1O,128.09099999999998,5,3,0,1,6,104.89,-1.5473000000000008,0
N#CCc1nc(C#N)n[nH]1,133.114,4,1,1,1,5,89.15,-0.25754000000000005,0
N=C1NCNC(=O)CO1,129.119,3,3,0,1,5,74.21000000000001,-1.3853300000000002,0
O=C1C=NCOC(=O)N1,128.087,4,1,0,1,5,67.75999999999999,-0.7189000000000001,0
N#COCc1n[nH]cc1N,138.13,4,2,2,1,5,87.72,-0.010419999999999985,0
CC1=NOC(OCO)=CN1,144.13000000000002,5,2,2,1,5,63.08,-0.2951000000000001,0
COC1=NCOC(=O)CN1,144.13,5,1,0,1,5,59.92,-0.9073000000000002,0
N=C1OC(=N)C(=O)O1,114.05999999999999,5,2,0,1,5,83.23,-0.5281600000000002,0
Cn1c(=N)cnn1C=N,125.13499999999999,5,2,1,1,5,70.45,-0.8437600000000003,0
N=C1OCC(=O)C(=N)O1,128.087,5,2,0,1,5,83.23,-0.48566000000000015,0
CC(=O)c1n[nH]c(=O)o1,128.087,4,1,1,1,5,75.96000000000001,-0.43450000000000005,0
N=C1C=NN=C(N)C1=N,123.119,5,3,0,1,5,98.44,-0.6174600000000001,0
CC(=O)NC1=NC=N1,111.104,3,1,0,1,4,53.82,-0.4796,0
COC1=NC(=N)C(O)=N1,127.103,3,2,0,1,5,78.03,-0.06383000000000005,0
N=C1NC(=O)C(CO)O1,130.10299999999998,4,3,1,1,5,82.41000000000001,-1.5715300000000003,1
CC(=O)n1cnc(N)n1,126.11900000000001,5,1,0,1,5,73.8,-0.47959999999999997,0
CC(=O)Cc1nc1=O,111.1,3,0,2,1,3,47.03,-0.5510999999999999,0
NC1=CC(=O)N=C1C=O,124.09899999999999,3,1,1,1,4,72.52000000000001,-0.9909000000000001,0
Nc1ncnc(C=O)n1,124.10299999999998,5,1,1,1,5,81.76,-0.7337,0
N=C1C=C(N)C(=O)O1,112.088,4,2,0,1,4,76.17,-0.6369300000000002,0
CC(O)C1=NC(=N)O1,114.104,3,2,1,1,4,65.67,-0.26933000000000007,1
Cn1c(=O)cnn1N,114.10800000000002,5,1,0,1,5,65.84,-1.7043999999999997,0
C#Cc1nn[nH]c1N,108.104,3,2,0,1,4,67.59,-0.6318000000000001,0
NC(=O)C1N=CC(O)=N1,127.10299999999998,3,2,1,1,5,88.04,-1.1612999999999998,1
N=C1CNC(=O)C(=O)O1,128.087,4,2,0,1,5,79.25000000000001,-1.3633300000000004,0
Cc1nnc(CO)nn1,126.119,5,1,1,1,5,71.79,-0.9326800000000002,0
N=C1NC=NCC(=O)O1,127.103,4,2,0,1,5,74.54,-0.9041300000000001,0
N=Cn1[nH]c(=O)oc1=O,129.075,5,2,1,1,6,91.85,-1.4152300000000002,0
NCc1[nH]c(N)nc1C=O,140.146,4,3,2,1,5,97.78999999999999,-0.7369000000000001,0
N=C1CC(=N)OC(=N)CO1,141.13,5,3,0,1,5,90.01,0.3551099999999999,0
CC(=O)n1ncc(N)n1,126.119,5,1,0,1,5,73.8,-0.47959999999999997,0
N=CNC1=NC(=O)OC1,127.103,3,2,1,1,5,74.54,-0.26822999999999997,0
N=C1NC(C=O)NC1=O,127.103,3,3,1,1,5,82.05000000000001,-1.7919299999999998,1
N#Cc1cn[nH]c1N,108.104,3,2,0,1,4,78.49,-0.1364200000000001,0
O=C1CCNC(=O)OC1,129.11499999999998,3,1,0,1,4,55.400000000000006,-0.3146,0
N=CN1CC(=O)NCO1,129.119,3,2,1,1,5,65.42,-1.0856299999999999,0
N=C1COC(=O)N=CO1,128.087,4,1,0,1,5,71.74,0.15877000000000002,0
N=C1CC(=O)OC(=O)O1,129.07099999999997,5,1,0,1,5,76.45,0.047170000000000045,0
COc1nc(N)cn1C#N,138.13,5,1,1,1,5,76.86,-0.19691999999999993,0
Nc1cc(OC=O)no1,128.087,5,1,2,1,5,78.35000000000001,-0.20800000000000013,0
N=COc1cnc(N)o1,127.103,5,2,2,1,5,85.13,0.24267,0
N=C1N=C(N)N=C1F,114.08300000000001,3,2,0,1,5,74.59,-0.3400299999999998,0
NC1=NC(=O)N=C1CO,127.10299999999998,3,2,1,1,5,88.04,-1.0895000000000001,0
CC1=NC(=O)C(CO)=N1,126.11499999999998,3,1,1,1,4,62.019999999999996,-0.6217000000000001,0
N=C1OC(=N)C(=O)O1,114.05999999999999,5,2,0,1,5,83.23,-0.5281600000000002,0
N=c1nc1NC(N)=O,112.092,3,3,1,1,5,91.86000000000001,-1.0727300000000002,0
Nc1noc(=O)c(=O)[nH]1,129.075,5,2,0,1,6,101.97999999999999,-1.6947,0
NC1=CN=NC1=NC=O,124.103,3,1,1,1,5,80.16999999999999,-0.19280000000000003,0
N=C1N=C(N)C=C1O,111.10399999999998,3,3,0,1,4,82.46000000000001,-0.22362999999999983,0
N=C1CCOC(=N)OC1,128.13099999999997,4,2,0,1,4,66.16,0.37784,0
CN=C1NC(=O)N1N,114.108,3,2,0,1,5,70.72,-1.1289000000000002,0
Cn1ncnc1COC#N,138.13,5,0,2,1,5,63.73,-0.18721999999999994,0
COC1=NC(=O)N=C1O,128.087,2,1,0,1,5,71.25,0.12140000000000001,0
CC1=C(O)C(=O)N=N1,112.08800000000001,3,1,0,1,4,62.019999999999996,0.7683,0
CN=C1N=CN=C1N,110.12,3,1,0,1,4,63.099999999999994,-0.5861999999999998,0
N=C1CNC(=O)OCO1,130.10299999999998,4,2,0,1,5,71.41000000000001,-0.3224300000000002,0
N=Cn1cc(O)c(=O)o1,128.087,5,2,1,1,5,79.22000000000001,-0.39793,0
N=CN1NCC(=O)CO1,129.119,4,2,1,1,5,65.42,-1.0856299999999999,0
N=C1C(N)=CN=C1N,110.12,4,3,0,1,4,88.25,-0.8229300000000002,0
CN=C1N=C(N)C(N)=N1,125.13500000000002,3,2,0,1,5,89.11999999999999,-1.2997999999999994,0
N=C1COCOC(=N)O1,130.103,5,2,0,1,5,75.39,-0.0806599999999999,0
N=C1COC(=O)NC(O)O1,146.102,5,3,0,1,6,91.64,-1.0040300000000004,1
CN=c1[nH]c(C#N)no1,124.103,4,1,0,1,5,77.97,-0.5951200000000003,0
CC(=O)n1[nH]nc1N,114.108,4,2,0,1,5,76.7,-0.5465000000000002,0
NC1=CN=NC(=O)C1=O,125.08699999999999,4,1,0,1,5,84.88,-0.6520000000000001,0
N=CN1CNC(=O)C1O,129.11899999999997,3,3,1,1,5,76.42,-1.6988300000000003,1
O=CC1OC(=O)C1=NO,129.071,5,1,1,1,5,75.96000000000001,-1.0591,1
CC1=NC(N)=NC1=N,110.12,3,2,0,1,4,74.59,-0.24712999999999996,0
COC1=NC(=O)C(=N)N1,127.103,3,2,0,1,5,74.53999999999999,-0.9041300000000001,0
O=Cc1nn[nH]c1O,113.07599999999998,4,2,1,1,5,78.87,-0.6772000000000001,0
COC1=NC(N)=NC1=N,126.11900000000001,4,2,0,1,5,83.82,-0.66313,0
CN=C1OCNC(=N)O1,129.119,4,2,0,1,5,66.7,-0.49913000000000024,0
N=C1NC(=O)C(=N)CO1,127.103,4,3,0,1,5,86.03000000000002,-0.9126600000000002,0
COc1coc(=N)nn1,127.10300000000001,5,1,1,1,5,72.0,-0.44233000000000006,0
N=c1[nH]c(=N)oc(=O)[nH]1,128.091,4,4,0,1,6,109.48999999999998,-1.7450600000000005,0
COc1nc(N)cn1C=O,141.13,5,1,2,1,5,70.14,-0.4878,0
CN=C1OC(=O)OC1=O,129.071,5,0,0,1,5,64.96000000000001,-0.29190000000000005,0
N=COc1cc(O)no1,128.087,5,2,2,1,5,79.34,0.36606999999999995,0
N=C1C=C(N)N1C=O,111.104,3,2,1,1,4,70.18,-0.7642300000000002,0
N=Cc1ncncc1N,122.131,4,2,1,1,4,75.65,0.05647000000000013,0
NC(=O)c1coc(N)n1,127.103,4,2,1,1,5,95.14,-0.6443000000000001,0
N=CC1=NC(=N)C(N)=N1,123.11900000000001,4,3,1,1,5,98.44,-0.6174600000000001,0
Nc1n[nH]c(C=O)[n+]1[O-],128.09099999999998,4,2,1,1,6,98.71,-1.5622,0
N=CC1=NN=CC1=O,109.08799999999998,4,1,1,1,4,65.64,-0.35453,0
N=Cn1cnc(N)c1N,125.135,5,3,1,1,5,93.71,-0.49733,0
N=C1C(=O)OC=C1N,112.088,4,2,0,1,4,76.17,-0.63693,0
N=C1OCNC(=O)CO1,130.10299999999998,4,2,0,1,5,71.41,-0.9583300000000003,0
CC1=NN=C(N)C1=O,111.104,4,1,0,1,4,67.81,-0.6978,0
CC(=O)N1CC(=N)N1,113.12,2,2,0,1,4,56.190000000000005,-0.66963,0
N=C1N=CC(OC=O)=N1,125.08699999999999,3,1,1,1,5,74.87,-0.42293000000000003,0
CN=c1ocnc(=N)o1,127.103,5,1,0,1,5,75.38,-0.7224299999999999,0
COc1coc(=N)n1N,129.119,5,2,1,1,5,77.17,-0.7170300000000001,0
N=COC1C(=N)NC1=O,127.103,4,3,2,1,5,86.03,-0.9142600000000003,1
N=C1NC(=O)C(=O)O1,114.05999999999999,4,2,0,1,5,79.25000000000001,-1.4058300000000001,0
N=C1C=C(N)OC1=O,112.088,4,2,0,1,4,76.17000000000002,-0.6369300000000002,0
COc1cnoc(=N)c1,126.11499999999998,4,1,1,1,4,59.11000000000001,0.16266999999999993,0
CN=C1NC(=O)N1C=O,127.10299999999998,3,1,1,1,5,61.77,-0.8462000000000001,0
NC1(C=O)OCNC1=O,130.103,4,2,1,1,5,81.42000000000002,-2.0557999999999996,1
N=C1CC(=O)OC1=NO,128.087,5,2,0,1,5,82.74000000000001,-0.25923,0
Nc1ncc(N)c(=O)o1,127.103,5,2,0,1,5,95.14,-0.8008,0
NC1=CC(=O)C(N)=N1,111.10400000000001,4,2,0,1,4,81.47,-1.2735999999999998,0
NC1=NN=C1C(O)C=O,127.10299999999997,5,2,2,1,5,88.03999999999999,-1.7269999999999999,1
N=C1NCOC(=O)CN1,129.119,3,3,0,1,5,74.21,-1.3853300000000002,0
N=c1nc[nH]c(N)n1,111.108,4,3,0,1,5,91.44,-1.13363,0
NC1=NC=C(O)C1=O,112.08799999999998,4,2,0,1,4,75.68,-0.6743000000000001,0
CC(N)C1N=NC(=O)O1,129.119,4,1,1,1,5,77.04,0.2621000000000001,2
NC1=NC(=O)C(C=O)=N1,125.08699999999997,4,1,1,1,5,84.88,-1.5188,0
N#CC(=O)c1nnc[nH]1,122.087,4,1,1,1,5,82.43,-0.48901999999999995,0
CN=C(N)C1=CN=N1,110.11999999999999,3,1,1,1,4,63.099999999999994,0.28060000000000007,0
N#CCc1noc(N)n1,124.10300000000001,5,1,1,1,5,88.73,-0.28212000000000004,0
NC(=O)c1cnoc1O,128.087,4,2,1,1,5,89.35000000000001,-0.5209,0
N=C1COC(=N)C(=O)O1,128.087,5,2,0,1,5,83.23,-0.48566000000000015,0
N=CN1C=NC(=O)OC1,127.10299999999998,3,1,1,1,5,65.75,0.031470000000000053,0
CNC1=NN=NC1=N,111.108,4,2,0,1,5,72.96000000000001,-0.03763000000000005,0
N=CNC1NCC1=N,112.136,3,4,2,1,4,71.76,-0.8678600000000003,1
N=C1NCC(=O)N=CO1,127.103,3,2,0,1,5,74.54,-0.9041300000000001,0
CN=C1OCOC(=N)O1,130.103,5,1,0,1,5,63.900000000000006,-0.07212999999999997,0
N=C1N=C(N)N=C1C=O,124.103,4,2,1,1,5,91.66,-1.06813,0
CN=C1N=NC=C1N,110.11999999999999,3,1,0,1,4,63.099999999999994,0.28060000000000007,0
Nc1nonc1CCO,129.119,5,2,2,1,5,85.17,-0.8134000000000001,0
N=C1OCC(=N)C(=O)O1,128.087,5,2,0,1,5,83.23,-0.48566000000000015,0
COC1=NC(N)=C1C=O,126.115,4,1,1,1,4,64.68,-0.5859000000000001,0
CC(=O)C1=C(O)N=N1,112.088,4,1,1,1,4,62.019999999999996,0.7683,0
N=C1NCC(=N)C(=N)O1,126.119,4,4,0,1,5,92.81000000000002,-0.46199000000000007,0
N=C1OC(=O)N=C1CN,127.10300000000001,4,2,1,1,5,88.53,-0.48642999999999986,0
N=C1NCCOC(=O)O1,130.103,4,2,0,1,5,71.41,-0.32243,0
N=CN1C=NCOC1=O,127.10299999999998,4,1,1,1,5,65.75,0.03146999999999994,0
N#CC1NC(=N)OCO1,127.103,4,2,0,1,5,78.13000000000001,-0.6352500000000003,1
NC1=C(N)C(=O)N=C1,111.10399999999998,3,2,0,1,4,81.47,-1.2736000000000003,0
N=C1N=C(N)N=C1C=O,124.103,4,2,1,1,5,91.66,-1.06813,0
CN1NC(=N)NC1C=O,128.135,3,3,1,1,5,68.22,-1.51423,1
N=C1NC(=O)C(N)CO1,129.119,4,3,0,1,5,88.2,-1.6051300000000004,1
N=C1NC(N)=NC=CO1,126.119,4,3,0,1,5,83.49000000000001,-0.6731299999999996,0
CC(=N)N1OCC1=N,113.11999999999999,3,2,0,1,4,60.17000000000001,0.20804,0
C#CCC1=NC(=N)N=N1,120.11500000000001,2,1,1,1,4,60.93,0.80877,0
N#CC(=O)c1c[nH]nn1,122.087,4,1,1,1,5,82.42999999999999,-0.48901999999999995,0
CNC1=NN=C1CO,113.11999999999999,4,2,1,1,4,56.980000000000004,-1.0338,0
CNCC1=NC(=N)C(N)=N1,139.162,4,3,2,1,5,86.62,-1.0476299999999994,0
N=C1NCC(O)C1=O,114.10399999999998,3,3,0,1,4,73.18,-1.5031299999999999,1
N=C1CNN(C=O)CO1,129.119,4,2,1,1,5,65.42,-1.0856300000000003,0
CC(=O)n1ncc(N)n1,126.119,5,1,0,1,5,73.8,-0.47959999999999997,0
N=C1NC(=N)C(=O)OCO1,143.102,5,3,0,1,6,95.26000000000002,-0.98106,0
N=C1NCC(=O)C(=N)O1,127.103,4,3,0,1,5,86.03000000000002,-0.9126600000000002,0
NC(=O)C1=CC(=O)O1,113.07199999999997,3,1,1,1,4,69.39,-1.0876000000000001,0
N=C1NC(C=O)OC1=N,127.103,4,3,1,1,5,86.03,-0.9142600000000001,1
Nc1n[nH]cc(O)c1=O,127.10299999999997,4,3,0,1,5,92.0,-0.9423000000000004,0
COCC1=NC(=N)N=C1,125.131,2,1,2,1,4,57.8,0.09297000000000005,0
Cc1nc(=N)on1CN,128.135,5,2,1,1,5,80.83,-0.8198100000000001,0
N=C1NC(C=O)=NC1=O,125.08699999999999,3,2,1,1,5,82.38,-1.3091300000000001,0
Nc1ncc(C=O)n1O,127.10299999999998,5,2,1,1,5,81.14,-0.48490000000000005,0
Cc1n[nH]c(=N)c(=N)o1,126.11899999999999,4,3,0,1,5,89.52,-0.72994,0
Cc1nc(OC=N)n[nH]1,126.11899999999999,4,2,2,1,5,74.65,0.09898999999999991,0
N=CN1CNC(=NO)C1,128.13499999999996,3,3,1,1,5,71.71000000000001,-0.75613,0
CNC1=NC(N)C1=NO,128.135,5,3,0,1,5,83.0,-1.2670999999999994,1
CC1=NC(=O)N=C1N,111.104,2,1,0,1,4,67.81,-0.061899999999999844,0
NC(=O)c1ncc(N)o1,127.103,4,2,1,1,5,95.14,-0.6443000000000003,0
N=C1OCC(=O)C(=N)O1,128.087,5,2,0,1,5,83.23,-0.48566000000000015,0
N=c1onc(N)n1CCO,144.13400000000001,6,3,2,1,6,101.06000000000002,-1.4699300000000002,0
Nc1cc(COC=O)[nH]n1,141.13,4,2,3,1,5,81.0,-0.3351000000000001,0
N=C1N=C(CO)OCN1,129.119,3,3,1,1,5,77.7,-1.1107300000000002,0
CC1(OC=N)OC1=O,115.08799999999998,4,1,2,1,4,62.68,-0.11693000000000014,1
N=C1OC(C=O)NC1=O,128.087,4,2,1,1,5,79.25,-1.3649300000000002,1
N=CN1NN(C=O)C=C1N,141.13399999999996,4,3,2,1,6,85.45,-1.4553299999999993,0
N#CCc1noc(N)n1,124.10300000000001,5,1,1,1,5,88.73,-0.28212000000000004,0
N=C1CNC(=O)OCN1,129.119,3,3,0,1,5,74.21000000000001,-0.7494300000000003,0
N=C1CNCOC1=NO,129.119,5,3,0,1,5,77.7,-0.6288300000000002,0
Cc1nnc(NC=O)o1,127.10299999999998,4,1,2,1,5,68.02000000000001,-0.053680000000000117,0
C#Cc1nc(N)no1,109.08800000000001,4,1,0,1,4,64.94,-0.36689999999999995,0
O=c1cnoc(CO)n1,128.087,5,1,1,1,5,76.22,-1.0779,0
N=CNC1=CN=NC1=N,123.119,3,3,2,1,5,84.45,0.46754,0
COC(=N)C1=NC=C1O,126.11499999999998,4,2,1,1,4,65.67,0.46407,0
COC1=NC(=O)C(=N)N1,127.103,3,2,0,1,5,74.53999999999999,-0.9041300000000001,0
CC1=NC(N)=NC1=N,110.12,3,2,0,1,4,74.59,-0.24712999999999996,0
N=C1OCC(=O)C(=N)O1,128.087,5,2,0,1,5,83.23,-0.48566000000000015,0
CC(=O)n1ncnc1N,126.119,5,1,0,1,5,73.8,-0.47959999999999997,0
NC1=NC(C=O)NC1=O,127.10299999999998,4,2,1,1,5,84.54999999999998,-2.0016,1
Cc1noc(=N)c(O)n1,127.103,5,2,0,1,5,83.0,-0.43691,0
N=C1NCCOC(=N)C1=O,141.13,4,3,0,1,5,86.03,-0.8701599999999998,0
N=C1NCNC(=O)CO1,129.119,3,3,0,1,5,74.21000000000001,-1.3853300000000002,0
N=CN1CC(=O)OC1=O,128.087,4,1,1,1,5,70.46000000000001,-0.42772999999999994,0
N=C1OCC(=O)C(=O)O1,129.071,5,1,0,1,5,76.45,-0.9363300000000001,0
N=C1NC(=O)OC1C=O,128.087,4,2,1,1,5,79.25,-0.7290300000000001,1
CC(O)c1cnnc(N)n1,140.14600000000002,5,2,1,1,5,84.92,-0.49290000000000006,1
N=c1onc(N)n1CO,130.10700000000003,6,3,1,1,6,101.06000000000002,-1.5124300000000002,0
N=C1COC(=N)OCO1,130.103,5,2,0,1,5,75.39,-0.08066000000000012,0
CC1NC(=O)OC(=O)N1,130.10299999999998,3,2,0,1,5,67.42999999999999,-0.21819999999999984,0
COc1ncnc(C=N)n1,138.13,5,1,2,1,5,71.75,-0.12213000000000002,0
COC1=CN=C(N)C1=N,125.131,4,2,1,1,4,71.46000000000001,-0.13522999999999985,0
CNC(=O)c1cnc(N)o1,141.13,4,2,1,1,5,81.15,-0.3836000000000001,0
CN=C1ON=C1C=N,111.10399999999998,4,1,1,1,4,57.800000000000004,0.05047000000000007,0
N=C1N=C(O)N=C1C=O,125.08699999999997,3,2,1,1,5,85.87,-0.4688300000000001,0
CC1=NC(C=N)=NC1=N,122.13099999999999,3,2,1,1,4,72.42,0.48624,0
CCn1cnc(=N)n1C=O,140.146,5,1,2,1,5,63.67,-0.7777300000000003,0
O=c1cnncn1CO,127.103,5,1,1,1,5,68.01,-1.4119000000000002,0
CNC(=O)N1OC1=O,116.076,3,1,0,1,5,61.71,-0.3069999999999999,0
NC(=NO)C1=NC=N1,112.092,4,2,1,1,5,83.33,-0.8268000000000002,0
N=CNC1C(=N)OC1=O,127.103,4,3,2,1,5,86.03,-0.9142600000000003,1
N=C1NCC(=O)N1C=O,127.103,3,2,1,1,5,73.26,-1.4906300000000001,0
N=C1N=CN=C1C=O,109.08799999999998,3,1,1,1,4,65.64,-0.35453,0
N=C1NC(=N)OCCO1,129.119,4,3,0,1,5,78.19000000000001,-0.50766,0
N=C1C=C(N)C(O)=N1,111.104,2,3,0,1,4,82.46000000000001,-0.22363000000000005,0
CN=C1C=NC(O)=N1,111.10399999999998,2,1,0,1,4,57.31,0.013099999999999945,0
N#CC1N=COC(=N)O1,125.08699999999997,5,1,0,1,5,78.46,-0.15405000000000008,1
COc1n[nH]c(=N)n1C=N,141.134,5,3,2,1,6,90.53999999999999,-0.8455599999999999,0
COC(=O)N1NC1=N,115.092,3,2,0,1,5,75.1,-0.4922299999999999,0
Nc1conc1C=O,112.088,4,1,1,1,4,69.12,0.06930000000000014,0
CN=C1CN=C(O)C(=N)O1,141.12999999999997,4,2,0,1,5,78.03000000000002,-0.02133000000000007,0
CC1(O)C(=N)N1C=O,114.104,3,2,1,1,4,64.16,-0.8558300000000001,1
N=C1OCC(=O)C1=O,113.07199999999999,4,1,0,1,4,67.22,-0.8679300000000001,0
N=C1OCC(=O)C(=O)O1,129.071,5,1,0,1,5,76.45,-0.9363300000000001,0
N=C1N=C(N)N=CC1=O,124.103,4,2,0,1,5,91.66,-1.06813,0
N=C1OC(N)C1=NC=O,127.103,4,2,1,1,5,88.53,-1.12393,1
N=C(N)C1=NOC1=O,113.076,4,2,1,1,5,88.53,-1.16483,0
O=CC1=NCOC1=O,113.07199999999999,4,0,1,1,4,55.73,-0.8594000000000002,0
N=C1OCC(=O)OC1=N,128.087,5,2,0,1,5,83.22999999999999,-0.48566000000000015,0
C#CCn1nn[nH]c1=O,124.103,4,1,1,1,5,63.57,-1.4003999999999999,0
NC(=O)C1=NC(CO)=N1,127.103,4,2,2,1,5,88.04,-1.7253999999999996,0
NC1=NC(=O)N=C1CO,127.10299999999998,3,2,1,1,5,88.04,-1.0895000000000001,0
N=C1COC(=O)C=CN1,126.11499999999998,3,2,0,1,4,62.18,-0.37623,0
N=C1NCC(=O)C=NO1,127.103,4,2,0,1,5,74.54,-0.9041300000000001,0
Nn1c(F)cc[n+]1[O-],117.08299999999998,3,1,0,1,5,57.89,-1.0255999999999998,0
CC1C(=O)N=NC1=O,112.088,2,0,0,1,4,58.86,0.14150000000000001,0
NC(=O)c1ncc(N)o1,127.103,4,2,1,1,5,95.14,-0.6443000000000003,0
CC(=O)n1[nH]nc1N,114.108,4,2,0,1,5,76.7,-0.5465000000000002,0
N=C1OCNC(N)=CC1O,143.146,5,4,0,1,5,91.36,-1.29803,1
NC1=NC(=O)C(C=O)=N1,125.08699999999997,4,1,1,1,5,84.88,-1.5188,0
N=C1CN=COC(=N)O1,127.10299999999998,5,2,0,1,5,78.52,-0.026460000000000095,0
N=Cc1nncc(N)n1,123.119,5,2,1,1,5,88.54,-0.5485300000000002,0
CN=C1N=C(O)NC1=O,127.10299999999998,2,2,0,1,5,74.05000000000001,-0.9415,0
N=CNc1cc(O)no1,127.10299999999998,4,3,2,1,5,82.14,0.39916999999999986,0
N=C1NCC(=O)OCO1,130.103,4,2,0,1,5,71.41000000000001,-0.9583300000000001,0
CC(=O)C1=NC(=O)N1,112.088,2,1,1,1,4,58.53,-0.3028999999999999,0
CC(=O)OC1=NC(=N)O1,128.08700000000002,4,1,0,1,5,71.74,-0.12952999999999998,0
NC1=NC(=O)C(C=O)=N1,125.08699999999997,4,1,1,1,5,84.88,-1.5188,0
N=C1OCCOC(=N)O1,130.103,5,2,0,1,5,75.39,-0.0806599999999999,0
NC(=O)C1=NC(=O)N1,113.076,2,2,1,1,5,84.55000000000001,-1.4066,0
CC(=O)c1n[nH]c(=O)o1,128.087,4,1,1,1,5,75.96000000000001,-0.43450000000000005,0
N=C1ON=C1CCO,114.10399999999998,4,2,2,1,4,65.67,-0.26773,0
O=Cc1n[nH]nc1C=O,125.08699999999997,4,1,2,1,5,75.71000000000001,-0.5703000000000003,0
CC(=O)OC1=NC(N)=N1,127.10300000000002,5,1,0,1,5,77.03999999999999,-0.7662,0
N#CCc1ncoc1N,123.115,4,1,1,1,4,75.84,0.32288000000000006,0
CN=C1OC(=O)N=C1N,127.10300000000001,4,1,0,1,5,77.03999999999999,-0.47789999999999994,0
N=C1N=C(CN)C=[N+]1[O-],126.119,3,2,1,1,5,88.30000000000001,-1.08443,0
N=c1oncnc1CO,127.10299999999998,5,2,1,1,5,83.0,-0.9586300000000001,0
CNC(=N)C1=NC(=O)O1,127.103,3,2,1,1,5,74.54,-0.2682300000000001,0
N=C1N=C(CO)C(=O)O1,128.087,4,2,1,1,5,82.74,-1.0887300000000002,0
NC(C=O)C1=NC(=O)N1,127.103,3,2,2,1,5,84.55000000000001,-1.3657,1
N=C1N=C(N)C(=O)N1,112.092,3,3,0,1,5,91.33000000000001,-1.5918299999999999,0
N=C1OCC(=O)OC1=N,128.087,5,2,0,1,5,83.22999999999999,-0.48566000000000015,0
N=C1COC(=N)N=CO1,127.103,4,2,0,1,5,78.52,-0.026460000000000095,0
CN=C1NN=NC1=N,111.108,3,2,0,1,5,72.96000000000001,-0.03763000000000005,0
CC1=NN=C(N)C1=O,111.104,4,1,0,1,4,67.81,-0.6978,0
CC(=O)c1noc(N)n1,127.10300000000001,5,1,1,1,5,82.01,-0.14560000000000006,0
N=CN1OCC1C(=O)O,130.103,3,2,2,1,5,73.62,-0.7061299999999999,1
Cc1nnnc(N)n1,111.108,5,1,0,1,5,77.58,-0.8427800000000001,0
N=CN1CC(=O)OC1=N,127.10299999999998,4,2,1,1,5,77.24000000000001,-0.61296,0
CC1=NC(N)=NC1=O,111.104,3,1,0,1,4,67.81,-0.6978,0
OCNC1=NCN=C1,113.12,4,2,1,1,4,56.98,-1.0338,0
COC(O)c1c[nH]nn1,129.119,4,2,2,1,5,71.03,-0.5580000000000003,1
N#CC1=NC(=O)OC1=N,123.07099999999998,4,1,0,1,5,86.30000000000001,0.07845000000000002,0
O=CC1CN=NC(O)CN1,143.146,5,2,1,1,5,74.05,-1.0723,2
CC(=O)c1ncnn1N,126.11900000000001,5,1,1,1,5,73.8,-0.8055000000000001,0
N#CCc1noc(=N)o1,125.08699999999999,5,1,1,1,5,86.81,-0.18685000000000002,0
NC1=NC(=O)C(=O)O1,114.05999999999997,4,1,0,1,5,81.75,-1.6155,0
N=C1N=COC(=O)CO1,128.087,4,1,0,1,5,71.74,-0.47713000000000005,0
CC1=NC(=N)N=C1N,110.12,2,2,0,1,4,74.59,-0.24712999999999996,0
NC1=C(N)C(=O)C=N1,111.10399999999998,4,2,0,1,4,81.47,-1.2736000000000003,0
N=C1COC(=N)OCO1,130.103,5,2,0,1,5,75.39,-0.08066000000000012,0
NC1=NC(=O)C(C=O)=N1,125.08699999999997,4,1,1,1,5,84.88,-1.5188,0
N=C1N=C(C=O)C(=O)O1,126.07099999999997,4,1,1,1,5,79.58,-0.8821300000000001,0
Nc1ncn(C=O)n1,112.09199999999998,5,1,1,1,5,73.8,-1.1014000000000002,0
N=C1COCNC(=O)N1,129.119,3,3,0,1,5,74.21,-0.7494300000000003,0
O=CNC1=NOC1=O,114.05999999999999,4,1,1,1,5,67.75999999999999,-1.3973000000000002,0
N=C1N=CC(=N)C(O)=N1,124.103,2,3,0,1,5,92.65,-0.018159999999999954,0
NC1=NC(=O)C(=O)C=N1,125.08699999999997,4,1,0,1,5,84.88,-1.5188,0
CC(=O)C1=NN=C1N,111.10400000000001,4,1,1,1,4,67.81,-0.6978,0
C#Cc1cnoc(=O)n1,122.08299999999998,4,0,0,1,4,55.99,-0.5889,0
N=C(N)C1=NC=NC1=O,124.103,3,2,1,1,5,91.66,-1.06813,0
CC(=N)n1ncc(=N)o1,126.11899999999999,5,2,0,1,5,78.66000000000001,-0.19916000000000017,0
N=C1N=C(N)N=C1C=O,124.103,4,2,1,1,5,91.66,-1.06813,0
N=C1OCNC(=O)CO1,130.10299999999998,4,2,0,1,5,71.41,-0.9583300000000003,0
N#CC(=N)N1OC1=N,110.076,4,2,0,1,5,87.03,-0.33078,0
CN=C1N=C(O)C(=O)N1,127.10299999999998,2,2,0,1,5,74.05,-0.9415,0
COC1=NC(=N)N=C1O,127.103,2,2,0,1,5,78.03,-0.06383000000000005,0
N=CN1CC(=O)OC1=N,127.10299999999998,4,2,1,1,5,77.24000000000001,-0.61296,0
N=C1N=NC(C=O)=C1N,124.103,4,2,1,1,5,91.66,-0.2013299999999999,0
N=CC1=C(O)N=NC1=N,124.103,4,3,1,1,5,92.65,0.8486400000000001,0
N=C1OC=CNC(=O)O1,128.087,4,2,0,1,5,71.41,0.14876999999999996,0
N=C1N=C(N)C(=O)O1,113.076,4,2,0,1,5,88.53000000000002,-1.16483,0
N=C1CNC(N)C(=O)O1,129.119,5,3,0,1,5,88.2,-1.60513,1
N=c1onc(C=O)n1N,128.09099999999998,6,2,1,1,6,97.89999999999999,-1.51813,0
CC#Cc1nonc1N,123.11500000000001,4,1,0,1,4,64.94,0.0232,0
C#Cc1nnoc1N,109.088,4,1,0,1,4,64.94,-0.36689999999999995,0
Cc1c[nH]nnc1=NC=O,138.13,3,1,1,1,5,71.0,-0.8297800000000002,0
CCc1nonc1CO,128.131,4,1,2,1,4,59.150000000000006,0.12430000000000002,0
N=c1[nH]c(=N)oc(=O)o1,129.075,5,3,0,1,6,106.83999999999999,-1.4801600000000006,0
N=C(N)OC1OCC1=N,129.119,4,3,1,1,5,92.18,-0.72746,1
N=C1COC(=N)C1=O,112.088,4,2,0,1,4,74.0,-0.41726000000000013,0
CC(=O)c1nncn1N,126.11900000000001,5,1,1,1,5,73.8,-0.8055000000000001,0
CC1=NC(=N)C(N)=N1,110.12,3,2,0,1,4,74.59,-0.24712999999999996,0
CC1=C(CO)N=NC1=O,126.115,3,1,1,1,4,62.02,0.24510000000000004,0
NC(=O)Oc1cnc[nH]1,127.103,3,2,1,1,5,81.0,-0.13279999999999997,0
N=CC1=NC(=N)N=C1N,123.11900000000001,3,3,1,1,5,98.44,-0.6174600000000001,0
O=CN1CN=NCCN1,128.13500000000002,4,1,1,1,5,57.06,-0.6273000000000002,0
NC1=NC(=O)N=C1CO,127.10299999999998,3,2,1,1,5,88.04,-1.0895000000000001,0
Nc1nc(C=O)[nH]c1N,126.11899999999999,4,3,1,1,5,97.78999999999999,-0.6134000000000002,0
N=C1NC(=N)C(=O)N1,112.092,3,4,0,1,5,88.83000000000001,-1.3821599999999998,0
N=Cn1cc(O)[nH]c1=O,127.10299999999998,4,3,1,1,5,81.87,-0.66283,0
CC(=O)Oc1nc1=O,113.072,4,0,1,1,4,56.26,-0.7572999999999999,0
N=C1NCCOC(=N)O1,129.119,4,3,0,1,5,78.19000000000001,-0.50766,0
CC([NH3+])C1=NN=C1N,113.14400000000002,3,2,1,1,4,78.38,-1.6563999999999988,1
CCC1=C(N)N=NC1=N,124.147,3,2,1,1,4,74.59,1.00977,0
N=C1NCC(=N)C(O)O1,129.119,4,4,0,1,5,89.19000000000001,-1.1208600000000002,1
NC(=O)C1=NC(O)=N1,113.076,3,2,1,1,5,88.04,-1.2022000000000002,0
N=C1N=COC(=O)C1=N,125.08699999999999,4,2,0,1,5,86.36,-0.4314599999999999,0
COC1=NC(=N)N=C1N,126.11900000000001,3,2,0,1,5,83.82,-0.66313,0
COC(=O)C1=NC(N)=N1,127.10300000000002,5,1,1,1,5,77.03999999999999,-1.1138000000000003,0
CN=C(N)C1=NC(=O)N=C1,138.13,2,1,1,1,5,80.17,-0.3812,0
CC1=NNC=NC=[N+]1[O-],126.11899999999999,4,1,0,1,5,62.81999999999999,-0.5100999999999998,0
CCc1nn[nH]c(=O)n1,126.11899999999999,4,1,1,1,5,71.53,-0.8777000000000001,0
C#CCc1[nH]nnc1N,122.13100000000001,3,2,1,1,4,67.59,-0.4374000000000002,0
N=C1NCNC(=O)CO1,129.119,3,3,0,1,5,74.21000000000001,-1.3853300000000002,0
N=C1OC(=O)N=C1CO,128.087,4,2,1,1,5,82.74,-0.45282999999999995,0
N=C1NC(C=O)C(=N)O1,127.103,4,3,1,1,5,86.03000000000002,-0.9142600000000001,1
CN=C1N=C(O)N1C=O,127.10299999999998,2,1,1,1,5,65.26,-0.6417999999999999,0
N=Cn1cnc(=O)n1O,128.09099999999998,6,2,1,1,6,83.9,-1.26273,0
Nc1c[n+]([O-])c(N)cn1,126.119,4,2,0,1,5,91.86999999999999,-1.1206,0
COCC1=NC(=N)OC1=O,142.114,4,1,2,1,5,71.74000000000001,-0.43463,0
N=c1ncc(CO)no1,127.103,5,2,1,1,5,83.0,-0.9586300000000001,0
N=C1OCC(CO)=[N+]1[O-],130.103,4,2,1,1,5,79.38,-1.1050300000000002,0
Nc1nonc1CC=O,127.10299999999998,5,1,2,1,5,82.00999999999999,-0.6068000000000002,0
NC1=C(N)C(=O)N=C1,111.10399999999998,3,2,0,1,4,81.47,-1.2736000000000003,0
N=C1NC(=O)C(=N)OCO1,143.102,5,3,0,1,6,95.26000000000002,-0.9810600000000003,0
COC1=NC(N)=NC1=O,127.10300000000001,4,1,0,1,5,77.03999999999999,-1.1138000000000001,0
N=c1[nH]c(=O)[nH]c(=O)o1,129.075,4,3,0,1,6,102.71,-1.8643299999999998,0
COC1=NN=C(N)C1=O,127.103,5,1,0,1,5,77.03999999999999,-1.1138000000000001,0
O=C1CN=NC(=O)NC1,127.103,3,1,0,1,5,70.89,-0.2691000000000001,0
O=C1N=C(O)C(CO)=N1,128.08699999999996,2,2,1,1,5,82.25,-0.49019999999999997,0
NC1=NC(=O)NC1=NCO,142.118,4,3,1,1,6,100.07,-1.5849000000000002,0
N=C1ON=C1C(N)=O,113.076,4,2,1,1,5,88.53,-1.1648300000000003,0
Nc1oncc1C=O,112.08799999999998,4,1,1,1,4,69.12,0.06930000000000003,0
CC(=O)C(=O)C1NCO1,129.11499999999998,4,1,2,1,4,55.400000000000006,-0.9521000000000002,1
N=Cn1cnc(=O)oc1=N,140.10199999999998,6,2,1,1,6,95.72999999999999,-1.22906,0
N#CC(=N)n1nc[nH]1,109.092,4,2,0,1,5,81.25,-0.43985,0
N=CN1COCOC1=O,130.10299999999998,4,1,1,1,5,62.62000000000001,-0.022729999999999917,0
N=C1OC(=O)COC1=NN,143.10199999999998,6,2,0,1,6,97.75999999999999,-1.1907299999999998,0
CC(=O)NC1=NC(N)=N1,126.11900000000001,4,2,0,1,5,79.84,-1.1931999999999996,0
C#CCn1c(O)n[nH]c1=O,139.11399999999998,4,2,1,1,5,70.91,-1.0898,0
CC(=O)C1=NNC1=N,111.104,3,2,1,1,4,65.31,-0.4881300000000001,0
Cn1cnc(=O)n1N,114.108,5,1,0,1,5,65.84,-1.7043999999999997,0
N=CN1C(=O)N1CO,115.09199999999998,3,2,2,1,5,67.17,-0.80413,0
Cc1nc(=O)ncn1N,126.119,5,1,0,1,5,73.8,-1.3394799999999996,0
N=Cc1ncnoc1=N,124.103,5,2,1,1,5,86.62,-0.45326000000000016,0
N#CC(=N)n1ccn1N,123.119,5,2,0,1,5,83.52,-0.6476500000000001,0
N=C1ON1C(=O)C=O,114.05999999999997,4,1,1,1,5,73.53,-1.10613,0
NC1=NC(=O)C(C=O)=N1,125.08699999999997,4,1,1,1,5,84.88,-1.5188,0
N=C1OC=NC(C=O)O1,128.087,5,1,1,1,5,71.74,-0.4787300000000001,1
COc1nonc1C=N,127.103,5,1,2,1,5,72.0,0.07586999999999994,0
O=CC(=NO)C1COC1,129.11499999999998,4,1,2,1,4,58.89,-0.33810000000000007,0
O=C1COC=NC(=O)N1,128.087,3,1,0,1,5,67.75999999999999,-0.7189000000000001,0
NC(=O)c1nc(N)co1,127.103,4,2,1,1,5,95.14,-0.6443000000000003,0
N=C1N=NC=C(N)C1=N,123.119,4,3,0,1,5,98.44,0.24934000000000006,0
N=C1NC(=O)C(=O)CO1,128.087,4,2,0,1,5,79.25000000000001,-1.36333,0
N=C1COC(=O)N=CN1,127.103,3,2,0,1,5,74.53999999999999,-0.26823000000000013,0
N=CN1CC(=O)OC1=N,127.10299999999998,4,2,1,1,5,77.24000000000001,-0.61296,0
CC(N)C1=NC(=O)N=N1,126.119,3,1,1,1,5,80.17,0.3179000000000002,1
NN=C1OC=NC1=O,113.076,4,1,0,1,5,77.03999999999999,-1.1563,0
N=Cc1on(O)c1C=O,128.087,5,2,2,1,5,79.22,0.12857000000000007,0
N=C1CN=COC(=N)O1,127.10299999999998,5,2,0,1,5,78.52,-0.026460000000000095,0
CN=C1N=C(F)C(=O)O1,130.078,3,0,0,1,5,51.019999999999996,-0.10299999999999992,0
CC(O)C1=NN=C1N,113.12000000000002,4,2,1,1,4,70.97,-0.9060000000000001,1
CC(=O)c1nnc(N)[nH]1,126.11900000000001,4,2,1,1,5,84.66,-0.41050000000000003,0
Cc1nc(O)nn1CC#N,138.13,5,1,1,1,5,74.73,-0.18430000000000007,0
CC1=NN=C1NC=N,110.11999999999999,3,2,1,1,4,60.6,-0.0289299999999999,0
Nc1cnc(=O)oc1N,127.103,5,2,0,1,5,95.14,-0.8008,0
O=Cc1n[nH]c(CO)n1,127.10299999999998,4,2,2,1,5,78.87,-0.8905000000000001,0
CC1(NC=O)NC(=N)O1,129.119,3,3,2,1,5,74.21000000000001,-1.0393300000000003,1
N=C1N=C(F)C(=O)O1,116.05099999999999,3,1,0,1,5,62.510000000000005,-0.15403,0
N=C1CNC(=O)N=CO1,127.10299999999998,3,2,0,1,5,74.54,-0.26823000000000013,0
N=C1NC(=N)C(=NO)O1,128.091,5,4,0,1,6,101.55000000000001,-0.6940599999999999,0
CC1=NC(=O)N=C1NC=N,138.13,2,2,1,1,5,77.67,0.17607000000000006,0
COC1=NC(=O)N=C1N,127.10300000000001,3,1,0,1,5,77.03999999999999,-0.47789999999999994,0
Cc1noc(=O)c(O)n1,128.087,5,1,0,1,5,76.22,-0.5561800000000001,0
CC1CNC(=N)C(=N)O1,127.14699999999999,3,3,0,1,4,68.96000000000001,-0.050760000000000194,1
N#CCc1nc(N)no1,124.10300000000001,5,1,1,1,5,88.73,-0.28212000000000004,0
N#CC1COC(=N)CN1,125.131,4,2,0,1,4,68.89999999999999,-0.5243500000000003,1
C#CCn1nnnc1N,123.11900000000001,5,1,1,1,5,69.62,-1.1115000000000002,0
CN1C=NC(NC=O)=CN1,140.146,4,2,2,1,5,56.730000000000004,-0.9904000000000004,0
Cc1n[nH]c(=O)c(=N)o1,127.10299999999998,4,2,0,1,5,82.74,-0.8492100000000002,0
CN=C1N=NC(CO)=N1,126.11899999999999,3,1,1,1,5,69.67,-0.17119999999999996,0
N=C1CNC(N)(C=O)O1,129.119,5,3,1,1,5,88.2,-1.6051300000000002,1
N=c1cnc(C=O)co1,124.09899999999998,4,1,1,1,4,66.95,-0.033429999999999904,0
N#Cc1conc1N,109.08800000000001,4,1,0,1,4,75.84,0.12848000000000004,0
N=CN1OCNC1C=O,129.119,4,2,2,1,5,65.42000000000002,-1.0872300000000001,1
N=C1OCC(=O)OC1=N,128.087,5,2,0,1,5,83.22999999999999,-0.48566000000000015,0
NC=NC1OC1C=NO,129.119,4,2,2,1,5,83.5,-0.8417000000000003,2
O=Cc1n[nH]nc1CO,127.10299999999998,4,2,2,1,5,78.87,-0.8905000000000001,0
COC1=CN=C(N)C1=O,126.115,4,1,1,1,4,64.68,-0.5859000000000001,0
N=C(N)C1=NC(=O)N1,112.092,2,3,1,1,5,91.33000000000001,-0.95593,0
Nc1cn(C=O)c(N)n1,126.119,5,2,1,1,5,86.92999999999999,-0.9142000000000001,0
NC1=CC(=O)C(C=O)=N1,124.09899999999999,4,1,1,1,4,72.52000000000001,-0.9909000000000001,0
N=C1OCC(=N)C(=O)O1,128.087,5,2,0,1,5,83.23,-0.48566000000000015,0
CC1=NC(=N)C(O)=N1,111.10399999999998,2,2,0,1,4,68.8,0.35217,0
N=C1N=C(N)C(F)=N1,114.08300000000001,2,2,0,1,5,74.59,-0.3400299999999998,0
NN=C1NC(=O)NC1=O,128.09099999999998,4,3,0,1,6,96.57999999999998,-1.9019999999999997,0
N=C1COC(=O)C1=NO,128.087,5,2,0,1,5,82.74,-0.60683,0
N=C1OC(=O)C(C=O)O1,129.07099999999997,5,1,1,1,5,76.45,-0.9379300000000002,1
N=C1NC(=O)C(=N)O1,113.076,4,3,0,1,5,86.03000000000002,-0.9551600000000002,0
CC(=O)c1cnoc1N,126.115,4,1,1,1,4,69.12,0.45940000000000014,0
N=C1OC(=O)N=C1CO,128.087,4,2,1,1,5,82.74,-0.45282999999999995,0
N=C1COCOC(=N)O1,130.103,5,2,0,1,5,75.39,-0.0806599999999999,0
N=Cc1cnc(N)c(=O)o1,139.114,5,2,1,1,5,92.97000000000001,-0.3853300000000001,0
N=C1C=NCN=CN1,110.12,3,2,0,1,4,60.6,-0.3765300000000002,0
N=C1CNC(=O)CO1,114.10399999999998,3,2,0,1,4,62.18000000000001,-0.8899300000000003,0
N=C1NN=C(O)C1=NC=O,140.10199999999998,3,3,1,1,6,97.9,-0.9642300000000001,0
CN=C1NC(=O)OC1=N,127.10299999999998,4,2,0,1,5,74.53999999999999,-0.2682300000000001,0
N=C1OC=NC1OC(=O)O,144.08599999999998,5,2,1,1,6,91.97000000000001,0.04286999999999991,1
N=C1N=C(N)OC1=N,112.092,4,3,0,1,5,95.31,-0.7141600000000001,0
COC1=CN=NC1=NC=N,138.13,3,1,2,1,5,70.16,0.94557,0
CC(=O)c1nc(O)n[nH]1,127.103,4,2,1,1,5,78.87,-0.2871000000000001,0
CNC(=O)C1=NC(=O)O1,128.087,3,1,1,1,5,67.76,-0.7189000000000001,0
CN=C1N=NC(=O)N1,112.09199999999998,2,1,0,1,5,66.17999999999999,0.14760000000000006,0
CC(=O)n1ncc(N)n1,126.119,5,1,0,1,5,73.8,-0.47959999999999997,0
N=C1C=C(N)N=C1N,110.12000000000002,4,3,0,1,4,88.25,-0.8229300000000002,0
N=CC1OC(=N)OC1=O,128.087,5,2,1,1,5,83.22999999999999,-0.48725999999999997,1
Nc1ncc(=O)oc1O,128.087,5,2,0,1,5,89.35000000000001,-0.6774000000000002,0
N=CN1OCC1C(=N)O,129.119,3,3,2,1,5,80.4,-0.25545999999999985,1
N=C1OCNC(=O)CO1,130.10299999999998,4,2,0,1,5,71.41,-0.9583300000000003,0
CN=C1N=CN=C1N,110.12,3,1,0,1,4,63.099999999999994,-0.5861999999999998,0
N=C1CN(C=O)OC1=O,128.087,4,1,1,1,5,70.46000000000001,-1.06363,0
CNC1=NN=C1C=O,111.10399999999998,4,1,1,1,4,53.82,-0.8272000000000002,0
N=CC1C(=N)OC1=NO,127.103,5,3,1,1,5,89.52000000000001,0.04734000000000005,1
N=C1NC(C=O)OCO1,130.103,4,2,1,1,5,71.41000000000001,-0.9599300000000002,1
Nc1ncnc(C=O)n1,124.10299999999998,5,1,1,1,5,81.76,-0.7337,0
CN=C1NC(=O)C(=O)N1,127.10299999999998,3,2,0,1,5,70.56,-1.7817999999999996,0
N=C(N)C1=NC(=O)N1,112.092,2,3,1,1,5,91.33000000000001,-0.95593,0
CCC1=NC(=N)N=C1O,125.13099999999999,1,2,1,1,4,68.8,0.74227,0
CC1=NC(=N)OC1=NO,127.10299999999998,4,2,0,1,5,78.03,0.1999700000000001,0
N=C1N=CC(N)=NC1=O,124.10300000000001,3,2,0,1,5,91.66,-1.0681300000000002,0
N=C1N=C(N)N=C1N,111.10800000000002,4,3,0,1,5,100.61,-1.3508300000000002,0
Nc1c[n+]([O-])c(N)cn1,126.119,4,2,0,1,5,91.86999999999999,-1.1206,0
CC1=NC(NC=O)=C1N,125.13099999999999,3,2,2,1,4,67.48,-0.6653,0
N=C1OCC(=O)C1=NO,128.087,5,2,0,1,5,82.74,-0.60683,0
N=C1OCCOC(=N)O1,130.103,5,2,0,1,5,75.39,-0.0806599999999999,0
CCN1CC(=O)NC(=N)O1,143.146,4,2,1,1,5,65.42,-0.69553,0
CC(N)(O)C1=NC=N1,113.12,4,2,1,1,4,70.97,-0.9060000000000001,1
N=CN1C=COC(=O)CN1,141.13,4,2,1,1,5,65.42,-0.57193,0
COc1n[nH]nc1C=O,127.10299999999998,4,1,2,1,5,67.87,-0.37420000000000025,0
N=C1NCC(=O)CN=CO1,141.13,4,2,0,1,5,74.54,-0.8616300000000001,0
N=C1N=C(C(N)=O)N1,112.092,2,3,1,1,5,91.33000000000001,-1.5918300000000003,0
N=C1COC(=N)C(=O)O1,128.087,5,2,0,1,5,83.23,-0.48566000000000015,0
N=CC1(N)CNC(=O)O1,129.119,4,3,1,1,5,88.2,-0.9692299999999998,1
NC(=O)C1=NC(N)=N1,112.09200000000001,4,2,1,1,5,93.83,-1.8014999999999999,0
NC(=O)C1=NC(N)=N1,112.09200000000001,4,2,1,1,5,93.83,-1.8014999999999999,0
N=CN1COC(=O)C1=N,127.10299999999998,4,2,1,1,5,77.24000000000001,-0.6129600000000004,0
N=C1NCNC(=O)CO1,129.119,3,3,0,1,5,74.21000000000001,-1.3853300000000002,0
Nc1nc(C=O)oc1N,127.10299999999998,5,2,1,1,5,95.14,-0.3485,0
N#CCC1=NC(N)=[N+]1[O-],124.10300000000001,4,1,1,1,5,88.24000000000001,-0.8628199999999997,0
CC1=NC(=O)OC1=O,113.07199999999997,3,0,0,1,4,55.73,0.12410000000000004,0
CNC1=NN=C1CC#N,122.131,4,1,1,1,4,60.54,-0.11242000000000002,0
COC1=NC(=O)C(N)=N1,127.10300000000001,4,1,0,1,5,77.03999999999999,-1.1138000000000003,0
N=Cn1nccc1N,110.11999999999999,4,2,1,1,4,67.69,-0.07952999999999999,0
N=C1COC(=N)OCO1,130.103,5,2,0,1,5,75.39,-0.08066000000000012,0
O=C1COCOC(=NO)C1,145.114,5,1,0,1,5,68.12,-0.2624000000000004,0
CC1=C(N)C(=N)N=C1,109.13199999999999,2,2,0,1,3,62.230000000000004,0.28077000000000013,0
NC1=NC(=O)C(C=O)=N1,125.08699999999997,4,1,1,1,5,84.88,-1.5188,0
CC(=O)C1=NC(N)=N1,111.10400000000001,4,1,1,1,4,67.81,-0.6978,0
N=C1C=NC(=NC=O)O1,125.08699999999999,3,1,1,1,5,74.87,-0.42293000000000003,0
N=C1C=C(N)C(=O)O1,112.088,4,2,0,1,4,76.17,-0.6369300000000002,0
N=CN1N=COCC1=O,127.10299999999998,4,1,1,1,5,65.75,-0.6044300000000002,0
N=C1NC(=O)C(=O)CO1,128.087,4,2,0,1,5,79.25000000000001,-1.36333,0
N=C1OCCNC(=O)O1,130.103,4,2,0,1,5,71.41,-0.32243000000000016,0
NC1=NC(O)=C1C=O,112.08799999999997,4,2,1,1,4,75.68,-0.6743000000000001,0
Nc1cc(N)n(C=O)n1,126.11900000000001,5,2,1,1,5,86.92999999999999,-0.9142000000000001,0
N=C1NCNC(=O)CO1,129.119,3,3,0,1,5,74.21000000000001,-1.3853300000000002,0
N=COC1N=COC1=O,128.087,5,1,2,1,5,71.74000000000001,-0.4787300000000001,1
N=Cc1n[nH]nc1C=N,123.11899999999999,4,3,2,1,5,89.27000000000001,-0.19995999999999986,0
N=NC1C=NCC(=O)O1,127.103,5,1,1,1,5,74.87,-0.028930000000000122,1
N=CN1CC(=O)OCO1,130.10299999999998,4,1,1,1,5,62.620000000000005,-0.65863,0
NC1=C(N)C(=O)N=C1,111.10399999999998,3,2,0,1,4,81.47,-1.2736000000000003,0
N=C1OC(=N)C(=O)O1,114.05999999999999,5,2,0,1,5,83.23,-0.5281600000000002,0
Nc1ncc(CO)c(=O)o1,142.11399999999998,5,2,1,1,5,89.35000000000001,-0.8907,0
N=C1CNC(=O)N=CO1,127.10299999999998,3,2,0,1,5,74.54,-0.26823000000000013,0
CC1=NC(=N)N=C1N,110.12,2,2,0,1,4,74.59,-0.24712999999999996,0
N=C1N=C(C(=N)O)O1,113.07599999999998,3,3,1,1,5,89.52000000000001,-0.11485999999999996,0
N=C1N=C(CO)N=C1N,126.119,4,3,1,1,5,94.82,-1.2747300000000001,0
N=C(C=O)N1COC1=N,127.103,4,2,1,1,5,77.24000000000001,-0.61296,0
Nc1cc(C=O)ncn1,123.115,4,1,1,1,4,68.87,-0.12869999999999998,0
N=CNC1NCOC1=O,129.119,4,3,2,1,5,74.21000000000001,-1.3869300000000002,1
N#CCC1=NC(=N)N=N1,121.10300000000001,3,1,1,1,5,84.72,0.69915,0
NC1=C(O)N=C1C=O,112.088,4,2,1,1,4,75.68,-0.6743000000000001,0
COC1=NC(O)=NC1=O,128.087,3,1,0,1,5,71.25,-0.5145000000000002,0
N=C1OCC(=N)C(=O)O1,128.087,5,2,0,1,5,83.23,-0.48566000000000015,0
Nc1cnc(=O)oc1,112.08799999999998,4,1,0,1,4,69.12,-0.383,0
N=CN1COCOC1=N,129.119,4,2,1,1,5,69.4,-0.2079600000000001,0
N=COc1coc(N)n1,127.103,5,2,2,1,5,85.13,0.2426700000000001,0
CC1=NN=C(N)C1=N,110.12,4,2,0,1,4,74.59,-0.24712999999999996,0
NCc1[nH]cnc(=O)[n+]1[O-],142.118,4,2,1,1,6,98.71000000000001,-2.138,0
Cn1cc(N)c(N)[n+]1[O-],128.13500000000002,4,2,0,1,5,83.91,-1.1770999999999994,0
N=C1COC(=N)NCO1,129.119,4,3,0,1,5,78.19,-0.5076600000000002,0
CN=c1oc1=NC=NO,127.103,4,1,1,1,5,70.45,-0.9961000000000002,0
N=C1C=NC(N)=NC1=O,124.10300000000001,4,2,0,1,5,91.66,-1.0681300000000002,0
N=CN1COC(=O)OC1,130.10299999999998,4,1,1,1,5,62.620000000000005,-0.02273000000000014,0
N=C1N=C(C=O)OC1=O,126.07099999999997,4,1,1,1,5,79.58000000000001,-0.8821300000000001,0
CC1(C=O)NC(=N)O1,114.104,3,2,1,1,4,62.18000000000001,-0.54393,1
O=c1nc(CO)cn[nH]1,127.10299999999998,4,2,1,1,5,78.87,-1.3428000000000004,0
N=C1COC(=N)C(=N)O1,127.103,5,3,0,1,5,90.01,-0.034989999999999966,0
N=CN1CC(=O)NCO1,129.119,3,2,1,1,5,65.42,-1.0856299999999999,0
N#CCC1=NN=C1N,108.10400000000001,4,1,1,1,4,74.53,-0.37311999999999984,0
COc1nnoc1C=N,127.10299999999998,5,1,2,1,5,72.0,0.07586999999999994,0
CNC1OC(=O)C(=O)O1,131.087,5,1,1,1,5,64.63,-1.4106,0
Cn1cnc(=N)nc1O,126.11899999999999,5,2,0,1,5,74.79,-0.9998300000000002,0
NC1=C(CO)N=NC1=O,127.103,4,2,1,1,5,88.03999999999999,-0.8586000000000003,0
CN=C1N=NC=C1N,110.11999999999999,3,1,0,1,4,63.099999999999994,0.28060000000000007,0
Nc1noc(=O)n1C=O,129.075,6,1,1,1,6,91.12,-1.5432,0
COC1=NC(N)=NC1=N,126.11900000000001,4,2,0,1,5,83.82,-0.66313,0
N=C1OC(=O)OC1=N,114.05999999999999,5,2,0,1,5,83.22999999999999,0.10774,0
CNc1nnc(C=O)o1,127.10299999999998,5,1,2,1,5,68.02000000000001,-0.07619999999999999,0
Cc1nnc(N)c(=O)o1,127.103,5,1,0,1,5,82.01,-0.6795800000000001,0
N=CN=C1OC=NC1=N,124.10299999999998,3,2,1,1,5,81.65,0.027739999999999987,0
NCc1nnc(C=O)o1,127.10299999999997,5,1,2,1,5,82.01,-0.6592000000000002,0
N=CN1NCN=C1CO,128.135,4,3,2,1,5,71.71000000000001,-1.23803,0
N=C1N=C(N)N=C1O,112.092,3,3,0,1,5,94.82000000000001,-0.7515299999999998,0
N=C1CN=COC(=N)O1,127.10299999999998,5,2,0,1,5,78.52,-0.026460000000000095,0
COc1n[nH]cnc1=N,126.11899999999999,4,2,1,1,5,74.65,-0.70723,0
O=CNC1OCN1C=O,130.103,3,1,3,1,5,58.64,-1.5379000000000005,1
N=C1COC(=N)OCO1,130.103,5,2,0,1,5,75.39,-0.08066000000000012,0
O=Cc1ncc(=O)[nH]n1,125.08699999999999,4,1,1,1,5,75.71000000000001,-1.0226000000000002,0
N=CN1OCCNC1=O,129.119,3,2,1,1,5,65.42000000000002,-0.4497299999999999,0
Nc1coc(=O)n1CO,130.103,5,2,1,1,5,81.39,-1.0267000000000002,0
N=C1NC(=O)COC1=N,127.103,4,3,0,1,5,86.03,-0.9126600000000002,0
COC1=C(N)N=C1N,113.12000000000002,4,2,1,1,4,73.63,-0.8686,0
O=CC1=NCNCNC1=O,141.13,4,2,1,1,5,70.56,-1.7392999999999994,0
N=C1COC(=O)N=CO1,128.087,4,1,0,1,5,71.74,0.15877000000000002,0
N=C1N=CN=C1C(N)=O,124.103,3,2,1,1,5,91.66,-1.0681300000000002,0
COC(=O)C1=NC(N)=N1,127.10300000000002,5,1,1,1,5,77.03999999999999,-1.1138000000000003,0
N=C1NC(=N)C(=O)O1,113.076,4,3,0,1,5,86.03000000000002,-0.95516,0
O=C1C=NC(CCO)=N1,126.115,3,1,2,1,4,62.019999999999996,-0.6217000000000001,0
CC#Cc1nn[nH]c1N,122.13100000000001,3,2,0,1,4,67.59,-0.24169999999999991,0
N=Cc1onc(N)c1N,126.11900000000001,5,3,1,1,5,101.92,-0.1633300000000001,0
N=CN=C1COC(=O)N1,127.10299999999998,3,2,1,1,5,74.53999999999999,-0.26823000000000013,0
N=C1CNCOC(=N)O1,129.119,5,3,0,1,5,78.19000000000001,-0.5076600000000004,0
N=C1NC=NC(C=O)O1,127.10299999999998,4,2,1,1,5,74.54,-0.9057300000000001,1
N=C1N=C(N)OC1=O,113.076,4,2,0,1,5,88.53,-1.16483,0
N=Cn1oc(=N)oc1=O,129.075,6,2,1,1,6,95.98000000000002,-1.0310599999999999,0
COC1=NC(N)=C1N,113.12000000000002,4,2,0,1,4,73.63,-0.8686,0
N=C1NCC(=O)N=CO1,127.103,3,2,0,1,5,74.54,-0.9041300000000001,0
N=C1OC(=N)C(=O)O1,114.05999999999999,5,2,0,1,5,83.23,-0.5281600000000002,0
N=C1NCC(=O)N=CO1,127.103,3,2,0,1,5,74.54,-0.9041300000000001,0
Nc1nc(C=O)[nH]c1N,126.11899999999999,4,3,1,1,5,97.78999999999999,-0.6134000000000002,0
N=C1OC(=N)C(=N)O1,113.076,5,3,0,1,5,90.01,-0.07748999999999995,0
N=C1OCN(C=O)C1=O,128.087,4,1,1,1,5,70.46000000000001,-1.0636300000000003,0
N=C(N)n1[nH]nc1C=O,127.10699999999999,4,3,1,1,6,100.55000000000001,-1.23473,0
CCC1=NC(=N)OC1=O,126.11499999999998,3,1,1,1,4,62.51,0.32897000000000004,0
N=CN1OCCOC1=O,130.103,4,1,1,1,5,62.62000000000001,-0.022729999999999917,0
NC1=CC(=O)C(O)=N1,112.088,3,2,0,1,4,75.68,-0.6743000000000001,0
N=C1N=CN=C1NC=O,124.10299999999998,3,2,1,1,5,77.67,-0.8499300000000003,0
CC1=NN=C(N)C1=O,111.104,4,1,0,1,4,67.81,-0.6978,0
NC1=NC(C=O)=NC1=O,125.08699999999997,4,1,1,1,5,84.88,-1.5188,0
N=C1N=COC(C=O)O1,128.087,4,1,1,1,5,71.74,-0.4787300000000001,1
N=C1NCC(=O)OC1=O,128.087,4,2,0,1,5,79.25,-1.36333,0
N=CC1=NC(N)=NC1=O,124.10300000000001,4,2,1,1,5,91.66,-1.0681300000000002,0
NCC1=NC(=O)C(N)=C1,125.13099999999999,3,2,1,1,4,81.47,-1.2311000000000003,0
N=C1OCC(=O)C(=O)O1,129.071,5,1,0,1,5,76.45,-0.9363300000000001,0
N=C1N=C(CO)N=C1N,126.119,4,3,1,1,5,94.82,-1.2747300000000001,0
N=C1COC(=N)C(=O)O1,128.087,5,2,0,1,5,83.23,-0.48566000000000015,0
N=COC1C=NOC=N1,127.103,5,1,2,1,5,67.03,-0.019530000000000047,1
CC(=O)c1nc(N)n[nH]1,126.11900000000001,4,2,1,1,5,84.66,-0.41050000000000025,0
N=CC1=NN=CC1=NO,124.10299999999998,5,2,1,1,5,81.16,-0.09343000000000007,0
COc1nncc(CN)n1,140.146,5,1,2,1,5,73.92,-0.6611000000000002,0
N=C1NCOC(C=O)N1,129.119,3,3,1,1,5,74.21,-1.3869300000000004,1
Cc1[nH]nnc1NC=O,126.11899999999999,3,2,2,1,5,70.67,-0.31858000000000025,0
N#CCc1noc(N)n1,124.10300000000001,5,1,1,1,5,88.73,-0.28212000000000004,0
N=C1C(N)=CN=C1[O-],110.09599999999999,4,2,0,1,4,85.29,-1.4213300000000004,0
N=C1N=C(CO)C(=O)O1,128.087,4,2,1,1,5,82.74,-1.0887300000000002,0
C#CC(O)C1=NC(N)=N1,123.11500000000002,4,2,1,1,4,70.97,-1.2927000000000002,1
Nc1cn(CO)c(N)n1,128.135,5,3,1,1,5,90.09,-1.0027000000000001,0
N=C1OCC(=O)C(=N)O1,128.087,5,2,0,1,5,83.23,-0.48566000000000015,0
N=C1N=CN=C1NC=O,124.10299999999998,3,2,1,1,5,77.67,-0.8499300000000003,0
CN(C)C1=NN=NC1=N,125.135,4,1,0,1,5,64.17,0.30456999999999995,0
COc1n[nH]cnc1=N,126.11899999999999,4,2,1,1,5,74.65,-0.70723,0
CN=C1C=NC(O)=N1,111.10399999999998,2,1,0,1,4,57.31,0.013099999999999945,0
CC(O)C1=NOC1=N,114.104,4,2,1,1,4,65.67000000000002,-0.26933000000000007,1
Cn1nc(N)nc1CN,127.15100000000002,5,2,1,1,5,82.75,-1.1439999999999997,0
N=C1NCC(=O)NCO1,129.119,3,3,0,1,5,74.21000000000001,-1.3853300000000002,0
N=C1COC(=N)N1C=O,127.103,4,2,1,1,5,77.24000000000001,-0.6129600000000002,0
N=CC1NC(=O)OC1=O,128.087,4,2,1,1,5,79.25,-0.7290300000000001,1
CC(=O)C1=NN=C1O,112.088,3,1,1,1,4,62.019999999999996,-0.09849999999999998,0
N=C1COC(=N)C(=O)O1,128.087,5,2,0,1,5,83.23,-0.48566000000000015,0
CNC(=O)C1CC(N)O1,130.147,3,2,1,1,4,64.35000000000001,-1.1939000000000002,2
N=C1N=C(N)N=C1C=O,124.103,4,2,1,1,5,91.66,-1.06813,0
COC1=NC(N)=C1C=O,126.115,4,1,1,1,4,64.68,-0.5859000000000001,0
NC1=NN=C1C(=O)CO,127.10299999999998,5,2,2,1,5,88.04,-1.7254,0
N=C1ONC(=O)CC1=O,128.087,4,2,0,1,5,79.25,-1.0157300000000002,0
N=c1[nH]nc(C=O)n1O,128.09099999999998,5,3,1,1,6,94.76,-1.25953,0
N#CCc1nc(N)no1,124.10300000000001,5,1,1,1,5,88.73,-0.28212000000000004,0
CC(=O)n1ncnc1N,126.119,5,1,0,1,5,73.8,-0.47959999999999997,0
N#CCC1=NC=NC1=N,120.115,3,1,1,1,4,72.36,0.36025,0
N=CNC1CC(=N)OCO1,143.14600000000002,4,3,2,1,5,78.19000000000001,-0.11915999999999988,1
COC1=CC(N)=[N+]1[O-],114.10400000000001,3,1,1,1,4,61.31999999999999,-0.6446999999999998,0
NC(=O)c1nc(O)c[nH]1,127.10299999999998,3,3,1,1,5,92.0,-0.7858000000000003,0
N=CN1CC(=O)OC1=O,128.087,4,1,1,1,5,70.46000000000001,-0.42772999999999994,0
N=C1COC(=N)N=CO1,127.103,4,2,0,1,5,78.52,-0.026460000000000095,0
Nc1cc[n+]([O-])c(N)n1,126.11900000000001,4,2,0,1,5,91.86999999999999,-1.1206,0
CNC1=NC(N)=C1C=O,125.13099999999999,4,2,1,1,4,67.47999999999999,-1.0129,0
N=C1N=CC(N)=C1OCO,141.13000000000002,4,3,2,1,5,91.69000000000001,-0.8152300000000003,0
CC(=O)n1cn[nH]c1=N,126.119,4,2,0,1,5,74.53,-0.6492300000000002,0
N=C1N=C(CO)N=C1N,126.119,4,3,1,1,5,94.82,-1.2747300000000001,0
NC1=CC(=O)N=C1N,111.10400000000001,3,2,0,1,4,81.47,-1.2736000000000003,0
CC1=NC(=N)N=C1CO,125.13099999999999,2,2,1,1,4,68.8,-0.1710299999999999,0
CC1=NC(=N)C(O)=N1,111.10399999999998,2,2,0,1,4,68.8,0.35217,0
NC(=O)C1=NC(N)=N1,112.09200000000001,4,2,1,1,5,93.83,-1.8014999999999999,0
N=C1NCOC1C(N)=O,129.119,3,3,1,1,5,88.19999999999999,-1.60513,1
CC1=NC(N)=NC1=N,110.12,3,2,0,1,4,74.59,-0.24712999999999996,0
N=C1OCC(=O)C(=N)O1,128.087,5,2,0,1,5,83.23,-0.48566000000000015,0
N=CC1NC(=O)C(=N)O1,127.103,4,3,1,1,5,86.03000000000002,-0.9142600000000001,1
N=Cc1nnoc1N,112.092,5,2,1,1,5,88.79,-0.3505300000000002,0
COc1n[nH]c(=O)n1C=O,143.10199999999998,5,1,2,1,6,76.97999999999999,-1.3817,0
N=CN1CC(=O)OC1=N,127.10299999999998,4,2,1,1,5,77.24000000000001,-0.61296,0
Cc1nnc(C=N)n1N,125.135,5,2,1,1,5,80.58,-0.70201,0
CN=c1ncc(N)no1,126.119,5,1,0,1,5,77.3,-0.8177000000000003,0
N#CC(=N)n1nco1,110.076,5,1,0,1,5,78.60000000000001,-0.17495,0
N=C1N=C(N)N=C1CN,125.13500000000002,4,3,1,1,5,100.61,-1.3083300000000002,0
N=C=C(O)C1(N)NCO1,129.11900000000003,5,4,1,1,5,91.36,-1.1334300000000002,1
Nc1c[n+]([O-])c(N)cn1,126.119,4,2,0,1,5,91.86999999999999,-1.1206,0
N=C1C(C=O)C1NCN,127.147,4,3,3,1,4,78.97,-1.2907299999999995,2
CC(=N)OC1OC1=O,115.08799999999998,4,1,1,1,4,62.68,-0.11693000000000014,1
N=C1NC(=O)OC1=N,113.076,4,3,0,1,5,86.03,-0.3192599999999998,0
N=COC1NCC(=N)O1,129.119,5,3,2,1,5,78.19000000000001,-0.5092600000000003,1
Cc1n[nH]cnc1=O,111.10399999999998,3,1,0,1,4,58.64,-0.52668,0
Nc1cnnc(CO)c1,125.13099999999999,4,2,1,1,4,72.03,-0.4489000000000003,0
N=C1OC(=N)C(=O)O1,114.05999999999999,5,2,0,1,5,83.23,-0.5281600000000002,0
N=C1NCC(=O)N=CO1,127.103,3,2,0,1,5,74.54,-0.9041300000000001,0
CC(=O)C(=O)N1C=N1,112.088,3,0,1,1,4,49.51,-0.6391,0
N=C1NCOCC(=O)O1,130.103,4,2,0,1,5,71.41,-0.9583300000000001,0
N=C1N=C(C(N)=O)O1,113.076,3,2,1,1,5,88.53000000000002,-1.1648300000000003,0
Nc1coc(=O)nc1N,127.10300000000001,5,2,0,1,5,95.14,-0.8008,0
COc1nc(=O)[nH]n1N,130.107,5,2,1,1,6,85.92999999999999,-1.7062,0
NC1=C(CO)N=N1,99.093,4,2,1,1,4,70.97,-0.4277000000000001,0
N=C1OC(=O)CN1CO,130.103,4,2,1,1,5,73.62,-1.2702300000000002,0
CCC1=NC(=O)N=C1N,125.131,2,1,1,1,4,67.81,0.32820000000000016,0
N#CC1NC(=N)N=CO1,124.103,3,2,0,1,5,81.26,-0.5810500000000003,1
N=CC1=NC(=O)C(N)=N1,124.10300000000001,4,2,1,1,5,91.66,-1.06813,0
N=C1C=C(CO)[N+]([O-])=N1,127.103,3,2,1,1,5,82.50999999999999,-0.18403000000000003,0
N=CNC1=NCC(=O)O1,127.103,4,2,1,1,5,74.54,-0.9041300000000001,0
N=C1OC(=O)NC1C=O,128.087,4,2,1,1,5,79.25,-0.7290300000000003,1
COC1=NC(=O)C(O)=N1,128.087,3,1,0,1,5,71.25,-0.5145,0
N#CC(O)C1=CC(=O)O1,125.08299999999998,4,1,1,1,4,70.32,-0.68842,1
N=Cc1ncc(N)nn1,123.11900000000001,5,2,1,1,5,88.54,-0.5485300000000002,0
NC1=CC(=O)N=C1N,111.10400000000001,3,2,0,1,4,81.47,-1.2736000000000003,0
CN=C1N=NC(N)=N1,111.108,3,1,0,1,5,75.46,-0.24729999999999996,0
N=C1COC(=O)OCO1,131.087,5,1,0,1,5,68.61,0.10457,0
CC(O)C1=NN=C1N,113.12000000000002,4,2,1,1,4,70.97,-0.9060000000000001,1
N=C1OCC(=NO)CO1,130.103,5,2,0,1,5,74.9,-0.20183000000000012,0
NC(=O)C1=NC(O)=C1,112.08799999999998,3,2,1,1,4,75.68,-0.6742999999999999,0
Cc1nc(N)nn1C=O,126.119,5,1,1,1,5,73.8,-0.7929800000000002,0
CCc1nnoc1N,113.11999999999999,4,1,1,1,4,64.94,0.21420000000000006,0
N=C1CN=NC(=O)OC1,127.10299999999998,4,1,0,1,5,74.87,0.60857,0
CCC1=NOC(=O)C1=N,126.11499999999998,4,1,1,1,4,62.51,0.32897000000000004,0
Cc1noc(=O)c(=N)[nH]1,127.103,4,2,0,1,5,82.74000000000001,-0.84921,0
N=CN1C(=O)C=C1N,111.10399999999998,3,2,1,1,4,70.18,-0.76423,0
N=COc1cncc(=N)[nH]1,138.13,4,3,2,1,5,85.60999999999999,-0.12496000000000007,0
N#CCc1cnc(N)nn1,135.13,5,1,1,1,5,88.48,-0.48012000000000005,0
N#CC(N)C1=NN=C1,108.104,4,1,1,1,4,74.53,-0.7223200000000001,1
N#CNC1=NN=C1CN,123.11900000000001,5,2,1,1,5,86.56,-1.21612,0
Nc1nc(NC=O)no1,128.09099999999998,5,2,2,1,6,94.03999999999999,-0.7799000000000005,0
N=COC1OCOC1=O,131.087,5,1,2,1,5,68.61000000000001,-0.5329300000000001,1
N=C1N=C(N)N=C1C=O,124.103,4,2,1,1,5,91.66,-1.06813,0
N=C1OC(=NO)N1CO,131.091,5,3,1,1,6,89.14,-1.0516300000000003,0
N=C1OC(=O)OCC1=O,129.071,5,1,0,1,5,76.44999999999999,-0.30043,0
CNC(=O)C1=CC(=N)O1,126.11499999999998,3,2,1,1,4,62.18000000000001,-0.37623,0
N=C1NC(=O)OCCO1,130.103,4,2,0,1,5,71.41000000000001,-0.32243,0
Nc1cnoc1C=O,112.08799999999998,4,1,1,1,4,69.12,0.06930000000000014,0
COc1coc(N)nc1=O,142.114,5,1,1,1,5,78.35,-0.3744,0
CN1COC(=N)C(=O)O1,130.10299999999998,5,1,0,1,5,62.620000000000005,-0.6586300000000003,0
N=CN1CC(=O)COCO1,144.12999999999997,4,1,1,1,5,62.620000000000005,-0.6161300000000001,0
O=C1CC(=O)C1NO,115.08799999999998,4,2,1,1,4,66.4,-1.1243,0
CN=C1C=NN=C(N)C1=O,138.13,5,1,0,1,5,80.16999999999999,-1.0171000000000001,0
N=C1NC(=O)OCCO1,130.103,4,2,0,1,5,71.41000000000001,-0.32243,0
N=C1C=C(N)C(=O)O1,112.088,4,2,0,1,4,76.17,-0.6369300000000002,0
N=C1N=NC(C=O)=N1,110.076,3,1,1,1,5,78.0,-0.015629999999999977,0
N=C1CN=NC(=O)CN1,126.11899999999999,3,2,0,1,5,77.67,-0.45433000000000007,0
N=CC1OCC(=N)CO1,128.131,4,2,1,1,4,66.16,0.028640000000000054,0
CC1=CC(=O)C(N[O-])=N1,125.107,4,1,0,1,4,64.52,-0.04119999999999996,0
Nc1nc[nH]c1C=NC=O,138.12999999999997,3,2,2,1,5,84.13,-0.4328000000000001,0
CN=C1N=C(O)N=C1N,126.119,3,2,0,1,5,83.33,-0.7004999999999999,0
CC(O)C1=NC(=N)N=N1,126.11900000000001,3,2,1,1,5,81.16000000000001,0.16626999999999992,1
CN=C1N=NC(=O)O1,113.07599999999998,3,0,0,1,5,63.379999999999995,0.5746,0
CC(=O)C1=C(N)N=N1,111.10400000000001,4,1,1,1,4,67.81,0.16900000000000004,0
CC1=NN=C(CN)C1=N,124.147,4,2,1,1,4,74.59,-0.20462999999999998,0
N=C1N=CN=C1NC=O,124.10299999999998,3,2,1,1,5,77.67,-0.8499300000000003,0
O=Cc1n[nH]c(O)c1O,128.08699999999996,4,3,1,1,5,86.21000000000001,-0.3666000000000001,0
N=C1OC(=O)N=C1CO,128.087,4,2,1,1,5,82.74,-0.45282999999999995,0
O=CC1=C(O)C(=O)O1,114.05599999999997,4,1,1,1,4,63.599999999999994,-0.4883,0
N=C1N=C(C=O)N=C1N,124.103,4,2,1,1,5,91.66,-1.06813,0
CC1NC(=O)NC1=O,114.10399999999998,2,2,0,1,4,58.2,-0.7857000000000001,1
N#CCOC(=N)C1=CO1,124.09899999999998,4,1,2,1,4,69.39999999999999,0.37545,0
COC(=N)c1nnc[nH]1,126.119,4,2,1,1,5,74.65,-0.22353000000000017,0
CC1NC(=O)NC1=NO,129.119,3,3,0,1,5,73.72,-0.5246,1
CC(=O)C1=NC(N)=N1,111.10400000000001,4,1,1,1,4,67.81,-0.6978,0
O=CCC1=NOC1=O,113.07199999999999,4,0,2,1,4,55.73,-0.5118,0
CC1=NN=C(C=N)C1=O,123.11499999999998,4,1,1,1,4,65.64,0.035569999999999935,0
NC1=C(O)C=NC1=O,112.088,3,2,0,1,4,75.68,-0.6742999999999999,0
N=C1ON=C1CNC=O,127.10299999999998,4,2,3,1,5,74.53999999999999,-0.9041300000000003,0
N=C1OCC(=O)C(=N)O1,128.087,5,2,0,1,5,83.23,-0.48566000000000015,0
N#CC(=O)N1COC1=N,125.08699999999999,4,1,0,1,5,77.18,-0.73895,0
O=CC(=O)n1nco1,114.05999999999999,5,0,1,1,5,65.1,-0.6848000000000003,0
N=C1NCC(=O)OCO1,130.103,4,2,0,1,5,71.41000000000001,-0.9583300000000001,0
CC(=O)n1ncc(N)n1,126.119,5,1,0,1,5,73.8,-0.47959999999999997,0
NC(=O)C1C=NN=C1O,127.103,3,2,1,1,5,88.04,-0.9561999999999999,1
NC=C1N=C(N)N1C=O,126.119,4,2,1,1,5,84.70999999999998,-1.4692999999999998,0
CN=C1NC(=O)OCO1,130.10299999999998,4,1,0,1,5,59.92,-0.31390000000000007,0
N=C1NC(=O)C(O)CO1,130.10299999999998,4,3,0,1,5,82.41000000000001,-1.5715300000000003,1
CNC1=NC(=O)C(=O)O1,128.087,4,1,0,1,5,67.76,-1.3548000000000002,0
N=Cn1c(N)coc1=N,126.11899999999999,5,3,1,1,5,91.78999999999999,-0.40206000000000003,0
CC1(C(N)=O)OC1=O,115.08799999999998,3,1,1,1,4,72.69,-1.2127999999999999,1
Cc1noc(=N)n1C=O,127.103,5,1,1,1,5,71.88,-0.69771,0
N=C1N=C(N)C(CO)=N1,126.119,3,3,1,1,5,94.82000000000001,-1.2747300000000001,0
N=c1oc(O)ncc1N,127.103,5,3,0,1,5,96.13,-0.55813,0
N#CC(N)C1=NC=N1,108.104,4,1,1,1,4,74.53,-0.7223200000000001,1
NC1=NC(O)(C=O)N=C1,127.10299999999997,5,2,1,1,5,88.04,-1.7269999999999999,1
N#CCn1cnc(N)n1,123.119,5,1,1,1,5,80.52,-0.6161200000000002,0
N=CN1C(=N)CNC1=O,126.11899999999999,3,3,1,1,5,80.04,-0.40406000000000003,0
N=C1OCC(=O)C(=N)O1,128.087,5,2,0,1,5,83.23,-0.48566000000000015,0
N=C1CCOC(=O)N1,114.10399999999998,3,2,0,1,4,62.18,0.09356999999999999,0
NC1=NC(=O)N=C1O,113.07599999999998,2,2,0,1,5,88.04,-0.5663,0
N=C1COC(=O)OCN1,130.103,4,2,0,1,5,71.41,-0.32243000000000016,0
N=Cc1nnc(CN)o1,126.119,5,2,2,1,5,88.79,-0.4740299999999999,0
N=C1OCOC(=O)C1=N,128.087,5,2,0,1,5,83.23,-0.48566000000000015,0
CC1=C(O)C(=O)N=N1,112.08800000000001,3,1,0,1,4,62.019999999999996,0.7683,0
Nc1oc(=O)oc1CO,131.087,5,2,1,1,5,89.60000000000001,-0.6926999999999999,0
NC(=O)C(=O)C1CN1,114.10399999999998,3,2,2,1,4,82.10000000000001,-1.9874,1
N=C1NC=COC(=N)N1,126.119,3,4,0,1,5,80.99000000000001,-0.46346000000000015,0
CC1=C(N)C(=O)N=N1,111.104,3,1,0,1,4,67.81,0.16900000000000015,0
N=C1NC(=O)C(CO)O1,130.10299999999998,4,3,1,1,5,82.41000000000001,-1.5715300000000003,1
Nc1oc(C=O)nc1O,128.087,5,2,1,1,5,89.35000000000001,-0.2250999999999999,0
N=C1COC(=N)OCN1,129.119,4,3,0,1,5,78.19,-0.5076600000000002,0
N=C1OC(=N)C(=O)O1,114.05999999999999,5,2,0,1,5,83.23,-0.5281600000000002,0
N=CN1COC(=O)CN1,129.119,4,2,1,1,5,65.42,-1.0856300000000003,0
N=C1N=C(CO)OC1=O,128.087,4,2,1,1,5,82.74000000000001,-1.0887300000000002,0
COc1conc1N,114.10400000000001,4,1,1,1,4,61.28,0.26539999999999997,0
N=C1N=C(N)C(C=O)=N1,124.103,3,2,1,1,5,91.66000000000001,-1.06813,0
O=c1nc[nH]c(O)n1,113.07599999999998,4,2,0,1,5,78.87,-1.1295000000000002,0
N=C1CC(=O)NC(=N)O1,127.10299999999998,4,3,0,1,5,86.03000000000002,-0.5650600000000003,0
NC(=O)OC1=NC(=O)O1,130.059,4,1,0,1,6,90.98,-0.41209999999999986,0
Cc1noc(=O)n1CO,130.103,5,1,1,1,5,68.26,-0.9054800000000001,0
Cc1noc(=N)n1C=N,126.119,5,2,1,1,5,78.66,-0.2808399999999999,0
Nc1cn(C=O)nc1CO,141.13,5,2,2,1,5,81.14,-1.0041000000000002,0
COC1=NC(=N)N1C=O,127.103,3,1,1,1,5,65.75,-0.6044300000000002,0
CN=C1N=CC(N)=[N+]1[O-],126.119,3,1,0,1,5,76.80999999999999,-1.0758999999999999,0
N=CN1CN=COC1=N,126.11899999999997,4,2,1,1,5,72.53,-0.15376000000000006,0
CN=C1C=NC(=N)O1,111.10399999999998,3,1,0,1,4,57.8,0.05046999999999996,0
COc1nn[nH]c1C=N,126.11899999999999,4,2,2,1,5,74.65,-0.1890300000000002,0
N=c1onccc1OO,128.08699999999996,5,2,1,1,5,79.34,0.005869999999999986,0
NC(=O)CC1=CC(=O)O1,127.09899999999998,3,1,2,1,4,69.39,-0.6975000000000002,0
N=C1CNC(=O)NCN1,128.135,2,4,0,1,5,77.01,-1.1764300000000003,0
Nc1cc(O)nc(CO)n1,141.13,5,3,1,1,5,92.26,-0.7433000000000003,0
N=C1OC(=O)OC1=NO,130.059,6,2,0,1,6,91.97,-0.08182999999999996,0
N=C1NC(=O)CNCO1,129.119,4,3,0,1,5,74.21000000000001,-1.3853300000000002,0
NC(=O)OC1=NCCO1,130.103,4,1,0,1,5,73.91000000000001,-0.5321,0
N=C1COC(=N)C(=N)OC1,141.13,5,3,0,1,5,90.01,0.007510000000000017,0
N=C1N=COC=NCO1,127.103,4,1,0,1,5,67.03,-0.01793,0
N=CC1NC(=O)OC1=O,128.087,4,2,1,1,5,79.25,-0.7290300000000001,1
N=C1CNC(=N)OCO1,129.119,4,3,0,1,5,78.19000000000001,-0.5076600000000004,0
Nc1ncc(C=O)nn1,124.103,5,1,1,1,5,81.76,-0.7337000000000002,0
NC(=O)n1ccnc1,111.10399999999998,3,1,0,1,4,60.910000000000004,-0.19009999999999994,0
COC1=NC(=N)N=C1C=O,139.114,3,1,1,1,5,74.87,-0.38043000000000005,0
O=CC(=O)c1cnn[nH]1,125.087,4,1,2,1,5,75.71000000000001,-0.8137000000000003,0
N=C1COC(=O)C(=N)O1,128.087,5,2,0,1,5,83.23,-0.48566000000000015,0
CN=C1C=NN=C1N,110.12,4,1,0,1,4,63.099999999999994,-0.5862,0
CN=C1N=C(N)N=C1C,124.147,3,1,0,1,4,63.099999999999994,-0.19609999999999994,0
N=CN1NC(=N)C1CO,128.135,3,4,2,1,5,83.2,-1.2481600000000004,1
Nc1cnc(N)n1C=O,126.119,5,2,1,1,5,86.92999999999998,-0.9142000000000001,0
Nc1ncc(N)c(=O)o1,127.103,5,2,0,1,5,95.14,-0.8008,0
N=C1NC(=O)NC1=NO,128.091,4,4,0,1,6,97.57000000000001,-0.9358300000000002,0
N=c1oc(N)cn1C=C=O,139.114,5,2,1,1,5,85.00999999999999,-0.5549299999999999,0
N=CNC1=NOC1=N,112.092,4,3,1,1,5,81.32,-0.4959599999999999,0
NC1=NC(F)=NC1=O,115.067,3,1,0,1,5,67.81,-0.7907000000000002,0
NC1=NC(=O)N=C1C=O,125.08699999999997,3,1,1,1,5,84.88,-0.8829,0
Cc1n[nH]c(=O)c(=O)o1,128.087,4,1,0,1,5,75.96000000000001,-0.96848,0
CC1=NC(=N)N=C1N,110.12,2,2,0,1,4,74.59,-0.24712999999999996,0
COc1ncoc1C#N,124.09899999999999,4,0,1,1,4,59.050000000000004,0.5548799999999999,0
CCN1COC(=N)C1=N,127.14699999999999,3,2,1,1,4,60.17,0.2505399999999999,0
N=C1COCNC(=N)O1,129.119,4,3,0,1,5,78.19000000000001,-0.5076600000000004,0
COc1noc(C=N)n1,127.103,5,1,2,1,5,72.0,0.07586999999999994,0
CNC(=O)C1=NN=C1N,126.11900000000001,4,2,1,1,5,79.84,-1.5408,0
N=C1OC(NCO)=C1N,129.119,5,4,2,1,5,91.36,-1.3389300000000004,0
CNc1nonc1C=N,126.11899999999999,5,2,2,1,5,74.80000000000001,0.1089699999999999,0
N=CN1COCNC1=O,129.119,3,2,1,1,5,65.42000000000002,-0.4497299999999999,0
N=COC1=NC(=O)OC1,128.087,4,1,1,1,5,71.74,0.15877000000000002,0
N=C1NC(=O)N1C=NO,128.091,4,3,1,1,6,88.78000000000002,-0.6361299999999999,0
N=C1NC(=O)C(=O)CO1,128.087,4,2,0,1,5,79.25000000000001,-1.36333,0
N=c1cnc(C=O)n[nH]1,124.103,4,2,1,1,5,82.49000000000001,-0.9033300000000002,0
N=C1COC(=N)C(=O)O1,128.087,5,2,0,1,5,83.23,-0.48566000000000015,0
N=C1C=NN=C1NC=O,124.10299999999998,4,2,1,1,5,77.67,-0.8499300000000003,0
N=Nc1c[nH]cnc1=O,124.10299999999998,4,2,1,1,5,81.96000000000001,0.4323699999999999,0
Nc1conc1NC=O,127.103,4,2,2,1,5,81.15,-0.1749,0
N=C1OCOC1=NC=O,128.087,4,1,1,1,5,71.74000000000001,-0.47713000000000005,0
CCN=C1N=NC(N)=N1,125.13500000000002,3,1,1,1,5,75.46,0.14280000000000015,0
COC1=NC(=O)C(=N)O1,128.087,4,1,0,1,5,71.74,-0.47713,0
N=C1COC(=N)CO1,114.104,4,2,0,1,4,66.16,-0.012260000000000104,0
CC(=O)n1ncnc1N,126.119,5,1,0,1,5,73.8,-0.47959999999999997,0
N=CN1CC(=O)C(=N)O1,127.10299999999998,4,2,1,1,5,77.24000000000001,-0.61296,0
COC(=O)C1=NOC1=O,129.071,5,0,1,1,5,64.96000000000001,-0.9278000000000002,0
N=C1C=C(N)N1CO,113.12,3,3,1,1,4,73.34,-0.9708300000000001,0
NC(=O)C1CN=C(N)N1,128.13500000000002,4,3,1,1,5,93.5,-2.2417999999999996,1
N=C1OC(=O)NC1=O,114.05999999999999,4,2,0,1,5,79.25,-0.7699300000000002,0
N=C1COC(=N)OCN1,129.119,4,3,0,1,5,78.19,-0.5076600000000002,0
CC1=NC(N)=NC1=N,110.12,3,2,0,1,4,74.59,-0.24712999999999996,0
O=Cc1nc(CO)c[nH]1,126.11499999999998,3,2,2,1,4,65.97999999999999,-0.28550000000000003,0
N=C(N)NC1C=NC1=O,126.11899999999999,2,3,1,1,5,91.33000000000001,-1.5509299999999993,1
NC(=O)c1cncn1N,126.119,4,2,1,1,5,86.93,-1.3042000000000002,0
N=CC1=NN=C1CO,111.10399999999998,4,2,2,1,4,68.8,-0.5611300000000001,0
N=C1N=C(C(N)=O)O1,113.076,3,2,1,1,5,88.53000000000002,-1.1648300000000003,0
N=C1NCC(C=O)N=CO1,141.13,4,2,1,1,5,74.54,-0.8632300000000002,1
N=Cn1occc1=N,111.10399999999998,4,2,1,1,4,65.77000000000001,0.015740000000000143,0
COc1nncc(=N)[nH]1,126.11899999999999,4,2,1,1,5,74.65,-0.70723,0
COC1=NNC(=N)C1=O,127.10299999999998,4,2,0,1,5,74.53999999999999,-0.9041300000000003,0
N=C1NC(=O)N=C1O,113.076,2,3,0,1,5,85.54,-0.35663000000000006,0
N=CC1=NC(=O)C(N)=C1,123.115,3,2,1,1,4,79.3,-0.54023,0
CC(=O)C1(N)ON1C=O,130.103,4,1,2,1,5,75.7,-1.4084999999999996,1
O=CC1NCC(=O)C(=O)N1,142.114,4,2,1,1,5,75.27,-2.2001,1
CCC(=O)C1=NNC1=O,126.115,3,1,2,1,4,58.53,-0.5487,0
N=C1OCC(=O)C(=N)O1,128.087,5,2,0,1,5,83.23,-0.48566000000000015,0
CN=C1N=NC(C=N)=N1,123.11899999999999,3,1,1,1,5,73.28999999999999,0.48607000000000006,0
NC1=NC(=O)N=C1CO,127.10299999999998,3,2,1,1,5,88.04,-1.0895000000000001,0
NC1=CC(OC=O)=C1O,127.09899999999998,4,2,2,1,4,72.55,-0.21479999999999994,0
N=C1N=CN1CCN=O,126.119,3,1,3,1,5,68.88,0.03147000000000011,0
CN=C1N=C(N)C(=O)N1,126.119,3,2,0,1,5,79.84,-1.540799999999999,0
COc1cnoc(=N)c1,126.11499999999998,4,1,1,1,4,59.11000000000001,0.16266999999999993,0
COC1=NC(=O)N=C1O,128.087,2,1,0,1,5,71.25,0.12140000000000001,0
CC1=C(O)N=NC1=N,111.10400000000001,3,2,0,1,4,68.80000000000001,1.2189699999999999,0
N=CC1=NC(O)=NC1=N,124.103,3,3,1,1,5,92.65,-0.018159999999999954,0
CC(=O)C1=NC(O)=N1,112.088,3,1,1,1,4,62.019999999999996,-0.09849999999999998,0
N=C1CC(=O)OC(=O)O1,129.07099999999997,5,1,0,1,5,76.45,0.047170000000000045,0
CN=C1OC(N)=NC1=O,127.10300000000001,4,1,0,1,5,77.03999999999999,-1.1138000000000001,0
N=C1N=C(O)[N-]C1=N,111.08399999999999,2,3,0,1,5,94.38999999999999,0.24223999999999996,0
C#CC(O)N1N=C1N,111.10400000000001,4,2,1,1,4,61.620000000000005,-1.5167000000000002,1
N=Cc1nncoc1=N,124.10299999999998,5,2,1,1,5,86.62,-0.45326000000000016,0
N=C1COC(=N)OCN1,129.119,4,3,0,1,5,78.19,-0.5076600000000002,0
N=CN1CC(=O)OCO1,130.10299999999998,4,1,1,1,5,62.620000000000005,-0.65863,0
NC(=O)Oc1cn[nH]c1,127.103,3,2,1,1,5,81.0,-0.1328000000000002,0
N=C1C=C(CO)N1N,113.12,3,3,1,1,4,73.34,-0.9708300000000001,0
CN=C1C=NC(N)=[N+]1[O-],126.119,4,1,0,1,5,76.80999999999999,-1.0758999999999999,0
Nc1cc(N)c(=O)on1,127.10300000000001,5,2,0,1,5,95.14,-0.8008,0
O=CC(O)c1nnc[nH]1,127.10300000000001,4,2,2,1,5,78.87,-0.9630000000000001,1
CN=C1C=NNC1=N,110.11999999999999,3,2,0,1,4,60.6,-0.3765300000000002,0
N=COc1cnc(N)o1,127.103,5,2,2,1,5,85.13,0.24267,0
O=Cc1coc(=O)n1O,129.071,5,1,1,1,5,72.44,-0.5088999999999999,0
N=C1NC(=O)COC(=N)O1,143.102,5,3,0,1,6,95.26,-0.9810600000000003,0
Nc1cnoc(=O)c1O,128.087,5,2,0,1,5,89.35000000000001,-0.6774,0
N#Cc1n[nH]c(C=O)n1,122.08699999999997,4,1,1,1,5,82.42999999999999,-0.51112,0
N=C1OC(=O)N=C1CO,128.087,4,2,1,1,5,82.74,-0.45282999999999995,0
O=C1C=C(CO)N=C1O,127.09899999999999,3,2,1,1,4,69.89,-0.5982000000000001,0
Nc1nnccc1C=O,123.11499999999997,4,1,1,1,4,68.87,-0.1287000000000002,0
Nc1ncc(C=O)c(N)n1,138.13,5,2,1,1,5,94.89,-0.5465000000000002,0
N=C1COCNC(=O)O1,130.103,4,2,0,1,5,71.41,-0.32243000000000016,0
CC1=NC(=N)N=C1N,110.12,2,2,0,1,4,74.59,-0.24712999999999996,0
N#CCc1[nH]nnc1N,123.11900000000001,4,2,1,1,5,91.38,-0.5470200000000003,0
N=Cn1cc(CO)oc1=O,142.11399999999998,5,2,2,1,5,79.22,-0.6112299999999999,0
Nc1nnc[nH]c1=O,112.09199999999998,4,2,0,1,5,84.66,-1.2529000000000006,0
N=CC1=NC(N)=NC1=N,123.11900000000001,4,3,1,1,5,98.44,-0.6174600000000001,0
C#CC(N)C1=NC(=O)N1,123.115,2,2,1,1,4,67.47999999999999,-0.9314,1
CC(O)C1=NC(N)=N1,113.12000000000002,4,2,1,1,4,70.97,-0.9060000000000001,1
Nc1nnc(C=O)c(O)n1,140.10199999999998,6,2,1,1,6,101.99000000000001,-1.0281000000000005,0
N=Cc1nc(N)[nH][n+]1[O-],127.10700000000001,4,3,1,1,6,105.49000000000001,-1.3770300000000004,0
N=C1CNCOC(=O)O1,130.10299999999998,5,2,0,1,5,71.41,-0.3224300000000002,0
Cc1noc(=N)n1C=O,127.103,5,1,1,1,5,71.88,-0.69771,0
CNC1=NN=C1C=O,111.10399999999998,4,1,1,1,4,53.82,-0.8272000000000002,0
N=C1N=C(N)C=NC1=O,124.103,3,2,0,1,5,91.66,-1.06813,0
N=C1NC=NC(O)N1,114.10799999999999,3,4,0,1,5,80.5,-1.58183,1
N=CN1COC(=O)OC1,130.10299999999998,4,1,1,1,5,62.620000000000005,-0.02273000000000014,0
Cn1nnc(N)c1C=N,125.13499999999999,5,2,1,1,5,80.58000000000001,-0.6050300000000002,0
Cc1noc(N)nc1=N,126.11900000000001,5,2,0,1,5,88.78999999999999,-0.5603100000000001,0
NC(=O)c1nncn1N,127.10700000000001,5,2,1,1,6,99.82000000000001,-1.9092000000000002,0
CNC1=NC(=N)N=C1N,125.135,3,3,0,1,5,86.62,-1.0901299999999996,0
N=C1N=CNC(=O)CO1,127.10299999999998,3,2,0,1,5,74.54,-0.9041300000000001,0
CC1=NN=C(N)C1=NC=O,138.13,4,1,1,1,5,80.16999999999999,-0.6695,0
O=CNC1=NC=CC1=O,124.09899999999998,3,1,1,1,4,58.53,-0.7727000000000002,0
CNc1cn(C=O)nn1,126.119,5,1,2,1,5,59.81,-0.6419000000000004,0
N=c1[nH]c(=O)nco1,113.076,4,2,0,1,5,82.74,-1.15763,0
N=CN1CC(=N)OCO1,129.119,4,2,1,1,5,69.4,-0.2079600000000001,0
NC1=NC(=O)N=C1CO,127.10299999999998,3,2,1,1,5,88.04,-1.0895000000000001,0
N=C1OCC(=O)OC1=O,129.071,5,1,0,1,5,76.44999999999999,-0.9363300000000001,0
N=CC1=NC(N)=NC1=O,124.10300000000001,4,2,1,1,5,91.66,-1.0681300000000002,0
CN=c1ncoc(=N)[nH]1,126.11899999999999,4,2,0,1,5,78.03,-0.9873300000000005,0
O=CC1COC(=O)C1=O,128.083,4,0,1,1,4,60.440000000000005,-1.0726,1
N=c1nc[nH]nc1CO,126.11899999999999,4,3,1,1,5,85.65,-1.22353,0
CN=C1C=NC(=N)C=N1,122.13099999999999,2,1,0,1,4,60.93,0.14716999999999997,0
CN=C1N=C(O)C(=O)O1,128.087,3,1,0,1,5,71.25,-0.5145,0
N=C1OCOC(O)C(=N)O1,146.10199999999998,6,3,0,1,6,95.62000000000002,-0.7622600000000002,1
N=Cc1ncn[nH]c1=N,123.119,4,3,1,1,5,89.27000000000001,-0.7181600000000001,0
Cc1ncnc(=O)n1N,126.119,5,1,0,1,5,73.8,-1.3394799999999996,0
C#CC(O)C1=NN=N1,109.08800000000002,4,1,1,1,4,57.31,-0.2402,1
CC(=O)N1C=NC=CO1,126.11499999999998,3,0,0,1,4,41.900000000000006,0.27960000000000007,0
C#Cc1n[n+]([O-])n[nH]1,110.076,3,1,0,1,5,68.50999999999999,-1.5806000000000002,0
NC1NCNC(=O)CC1=O,143.146,4,3,0,1,5,84.22,-2.0927,1
CC(=O)n1cnc(N)n1,126.11900000000001,5,1,0,1,5,73.8,-0.47959999999999997,0
NC1(C=O)CNC(=O)O1,130.103,4,2,1,1,5,81.42,-1.4199000000000004,1
CN=C1N=COC1=O,112.08799999999998,3,0,0,1,4,51.02,-0.4001999999999999,0
N=C1OC(=N)C(=N)O1,113.076,5,3,0,1,5,90.01,-0.07748999999999995,0
NC(=O)OC1=NC=C1N,127.10300000000001,4,2,0,1,5,90.7,-0.7061,0
N=c1ccn(C(N)=O)o1,127.103,4,2,0,1,5,85.01,-0.5126299999999997,0
COC1=NC(=N)C(O)=C1,126.11499999999998,3,2,0,1,4,65.67,0.46407,0
N=C1CC(=N)OC(=N)O1,127.10299999999998,5,3,0,1,5,90.01,0.31261,0
N=c1cnoc(N)[n+]1[O-],128.091,5,2,0,1,6,102.84,-1.6303299999999998,0
N#CC(=N)OC1N=CO1,125.08699999999997,5,1,1,1,5,78.46000000000001,-0.15404999999999996,1
Nc1c[n+]([O-])[nH]c1N,114.108,3,3,0,1,5,94.77,-1.1875000000000002,0
N=CC1=NCOC(=O)O1,128.087,5,1,1,1,5,71.74,0.15876999999999997,0
Cc1noc(NC=O)n1,127.103,4,1,2,1,5,68.02000000000001,-0.053680000000000117,0
NC1=NN(C=O)C=NC1,126.11899999999999,4,1,1,1,5,71.05,-1.2410999999999999,0
N=CN1NC(=O)C1=O,113.07599999999998,3,2,1,1,5,73.26,-1.53313,0
COc1conc1N=O,128.08700000000002,5,0,2,1,5,64.69,1.0810999999999997,0
Nc1ncc(C=O)n1N,126.119,5,2,1,1,5,86.92999999999999,-1.0084000000000004,0
N=C1NC(=O)OC1=O,114.05999999999999,4,2,0,1,5,79.25,-0.76993,0
CNC1=C(O)C(=O)N=N1,127.103,4,2,1,1,5,74.05,-0.07470000000000021,0
CN=C1C=NOC1=O,112.08799999999998,4,0,0,1,4,51.02,-0.4002000000000001,0
N=CN1C=CNC(=O)O1,127.10299999999998,3,2,1,1,5,65.42,0.021469999999999934,0
NC1=NC(=O)C(=O)O1,114.05999999999997,4,1,0,1,5,81.75,-1.6155,0
O=Cc1noc(F)n1,116.051,4,0,1,1,5,55.99,0.021199999999999997,0
Nc1noc(C=O)c1N,127.103,5,2,1,1,5,95.14,-0.3485000000000002,0
N=C1C=NC(N)C1=O,111.104,4,2,0,1,4,79.30000000000001,-1.05553,1
N=C1CC(C(=O)O)CO1,129.11499999999998,3,2,1,1,4,70.38000000000001,0.08476999999999996,1
N#Cc1nc(N)cn1N,123.11900000000001,5,2,0,1,5,93.64999999999999,-0.9492200000000002,0
N=C1CNC(=O)OC1=O,128.087,4,2,0,1,5,79.25,-0.7274300000000002,0
N=C1N=C(F)N=C1N,114.08300000000001,3,2,0,1,5,74.59,-0.34003,0
COc1n[nH]c(=O)c(=O)[nH]1,143.102,4,2,1,1,6,87.84,-1.5332000000000001,0
N=C1N=C(O)N=C1CO,127.10299999999998,3,3,1,1,5,89.03,-0.67543,0
COc1c[nH]c(=O)n1C=N,141.13,4,2,2,1,5,70.87,-0.35983000000000026,0
N#CCC1=NN=C1N,108.10400000000001,4,1,1,1,4,74.53,-0.37311999999999984,0
N=C1OC(=N)C(=O)O1,114.05999999999999,5,2,0,1,5,83.23,-0.5281600000000002,0
NC1=CN=NC1=NO,112.092,4,2,0,1,5,83.33,0.04000000000000015,0
COC1=NC(=O)N=C1F,130.078,2,0,0,1,5,51.019999999999996,0.5329,0
N=CN1C=NC(CO)C1=O,141.12999999999997,4,2,2,1,5,76.75,-1.1751300000000002,1
CNc1nc(N)c(C=O)[nH]1,140.146,4,3,2,1,5,83.79999999999998,-0.15390000000000004,0
N=C1COC(=O)OCN1,130.103,4,2,0,1,5,71.41,-0.32243000000000016,0
COc1cnc(O)n1N,129.119,5,2,1,1,5,73.3,-0.6889000000000003,0
CN=C1N=C(N)N=C1C=O,138.13,4,1,1,1,5,80.16999999999999,-1.0171,0
N=CN1CC(=O)NCO1,129.119,3,2,1,1,5,65.42,-1.0856299999999999,0
N=C1N=C(O)C(CO)=N1,127.10299999999998,2,3,1,1,5,89.03,-0.6754300000000002,0
N=CN1CC(=O)NC1=O,127.10299999999998,3,2,1,1,5,73.26,-0.85473,0
CCc1ncnc(O)n1,125.13099999999999,4,1,1,1,4,58.900000000000006,0.1395999999999999,0
NC1=CC(=O)C(N)=N1,111.10400000000001,4,2,0,1,4,81.47,-1.2735999999999998,0
N#CN=Cc1conc1N,136.11399999999998,5,1,1,1,5,88.2,0.15678000000000003,0
N=C1COCNC(=O)O1,130.103,4,2,0,1,5,71.41,-0.32243000000000016,0
N=C1C=C(N)NC1=N,110.12,3,4,0,1,4,85.75,-0.6132600000000001,0
NC(=O)C1=NC=C1N,111.104,3,2,1,1,4,81.47,-1.2736000000000003,0
N=Cn1nc(O)cc1O,127.10299999999997,5,3,1,1,5,82.13000000000001,-0.2505300000000001,0
COc1[nH]nnc1C=N,126.119,4,2,2,1,5,74.65,-0.1890300000000002,0
N=C1CC(=O)C(=O)CO1,127.09899999999998,4,1,0,1,4,67.22,-0.4778300000000002,0
COC1=NC(N)=C1C=O,126.115,4,1,1,1,4,64.68,-0.5859000000000001,0
N=C1NC(=N)OCCO1,129.119,4,3,0,1,5,78.19000000000001,-0.50766,0
N=C1OCC(=O)C(=N)O1,128.087,5,2,0,1,5,83.23,-0.48566000000000015,0
COC1=CC(=N)OCO1,129.115,4,1,1,1,4,51.540000000000006,0.45576999999999995,0
Nc1cnc(C=O)n1O,127.10299999999998,5,2,1,1,5,81.14,-0.48490000000000005,0
N=c1nc(CN)c1=N,110.12,4,3,1,1,4,86.61000000000001,-1.6251599999999993,0
CN=C1N=NC(=O)O1,113.07599999999998,3,0,0,1,5,63.379999999999995,0.5746,0
NC1=C(N)C(=O)N=C1,111.10399999999998,3,2,0,1,4,81.47,-1.2736000000000003,0
CC1=NN=C(N)C1=O,111.104,4,1,0,1,4,67.81,-0.6978,0
NC1=NC([N+](=O)O)=C1,114.08399999999997,3,2,1,1,5,78.69,-0.6333,0
N=CN1CC(=N)OCO1,129.119,4,2,1,1,5,69.4,-0.2079600000000001,0
N=C1COCNC(=O)N1,129.119,3,3,0,1,5,74.21,-0.7494300000000003,0
N=C1N=C(N)N=C1O,112.092,3,3,0,1,5,94.82000000000001,-0.7515299999999998,0
CC1=NC(=O)N=C1N,111.104,2,1,0,1,4,67.81,-0.061899999999999844,0
Nc1nc(C=O)n[nH]1,112.09199999999998,4,2,1,1,5,84.66,-0.8006000000000002,0
N=C1OC=NC(=O)C1O,128.087,4,2,0,1,5,82.74,-1.0903300000000002,1
NC1=NN=C1CCN=O,126.119,5,1,3,1,5,80.16999999999999,-0.13029999999999986,0
NC1=NNC(=O)C1=O,113.07599999999998,4,2,0,1,5,84.54999999999998,-2.0425,0
COC(=O)N1CNC1=O,130.103,3,1,0,1,5,58.64,-0.2644999999999999,0
N=C1NC=NC1NC=O,126.11899999999999,3,3,2,1,5,77.34,-1.33273,1
COC(=O)C1=NOC1=N,128.08700000000002,5,1,1,1,5,71.74000000000001,-0.47713,0
COC#Cc1n[nH]nc1N,138.13,4,2,0,1,5,76.82,-0.6577000000000002,0
N=Cc1ncc(N)n1N,125.13500000000002,5,3,1,1,5,93.71,-0.8232300000000001,0
N=Cn1oc(=O)[nH]c1=N,128.091,5,3,1,1,6,98.63,-1.2959600000000002,0
N=C1CC(=N)OC(=O)N1,127.10299999999998,4,3,0,1,5,86.03,0.0708399999999999,0
O=C(CO)c1nc[nH]n1,127.10300000000001,4,2,2,1,5,78.86999999999999,-1.0203000000000002,0
N=C1OC(=N)C(=NO)O1,129.075,6,3,0,1,6,98.75,-0.26705999999999996,0
Nc1nncc(C=O)n1,124.10299999999998,5,1,1,1,5,81.76,-0.7337000000000005,0
N=CNC1=NC1OC=O,127.10299999999998,4,2,3,1,5,74.53999999999999,-0.9057300000000001,1
NC1=NC(=O)N=C1CO,127.10299999999998,3,2,1,1,5,88.04,-1.0895000000000001,0
N=CN=CC1=NC=NC1=N,135.13,3,2,2,1,5,84.78,0.12444,0
Nc1nnc(C=O)c(=O)[nH]1,140.10199999999998,5,2,1,1,6,101.72999999999999,-1.4404000000000001,0
N=C1NCCOC(=N)O1,129.119,4,3,0,1,5,78.19000000000001,-0.50766,0
N=c1oc(=N)oc(=O)o1,130.059,6,2,0,1,6,104.19000000000001,-1.21526,0
CN=C1ON=CC1=N,111.10399999999998,4,1,0,1,4,57.800000000000004,0.05047000000000007,0
NCc1noc(C=O)n1,127.10299999999998,5,1,2,1,5,82.01,-0.6592000000000002,0
N=C1COC(=N)OCN1,129.119,4,3,0,1,5,78.19,-0.5076600000000002,0
NC=C1N=C(O)N=C1O,127.10299999999998,3,3,0,1,5,91.2,-0.32939999999999997,0
CC(=O)c1cncnn1,123.115,4,0,1,1,4,55.74,0.07419999999999993,0
N=COC1OC(=O)C1=N,128.087,5,2,2,1,5,83.23,-0.48725999999999997,1
Cc1nc(O)n[nH]c1=N,126.11899999999999,4,3,0,1,5,85.65,-0.7018100000000003,0
N=C1OCNC(=O)CO1,130.10299999999998,4,2,0,1,5,71.41,-0.9583300000000003,0
NC1=NNC(=O)C1=O,113.07599999999998,4,2,0,1,5,84.54999999999998,-2.0425,0
N=c1nc(C=O)cno1,125.08699999999997,5,1,1,1,5,79.84,-0.63843,0
Nc1ncn(C(=O)O)n1,128.09099999999998,5,2,0,1,6,94.03,-0.6136000000000001,0
N=C(N)C1=NOC1=N,112.092,4,3,1,1,5,95.31,-0.7141600000000001,0
N=C1OC(N)=C1C=O,112.088,4,2,1,1,4,76.16999999999999,-0.6369300000000002,0
NN1NC=CN1C(=O)O,130.107,4,3,0,1,6,81.83,-0.9534999999999996,0
N=CN1COC1OC=O,130.10299999999998,4,1,3,1,5,62.62000000000001,-0.6602300000000001,1
NC(=O)c1con1N,115.092,4,2,1,1,5,87.18,-1.1062,0
N=c1[nH]cc(C(N)=O)o1,127.10300000000001,3,3,1,1,5,95.86999999999999,-0.8139299999999998,0
N=C1COC(=N)C(=O)N1,127.103,4,3,0,1,5,86.03,-0.9126600000000002,0
N=Cc1nc(=N)cno1,124.103,5,2,1,1,5,86.62,-0.45326,0
N=C1N=CCOC(=O)N1,127.103,3,2,0,1,5,74.53999999999999,-0.26823000000000013,0
Nn1c(CO)coc1=O,130.10299999999998,5,2,1,1,5,81.38999999999999,-1.3526000000000002,0
NC1=C(CO)C(=O)O1,115.08799999999998,4,2,1,1,4,72.55,-1.2942000000000002,0
N#CC(=N)C1=NC=N1,106.088,4,1,1,1,4,72.36,-0.029849999999999988,0
N=C1OCOC(=N)C1=N,127.103,5,3,0,1,5,90.00999999999999,-0.034989999999999966,0
N=C1COC(=N)OCO1,130.103,5,2,0,1,5,75.39,-0.08066000000000012,0
N=c1ncoc(=O)n1CO,143.102,6,2,1,1,6,92.11,-1.7344300000000004,0
Cn1ncc(=O)nc1N,126.11900000000001,5,1,0,1,5,73.8,-1.2425000000000004,0
CC(O)C1=NN=C1N,113.12000000000002,4,2,1,1,4,70.97,-0.9060000000000001,1
CC(=O)c1nc(O)n[nH]1,127.103,4,2,1,1,5,78.87,-0.2871000000000001,0
N=CC1=NN=C1C(N)=O,124.103,4,2,2,1,5,91.66,-1.0681300000000002,0
N=C(O)C1=CN=NC1=N,124.103,3,3,1,1,5,92.65,0.8486400000000001,0
N#CC(=O)C1=NN=C1O,123.071,4,1,1,1,5,85.81,-0.5948200000000001,0
N=C1C=NC(N)=C1C=O,123.115,4,2,1,1,4,79.30000000000001,-0.5402300000000002,0
N=C1OCC(C(=N)O)O1,130.10299999999998,4,3,1,1,5,86.39,-0.12816000000000005,1
CCN1C(=O)OC1=NO,130.103,4,1,1,1,5,62.13000000000001,0.20369999999999994,0
CC(=O)c1nc(N)n[nH]1,126.11900000000001,4,2,1,1,5,84.66,-0.41050000000000025,0
N=C1OCNC(C=O)CO1,144.12999999999997,5,2,1,1,5,71.41,-0.9174300000000004,1
Cc1nnc(CO)nc1N,140.146,5,2,1,1,5,84.92,-0.7454800000000001,0
Nc1nc(C=O)c(N)o1,127.10299999999998,5,2,1,1,5,95.14,-0.3485,0
CC(=O)C1=NC(=O)N1,112.088,2,1,1,1,4,58.53,-0.3028999999999999,0
CN=C1NC(O)OC1=O,130.10299999999998,4,2,0,1,5,70.92000000000002,-1.5630000000000002,1
N=C1C=NC(C=O)=C1O,124.09899999999998,4,2,1,1,4,73.51,0.05907000000000007,0
COc1n[nH]nc1CO,129.119,4,2,2,1,5,71.03,-0.6944000000000001,0
Nc1[nH]nnc1C=O,112.09199999999998,4,2,1,1,5,84.66,-0.8006000000000004,0
Nc1cn(O)c(C=O)n1,127.10299999999998,5,2,1,1,5,81.14,-0.48490000000000033,0
NC1=CC(=O)N=C1N,111.10400000000001,3,2,0,1,4,81.47,-1.2736000000000003,0
N=CN1OC(=N)C1CO,129.119,4,3,2,1,5,80.4,-0.8211600000000003,1
Nc1noc(C=O)c1N,127.103,5,2,1,1,5,95.14,-0.3485000000000002,0
N=C1OCC1OC(N)=O,130.103,4,2,1,1,5,85.4,-0.54223,1
O=C1OC(=O)N1CO,117.05999999999999,4,1,1,1,5,66.84,-0.4916,0
CCc1nnc(N)n1C#N,137.146,5,1,1,1,5,80.52,-0.24812,0
CC1=NNC(N=O)=NN1,127.107,6,2,0,1,6,78.21000000000001,-0.4500000000000001,0
N=C1N=C(N)OC1=O,113.076,4,2,0,1,5,88.53,-1.16483,0
Nc1cc(N)c(=O)[nH]n1,126.11900000000001,4,3,0,1,5,97.79,-1.0656999999999999,0
N=Cc1cn(C=O)nn1,124.103,5,1,2,1,5,71.63,-0.6859300000000002,0
NCC(=O)c1conn1,127.103,5,1,2,1,5,82.01,-0.7890000000000004,0
N=C1ON=C1CC=O,112.08799999999998,4,1,2,1,4,62.51,-0.06113000000000007,0
Cc1nnc(N)n1C=O,126.119,5,1,1,1,5,73.8,-0.7929800000000002,0
N=C1OCC(N)C(=O)O1,130.103,5,2,0,1,5,85.39999999999999,-1.1781300000000001,1
N=C1COC(=N)OC=N1,127.103,4,2,0,1,5,78.52,-0.026460000000000095,0
CC(=O)c1cno[n+]1[O-],128.087,4,0,1,1,5,70.04,-0.48939999999999995,0
CN1N=C(N)C1=NC=O,126.119,3,1,1,1,5,71.05,-1.2411,0
N=C1N=C(N)N=C1CN,125.13500000000002,4,3,1,1,5,100.61,-1.3083300000000002,0
N=CN1ON=COC1=O,129.075,5,1,1,1,6,74.98000000000002,-0.07943000000000006,0
Nc1ncc(C=O)n1N,126.119,5,2,1,1,5,86.92999999999999,-1.0084000000000004,0
NC1=NC(OC=O)=C1O,128.08699999999996,5,2,2,1,5,84.91000000000001,-0.7426999999999999,0
CNC1=NC(=O)OC1=N,127.10299999999998,4,2,0,1,5,74.53999999999999,-0.2682300000000001,0
Cc1noc(=O)c(=N)[nH]1,127.103,4,2,0,1,5,82.74000000000001,-0.84921,0
Cc1nc(N)cnc1N,124.147,4,2,0,1,4,77.82,-0.05057999999999996,0
N#CC1=NOCC(=N)O1,125.08699999999999,5,1,0,1,5,78.46,-0.15244999999999992,0
N=C1NC(=O)C(=N)O1,113.076,4,3,0,1,5,86.03000000000002,-0.9551600000000002,0
N=C1N=CC(N)=NC1=O,124.10300000000001,3,2,0,1,5,91.66,-1.0681300000000002,0
COC1=NOC(=N)C1=N,127.103,5,2,0,1,5,78.52000000000001,-0.02646000000000004,0
CN=C1NC(=O)NC1=N,126.11899999999999,3,3,0,1,5,77.34,-0.6952300000000002,0
COC1=NC(=N)N=C1O,127.103,2,2,0,1,5,78.03,-0.06383000000000005,0
CN=C1N=NC(CO)=N1,126.11899999999999,3,1,1,1,5,69.67,-0.17119999999999996,0
N=C1COC(=N)C(=O)O1,128.087,5,2,0,1,5,83.23,-0.48566000000000015,0
CC1=NC(=O)N=C1N,111.104,2,1,0,1,4,67.81,-0.061899999999999844,0
N=Cc1nn[nH]c1C=O,124.10299999999998,4,2,2,1,5,82.49000000000001,-0.38513,0
CC(C)Oc1cnno1,128.131,4,0,2,1,4,48.150000000000006,0.8567999999999999,0
CC(=N)c1noc(=N)o1,127.103,5,2,1,1,5,86.87,0.13484000000000007,0
N=C1OC(C=O)C1=N,112.088,4,2,1,1,4,74.0,-0.41885999999999995,1
N=C1NCC(=O)NCO1,129.119,3,3,0,1,5,74.21000000000001,-1.3853300000000002,0
NC1=C(N)C(=O)N=N1,112.092,4,2,0,1,5,93.83,-0.9347000000000003,0
N=C1OCC(=N)C(=N)O1,127.103,5,3,0,1,5,90.01,-0.034989999999999966,0
C#CCNC1=NN=C1N,122.13100000000001,4,2,1,1,4,62.769999999999996,-1.1065000000000003,0
Cc1nnc(N)c[n+]1[O-],126.119,4,1,0,1,5,78.74,-0.9993799999999999,0
N=C1COC(=N)N1C=O,127.103,4,2,1,1,5,77.24000000000001,-0.6129600000000002,0
N=CN1COC(=N)OC1,129.11899999999997,4,2,1,1,5,69.4,-0.2079600000000001,0
N=CN1C=NC(=O)OC1,127.10299999999998,3,1,1,1,5,65.75,0.031470000000000053,0
N#CCc1noc(N)n1,124.10300000000001,5,1,1,1,5,88.73,-0.28212000000000004,0
CN=C1OC(O)=NC1=O,128.087,3,1,0,1,5,71.25,-0.5145000000000002,0
N#CCc1oncc1N,123.115,4,1,1,1,4,75.84,0.32288000000000006,0
Nc1nc(C=O)c(O)o1,128.08699999999996,5,2,1,1,5,89.35,-0.2250999999999999,0
N=C1N=COC(N)=CN1,126.119,3,3,0,1,5,83.49,-0.6731300000000002,0
Nc1nc(N)c(C=O)o1,127.10299999999998,5,2,1,1,5,95.14,-0.3485,0
COC(=O)C1=NOC1=N,128.08700000000002,5,1,1,1,5,71.74000000000001,-0.47713,0
NC1=NC1C(C=O)=NO,127.10299999999998,5,2,2,1,5,88.04,-1.2451000000000003,1
Nc1ncc(N)c(=O)o1,127.103,5,2,0,1,5,95.14,-0.8008,0
CC(=O)C1=NC(=N)N=N1,124.10300000000001,3,1,1,1,5,78.0,0.3744700000000001,0
NCc1nc[nH]c(=O)n1,126.11899999999999,4,2,1,1,5,84.66,-1.3764000000000005,0
NC1=CN=C(N)C1=O,111.104,4,2,0,1,4,81.47,-1.2735999999999998,0
N=CC1=NN=C1C(=N)N,123.119,4,3,2,1,5,98.44,-0.6174600000000001,0
COC1=NC(=N)C(O)=N1,127.103,3,2,0,1,5,78.03,-0.06383000000000005,0
NC(=O)C1=NN=C1N,112.09200000000001,4,2,1,1,5,93.83,-1.8014999999999999,0
O=CN1COC(=O)CN1,130.103,4,1,1,1,5,58.64,-1.5362999999999996,0
C#CC1=NC(=N)C(O)=N1,121.09899999999999,2,2,0,1,4,68.8,-0.03452999999999995,0
O=CC(O)c1nc[nH]n1,127.10300000000001,4,2,2,1,5,78.86999999999999,-0.9630000000000001,1
O=CNn1cn[nH]c1=O,128.091,4,2,2,1,6,79.78,-1.7287000000000001,0
COc1nocc1N=O,128.087,5,0,2,1,5,64.69,1.0810999999999997,0
COC1=NN=C(N)C1=N,126.119,5,2,0,1,5,83.82,-0.66313,0
Nc1coc(=O)c(N)n1,127.10300000000001,5,2,0,1,5,95.14,-0.8008,0
N=C1OC(=N)C(=O)O1,114.05999999999999,5,2,0,1,5,83.23,-0.5281600000000002,0
CC(=O)n1cnnc1,111.104,4,0,0,1,4,47.78,-0.061799999999999966,0
COC1=NNC(=O)C1=N,127.10299999999998,4,2,0,1,5,74.53999999999999,-0.9041300000000001,0
NC1=NN=C1C=NCO,126.11899999999999,5,2,2,1,5,83.33,-1.2662000000000002,0
Cc1nc(N)nnc1N,125.13500000000002,5,2,0,1,5,90.71,-0.6555800000000003,0
CC(=O)N1N=NC1=N,112.092,3,1,0,1,5,68.88,0.15047000000000005,0
N=c1occc(N)[n+]1[O-],127.10300000000001,4,2,0,1,5,89.95,-1.0253299999999999,0
N=CC1=NC(N)=NC1=O,124.10300000000001,4,2,1,1,5,91.66,-1.0681300000000002,0
Cc1nc(N)nn1C=O,126.119,5,1,1,1,5,73.8,-0.7929800000000002,0
N=CC1=NC=NC1=N,108.104,3,2,1,1,4,72.42,0.09614,0
N=C1COC(=N)NCO1,129.119,4,3,0,1,5,78.19,-0.5076600000000002,0
N=C1NC(=O)N=C1N,112.09200000000001,3,3,0,1,5,91.33,-0.95593,0
N=C1OC(C=O)C1=NO,128.087,5,2,1,1,5,82.74,-0.6084300000000002,1
Nc1ncnc(NC=O)n1,139.11799999999997,5,2,2,1,6,93.79,-0.9779000000000002,0
N=C1N=C(O)C(=O)O1,114.05999999999997,3,2,0,1,5,82.74,-0.5655300000000001,0
CNc1nc(C=O)co1,126.11499999999997,4,1,2,1,4,55.13,0.5287999999999999,0
N=C1N=CC(O)=C1N,111.104,3,3,0,1,4,82.46,-0.22362999999999988,0
N=C1C=C(N)N=C1O,111.104,3,3,0,1,4,82.46000000000001,-0.22363000000000027,0
N=C1OC(=O)OC1=NO,130.059,6,2,0,1,6,91.97,-0.08182999999999996,0
N=C1NCOC(=O)CO1,130.103,4,2,0,1,5,71.41,-0.9583300000000001,0
N=COc1nc(N)co1,127.103,5,2,2,1,5,85.13,0.24267,0
N=c1cn[nH]c(=O)o1,113.07599999999998,4,2,0,1,5,82.74,-1.15763,0
N=c1o[nH]c(=O)oc1=N,129.075,5,3,0,1,6,106.84,-1.4801599999999997,0
COC(=O)N1C=NC1=N,127.103,3,1,0,1,5,65.75,0.031470000000000053,0
N=CN=C1N=CN=C1N,123.119,3,2,1,1,5,86.95,-0.60893,0
N=C1NC=COC(=N)N1,126.119,3,4,0,1,5,80.99000000000001,-0.46346000000000015,0
N=C1OC(=N)C(N)C(=N)O1,142.118,6,4,0,1,6,116.03000000000002,-0.7501900000000001,0
NC1=NC(=O)C(C=O)=N1,125.08699999999997,4,1,1,1,5,84.88,-1.5188,0
N=C1NC(=O)NCCO1,129.119,3,3,0,1,5,74.21000000000001,-0.74943,0
N=CC1=CN=NC1=N,108.104,3,2,1,1,4,72.42,0.9629399999999999,0
N=CC1OC(=N)OC1=N,127.103,5,3,1,1,5,90.00999999999999,-0.03658999999999979,1
NC1=NC(=O)N=C1CO,127.10299999999998,3,2,1,1,5,88.04,-1.0895000000000001,0
N=C1NC(=O)C(C=O)O1,128.087,4,2,1,1,5,79.25000000000001,-1.3649300000000002,1
CC1=NC(N)=NC1=O,111.104,3,1,0,1,4,67.81,-0.6978,0
N=C1N=COCC(O)O1,130.10299999999998,4,2,0,1,5,74.9,-0.68533,1
N=C1OCC(C=O)OC1=N,142.11399999999998,5,2,1,1,5,83.22999999999999,-0.44476,1
N=c1occ(N)n1C=O,127.10300000000001,5,2,1,1,5,85.00999999999999,-0.8189300000000002,0
NC1=C(O)N=C1NC=O,127.103,4,3,1,1,5,87.71000000000001,-1.1697000000000004,0
N=COc1cc(N)on1,127.103,5,2,2,1,5,85.13,0.2426700000000001,0
CC(=O)C1=NC(O)=N1,112.088,3,1,1,1,4,62.019999999999996,-0.09849999999999998,0
N=CN1NCOC1=N,114.10799999999999,4,3,1,1,5,72.20000000000002,-0.6774600000000002,0
CC(=O)c1nn[nH]n1,112.09200000000001,4,1,1,1,5,71.53,-0.5977000000000001,0
N=C1OC(=N)C(=NO)O1,129.075,6,3,0,1,6,98.75,-0.26705999999999996,0
CCC1=NC(=N)N=C1N,124.147,2,2,1,1,4,74.59,0.1429700000000002,0
NC1=NN=C(C=O)C1=O,125.08699999999997,5,1,1,1,5,84.88,-1.5188,0
N=C1CC(=O)C(=O)O1,113.07199999999997,4,1,0,1,4,67.22,-0.5203300000000002,0
N=C1NC(C=O)NC1=N,126.119,3,4,1,1,5,88.83000000000001,-1.3412599999999997,0
COC1=NC(N)=NC1=N,126.11900000000001,4,2,0,1,5,83.82,-0.66313,0
N=C1COC(=N)C1=NO,127.103,5,3,0,1,5,89.52,-0.1561600000000002,0
O=CC1=NC(=O)C(=O)N1,126.07099999999998,3,1,1,1,5,75.6,-1.7598000000000005,0
N=C1NC(=O)C(=N)O1,113.076,4,3,0,1,5,86.03000000000002,-0.9551600000000002,0
COC1=NN=C(N)C1=N,126.119,5,2,0,1,5,83.82,-0.66313,0
N=C(C(O)C=O)N1CO1,130.103,4,2,2,1,5,76.69,-1.2718300000000002,1
CNC1=C(N)C(=O)C=N1,125.131,4,2,1,1,4,67.47999999999999,-1.0129,0
NCC1=NC=NC1=O,111.10399999999998,3,1,1,1,4,67.81,-1.0454,0
Cn1nc(C=N)nc1N,125.135,5,2,1,1,5,80.58,-0.6050300000000002,0
N=COC1OCNC1=N,129.119,4,3,2,1,5,78.19,-0.5092600000000003,1
N=CC1=NC(=O)N=C1CO,139.114,3,2,2,1,5,85.87,-0.35612999999999995,0
Nc1ncnc(C=O)n1,124.10299999999998,5,1,1,1,5,81.76,-0.7337,0
N=CC1(N)NCN1C=O,128.135,4,3,2,1,5,82.21000000000001,-1.7324299999999997,1
N=C1NC(=O)CNCO1,129.119,4,3,0,1,5,74.21000000000001,-1.3853300000000002,0
N=CNC1C(CO)=[N+]1[O-],129.119,3,3,3,1,5,82.17999999999999,-1.53363,1
O=CC1(O)NC(=O)N1,116.076,3,3,1,1,5,78.43,-1.8558,0
Cn1cnc(=N)nc1N,125.135,5,2,0,1,5,80.58,-1.12323,0
CNC(=O)c1ncn[nH]1,126.119,3,2,1,1,5,70.67,-0.8357000000000003,0
Nc1ncoc1C=NC=O,139.11399999999998,4,1,2,1,5,81.47999999999999,-0.16790000000000016,0
NC(=O)OC1OCC1=O,131.087,4,1,1,1,5,78.62,-0.9929000000000001,1
C#CC1=C(N)C(=N)N=N1,120.115,3,2,0,1,4,74.59,0.23297000000000007,0
Nc1cnn(C=O)c1N,126.119,5,2,1,1,5,86.92999999999999,-0.9142000000000001,0
NCC1=CC(O)=NC1=O,126.11499999999998,2,2,1,1,4,75.68,-0.6317999999999999,0
N#CC1=NC(=N)N1C=N,121.103,3,2,1,1,5,87.09,-0.23408,0
NC1=C(N)C(=O)N=C1,111.10399999999998,3,2,0,1,4,81.47,-1.2736000000000003,0
CN=C1N=C(N)C=[N+]1[O-],126.119,3,1,0,1,5,76.80999999999999,-1.0758999999999999,0
N=C1NC(=O)C(=N)O1,113.076,4,3,0,1,5,86.03000000000002,-0.9551600000000002,0
C#CC1=NC(=N)N=N1,106.08800000000001,2,1,0,1,4,60.93,0.4186700000000001,0
N=C1NC=CNC(=O)O1,127.103,3,3,0,1,5,74.21000000000001,-0.27823000000000014,0
N=CN1NCOC1=O,115.09199999999998,4,2,1,1,5,65.42000000000002,-0.49222999999999995,0
CNC1=NC(N)=NC1=O,126.119,4,2,0,1,5,79.84,-1.5408,0
Nc1noc(C=O)n1,113.076,5,1,1,1,5,82.01,-0.5357000000000001,0
CNC(=O)N1CC1=N,113.12,2,2,0,1,4,55.96,-0.3813299999999999,0
NC1=CC(CO)=NC1=O,126.115,3,2,1,1,4,75.68,-1.1975,0
Cc1cnc(CO)nn1,125.131,4,1,1,1,4,58.900000000000006,-0.32768000000000014,0
N=C1C(N)=CN=C1N,110.12,4,3,0,1,4,88.25,-0.8229300000000002,0
N=CN1C(=N)OC1C=O,127.10299999999997,4,2,2,1,5,77.24000000000001,-0.6145600000000002,1
N=C1N=NC=C1OC=O,125.08699999999997,4,1,2,1,5,74.87,0.44387,0
CC1=C(CO)N=NC1=N,125.131,3,2,1,1,4,68.80000000000001,0.6957700000000001,0
N=C1OC(=O)OC1=N,114.05999999999999,5,2,0,1,5,83.22999999999999,0.10774,0
N=C1N=C(CO)C(=N)O1,127.10299999999998,4,3,1,1,5,89.52,-0.6380600000000001,0
CC(=O)C1=NNC1=N,111.104,3,2,1,1,4,65.31,-0.4881300000000001,0
N=C1C=C(CN)N=[N+]1[O-],126.11900000000001,4,2,1,1,5,88.30000000000001,-0.21762999999999988,0
N=C1OC(=O)OCC1=O,129.071,5,1,0,1,5,76.44999999999999,-0.30043,0
N=CN1CCOC(=O)O1,130.10299999999998,4,1,1,1,5,62.620000000000005,-0.02273000000000014,0
NC(C=O)N1C=NC1=O,127.103,3,1,2,1,5,75.76,-1.0659999999999994,1
COC1=NC(N)=NC1=N,126.11900000000001,4,2,0,1,5,83.82,-0.66313,0
COC1=NN=C1C=NC=N,138.13,4,1,2,1,5,70.16,0.07876999999999995,0
CC1(O)N=C(O)C(=N)O1,130.10299999999998,4,3,0,1,5,85.90000000000002,-0.38362999999999986,1
O=CC1NC(=O)OC1=O,129.071,4,1,1,1,5,72.47,-1.1797000000000002,1
N=c1ocnc(=O)o1,114.05999999999999,5,1,0,1,5,80.09,-0.89273,0
COc1ncoc(=N)n1,127.103,5,1,1,1,5,72.0,-0.44233000000000006,0
N=C1N=C(CO)C(=O)O1,128.087,4,2,1,1,5,82.74,-1.0887300000000002,0
COC1=NC(N)=NC1=N,126.11900000000001,4,2,0,1,5,83.82,-0.66313,0
CC(=O)C(=O)C1=NO1,113.07199999999999,4,0,2,1,4,59.03,-0.5118,0
N=C1C=C(CO)NC1=O,126.11499999999998,3,3,1,1,4,73.18,-0.9878300000000002,0
N=COc1cc(N)ncn1,138.13,5,2,2,1,5,84.88,0.0446700000000001,0
N=C1NC(=O)OCCO1,130.103,4,2,0,1,5,71.41000000000001,-0.32243,0
CC1=NN=C(N)C1=N,110.12,4,2,0,1,4,74.59,-0.24712999999999996,0
N=C1N=C(N)N1CC=O,126.119,3,2,2,1,5,82.53999999999999,-1.24963,0
Nn1c(C=O)cnc1O,127.10299999999998,5,2,1,1,5,81.14,-0.8850000000000002,0
N#CCOc1cnoc1N,139.11399999999998,5,1,2,1,5,85.07,0.15918,0
CN=C1CONC(=O)N1,129.119,3,2,0,1,5,62.72,-0.7409000000000001,0
N=C1OCC(=O)NC1=O,128.087,4,2,0,1,5,79.25,-1.36333,0
N#Cc1nc(C=O)no1,123.07099999999998,5,0,1,1,5,79.78,-0.2462200000000001,0
N=C(N)c1cno[n+]1[O-],128.091,4,2,1,1,6,102.84,-1.4079299999999997,0
N=C1OC=NC(N)C1=O,127.103,5,2,0,1,5,88.53,-1.12393,1
CC(N)C1=NN=C1N,112.13600000000001,4,2,1,1,4,76.75999999999999,-0.9396,1
Nc1c(O)cn[nH]c1=O,127.103,4,3,0,1,5,92.0,-0.9423000000000001,0
N=C1COC(=N)OCO1,130.103,5,2,0,1,5,75.39,-0.08066000000000012,0
N=C1N=COCC(=O)O1,128.087,4,1,0,1,5,71.74,-0.47713000000000005,0
CNc1cn[nH]c(=O)n1,126.119,4,2,1,1,5,70.67,-0.7934000000000003,0
Cc1n[nH]c(=N)c(N)n1,125.135,4,3,0,1,5,91.44,-0.82521,0
CN1N=CC(N)=NN1C=O,141.13400000000001,5,1,1,1,6,74.28999999999999,-1.4367999999999994,0
CC(=N)C1=NN=C1O,111.104,3,2,1,1,4,68.8,0.3521700000000001,0
CC(=O)C1=C(N)N=N1,111.10400000000001,4,1,1,1,4,67.81,0.16900000000000004,0
CC1=NC(C(=N)O)O1,114.10399999999998,3,2,1,1,4,65.67,0.29637,1
Nc1nc(C=O)n[nH]1,112.09199999999998,4,2,1,1,5,84.66,-0.8006000000000002,0
CN=C1C=NC(N)=N1,110.12,3,1,0,1,4,63.099999999999994,-0.5862,0
N=C1OC(=N)C(N)O1,115.092,5,3,0,1,5,92.18,-0.7699600000000002,1
N=CN1N=CNC1C=O,126.11899999999997,4,2,2,1,5,68.55000000000001,-1.0330300000000001,1
Cc1oc(C=O)nc1O,127.09899999999998,4,1,1,1,4,63.33,0.50112,0
CN=C1NCON1C=O,129.119,3,1,1,1,5,53.93000000000001,-1.0771000000000002,0
Cn1nncc1OC=N,126.11899999999997,5,1,2,1,5,63.79,-0.1990300000000002,0
N=c1[nH]cnc(C=O)c1N,138.12999999999997,4,3,1,1,5,95.61999999999999,-0.7161299999999999,0
CC1OC=NC(N)=NC1=N,140.14600000000002,4,2,0,1,5,83.82,-0.2746299999999998,1
N=CN1C(=O)N=C1O,113.07599999999998,2,2,1,1,5,76.75,-0.056929999999999925,0
N=C1OCC(=O)OCC1=O,143.09799999999998,5,1,0,1,5,76.44999999999999,-0.8938300000000001,0
Nc1cc(OC=O)n[nH]1,127.103,4,2,2,1,5,81.0,-0.47290000000000026,0
Cn1cnc(=N)nc1N,125.135,5,2,0,1,5,80.58,-1.12323,0
N=CN1C=NC(C=O)N1,126.11899999999997,4,2,2,1,5,68.55,-1.0330300000000001,1
Nc1nccn1COC=O,141.13,5,1,3,1,5,70.13999999999999,-0.4042000000000001,0
N#CN=CC1=NN=C1N,121.10300000000002,5,1,1,1,5,86.89,-0.73492,0
N=C1NC(C=O)OCO1,130.103,4,2,1,1,5,71.41000000000001,-0.9599300000000002,1
CC1NC(=O)OC(=N)O1,130.10299999999998,4,2,0,1,5,71.41,0.02357000000000009,1
CNC1N=CNC(=O)CO1,143.146,4,2,1,1,5,62.72,-1.3358999999999996,1
CN=C1N=C(N)C(=O)O1,127.103,4,1,0,1,5,77.04,-1.1138,0
CC1=C(NC=O)C(=O)O1,127.09899999999998,3,1,2,1,4,55.400000000000006,-0.47930000000000006,0
N=CN1C=CNC(=O)O1,127.10299999999998,3,2,1,1,5,65.42,0.021469999999999934,0
CNC(N)=C1N=C(N)O1,128.13500000000002,5,3,1,1,5,85.66,-1.3639999999999999,0
N=C1COCOC(=N)O1,130.103,5,2,0,1,5,75.39,-0.0806599999999999,0
N=C1OC(N)=NC1=O,113.07600000000001,4,2,0,1,5,88.53,-1.1648300000000003,0
CN=C1N=C(N)C(O)=N1,126.119,2,2,0,1,5,83.33,-0.7004999999999999,0
COC1=NN=C1C=NC#N,136.11399999999998,5,0,1,1,5,70.1,-0.04722000000000004,0
CN=C1N=C(CO)C(=N)N1,140.146,3,3,1,1,5,80.83000000000001,-1.0140300000000002,0
CNC1(C=O)C(=N)OC1=N,141.13,5,3,2,1,5,86.03,-0.8717600000000001,0
C#CCc1nnoc1N,123.11500000000001,4,1,1,1,4,64.94,-0.1725,0
N=C1NC(=O)C(=N)O1,113.076,4,3,0,1,5,86.03000000000002,-0.9551600000000002,0
C#CC(O)c1nc[nH]n1,123.11500000000001,3,2,1,1,4,61.800000000000004,-0.5287000000000002,1
N=C1C=NN=C1CN,110.12,4,2,1,1,4,74.59,-0.59473,0
Nc1cn(C=O)nc1N,126.119,5,2,1,1,5,86.92999999999999,-0.9142000000000001,0
CN=C(O)C1=C(O)N=N1,127.103,4,2,1,1,5,77.54,0.7656000000000001,0
CC(=N)N1COC(=O)N1,129.119,3,2,0,1,5,65.42,-0.10213,0
CC(=O)n1cnc(=N)o1,127.103,5,1,0,1,5,71.88,-0.38433,0
N=Cn1oc(=N)oc1=O,129.075,6,2,1,1,6,95.98000000000002,-1.0310599999999999,0
N=C1CNCNC(=N)C1=O,140.146,4,4,0,1,5,88.83000000000001,-1.2971600000000003,0
N#CC1NC=NC(=N)O1,124.103,4,2,0,1,5,81.26,-0.5810500000000003,1
N=C1COC(=N)C(=O)O1,128.087,5,2,0,1,5,83.23,-0.48566000000000015,0
N=CN1CC(=O)C(=O)O1,128.087,4,1,1,1,5,70.46000000000001,-1.06363,0
N=COC1OC(=N)C1=O,128.087,5,2,2,1,5,83.22999999999999,-0.48725999999999997,1
N=C1COC(=N)OC(=N)O1,143.102,6,3,0,1,6,99.24,-0.10338999999999998,0
N=C1OCOC(C=O)O1,131.087,5,1,1,1,5,68.61,-0.5329300000000001,1
CN1COC(=O)OC1=N,130.10299999999998,4,1,0,1,5,62.62,-0.022729999999999972,0
Cc1coc(NC=O)n1,126.115,3,1,2,1,4,55.13,0.5513199999999998,0
N=C1CC(=N)OC(=O)O1,128.087,5,2,0,1,5,83.23,0.49784,0
N=C1NCNC(=O)CO1,129.119,3,3,0,1,5,74.21000000000001,-1.3853300000000002,0
CN=c1cnc(C=N)no1,138.13,5,1,1,1,5,75.13,-0.4022299999999998,0
Nc1nc(C=O)oc1N,127.10299999999998,5,2,1,1,5,95.14,-0.3485,0
N#Cc1nc(C=O)no1,123.07099999999998,5,0,1,1,5,79.78,-0.2462200000000001,0
N=C1COC(=N)C(=N)O1,127.103,5,3,0,1,5,90.01,-0.034989999999999966,0
N=C1C=NC(=N)OCO1,127.103,4,2,0,1,5,78.52000000000001,-0.026460000000000095,0
N=C1C(N)=CN=C1N,110.12,4,3,0,1,4,88.25,-0.8229300000000002,0
N=C1OCC(=O)COC1=O,143.09799999999998,5,1,0,1,5,76.44999999999999,-0.8938300000000001,0
Cc1nc(O)oc(=N)n1,127.10299999999998,5,2,0,1,5,83.00000000000001,-0.4369100000000001,0
NC(=O)C1N=CN=C1O,127.10299999999998,3,2,1,1,5,88.04,-1.1613000000000002,1
N=CC1OCOC(=N)O1,130.103,5,2,1,1,5,75.39,-0.08225999999999994,1
N=C1C=C(O)NC1=N,111.10399999999998,3,4,0,1,4,79.96000000000001,-0.013960000000000139,0
N=C1CNC(=O)NCO1,129.119,3,3,0,1,5,74.21000000000001,-0.7494300000000003,0
N=CN1C(=N)NC1C=O,126.11899999999997,3,3,2,1,5,80.04,-1.0415600000000003,1
CC1OC(=N)NC(C=O)O1,144.12999999999997,4,2,1,1,5,71.41,-0.5714300000000003,2
COc1nncc(=N)[nH]1,126.11899999999999,4,2,1,1,5,74.65,-0.70723,0
COc1n[nH]c(=N)n1C=O,142.118,5,2,2,1,6,83.75999999999999,-1.26243,0
NC1=NC=C(O)C1=O,112.08799999999998,4,2,0,1,4,75.68,-0.6743000000000001,0
Nc1cc(NC=O)no1,127.103,4,2,2,1,5,81.14999999999999,-0.17490000000000022,0
N=C1OCC(=O)C(=N)O1,128.087,5,2,0,1,5,83.23,-0.48566000000000015,0
C#CC(O)c1nncn1N,138.13,5,2,1,1,5,76.96000000000001,-1.3415000000000001,1
CC(=O)C1=C(N)C(=N)O1,126.115,4,2,1,1,4,76.17,-0.24682999999999977,0
CC1=CC(=N)C(=N)N=N1,122.13100000000001,3,2,0,1,4,72.42,1.35304,0
N=C1COC(=N)OCO1,130.103,5,2,0,1,5,75.39,-0.08066000000000012,0
N=C1COC(=N)N1C=O,127.103,4,2,1,1,5,77.24000000000001,-0.6129600000000002,0
CN=C1C=NN=C1N,110.12,4,1,0,1,4,63.099999999999994,-0.5862,0
CNC(=O)C1=NNC1=O,127.103,3,2,1,1,5,70.56,-1.7817999999999996,0
NC1=CC(=O)N=C1N,111.10400000000001,3,2,0,1,4,81.47,-1.2736000000000003,0
N=CN1C(=O)N1CO,115.09199999999998,3,2,2,1,5,67.17,-0.80413,0
N=C1OCNC(C=O)O1,130.10299999999998,5,2,1,1,5,71.41,-0.9599300000000004,1
N=c1cnc(C=O)n[nH]1,124.103,4,2,1,1,5,82.49000000000001,-0.9033300000000002,0
COc1cnc(C=N)n1N,140.146,5,2,2,1,5,76.92,-0.3968300000000002,0
N#CC(N)c1nnco1,124.103,5,1,1,1,5,88.73,-0.40702000000000016,1
N=C1N=CN=C1CCO,125.13099999999999,3,2,2,1,4,68.8,-0.17102999999999996,0
N=C1OCOC(=O)C1=O,129.071,5,1,0,1,5,76.45,-0.9363300000000001,0
N=COC1=NC(=O)OC1,128.087,4,1,1,1,5,71.74,0.15877000000000002,0
N=CCC1=NN=C1N,110.12000000000002,4,2,2,1,4,74.59,-0.24712999999999996,0
N=C(N)c1nnco1,112.092,4,2,1,1,5,88.79,-0.6463300000000001,0
CN=C1OC(O)=NC1=O,128.087,3,1,0,1,5,71.25,-0.5145000000000002,0
NC(C=O)c1ncco1,126.11499999999998,4,1,2,1,4,69.12,-0.12670000000000026,1
N=C1NCOC(=O)N1,115.092,3,3,0,1,5,74.21,-0.79193,0
N=C1C=C(N)N=C1O,111.104,3,3,0,1,4,82.46000000000001,-0.22363000000000027,0
Nc1ncc(N=O)cn1,124.103,5,1,1,1,5,81.23,0.4567,0
N=C1N=CC(CO)=N1,111.104,2,2,1,1,4,68.8,-0.5611300000000001,0
Cn1cn[nH]c(=N)c1=O,126.11899999999999,4,2,0,1,5,74.53,-1.4121299999999999,0
NC(=O)OCn1cco1,130.103,4,1,2,1,5,70.39000000000001,0.13390000000000019,0
CC1=NN=C(N)C1=O,111.104,4,1,0,1,4,67.81,-0.6978,0
CN=C1C=NOC1=N,111.10399999999998,4,1,0,1,4,57.800000000000004,0.05046999999999996,0
N#CCOC1=NC(=N)O1,125.08699999999999,4,1,1,1,5,78.46,-0.15245000000000003,0
COc1cn[nH]c1N,113.12,3,2,1,1,4,63.92999999999999,0.0004999999999998894,0
NC1OC(=O)COC1=O,131.087,5,1,0,1,5,78.62,-1.6288000000000002,1
N=CN1CNCOC1=O,129.11899999999997,4,2,1,1,5,65.42000000000002,-0.44972999999999996,0
N=C1C(=O)OCNC1C=O,142.11399999999998,5,2,1,1,5,79.25,-1.3224300000000002,1
Nc1ccc(O)n1N,113.12000000000002,4,3,0,1,4,77.2,-0.5103000000000002,0
N=C1NCOC(=O)N1,115.092,3,3,0,1,5,74.21,-0.79193,0
C#CCn1nc(O)n1N,126.119,5,2,1,1,5,69.0,-1.2628000000000001,0
N=C1OCC(=O)C(=N)O1,128.087,5,2,0,1,5,83.23,-0.48566000000000015,0
CC1=NCN=NC1C=O,125.13099999999997,4,0,1,1,4,54.15,0.43810000000000004,1
N=C1NC(=O)C(C=O)O1,128.087,4,2,1,1,5,79.25000000000001,-1.3649300000000002,1
O=CC1NC=NC(=O)O1,128.087,4,1,1,1,5,67.76,-0.7205000000000001,1
N=C1OCOC=NC1=O,128.087,4,1,0,1,5,71.74000000000001,-0.47713000000000005,0
N#CCC1=NC(N)=N1,108.10400000000001,4,1,1,1,4,74.53,-0.37311999999999984,0
N=C1OCC(=O)OC1=N,128.087,5,2,0,1,5,83.22999999999999,-0.48566000000000015,0
N=CN1CC(=O)OC1=N,127.10299999999998,4,2,1,1,5,77.24000000000001,-0.61296,0
CC(=O)C1=NC(=N)O1,112.088,3,1,1,1,4,62.510000000000005,-0.06112999999999996,0
N=C1CNC(=O)CCO1,128.131,3,2,0,1,4,62.18000000000001,-0.4998300000000002,0
N#CC1=NC(=O)C(N)=N1,122.087,4,1,0,1,5,91.6,-1.19412,0
CC(N)C1=NOC1=O,114.10399999999998,4,1,1,1,4,64.68,-0.7536,1
CC1=CNC(=O)NO1,114.104,2,2,0,1,4,50.36,0.09209999999999996,0
N=C1NC(=N)C(=O)O1,113.076,4,3,0,1,5,86.03000000000002,-0.95516,0
N#CN=C1COCOC1=N,139.114,5,1,0,1,5,78.46000000000001,-0.10995000000000005,0
N=CN1CC(=O)OC=N1,127.10299999999998,4,1,1,1,5,65.75,-0.60443,0
CC(=O)C1=NC(=N)O1,112.088,3,1,1,1,4,62.510000000000005,-0.06112999999999996,0
N=C1NC(=N)C(=O)CO1,127.103,4,3,0,1,5,86.03000000000002,-0.91266,0
CN=C1OCNC(=O)O1,130.103,4,1,0,1,5,59.92,-0.3139,0
CC1=NC(N)=NC1=N,110.12,3,2,0,1,4,74.59,-0.24712999999999996,0
CN=C1C=NNC1=O,111.10399999999998,3,1,0,1,4,53.82,-0.8272000000000002,0
N=C1NC=COC(=O)N1,127.103,3,3,0,1,5,74.21,-0.27823000000000014,0
N=C1NC(=O)C(=N)CO1,127.103,4,3,0,1,5,86.03000000000002,-0.9126600000000002,0
N=C1N=CC(N)N=CO1,126.119,4,2,0,1,5,83.82000000000001,-0.66473,1
N=Cc1noc(=NN)[nH]1,127.10700000000001,5,3,1,1,6,104.05000000000001,-1.22523,0
CC1(O)NC(=O)N1,102.093,2,3,0,1,4,61.36,-1.0348000000000002,0
CC1=C(CO)C(=O)N1N,128.131,3,2,1,1,4,66.56,-1.0314,0
Cn1cnc(=O)c(=O)[nH]1,127.10299999999998,4,1,0,1,5,67.75,-1.5314000000000003,0
N=C1OCC(=N)C(=N)O1,127.103,5,3,0,1,5,90.01,-0.034989999999999966,0
CN=C1N=NC(C=N)=N1,123.11899999999999,3,1,1,1,5,73.28999999999999,0.48607000000000006,0
N=c1oc(=N)oc(=O)o1,130.059,6,2,0,1,6,104.19000000000001,-1.21526,0
CN=c1ncon1C=O,127.10299999999998,5,0,1,1,5,60.39,-0.9551000000000003,0
N=C1OC(=N)C(=O)O1,114.05999999999999,5,2,0,1,5,83.23,-0.5281600000000002,0
Cc1nn[nH]c(=N)c1N,125.13499999999999,4,3,0,1,5,91.44,-0.82521,0
N=C1N=C(CO)CN=CO1,141.13,4,2,1,1,5,78.03,-0.5870300000000002,0
CCN1OCC(=O)NC1=N,143.14600000000002,3,2,1,1,5,65.42,-0.69553,0
CC1=NC(=O)N=C1N,111.104,2,1,0,1,4,67.81,-0.061899999999999844,0
N=C1N=CC(F)=C1N,113.09500000000001,2,2,0,1,4,62.230000000000004,0.18787000000000015,0
Nc1nnc(C=O)n1N,127.107,6,2,1,1,6,99.82000000000001,-1.6134000000000004,0
NC(=O)c1cncn1N,126.119,4,2,1,1,5,86.93,-1.3042000000000002,0
N=CC1=NC=NC1=N,108.104,3,2,1,1,4,72.42,0.09614,0
NC(C=O)c1cnn[nH]1,126.119,4,2,2,1,5,84.66,-0.9966000000000002,1
CNC(=O)C1=NC(=N)O1,127.103,3,2,1,1,5,74.54,-0.9041300000000001,0
CC1=NC(N)=NC1=O,111.104,3,1,0,1,4,67.81,-0.6978,0
N=CC1=NC=NC1=N,108.104,3,2,1,1,4,72.42,0.09614,0
N=CN1C=NC(=O)OC1,127.10299999999998,3,1,1,1,5,65.75,0.031470000000000053,0
N=C1COCNC(O)=N1,129.119,3,3,0,1,5,77.7,-0.5450300000000003,0
N=CN1C=NC(O)OC1,129.11899999999997,4,2,1,1,5,68.91000000000001,-0.8126300000000002,1
N=C1COC(=O)NC1=N,127.103,4,3,0,1,5,86.03,-0.27676000000000023,0
N=CC1N=CC(=NO)O1,127.10299999999998,5,2,1,1,5,78.03,-0.14922999999999992,1
COc1cnc(=N)[nH]n1,126.119,4,2,1,1,5,74.65,-0.7072300000000002,0
NC1=C(N)C(=O)C=C1,110.11599999999997,3,2,0,1,3,69.11,-0.7457000000000003,0
COc1n[nH]ncc1=O,127.10299999999998,4,1,1,1,5,67.87,-0.8265,0
N=C1N=C(CO)N=C1N,126.119,4,3,1,1,5,94.82,-1.2747300000000001,0
N=C1C=NON=C=CN1,124.103,4,2,0,1,5,69.83,-0.3323300000000002,0
N=CN1CCOC(=N)C1,127.14699999999999,3,2,1,1,4,60.17000000000001,-0.09706000000000009,0
COC1=CC(=N)N=N1,111.10400000000001,3,1,1,1,4,57.8,0.91727,0
N=CN=C1N=C(C=O)O1,125.08699999999997,3,1,2,1,5,74.87,-0.42293000000000003,0
CN=C1OC(=O)N=C1N,127.10300000000001,4,1,0,1,5,77.03999999999999,-0.47789999999999994,0
N#CCNC1=NC(N)=N1,123.11900000000001,5,2,1,1,5,86.56,-1.2161199999999996,0
COc1cn[nH]c(=O)n1,127.103,4,1,1,1,5,67.87,-0.8265,0
CC(=O)NC1=CC(O)=N1,126.11499999999998,2,2,1,1,4,61.69,-0.06600000000000006,0
Cc1n[nH]c(=O)c(N)n1,126.119,4,2,0,1,5,84.66,-0.9444800000000002,0
N#CN(C=N)N1CCO1,126.119,4,1,2,1,5,63.35000000000001,-0.46124999999999994,0
Cc1nnc(N)n1C=O,126.119,5,1,1,1,5,73.8,-0.7929800000000002,0
CNC(=O)C1=NC(=N)O1,127.103,3,2,1,1,5,74.54,-0.9041300000000001,0
COc1nncc(N)n1,126.119,5,1,1,1,5,73.92,-0.5376000000000003,0
N=CC1=NC(=N)C(N)=N1,123.11900000000001,4,3,1,1,5,98.44,-0.6174600000000001,0
N=CN1C=CNC(=N)O1,126.11899999999999,3,3,1,1,5,72.2,-0.16376000000000002,0
CC1=NC(=O)N=C1O,112.08799999999998,1,1,0,1,4,62.019999999999996,0.5374000000000001,0
N=C1COC(=NO)C=N1,127.103,4,2,0,1,5,78.03,-0.1476300000000001,0
N=CNC1=NC(=O)C=N1,124.103,3,2,1,1,5,77.67,-0.8499300000000001,0
CC1=C(N)C(=N)N=N1,110.12,3,2,0,1,4,74.59,0.6196700000000002,0
N=CC1=NN=C1C(=N)N,123.119,4,3,2,1,5,98.44,-0.6174600000000001,0
N=C1NCC(=O)OC1=N,127.103,4,3,0,1,5,86.03,-0.9126600000000002,0
N=Cc1nc(N)n(C=N)n1,138.13400000000001,6,3,2,1,6,104.42999999999999,-0.6868600000000002,0
N=CNC1=NC(N)=C1O,126.119,4,4,1,1,5,94.49000000000001,-0.7190299999999998,0
Nc1nc(CC=O)no1,127.10299999999998,5,1,2,1,5,82.01,-0.6068000000000002,0
N=C1N=CC(=O)OCO1,128.087,4,1,0,1,5,71.74000000000001,-0.47713000000000005,0
CC1=NC(=N)N=C1C=O,123.11499999999998,2,1,1,1,4,65.64,0.035569999999999935,0
N=C1NC(=O)NCO1,115.092,3,3,0,1,5,74.21000000000001,-0.79193,0
N=C1NC(=O)C(=O)O1,114.05999999999999,4,2,0,1,5,79.25000000000001,-1.4058300000000001,0
N=C1N=NNC(=O)CO1,128.09099999999998,4,2,0,1,6,86.9,-0.5652300000000001,0
N=Cc1cc(N)n(O)n1,126.11900000000001,5,3,1,1,5,87.92,-0.2997300000000002,0
N=C1CC(=O)NC(=N)O1,127.10299999999998,4,3,0,1,5,86.03000000000002,-0.5650600000000003,0
CC(=O)C1=NC(=N)O1,112.088,3,1,1,1,4,62.510000000000005,-0.06112999999999996,0
CN1COC(=N)C(=O)O1,130.10299999999998,5,1,0,1,5,62.620000000000005,-0.6586300000000003,0
COC(=O)C1=NC(N)=N1,127.10300000000002,5,1,1,1,5,77.03999999999999,-1.1138000000000003,0
N=C1N=CN(CO)C1=N,126.11899999999999,3,3,1,1,5,83.53,-0.76536,0
Nc1cc(OC=O)no1,128.087,5,1,2,1,5,78.35000000000001,-0.20800000000000013,0
Cc1c(O)ocnc1=O,127.09899999999999,4,1,0,1,4,63.330000000000005,0.04881999999999989,0
CC1=NC(CO)=NC1=N,125.13099999999999,3,2,1,1,4,68.80000000000001,-0.17103000000000002,0
N=C1C(=O)C(=O)OC1O,129.071,5,2,0,1,5,87.45,-1.54953,1
C#CC1NCOC(=N)O1,126.115,4,2,0,1,4,54.34,-0.52563,1
N#CC1N=NN1C=N,109.092,4,1,1,1,5,75.6,0.12595000000000006,1
N#CN=C1N=NC=C1CO,136.114,4,1,1,1,5,81.1,0.20798,0
NC1=NC(CO)=NC1=O,127.10299999999998,4,2,1,1,5,88.03999999999999,-1.7254,0
CN=C1N=CN=C1N,110.12,3,1,0,1,4,63.099999999999994,-0.5861999999999998,0
COC1=NC(=N)C(O)=N1,127.103,3,2,0,1,5,78.03,-0.06383000000000005,0
CN=C1N=C(N)C=[N+]1[O-],126.119,3,1,0,1,5,76.80999999999999,-1.0758999999999999,0
N=C1N=NC(C=O)=C1N,124.103,4,2,1,1,5,91.66,-0.2013299999999999,0
COc1c(C=NO)c1=N,126.11499999999998,4,2,2,1,4,65.67,-0.14163000000000003,0
N=COC1=NCC(=O)CN1,141.13,5,2,1,1,5,74.53999999999999,-0.8616300000000001,0
N=C1N=CC(N)=C1C=O,123.115,3,2,1,1,4,79.30000000000001,-0.5402300000000002,0
N=C1N=C(N)C(CO)=N1,126.119,3,3,1,1,5,94.82000000000001,-1.2747300000000001,0
N=C1N=CC(CCO)=N1,125.131,2,2,2,1,4,68.8,-0.17102999999999996,0
COC1=NNC(=O)C1=N,127.10299999999998,4,2,0,1,5,74.53999999999999,-0.9041300000000001,0
N=C(O)C1=NC(N)=N1,112.09200000000001,4,3,1,1,5,94.82,-0.75153,0
CN1CC(=N)C(=N)O1,113.11999999999999,4,2,0,1,4,60.17,-0.13956000000000002,0
N=C1CC(=O)NCOC1=O,142.11399999999998,4,2,0,1,5,79.25,-0.9732300000000003,0
N=c1occ(N)n1C=O,127.10300000000001,5,2,1,1,5,85.00999999999999,-0.8189300000000002,0
N=C1NC=NOCC1=O,127.103,4,2,0,1,5,74.53999999999999,-0.9041300000000001,0
CN=C1N=CN=C1N,110.12,3,1,0,1,4,63.099999999999994,-0.5861999999999998,0
N=C1C=NC(=O)N1O,113.076,3,2,0,1,5,76.75,-0.1407299999999999,0
N=C1CNC(=O)OC=N1,127.10299999999998,3,2,0,1,5,74.54,-0.26823000000000013,0
CC1=NC(=N)N=C1O,111.10399999999998,1,2,0,1,4,68.8,0.3521700000000001,0
COC1=NC(N)=C1C=N,125.131,4,2,1,1,4,71.46000000000001,-0.13522999999999985,0
CC(=O)C1=NC(=O)N1,112.088,2,1,1,1,4,58.53,-0.3028999999999999,0
N=CN1COC(=N)OC1,129.11899999999997,4,2,1,1,5,69.4,-0.2079600000000001,0
N=c1occ(N)n1C=O,127.10300000000001,5,2,1,1,5,85.00999999999999,-0.8189300000000002,0
N=Cn1oc(=O)[nH]c1=O,129.075,5,2,1,1,6,91.85,-1.4152300000000002,0
N=C1NCOC(=O)C1C=O,142.11399999999998,4,2,1,1,5,79.25,-1.11733,1
COC1=C(N)C(=N)N=N1,126.11900000000001,4,2,1,1,5,83.82000000000001,0.20367000000000018,0
CCN1C(=N)N=C1N,112.13600000000001,2,2,1,1,4,65.47,-0.42863,0
N#Cc1cnoc1OCN,139.11399999999998,5,1,2,1,5,85.07,-0.15871999999999997,0
Cn1cnoc1=NC=N,126.11899999999999,4,1,1,1,5,67.17,-0.4791300000000002,0
N=CNC1NC(=O)C1=N,126.11899999999999,3,4,2,1,5,88.83000000000001,-1.3412600000000003,1
N=CC1=NC(=O)NCN1,126.119,3,3,1,1,5,77.34,-0.6952300000000002,0
N=C1ONC(=O)C1C=O,128.087,4,2,1,1,5,79.25,-1.1598300000000001,1
N=CN1CC(=O)OCC=N1,141.12999999999997,4,1,1,1,5,65.75,-0.56193,0
NC1=NC(=O)N=C1CO,127.10299999999998,3,2,1,1,5,88.04,-1.0895000000000001,0
N=C1COCOC(=N)O1,130.103,5,2,0,1,5,75.39,-0.0806599999999999,0
COC1=C(O)N=C1N,114.104,4,2,1,1,4,67.84,-0.2693,0
N=CN1C=CNC(=O)O1,127.10299999999998,3,2,1,1,5,65.42,0.021469999999999934,0
N=CN1CC(=O)NCO1,129.119,3,2,1,1,5,65.42,-1.0856299999999999,0
N=C1NC=CC(=O)OCN1,141.13,3,3,0,1,5,74.21000000000001,-0.8716300000000001,0
N=C1NC(=O)OCCO1,130.103,4,2,0,1,5,71.41000000000001,-0.32243,0
N=CC1=NC=C(N)C1=O,123.115,4,2,1,1,4,79.30000000000001,-0.5402300000000002,0
Nc1co[n+]([O-])c1CO,130.103,4,2,1,1,5,86.33,-1.0125,0
N=CN1CC(=O)OCN1,129.119,4,2,1,1,5,65.42,-1.0856300000000003,0
N=C1COC(=N)C(=N)O1,127.103,5,3,0,1,5,90.01,-0.034989999999999966,0
O=C1CC(=O)OCON1,131.087,4,1,0,1,5,64.63000000000001,-1.0614000000000001,0
Cc1nn[nH]c1OC=O,127.10299999999997,4,1,2,1,5,67.87,-0.35168000000000016,0
N=C1N=CN=C1CO,111.10399999999998,3,2,1,1,4,68.8,-0.5611300000000001,0
CC1=NC(N)=NC1=N,110.12,3,2,0,1,4,74.59,-0.24712999999999996,0
CC1=NC=NC1=NO,111.10399999999998,3,1,0,1,4,57.31,0.2769000000000001,0
CC(=O)C1=NOC1=N,112.088,4,1,1,1,4,62.51,-0.06112999999999996,0
COC(=O)C1=NC(N)=N1,127.10300000000002,5,1,1,1,5,77.03999999999999,-1.1138000000000003,0
CC1=NC(=O)C(N)=N1,111.104,3,1,0,1,4,67.81,-0.6978,0
COc1c[nH]nnc1=N,126.119,4,2,1,1,5,74.65,-0.70723,0
N=CC1=[NH+]C(=O)N=C1O,126.09499999999998,2,3,1,1,5,87.48,-1.7523299999999997,0
N=C1N=COC1=NC=O,125.08699999999999,3,1,1,1,5,74.87,-0.42293000000000003,0
NC1=CC(=O)C(O)=N1,112.088,3,2,0,1,4,75.68,-0.6743000000000001,0
N=CN1C(=N)NC1C=O,126.11899999999997,3,3,2,1,5,80.04,-1.0415600000000003,1
N#CCNC1C(=N)NC1=O,138.13,4,3,2,1,5,88.77000000000001,-1.4247500000000006,1
N=CN1CC(=O)OC1=N,127.10299999999998,4,2,1,1,5,77.24000000000001,-0.61296,0
N=C1COC(=O)OCN1,130.103,4,2,0,1,5,71.41,-0.32243000000000016,0
NC(=O)C1=NN=C1N,112.09200000000001,4,2,1,1,5,93.83,-1.8014999999999999,0
NC1=[N+]([O-])C(=O)NC1,115.092,3,2,0,1,5,81.19,-1.4228999999999998,0
CC(=O)C1=NNC1=O,112.088,3,1,1,1,4,58.53,-0.9388000000000001,0
N=C1NCC(=O)OCO1,130.103,4,2,0,1,5,71.41000000000001,-0.9583300000000001,0
N=C1NC(=O)C(=O)CO1,128.087,4,2,0,1,5,79.25000000000001,-1.36333,0
COc1n[nH]c(C=N)n1,126.11899999999999,4,2,2,1,5,74.65,-0.1890300000000002,0
CC(=O)C1=C(O)N=N1,112.088,4,1,1,1,4,62.019999999999996,0.7683,0
N=CN1C=NC(=O)OC1,127.10299999999998,3,1,1,1,5,65.75,0.031470000000000053,0
Nc1nccc(=O)n1C=O,139.11399999999998,5,1,1,1,5,77.97999999999999,-1.1362,0
CC1=NC(=N)N=C1N,110.12,2,2,0,1,4,74.59,-0.24712999999999996,0
N=c1[nH]c(=O)nco1,113.076,4,2,0,1,5,82.74,-1.15763,0
CC(C=O)C1=NC(N)=N1,125.13100000000001,4,1,2,1,4,67.81,-0.4517999999999999,1
N#CCC1=NC(=N)N=N1,121.10300000000001,3,1,1,1,5,84.72,0.69915,0
N=C1N=C(CO)N=C1N,126.119,4,3,1,1,5,94.82,-1.2747300000000001,0
CCC1=NC(=O)C(N)=N1,125.131,3,1,1,1,4,67.81,-0.30770000000000003,0
N=CN1NCC1C(=N)O,128.135,3,4,2,1,5,83.2,-0.6824599999999998,1
C#CC1N=NC(O)=N1,109.088,3,1,0,1,4,57.31,0.3255,1
CC(O)C1=NC(N)=N1,113.12000000000002,4,2,1,1,4,70.97,-0.9060000000000001,1
N=CC1OCCC(=N)O1,128.131,4,2,1,1,4,66.16,0.37623999999999996,1
N=C1C(N)=NN=C1CO,126.11899999999999,5,3,1,1,5,94.82000000000001,-1.2747300000000004,0
CC(=O)Nc1nc1=O,112.088,3,1,1,1,4,59.06,-0.7242000000000002,0
N=C1OC(=N)N1CO,115.092,4,3,1,1,5,80.4,-0.86206,0
O=C1COC(=O)N=N1,114.06,3,0,0,1,5,68.09,0.11540000000000009,0
N=C1C(N)=CN=C1N,110.12,4,3,0,1,4,88.25,-0.8229300000000002,0
CNC1=NC(=O)N=C1O,127.10299999999998,2,2,0,1,5,74.05,-0.3055999999999999,0
N=C1NC(=N)C(=O)O1,113.076,4,3,0,1,5,86.03000000000002,-0.95516,0
Nc1[nH]cc(C=O)[n+]1[O-],127.103,3,2,1,1,5,85.82000000000001,-0.9572,0
CN=C1N=C(N)N1C=O,126.119,3,1,1,1,5,71.05,-1.2411,0
N=C1NC(=O)C(=N)CO1,127.103,4,3,0,1,5,86.03000000000002,-0.9126600000000002,0
N=C1COC(=O)NC=N1,127.103,3,2,0,1,5,74.53999999999999,-0.26823000000000013,0
N=C1OC(=N)C(=NO)O1,129.075,6,3,0,1,6,98.75,-0.26705999999999996,0
CN=C1N=C(N)N1C=N,125.135,3,2,1,1,5,77.83,-0.7904299999999997,0
O=C1N=CN1CC=NO,127.10299999999998,3,1,2,1,5,65.26,-0.08969999999999995,0
N=C1ON=C1CNC=O,127.10299999999998,4,2,3,1,5,74.53999999999999,-0.9041300000000003,0
N=C1OCC(=O)C(=N)O1,128.087,5,2,0,1,5,83.23,-0.48566000000000015,0
Cn1nc(OC=N)c(=N)o1,142.118,6,2,2,1,6,87.89,-0.5215600000000002,0
COC1=NC(N)=CC1=N,125.131,4,2,0,1,4,71.46000000000001,-0.13522999999999985,0
O=C1NCOC(=O)CN1,130.103,3,2,0,1,5,67.42999999999999,-1.2001,0
N=C1N=C(CN)NC1=O,126.119,3,3,1,1,5,91.33000000000001,-1.5493300000000003,0
Cc1nnc(=N)oc1O,127.10299999999998,5,2,0,1,5,83.0,-0.43691,0
N=Cc1ncnoc1=N,124.103,5,2,1,1,5,86.62,-0.45326000000000016,0
N#CC(O)C1=NN=N1,110.07600000000002,5,1,1,1,5,81.1,-0.34982,1
NC1=CN=C(N)C1=O,111.104,4,2,0,1,4,81.47,-1.2735999999999998,0
Nc1[nH]ncc1C=O,111.10399999999997,3,2,1,1,4,71.77000000000001,-0.19560000000000038,0
N=Cn1oc(=N)cc1N,126.119,5,3,1,1,5,91.79,-0.40206000000000003,0
N=C1CNC(=O)C(=N)O1,127.10299999999998,4,3,0,1,5,86.03000000000002,-0.9126600000000002,0
Cc1nnc(CO)n1N,128.135,5,2,1,1,5,76.96000000000001,-1.2073800000000001,0
O=CC1NCNC(=O)O1,130.103,4,2,1,1,5,67.43,-1.2017000000000002,1
NC1=NC=NC1=NC=O,124.10299999999998,3,1,1,1,5,80.16999999999999,-1.0596,0
C#CC1=NC(OC=N)=N1,121.09899999999999,4,1,1,1,4,57.8,0.011370000000000047,0
N#COC1=NC(=N)C=N1,122.087,4,1,0,1,5,81.58999999999999,-0.09825,0
N=CN=C1N=NC=C1N,123.119,3,2,1,1,5,86.95,0.2578700000000001,0
Cn1ncc(N)c1C=O,125.131,4,1,1,1,4,60.910000000000004,-0.18519999999999975,0
N=C1OC=NC(=O)CO1,128.087,4,1,0,1,5,71.74,-0.47713000000000005,0
Cc1nc(=O)[nH]n1CO,129.119,4,2,1,1,5,70.91,-1.1703800000000004,0
CC(O)c1n[nH]n1C=O,129.119,4,2,2,1,5,70.91,-0.6972000000000003,1
N=C1NC(=N)C(=O)N1,112.092,3,4,0,1,5,88.83000000000001,-1.3821599999999998,0
N=CN1CC(=N)N=C1O,126.11899999999999,2,3,1,1,5,83.53,-0.19965999999999995,0
N=c1[nH]c(=N)[nH]c(=O)[nH]1,127.107,3,5,0,1,6,112.13999999999999,-2.0099600000000004,0
N=C1NCC(=O)OC1=N,127.103,4,3,0,1,5,86.03,-0.9126600000000002,0
C#CC(O)N1N=C1N,111.10400000000001,4,2,1,1,4,61.620000000000005,-1.5167000000000002,1
NC(=O)Oc1cocn1,128.087,4,1,1,1,5,78.35000000000001,0.1321000000000001,0
COc1n[nH]c(O)nc1=N,142.118,5,3,1,1,6,94.88,-1.0016300000000002,0
N=C1N=C(C(=N)O)N1,112.09199999999998,2,4,1,1,5,92.32000000000001,-0.5418600000000002,0
Nc1[nH]ncc1C=O,111.10399999999997,3,2,1,1,4,71.77000000000001,-0.19560000000000038,0
N=C1COC(=O)NC=N1,127.103,3,2,0,1,5,74.53999999999999,-0.26823000000000013,0
N=C1NCOC(C=O)O1,130.10299999999998,4,2,1,1,5,71.41,-0.9599300000000002,1
NC1=NC(=O)C(C=O)=N1,125.08699999999997,4,1,1,1,5,84.88,-1.5188,0
O=Cc1n[nH]c(O)n1,113.07599999999998,4,2,1,1,5,78.87,-0.6772000000000001,0
NC1=NC(=O)C(C=O)=N1,125.08699999999997,4,1,1,1,5,84.88,-1.5188,0
N=C1CC(C(=O)O)CO1,129.11499999999998,3,2,1,1,4,70.38000000000001,0.08476999999999996,1
N=CC1=NN=C1C(N)=O,124.103,4,2,2,1,5,91.66,-1.0681300000000002,0
N=CC1=NC(N)=NC1=N,123.11900000000001,4,3,1,1,5,98.44,-0.6174600000000001,0
NC1=NCOC(=O)C1=O,128.087,5,1,0,1,5,81.75,-1.5730000000000004,0
N=CN1CC(=O)OCO1,130.10299999999998,4,1,1,1,5,62.620000000000005,-0.65863,0
N=CN=C1ON=CC1=O,125.08699999999997,4,1,1,1,5,74.87,-0.42293000000000003,0
COC1(C=O)NC1=N,114.104,3,2,2,1,4,72.09,-0.8915299999999999,1
N=C1C=C(NN)C(=O)O1,127.103,5,3,1,1,5,88.2,-1.1323300000000003,0
N=Cn1oc(=N)oc1=O,129.075,6,2,1,1,6,95.98000000000002,-1.0310599999999999,0
N=C(O)n1onc1CO,131.091,5,3,1,1,6,95.27,-0.6907300000000003,0
Cc1noc(=O)nc1N,127.10300000000001,5,1,0,1,5,82.01,-0.6795800000000001,0
N=CN1CCOC(=O)CO1,144.12999999999997,4,1,1,1,5,62.620000000000005,-0.6161300000000003,0
O=Cn1cc(O)[nH]c1=O,128.087,4,2,1,1,5,75.09,-1.0797,0
N=C1OCC(=O)C(=N)O1,128.087,5,2,0,1,5,83.23,-0.48566000000000015,0
N=C1N=C(C(=N)O)O1,113.07599999999998,3,3,1,1,5,89.52000000000001,-0.11485999999999996,0
Cc1nc(O)nn1CO,129.119,5,2,1,1,5,71.17,-0.7580800000000001,0
Nc1[nH]ncc1OC=O,127.10299999999997,4,2,2,1,5,81.0,-0.47290000000000054,0
Nc1nocc1C=NCO,141.13,5,2,2,1,5,84.64,-0.3745000000000002,0
NCC1=NC=NC1=NC=O,138.13,3,1,2,1,5,80.16999999999999,-1.0171000000000001,0
COC1=CN=C(N)C1=N,125.131,4,2,1,1,4,71.46000000000001,-0.13522999999999985,0
N=C1N=COCOC1=N,127.103,4,2,0,1,5,78.52000000000001,-0.026460000000000095,0
N=C1OCC(=O)C1=NO,128.087,5,2,0,1,5,82.74,-0.60683,0
COc1cn[nH]c(=O)n1,127.103,4,1,1,1,5,67.87,-0.8265,0
CC(O)C1=NN=C1N,113.12000000000002,4,2,1,1,4,70.97,-0.9060000000000001,1
CNc1n[nH]c(C=O)n1,126.11899999999999,4,2,2,1,5,70.67,-0.3411000000000001,0
Cc1nnc(C=O)n1N,126.119,5,1,1,1,5,73.8,-0.8871800000000001,0
CN1CN(C=N)CC1=N,126.16299999999998,2,2,1,1,4,54.18000000000001,-0.22436000000000028,0
CC1(OC#N)OC1=N,112.088,4,1,1,1,4,69.4,0.20775,1
C#Cc1nn[nH]c(=O)n1,122.08699999999999,4,1,0,1,5,71.53,-1.4588,0
COc1ncnc(=N)o1,127.103,5,1,1,1,5,72.0,-0.44232999999999983,0
COC1=NNC(=N)C1=N,126.11899999999999,4,3,0,1,5,81.32,-0.45346000000000036,0
N=C1N=C(N)C(CO)=N1,126.119,3,3,1,1,5,94.82000000000001,-1.2747300000000001,0
N=C1ON=C(CN)C1=O,127.103,5,2,1,1,5,88.53,-1.1223299999999998,0
N=C1COCOC(=O)N1,130.103,4,2,0,1,5,71.41,-0.32242999999999994,0
N=C1NC(=O)C(=O)CO1,128.087,4,2,0,1,5,79.25000000000001,-1.36333,0
N=CN1N=COC1C=O,127.10299999999997,4,1,2,1,5,65.75,-0.6060300000000001,1
O=C1NC(=O)C(=O)CO1,129.071,4,1,0,1,5,72.47,-1.1781000000000001,0
COC1COC(=N)OC1,131.131,4,1,1,1,4,51.540000000000006,-0.017030000000000045,0
CN=C1OC=C(N)C1=N,125.131,4,2,0,1,4,71.46000000000001,-0.13522999999999985,0
N=C(N)n1nccn1,111.10799999999999,4,2,0,1,5,80.58,-0.9803300000000004,0
N#Cc1cnc(=O)[nH]n1,122.08699999999999,4,1,0,1,5,82.42999999999999,-0.9634200000000002,0
N=C1OCCOC1=N,114.104,4,2,0,1,4,66.16,-0.012259999999999882,0
N=C1NCOC(C=O)N1,129.119,3,3,1,1,5,74.21,-1.3869300000000004,1
NC(=O)C1=CN=C1O,112.08799999999998,2,2,1,1,4,75.68,-0.6742999999999999,0
N=C1COC(=O)C(=O)N1,128.087,4,2,0,1,5,79.25,-1.36333,0
NC1=CN=C1NC=O,111.10399999999998,3,2,1,1,4,67.47999999999999,-1.0554000000000001,0
CC1=NC(=N)N=C1N,110.12,2,2,0,1,4,74.59,-0.24712999999999996,0
NC1=NC(=O)C(N)=N1,112.092,4,2,0,1,5,93.83,-1.8014999999999999,0
N#CC(CN)N1CNC1=O,140.14600000000002,3,2,2,1,5,82.15,-1.1800199999999994,1
N=C1COC(=N)C(=O)O1,128.087,5,2,0,1,5,83.23,-0.48566000000000015,0
COC1=NC(N)=NC1=O,127.10300000000001,4,1,0,1,5,77.03999999999999,-1.1138000000000001,0
Nc1ncc(=O)n(N)n1,127.10700000000001,6,2,0,1,6,99.82,-2.0657000000000005,0
COC1=NC(N)=NC1=O,127.10300000000001,4,1,0,1,5,77.03999999999999,-1.1138000000000001,0
CC(N)C1=NN=NC1=N,125.135,4,2,1,1,5,86.94999999999999,0.13267000000000023,1
N=C1C=NCOC(=N)O1,127.103,5,2,0,1,5,78.52,-0.026460000000000095,0
NC1=CC(N)=NC1=O,111.10400000000001,3,2,0,1,4,81.47,-1.2736000000000003,0
N#COCc1ocnc1N,139.11399999999998,5,1,2,1,5,85.07,0.25448000000000004,0
CC1=NC(=O)N=C1N,111.104,2,1,0,1,4,67.81,-0.061899999999999844,0
N=c1ncoc(N)c1N,126.11900000000001,5,3,0,1,5,101.92,-0.68153,0
CN=C1N=NN=C1CO,126.11899999999999,4,1,1,1,5,69.67,-0.17119999999999996,0
CC1=NC(=O)C(N)=N1,111.104,3,1,0,1,4,67.81,-0.6978,0
Cc1cnc(=N)[nH][n+]1[O-],126.119,3,2,0,1,5,79.47,-1.16901,0
NC(=O)c1cnc(N)o1,127.103,4,2,1,1,5,95.14,-0.6443000000000001,0
CN1N=CNC(=O)N1C=N,141.134,4,2,1,1,6,71.79,-0.5912300000000001,0
COc1nnc(N)n1C=N,141.13400000000001,6,2,2,1,6,89.81,-0.6759300000000001,0
CN=c1[nH]cnc(=O)o1,127.10299999999998,4,1,0,1,5,71.25,-1.1066000000000003,0
N=COC1(C=O)NC1=O,128.087,4,2,3,1,5,89.16,-1.3649300000000002,1
N=CC1OCON1C=N,129.119,4,2,2,1,5,69.4,-0.2095599999999999,1
CN1OC(=N)OCC1=O,130.103,4,1,0,1,5,62.62,-0.65863,0
NC1CC(=O)OC(=O)O1,131.087,5,1,0,1,5,78.62000000000002,-0.6453000000000002,1
N=CN1CC(=O)OCN1,129.119,4,2,1,1,5,65.42,-1.0856300000000003,0
N=C1N=C(N)COCO1,129.119,4,2,0,1,5,80.69000000000001,-0.71733,0
N=C1C=NC(N)=NC1=O,124.10300000000001,4,2,0,1,5,91.66,-1.0681300000000002,0
CC1=C(N)C(=N)N=N1,110.12,3,2,0,1,4,74.59,0.6196700000000002,0
NC1=NC(=O)N=C1CO,127.10299999999998,3,2,1,1,5,88.04,-1.0895000000000001,0
N=C1COC(O)OC1=N,130.10299999999998,5,3,0,1,5,86.39000000000001,-0.6938600000000001,1
Nc1nc[nH]c(=O)c1N,126.11899999999999,4,3,0,1,5,97.78999999999999,-1.0656999999999999,0
Nc1ccn(NC=O)n1,126.119,4,2,2,1,5,72.94,-0.8348000000000004,0
N=CN1COC(=O)C1=N,127.10299999999998,4,2,1,1,5,77.24000000000001,-0.6129600000000004,0
N=CN1C(=N)OC1=O,113.07599999999998,4,2,1,1,5,77.24000000000001,-0.01955999999999991,0
CC(=O)c1cnnn1N,126.11900000000001,5,1,1,1,5,73.8,-0.8055000000000001,0
CN=C1N=CNC(=O)CO1,141.13,3,1,0,1,5,63.05,-0.8531000000000002,0
N=C1N=CC(=O)OCO1,128.087,4,1,0,1,5,71.74000000000001,-0.47713000000000005,0
N=C1OCCC(=NO)O1,130.103,5,2,0,1,5,74.9,0.14577,0
CN=C1N=CN=C1N,110.12,3,1,0,1,4,63.099999999999994,-0.5861999999999998,0
COc1n[nH]c(=O)n1CO,145.118,5,2,2,1,6,80.14,-1.4702000000000004,0
Cc1nnc(CO)nc1N,140.146,5,2,1,1,5,84.92,-0.7454800000000001,0
N=C1NN(C=O)C(=O)CO1,143.10199999999998,4,2,1,1,6,82.49000000000001,-1.5590300000000001,0
N=C1N=C(CN)C(=O)O1,127.103,4,2,1,1,5,88.53000000000002,-1.1223299999999998,0
O=CNc1ocnc1O,128.087,4,2,2,1,5,75.36,-0.0515000000000001,0
N=C1NC(=N)C(=O)CO1,127.103,4,3,0,1,5,86.03000000000002,-0.91266,0
N=C1COC(=O)OC1=N,128.087,5,2,0,1,5,83.22999999999999,0.15023999999999993,0
N=C1NC(=N)C(=O)OCO1,143.102,5,3,0,1,6,95.26000000000002,-0.98106,0
CC1(O)C(=O)N1C=N,114.104,3,2,1,1,4,64.16,-0.8558300000000001,1
N=c1[nH]c(=O)oc(=N)o1,129.075,5,3,0,1,6,106.83999999999999,-1.4801599999999997,0
NC(=O)C1C=NN=N1,112.09200000000001,4,1,1,1,5,80.17,-0.7081000000000002,1
Nc1[nH]ncc1C=O,111.10399999999997,3,2,1,1,4,71.77000000000001,-0.19560000000000038,0
NC(=O)C(=O)N1CCN1,129.119,3,2,0,1,5,75.43,-2.1814999999999998,0
N#Cc1nnc(C=O)[nH]1,122.08699999999997,4,1,1,1,5,82.43,-0.51112,0
N=C1OCC(=N)C(=O)O1,128.087,5,2,0,1,5,83.23,-0.48566000000000015,0
COc1[nH]nnc1C=O,127.103,4,1,2,1,5,67.87,-0.37420000000000025,0
O=C1CNC(=O)C1=NO,128.087,4,2,0,1,5,78.76,-1.4845,0
CCN1C=NN=C(N)C1=CO,154.17300000000003,5,2,1,1,5,74.21000000000001,0.02180000000000004,0
CN=C1NCC(=O)OC1=N,141.13,4,2,0,1,5,74.53999999999999,-0.8616300000000001,0
N=c1ncc(C=O)n[nH]1,124.103,4,2,1,1,5,82.49000000000001,-0.9033300000000002,0
N=CN1CNCNC1C=O,142.16199999999998,4,3,2,1,5,68.22,-1.4717299999999998,1
N=C1OCCNC(=O)C1=N,141.13,4,3,0,1,5,86.03,-0.8701600000000003,0
NC(=O)NC1=NC=C1N,126.119,3,3,0,1,5,93.5,-1.1331,0
NC1=NC(C=O)NCO1,129.119,5,2,1,1,5,76.71,-1.5966,1
N=C1CNC(=O)N=CO1,127.10299999999998,3,2,0,1,5,74.54,-0.26823000000000013,0
CN=C1OC(N)=C1O,114.104,4,2,0,1,4,67.84,-0.26930000000000015,0
NC(=O)c1nonc1N,128.091,5,2,1,1,6,108.03,-1.2493000000000003,0
N=C1OC=C(CO)NCO1,144.13,5,3,1,1,5,74.57000000000001,-0.6512300000000002,0
N=CC1=C(N)C(N)=N1,110.12000000000002,4,3,1,1,4,88.25,-0.8229299999999997,0
Cn1nc(C=O)[nH]c1=N,126.11899999999999,4,2,1,1,5,74.53,-0.9598300000000002,0
N=C1OCNC(=O)CO1,130.10299999999998,4,2,0,1,5,71.41,-0.9583300000000003,0
N#CCC(O)C1=NN=N1,124.10300000000001,5,1,2,1,5,81.1,0.04027999999999998,1
CC1(C(=N)N=N)CCO1,127.147,3,2,1,1,4,69.29,1.17364,1
CN=C1N=NC(N)=N1,111.108,3,1,0,1,5,75.46,-0.24729999999999996,0
N=C1N=C(O)N=C1C=O,125.08699999999997,3,2,1,1,5,85.87,-0.4688300000000001,0
CNC1=NN=C([NH2+])C1=O,126.119,5,2,0,1,5,79.12,-2.4718,0
COc1nncc(=N)o1,127.10299999999998,5,1,1,1,5,72.0,-0.44232999999999983,0
N=C1N=NC=C(N)C1=N,123.119,4,3,0,1,5,98.44,0.24934000000000006,0
CC(O)C1=NN=C1N,113.12000000000002,4,2,1,1,4,70.97,-0.9060000000000001,1
N=c1ncnc(C=O)[nH]1,124.10299999999998,4,2,1,1,5,82.49000000000001,-0.90333,0
Cc1cc(N)nn[n+]1[O-],126.11900000000003,4,1,0,1,5,78.74,-0.9993800000000002,0
N=C1N=C(N)C=NC1=O,124.103,3,2,0,1,5,91.66,-1.06813,0
CNc1nc(C=O)n[n-]1,125.11099999999999,4,1,2,1,5,68.98,-0.7120000000000002,0
Nc1ncoc1C=O,112.08799999999998,4,1,1,1,4,69.12,0.06930000000000003,0
COc1n[nH]c(=O)n1O,131.091,5,2,1,1,6,80.14,-1.1827000000000003,0
N=C1OCC(=O)C1=N,112.088,4,2,0,1,4,74.0,-0.41726000000000013,0
N=C1CNC(=O)OCO1,130.10299999999998,4,2,0,1,5,71.41000000000001,-0.3224300000000002,0
C#Cc1c[nH]nnc1=N,120.115,3,2,0,1,4,65.42,-0.7345300000000003,0
N=Cn1nccc1N,110.11999999999999,4,2,1,1,4,67.69,-0.07952999999999999,0
N#CCC1=C(ON)N=N1,124.10300000000001,5,1,2,1,5,83.75999999999999,0.42528,0
N=C1NC(=O)COC1=N,127.103,4,3,0,1,5,86.03,-0.9126600000000002,0
O=Cc1nc(CO)n[nH]1,127.103,4,2,2,1,5,78.87,-0.8905000000000003,0
N=CNC1=NC=NC1=O,124.103,3,2,1,1,5,77.67,-0.8499300000000001,0
CN=C1N=C(N)C(=O)O1,127.103,4,1,0,1,5,77.04,-1.1138,0
C#Cc1nc(N)o[n+]1[O-],125.087,4,1,0,1,5,78.99,-1.1285,0
N=C1NC(C=O)OC1=O,128.087,4,2,1,1,5,79.25,-1.3649300000000002,1
NC(=O)n1cncn1,112.092,4,1,0,1,5,73.80000000000001,-0.7951000000000001,0
N=C1N=CN=C1C=O,109.08799999999998,3,1,1,1,4,65.64,-0.35453,0
N=CN1COCNC1=O,129.119,3,2,1,1,5,65.42000000000002,-0.4497299999999999,0
CNC(=O)C1=NN=C1N,126.11900000000001,4,2,1,1,5,79.84,-1.5408,0
CN(C#N)C1=NN=C1,108.104,4,0,0,1,4,51.75,-0.20282,0
CNc1oc(=O)oc1N,130.10299999999998,5,2,1,1,5,81.4,-0.1433000000000001,0
CN=C1NN=C1C([O-])O,128.111,4,2,1,1,5,80.04,-2.347399999999999,1
N=C1NC(=O)C(=O)O1,114.05999999999999,4,2,0,1,5,79.25000000000001,-1.4058300000000001,0
N=C1OC(O)=C1NCO,130.103,5,4,2,1,5,85.57000000000001,-0.73963,0
Cc1n[nH]nc1C=NCO,140.14600000000002,4,2,2,1,5,74.16,-0.5181800000000001,0
N=Cn1cc(O)oc1=N,127.10299999999998,5,3,1,1,5,86.0,-0.27865999999999996,0
N=C1OCC(=O)C(=N)O1,128.087,5,2,0,1,5,83.23,-0.48566000000000015,0
N=C1COC(=N)OCN1,129.119,4,3,0,1,5,78.19,-0.5076600000000002,0
N=CC1=NC(CO)=NC1=N,138.13,4,3,2,1,5,92.65,-0.5413600000000003,0
N=CN1COC(=O)C1N,129.11899999999997,4,2,1,1,5,79.41000000000001,-1.30543,1
COC1=NC(=N)C(=O)N1,127.103,3,2,0,1,5,74.53999999999999,-0.9041300000000001,0
N=c1occ(N)oc1=O,128.08700000000002,5,2,0,1,5,93.22,-0.70553,0
N=C1NCN=C(N)O1,114.108,4,3,0,1,5,83.49000000000001,-1.18683,0
N=C1CC(=O)NC(=N)O1,127.10299999999998,4,3,0,1,5,86.03000000000002,-0.5650600000000003,0
NC(=O)C1=NC(=O)N=C1,125.08699999999999,2,1,1,1,5,84.88000000000001,-0.8829,0
N=CC1ON=COC1=N,127.103,5,2,1,1,5,78.52000000000001,-0.02805999999999992,1
NC(=O)C1=NC(N)=N1,112.09200000000001,4,2,1,1,5,93.83,-1.8014999999999999,0
NC1=NN=C1C(N)C=O,126.11899999999999,5,2,2,1,5,93.82999999999998,-1.7606000000000004,1
N=C1OC(=N)C(=O)O1,114.05999999999999,5,2,0,1,5,83.23,-0.5281600000000002,0
CCc1nc(C=O)nn1O,141.13,5,1,2,1,5,68.01,-0.10970000000000008,0
COc1nn[nH]c(=N)n1,127.107,5,2,1,1,6,87.54,-1.3122300000000002,0
N=C1COC(N)NC1=O,129.119,4,3,0,1,5,88.19999999999999,-1.60513,1
N=CN=C1N=NC=C1N,123.119,3,2,1,1,5,86.95,0.2578700000000001,0
CC(=N)OC1=NN=C1,111.104,4,1,0,1,4,57.8,0.39807000000000003,0
Cc1noc(=N)n1C=O,127.103,5,1,1,1,5,71.88,-0.69771,0
COc1n[nH]c(=O)n1C,129.11899999999997,4,1,1,1,5,59.91,-0.8830000000000002,0
NC(=O)Oc1cnon1,129.075,5,1,1,1,6,91.24000000000001,-0.4729000000000001,0
NC(=O)CC1=NC(N)=N1,126.11900000000001,4,2,2,1,5,93.83,-1.4114,0
N=C1COC(=O)C(=O)N1,128.087,4,2,0,1,5,79.25,-1.36333,0
N=c1cnc(N)c(N)o1,126.11900000000001,5,3,0,1,5,101.92,-0.6815300000000004,0
CN=C1N=C(O)N=C1N,126.119,3,2,0,1,5,83.33,-0.7004999999999999,0
CC(=O)n1cnnc1N,126.11900000000001,5,1,0,1,5,73.8,-0.47959999999999997,0
N=Cc1cc(=N)n(N)o1,126.11900000000001,5,3,1,1,5,91.79,-0.7279600000000002,0
N=CN=CN1COC1=O,127.10299999999998,3,1,2,1,5,65.75,0.03146999999999994,0
N=CN1COC=NC1=O,127.10299999999998,3,1,1,1,5,65.75,0.03146999999999994,0
N#CC1=NC=NC1=N,106.088,3,1,0,1,4,72.36,-0.029849999999999988,0
CC1NC(=N)OC(=O)N1,129.119,3,3,0,1,5,74.21,-0.4034299999999999,1
N=C1C(N)=NN=C1C=O,124.10299999999998,5,2,1,1,5,91.66,-1.0681300000000002,0
Cc1oc(C=N)nc1O,126.11499999999998,4,2,1,1,4,70.11,0.6862899999999998,0
NC1(C=O)N=COCO1,130.103,5,1,1,1,5,73.91000000000001,-1.1696,1
CCN1C(=N)N=C1N,112.13600000000001,2,2,1,1,4,65.47,-0.42863,0
O=CC1CN=NC1=O,112.088,3,0,1,1,4,58.86,-0.20609999999999995,1
O=Cc1nn[nH]c1O,113.07599999999998,4,2,1,1,5,78.87,-0.6772000000000001,0
N=c1nnc(C=O)co1,125.08699999999997,5,1,1,1,5,79.84,-0.63843,0
N#CCn1nc[nH+]c1O,125.11099999999998,4,1,1,1,5,75.98,-1.0736200000000002,0
Nc1[nH]nc(O)c1C=O,127.10299999999997,4,3,1,1,5,92.0,-0.4900000000000001,0
N=CNC1=NC(O)CO1,129.119,4,3,1,1,5,77.7,-1.11233,1
Nc1ncc(C=O)nn1,124.103,5,1,1,1,5,81.76,-0.7337000000000002,0
CC(O)C1=NN=C1C=N,125.131,4,2,2,1,4,68.80000000000001,-0.17263,1
N=C1OC(=O)C=C1C=O,125.08299999999997,4,1,1,1,4,67.22,-0.35423000000000004,0
CC(=O)C1=NNC1=N,111.104,3,2,1,1,4,65.31,-0.4881300000000001,0
N=CN1C=NC(=O)OC1,127.10299999999998,3,1,1,1,5,65.75,0.031470000000000053,0
Cc1noc(=N)n1CO,129.11900000000003,5,2,1,1,5,75.04,-0.7862100000000003,0
Nc1conc1COCO,144.13000000000002,5,2,3,1,5,81.51,-0.2767999999999999,0
N=CN1COCOC1=O,130.10299999999998,4,1,1,1,5,62.62000000000001,-0.022729999999999917,0
N=C1OC(=O)CNC1=O,128.087,4,2,0,1,5,79.25,-1.36333,0
N=C1NCC(=O)OCO1,130.103,4,2,0,1,5,71.41000000000001,-0.9583300000000001,0
N=c1ocnnc1C=O,125.08699999999999,5,1,1,1,5,79.84,-0.6384300000000003,0
COc1cnoc(=N)n1,127.103,5,1,1,1,5,72.0,-0.44233000000000006,0
N=C1N=C(C(O)C=O)O1,128.08699999999996,4,2,2,1,5,82.74,-1.0903300000000002,1
NC(=O)C1=NC=C1N,111.104,3,2,1,1,4,81.47,-1.2736000000000003,0
N#CCc1n[nH]c(O)n1,124.103,4,2,1,1,5,85.59,-0.4236200000000002,0
N=CNC1=NC=NC1=O,124.103,3,2,1,1,5,77.67,-0.8499300000000001,0
CC1=C(N)C(=N)N=N1,110.12,3,2,0,1,4,74.59,0.6196700000000002,0
N=CN=C1N=C(N)O1,112.092,3,2,1,1,5,83.82000000000001,-0.70563,0
COc1cnc(N)n1C=O,141.13,5,1,2,1,5,70.14,-0.48780000000000023,0
N=CN1CC(=N)NCO1,128.135,3,3,1,1,5,72.2,-0.6349600000000002,0
Cc1cn(NC#N)cn1,122.131,4,1,1,1,4,53.64,0.2160999999999998,0
Nc1ncoc(=O)c1N,127.103,5,2,0,1,5,95.14,-0.8008,0
NC1=CC(NC=O)=C1O,126.11499999999998,3,3,2,1,4,75.35,-0.6417999999999999,0
CN=C1COCC(=O)C(N)=N1,155.15699999999998,4,1,0,1,5,77.03999999999999,-1.0287999999999997,0
N=C1N=C(CO)OC1=O,128.087,4,2,1,1,5,82.74000000000001,-1.0887300000000002,0
CN1COC=NC(=O)O1,130.10299999999998,4,0,0,1,5,51.129999999999995,-0.01419999999999999,0
N=CC1=NC=NC1=N,108.104,3,2,1,1,4,72.42,0.09614,0
CNC1=NN=C(N)C1=O,126.119,5,2,0,1,5,79.84,-1.5408,0
N=Cc1cc(=N)cno1,123.115,4,2,1,1,4,73.73,0.1517400000000001,0
NC1(CO)N=CC(=O)O1,130.10299999999998,5,2,1,1,5,84.91000000000001,-1.7812000000000003,1
CN=C1C(=O)NN=C1N,126.119,4,2,0,1,5,79.84,-1.5408,0
C#Cc1nnnoc1=N,122.08699999999999,5,1,0,1,5,75.66,-1.0746300000000002,0
CN=C1COC(=N)O1,114.10399999999998,4,1,0,1,4,54.67,-0.0037299999999999556,0
N=CC1=NC(=O)C(N)=N1,124.10300000000001,4,2,1,1,5,91.66,-1.06813,0
N=C1OC(=O)OC1=N,114.05999999999999,5,2,0,1,5,83.22999999999999,0.10774,0
N=C1NC=NC(=O)C1=O,125.08699999999999,3,2,0,1,5,82.38,-1.3091300000000001,0
Nc1cn[n+]([O-])c(=O)[nH]1,128.091,4,2,0,1,6,98.70999999999998,-2.0145,0
N=c1occ(O)c(=O)o1,129.071,5,2,0,1,5,87.42999999999999,-0.58213,0
N#CCC1=NN=C1N,108.10400000000001,4,1,1,1,4,74.53,-0.37311999999999984,0
N=CN1C=NC(=O)NC1,126.11899999999999,2,2,1,1,5,68.55,-0.39553000000000016,0
N=C1CNC(=O)N1C=O,127.10299999999998,3,2,1,1,5,73.26,-0.8547300000000002,0
NC1=NC(C=O)=C1F,114.07899999999998,3,1,1,1,4,55.449999999999996,-0.26279999999999987,0
N=c1[nH]ncnc1O,112.09199999999998,4,3,0,1,5,85.65,-1.0102300000000002,0
N=C1OCC(=NO)CO1,130.103,5,2,0,1,5,74.9,-0.20183000000000012,0
COC1=NC(N)=NC1=O,127.10300000000001,4,1,0,1,5,77.03999999999999,-1.1138000000000001,0
NC1=NC(=O)C(=O)C=N1,125.08699999999997,4,1,0,1,5,84.88,-1.5188,0
N=C1OCCON1C=O,130.103,4,1,1,1,5,62.620000000000005,-0.65863,0
Nc1ccnc(=O)n1CO,141.13000000000002,5,2,1,1,5,81.14,-1.2247000000000003,0
COc1nn[nH]c1N=N,127.107,5,2,2,1,6,87.01,0.4757699999999998,0
N=C(O)C1(N)NCO1,117.108,4,4,1,1,5,91.36,-1.2885300000000002,1
N=C1OC(=O)N=C1N,113.07600000000001,4,2,0,1,5,88.53,-0.5289300000000001,0
O=c1cc(CO)nn[nH]1,127.10300000000001,4,2,1,1,5,78.87,-1.3428000000000002,0
N=C1OCN=CN1C=O,127.10299999999998,4,1,1,1,5,65.75,-0.6044300000000002,0
N=c1nc[nH]nc1C=O,124.10299999999998,4,2,1,1,5,82.49000000000001,-0.90333,0
N=CN1CC(=N)OCO1,129.119,4,2,1,1,5,69.4,-0.2079600000000001,0
CNC1=CN=NC1=O,111.104,3,1,1,1,4,53.82,0.03959999999999991,0
Cc1noc(=O)n1CO,130.103,5,1,1,1,5,68.26,-0.9054800000000001,0
CC1=C(CN)N=NC1=N,124.147,3,2,1,1,4,74.59,0.6621700000000001,0
CCn1nc(N)c(N)n1,127.15100000000001,5,2,1,1,5,82.75,-0.5376000000000001,0
O=CN1OCCOC1=O,131.087,4,0,1,1,5,55.84,-0.47340000000000004,0
COc1n[nH]c(C=O)n1,127.10299999999998,4,1,2,1,5,67.87,-0.37420000000000003,0
N=C(N)C1=NOC1=O,113.076,4,2,1,1,5,88.53,-1.16483,0
N=c1[nH]cnnc1C=O,124.103,4,2,1,1,5,82.49000000000001,-0.90333,0
N=CN1C(=N)CNC1=O,126.11899999999999,3,3,1,1,5,80.04,-0.40406000000000003,0
N=C1C=C(CO)N=N1,111.104,3,2,1,1,4,68.8,0.30567000000000005,0
CCC1=NC(=N)OC1=O,126.11499999999998,3,1,1,1,4,62.51,0.32897000000000004,0
NC1=NN=CC1=NC=O,124.10299999999998,4,1,1,1,5,80.16999999999999,-1.0596,0
C#CC(N)C1=NNC1=O,123.115,3,2,1,1,4,67.47999999999999,-1.5673000000000004,1
N=CN1CC(=N)OCO1,129.119,4,2,1,1,5,69.4,-0.2079600000000001,0
NC1=NC(=O)N=C1N,112.092,3,2,0,1,5,93.83,-1.1656,0
N=C1NC(=N)C(C=O)O1,127.10299999999998,4,3,1,1,5,86.03000000000002,-0.9142600000000001,1
N#Cc1cnc(=O)[nH]n1,122.08699999999999,4,1,0,1,5,82.42999999999999,-0.9634200000000002,0
N=C1CNC(=O)OC=N1,127.10299999999998,3,2,0,1,5,74.54,-0.26823000000000013,0
N=CN1COC(=O)CO1,130.10299999999998,4,1,1,1,5,62.620000000000005,-0.6586300000000003,0
CC(=O)C1=NC(N)=N1,111.10400000000001,4,1,1,1,4,67.81,-0.6978,0
COC1=NC(=N)C(N)=C1,125.131,3,2,0,1,4,71.46,-0.13522999999999985,0
CC(O)C1=NC(=O)N=N1,127.10300000000001,3,1,1,1,5,74.38,0.3515,1
Cn1c(C=O)n[nH]c1=N,126.119,4,2,1,1,5,74.53,-0.9598300000000002,0
Nc1ncnc(C=O)n1,124.10299999999998,5,1,1,1,5,81.76,-0.7337,0
NC1=NNC(=O)C1=O,113.07599999999998,4,2,0,1,5,84.54999999999998,-2.0425,0
C#CC(=N)N1COCN1,125.131,3,2,0,1,4,48.35000000000001,-0.6513300000000002,0
N=C1CNC(=N)OCO1,129.119,4,3,0,1,5,78.19000000000001,-0.5076600000000004,0
CC(O)C1=NC(N)=N1,113.12000000000002,4,2,1,1,4,70.97,-0.9060000000000001,1
N=C1OC(COC=O)=C1N,142.11399999999998,5,2,3,1,5,85.4,-0.66283,0
CC1=NN=C(N)C1=O,111.104,4,1,0,1,4,67.81,-0.6978,0
Nc1ncc(NC=O)[nH]1,126.11899999999999,3,3,2,1,5,83.79999999999998,-0.43980000000000036,0
N=C1OC(=N)C(=O)O1,114.05999999999999,5,2,0,1,5,83.23,-0.5281600000000002,0
N=CN1CC(=NO)CO1,129.119,4,2,1,1,5,68.91000000000001,-0.32913000000000014,0
O=c1nconc1CO,128.087,5,1,1,1,5,76.22,-1.0778999999999999,0
Cc1nnc(CO)n1CO,143.14600000000002,5,2,2,1,5,71.17,-0.9713800000000001,0
O=Cc1noc(CO)n1,128.087,5,1,2,1,5,76.22,-0.6256000000000002,0
CN=c1cnoc(N)n1,126.119,5,1,0,1,5,77.3,-0.8177000000000001,0
CC1=NC(=N)OC1=N,111.10399999999998,3,2,0,1,4,69.28999999999999,0.38954000000000005,0
N=c1nncc(N)n1C=O,139.118,6,2,1,1,6,97.65,-1.62193,0
COC1=NN=C(N)C1=N,126.119,5,2,0,1,5,83.82,-0.66313,0
N=C1COC(=N)OCCO1,144.13,5,2,0,1,5,75.39,-0.038160000000000194,0
N=C1OC(C=O)NC1=O,128.087,4,2,1,1,5,79.25,-1.3649300000000002,1
CN=C1C=C(N)N=N1,110.12000000000002,3,1,0,1,4,63.099999999999994,0.28060000000000007,0
NC1=C(CO)N=CC1=O,126.11499999999998,4,2,1,1,4,75.68,-1.1975000000000002,0
CC1=NN=C(N)C1=O,111.104,4,1,0,1,4,67.81,-0.6978,0
N=C1OCN1C=NC=O,127.10299999999998,3,1,2,1,5,65.75,-0.6044300000000002,0
Nc1cc(N)n(C=O)n1,126.11900000000001,5,2,1,1,5,86.92999999999999,-0.9142000000000001,0
CN=C1C=NN=C1O,111.10399999999998,3,1,0,1,4,57.31,0.013099999999999945,0
N#CCC1=NC(=N)CO1,123.115,3,1,1,1,4,69.23,0.30605,0
O=Cc1nnc(CO)o1,128.087,5,1,2,1,5,76.22,-0.6255999999999999,0
N=C1OC=NOCC1=O,128.087,5,1,0,1,5,71.74000000000001,-0.47713000000000005,0
CCn1oc(=O)[nH]c1=O,130.10299999999998,4,1,1,1,5,68.0,-0.8505,0
CC1=NC(=N)C(O)=N1,111.10399999999998,2,2,0,1,4,68.8,0.35217,0
N=C(N)C1=NC=NC1=O,124.103,3,2,1,1,5,91.66,-1.06813,0
N=C1C=C(N)N=C1CO,125.131,4,3,1,1,4,82.46000000000001,-0.7468300000000003,0
N=CN1C(=N)NC1C=O,126.11899999999997,3,3,2,1,5,80.04,-1.0415600000000003,1
NC(=O)C1=NC=NC1=O,125.08699999999999,3,1,1,1,5,84.88,-1.5188,0
CNc1cnoc(=N)n1,126.119,5,2,1,1,5,74.80000000000001,-0.40923000000000037,0
N#CCOC1=NCN1C=N,138.13,4,1,2,1,5,72.47,-0.23725000000000013,0
N=C1N=COC(=O)CO1,128.087,4,1,0,1,5,71.74,-0.47713000000000005,0
Cc1n[nH]ncc1=N,110.11999999999999,3,2,0,1,4,65.42,-0.40741,0
N#CC(=N)OC1=NN1,110.076,5,2,0,1,5,91.17,-0.62195,0
N=C1NCC(C(=N)O)O1,129.119,3,4,1,1,5,89.19000000000001,-0.5551600000000001,1
COC1=NC=NC1=N,111.104,3,1,0,1,4,57.800000000000004,0.05046999999999996,0
NC1=C(CO)C(=O)N=C1,126.11499999999998,3,2,1,1,4,75.68,-1.1975000000000002,0
N=C(C=O)c1cnn[nH]1,124.10300000000001,4,2,2,1,5,82.49000000000001,-0.6285300000000003,0
N=C1N=CN=C1NC=O,124.10299999999998,3,2,1,1,5,77.67,-0.8499300000000003,0
COC1=C(O)C(=O)N=N1,128.087,4,1,1,1,5,71.25,0.3523,0
N#CC(=O)C1=NC=N1,107.072,4,0,1,1,4,65.58,-0.48052000000000006,0
N=C1CC(=O)C(=O)NO1,128.087,4,2,0,1,5,79.25,-1.0157300000000002,0
N=C1N=CN=C1C=O,109.08799999999998,3,1,1,1,4,65.64,-0.35453,0
Nc1cnoc1C=O,112.08799999999998,4,1,1,1,4,69.12,0.06930000000000014,0
N=C1N=C(C(N)C=O)N1,126.11899999999999,3,3,2,1,5,91.33000000000001,-1.5509300000000004,1
N=Cn1[nH]c(=N)oc1=O,128.09099999999998,5,3,1,1,6,98.63,-1.2959600000000002,0
N=C1NC1NC(N)=O,114.108,2,4,1,1,5,100.91,-1.4387300000000005,1
CNc1nc(C=O)co1,126.11499999999997,4,1,2,1,4,55.13,0.5287999999999999,0
N=C1OCC(=O)NC1=O,128.087,4,2,0,1,5,79.25,-1.36333,0
CN=C1N=CC(N)=[N+]1[O-],126.119,3,1,0,1,5,76.80999999999999,-1.0758999999999999,0
Cc1c(O)noc1N,114.10400000000001,4,2,0,1,4,72.28,0.27082,0
O=c1nnc(O)c[nH]1,113.07599999999998,4,2,0,1,5,78.87,-1.1295000000000002,0
CNC1=NC(=O)NC1=O,127.10299999999998,3,2,0,1,5,70.56,-1.1459000000000001,0
N=C1C(N)=COC1=NO,127.10299999999998,5,3,0,1,5,91.69000000000001,-0.3758300000000003,0
CN=C(N)c1nc[nH]n1,125.13499999999999,3,2,1,1,5,79.95,-0.8602000000000005,0
N=CN1C(=N)N=C1N,111.108,3,3,1,1,5,89.32000000000001,-0.8414600000000001,0
N=C1NCOC(C=O)O1,130.10299999999998,4,2,1,1,5,71.41,-0.9599300000000002,1
CN(C#N)c1nc1=N,108.104,4,1,1,1,4,63.77,-0.64605,0
N=C1C=C(OC(N)=O)N1,127.103,3,3,1,1,5,88.19999999999999,-0.4964300000000001,0
N=C1CC(=O)NC(=O)O1,128.087,4,2,0,1,5,79.25000000000001,-0.37983000000000006,0
CN=C1C=NN=C1N,110.12,4,1,0,1,4,63.099999999999994,-0.5862,0
Nc1cnc(F)nc1N,128.11,4,2,0,1,5,77.82,-0.21989999999999987,0
NCC1=NN=C1CO,113.11999999999998,4,2,2,1,4,70.97,-1.2520000000000002,0
N#CN1NC(=N)OCC1=O,140.102,4,2,0,1,6,89.21000000000001,-1.2343500000000003,0
CN=C(O)C1=COC1=O,127.09899999999998,3,1,1,1,4,58.89000000000001,0.013400000000000023,0
CN1COC(=N)OC1=O,130.10299999999998,4,1,0,1,5,62.62,-0.02272999999999986,0
Cn1nc(N)cnc1=O,126.119,5,1,0,1,5,73.80000000000001,-1.2425000000000004,0
Cc1onnc1NC=N,126.11899999999999,4,2,2,1,5,74.80000000000001,0.39698999999999995,0
CC1=NC(=O)N=C1N,111.104,2,1,0,1,4,67.81,-0.061899999999999844,0
CC1=NN=C(N)C1=O,111.104,4,1,0,1,4,67.81,-0.6978,0
N=C1COC(=N)C(=N)O1,127.103,5,3,0,1,5,90.01,-0.034989999999999966,0
N=C1OC(=O)NC1=O,114.05999999999999,4,2,0,1,5,79.25,-0.7699300000000002,0
N=C1NC(=O)C(=O)CO1,128.087,4,2,0,1,5,79.25000000000001,-1.36333,0
CC1=NC(CO)=NC1=N,125.13099999999999,3,2,1,1,4,68.80000000000001,-0.17103000000000002,0
N#CCn1ncnc1N,123.119,5,1,1,1,5,80.52,-0.61612,0
N=C1OCC(=O)C1=NO,128.087,5,2,0,1,5,82.74,-0.60683,0
CC(O)C1=NN=C1C=N,125.131,4,2,2,1,4,68.80000000000001,-0.17263,1
CC(O)C1=CN=NC1=N,125.131,3,2,1,1,4,68.80000000000001,0.6941700000000001,1
O=Cc1n[nH]cc1O,112.08799999999997,3,2,1,1,4,65.98,-0.07220000000000004,0
CN1CC(=O)C1=NO,114.10399999999998,3,1,0,1,4,52.900000000000006,-0.7114,0
O=CC1NC(=O)C(=O)O1,129.071,4,1,1,1,5,72.47,-1.8155999999999999,1
NC1=CC(=O)N=C1N,111.10400000000001,3,2,0,1,4,81.47,-1.2736000000000003,0
CC(=O)c1cnc(O)o1,127.09899999999998,4,1,1,1,4,63.33,0.5828,0
N=C1OC=NC(=O)CO1,128.087,4,1,0,1,5,71.74,-0.47713000000000005,0
Nc1conc1C=O,112.088,4,1,1,1,4,69.12,0.06930000000000014,0
CN=c1ocnnc1N,126.11900000000001,5,1,0,1,5,77.3,-0.8177000000000001,0
N=CN1CC(=O)OC=N1,127.10299999999998,4,1,1,1,5,65.75,-0.60443,0
CC(=O)c1c[nH]nn1,111.104,3,1,1,1,4,58.64,0.007299999999999918,0
N=C1N=CN(CO)C1=O,127.10299999999998,3,2,1,1,5,76.75,-1.2160300000000002,0
NC(=O)C1=NC=NC1=O,125.08699999999999,3,1,1,1,5,84.88,-1.5188,0
CN=C1N=CNC1=N,110.11999999999999,2,2,0,1,4,60.6,-0.3765300000000002,0
NC1=NC(=O)C(N)=N1,112.092,4,2,0,1,5,93.83,-1.8014999999999999,0
Cn1cnc(=O)c(N)n1,126.119,5,1,0,1,5,73.8,-1.2425000000000004,0
CC1=NC(=N)N=C1F,113.095,1,1,0,1,4,48.57,0.7636700000000001,0
N=CC1=NC(=O)C(N)=N1,124.10300000000001,4,2,1,1,5,91.66,-1.06813,0
CC1=NC(=N)N=C1N,110.12,2,2,0,1,4,74.59,-0.24712999999999996,0
CC1=NC(=O)NCOC1,128.13099999999997,2,1,0,1,4,50.69,0.1446,0
N=CN1C(=O)NC1=O,113.07599999999998,3,2,1,1,5,73.26,-0.26133,0
NC(C=O)c1cnno1,127.103,5,1,2,1,5,82.01,-0.7317000000000002,1
N=C1COC(=N)OCO1,130.103,5,2,0,1,5,75.39,-0.08066000000000012,0
Nc1nnc(C=O)c(O)n1,140.10199999999998,6,2,1,1,6,101.99000000000001,-1.0281000000000005,0
COC(=O)c1nc1=N,112.08800000000001,4,1,1,1,4,63.04,-0.7767299999999999,0
N=C1COC(=N)NCN1,128.13500000000002,3,4,0,1,5,80.99,-0.93466,0
N=C1C=NC(=O)C(=N)O1,125.08699999999999,4,2,0,1,5,86.36,-0.4314599999999999,0
CN=C1C(N)=NN=C1O,126.119,4,2,0,1,5,83.33,-0.7005000000000001,0
N=CC1=NN=C1C(N)=O,124.103,4,2,2,1,5,91.66,-1.0681300000000002,0
CC(N)n1cnc(=O)o1,129.119,5,1,1,1,5,74.05000000000001,-0.6864999999999999,1
CN=C1C=NC(N)=[N+]1[O-],126.119,4,1,0,1,5,76.80999999999999,-1.0758999999999999,0
COC1=C(N)C(=N)O1,114.104,4,2,1,1,4,68.33,-0.23192999999999986,0
Nc1cnc(C=O)oc1=O,140.09799999999998,5,1,1,1,5,86.19,-0.5704999999999998,0
O=CNC1=NC(CO)N1,129.119,4,3,2,1,5,73.72,-1.9899999999999998,1
N=C1OC(=N)N1C=O,113.076,4,2,1,1,5,77.24000000000001,-0.6554600000000002,0
N=C1OC=NCC(=O)O1,128.087,5,1,0,1,5,71.74,-0.47713000000000005,0
N=C1OCC(=O)OC1=N,128.087,5,2,0,1,5,83.22999999999999,-0.48566000000000015,0
N=c1occ(N)nc1O,127.10300000000001,5,3,0,1,5,96.13000000000001,-0.5581300000000001,0
N=C1NC(=O)COC1CO,144.13,4,3,1,1,5,82.41000000000001,-1.52903,1
CC(O)c1n[nH]nc1N,128.13500000000002,4,3,1,1,5,87.82000000000001,-0.5598000000000003,1
CNC1NC(=O)OC1=O,130.10299999999998,4,2,1,1,5,67.43,-1.2017000000000002,1
Nc1nc(C=O)c(N)o1,127.10299999999998,5,2,1,1,5,95.14,-0.3485,0
CNC(=NC=O)NC1CO1,143.146,2,2,2,1,5,66.02,-1.3358999999999996,1
C#CCc1n[nH]nc1N,122.13100000000001,3,2,1,1,4,67.59,-0.4374000000000002,0
Cc1[nH]nnc1N=N,111.108,4,2,1,1,5,77.78,0.7755899999999998,0
N=C1OCC(=O)C(=N)O1,128.087,5,2,0,1,5,83.23,-0.48566000000000015,0
Nc1cnc(N)n1C=O,126.119,5,2,1,1,5,86.92999999999998,-0.9142000000000001,0
N=CN1CNCC1=O,113.11999999999998,3,2,1,1,4,56.190000000000005,-1.0172299999999999,0
N=CN1CC(=O)OCO1,130.10299999999998,4,1,1,1,5,62.620000000000005,-0.65863,0
COC1=NC(N)=C1C=N,125.131,4,2,1,1,4,71.46000000000001,-0.13522999999999985,0
Nc1ocnc1C=O,112.08799999999998,4,1,1,1,4,69.12,0.06930000000000014,0
COC1=NC(=N)C(O)=N1,127.103,3,2,0,1,5,78.03,-0.06383000000000005,0
NC1=CC(N)=NC1=O,111.10400000000001,3,2,0,1,4,81.47,-1.2736000000000003,0
N=C1OCN=C1CO,114.10399999999998,4,2,1,1,4,65.67,-0.6153300000000002,0
CN=COc1ncn[nH]1,126.119,4,1,2,1,5,63.160000000000004,-0.15840000000000026,0
CC(O)C1=NC(=N)N=N1,126.11900000000001,3,2,1,1,5,81.16000000000001,0.16626999999999992,1
C#CC1NCOC(=O)O1,127.09899999999999,4,1,0,1,4,47.56,-0.34040000000000004,1
Nc1cc(CC=O)no1,126.115,4,1,2,1,4,69.12,-0.0017999999999999683,0
N=CC1CN(C=N)C(=O)O1,141.13,4,2,2,1,5,77.24000000000001,0.06384000000000017,1
CC(N)C1=NC(=N)O1,113.11999999999999,3,2,1,1,4,71.46,-0.30292999999999987,1
O=c1occ[nH]c1=NO,128.087,4,2,0,1,5,78.59,-0.7422000000000004,0
N=C1CC(N)N(C=O)O1,129.119,4,2,1,1,5,79.41000000000001,-0.95783,1
N=COC1CC(=N)CO1,128.131,4,2,2,1,4,66.16,0.37623999999999996,1
OCc1n[nH]nc1CO,129.119,4,3,2,1,5,82.03,-1.2107,0
N=C1NC(=O)COC1=O,128.087,4,2,0,1,5,79.25,-1.36333,0
COc1nn[nH]c1C=N,126.11899999999999,4,2,2,1,5,74.65,-0.1890300000000002,0
O=C1N=CC(CCO)=N1,126.115,2,1,2,1,4,62.019999999999996,0.014200000000000046,0
COc1cnc(N)n1C=O,141.13,5,1,2,1,5,70.14,-0.48780000000000023,0
COc1cnoc(=N)n1,127.103,5,1,1,1,5,72.0,-0.44233000000000006,0
N=C1OC=NCNC1=O,127.103,4,2,0,1,5,74.53999999999999,-0.9041300000000003,0
N=C1OCC(=N)C(=N)O1,127.103,5,3,0,1,5,90.01,-0.034989999999999966,0
N=c1nc[nH]c(N)[n+]1[O-],127.107,4,3,0,1,6,105.49,-1.8952299999999997,0
CN=C1N=C(O)N=C1N,126.119,3,2,0,1,5,83.33,-0.7004999999999999,0
N=C1CC(=O)OC(=O)N1,128.087,4,2,0,1,5,79.25,-0.37983000000000006,0
C#CCc1n[nH]nc1O,123.115,3,2,1,1,4,61.8,-0.31400000000000017,0
CN=C1N=C(N)N1C=O,126.119,3,1,1,1,5,71.05,-1.2411,0
N=Cn1cc(O)c(=O)o1,128.087,5,2,1,1,5,79.22000000000001,-0.39793,0
NC(=O)C1=NC=NC1=O,125.08699999999999,3,1,1,1,5,84.88,-1.5188,0
CNc1ncc(C=N)nn1,137.146,5,2,2,1,5,74.55000000000001,-0.08903000000000011,0
N=CN1OCNCC1=O,129.119,4,2,1,1,5,65.42000000000002,-1.0856299999999999,0
Cn1cnnc1NC=N,125.13499999999999,4,2,2,1,5,66.59,-0.16593000000000052,0
COC1OC(=O)C1=O,116.07199999999999,4,0,1,1,4,52.6,-0.9152,1
Nc1nnc(C=O)[nH]1,112.09199999999998,4,2,1,1,5,84.66,-0.8006000000000004,0
O=C1CC(=NO)CN1,114.104,3,2,0,1,4,61.69,-0.6635,0
Nc1nnc(C=O)nn1,125.091,6,1,1,1,6,94.65,-1.3387000000000004,0
CC(=O)n1ncc(O)n1,127.10299999999998,5,1,0,1,5,68.01,-0.3562,0
N=c1cnoc(=N)o1,113.076,5,2,0,1,5,86.87,-0.77346,0
Cc1nc(N)nn1C=O,126.119,5,1,1,1,5,73.8,-0.7929800000000002,0
COc1nn[nH]c1C=N,126.11899999999999,4,2,2,1,5,74.65,-0.1890300000000002,0
N=c1oc(=N)oc(=O)o1,130.059,6,2,0,1,6,104.19000000000001,-1.21526,0
N#CCc1nc(N)no1,124.10300000000001,5,1,1,1,5,88.73,-0.28212000000000004,0
N=C1OCC(=O)C(=N)O1,128.087,5,2,0,1,5,83.23,-0.48566000000000015,0
CC1=NC(=N)OC1=N,111.10399999999998,3,2,0,1,4,69.28999999999999,0.38954000000000005,0
N=C1C=NC(=O)N=C1O,125.08699999999999,2,2,0,1,5,85.87,0.16707000000000005,0
COC1=NC(=N)N=C1O,127.103,2,2,0,1,5,78.03,-0.06383000000000005,0
Nc1coc(=O)nc1N,127.10300000000001,5,2,0,1,5,95.14,-0.8008,0
N=C1CNC(=O)C(=O)O1,128.087,4,2,0,1,5,79.25000000000001,-1.3633300000000004,0
CN=c1cn[nH]c(=O)o1,127.10299999999998,4,1,0,1,5,71.25,-1.1065999999999998,0
CC(=O)c1nc(N)n[nH]1,126.11900000000001,4,2,1,1,5,84.66,-0.41050000000000025,0
N=CC1=NC(=NN)N=C1,123.11900000000001,3,2,1,1,5,86.95,-0.60893,0
N=CC1=NC(N)=NC1=O,124.10300000000001,4,2,1,1,5,91.66,-1.0681300000000002,0
O=CC(O)c1c[nH]cn1,126.115,3,2,2,1,4,65.97999999999999,-0.35800000000000004,1
O=Cc1cn[nH]c1O,112.08799999999998,3,2,1,1,4,65.98,-0.07220000000000004,0
N=CN1CC(=O)OCO1,130.10299999999998,4,1,1,1,5,62.620000000000005,-0.65863,0
O=C1OC=C(O)C1=O,114.05599999999998,4,1,0,1,4,63.6,-0.4883,0
CN=C1OCN=C1O,114.104,3,1,0,1,4,54.18000000000001,-0.04109999999999997,0
CN=C1N=C([N+](N)=O)O1,129.09900000000002,3,1,0,1,6,80.05,-0.9889999999999999,0
N=C1N=C(C(=O)O)CO1,128.087,3,2,1,1,5,82.74000000000001,-0.5230299999999999,0
N=c1[nH]c(N)coc1=O,127.103,4,3,0,1,5,95.87,-0.9704300000000003,0
N=C1NC=NC(=O)CO1,127.103,3,2,0,1,5,74.54,-0.9041300000000001,0
N=COC1=CN=C1N,111.104,4,2,2,1,4,71.46,-0.17773000000000005,0
N=C1CN=CC(=NO)O1,127.10299999999998,5,2,0,1,5,78.03,-0.1476300000000001,0
N=CN=C1OCC(=N)O1,127.10299999999998,4,2,1,1,5,78.52,-0.026460000000000095,0
N=C1COC(=N)OCN1,129.119,4,3,0,1,5,78.19,-0.5076600000000002,0
C#CC1=NC(N)=NON=C1,136.11400000000003,5,1,0,1,5,72.33,-0.6937,0
CN=C1N=CC(C=N)=N1,122.13099999999999,2,1,1,1,4,60.93,0.14717000000000008,0
N=C(N)C1=NC(O)=N1,112.092,3,3,1,1,5,94.82000000000001,-0.75153,0
N=C1C(N)=CN=C1N,110.12,4,3,0,1,4,88.25,-0.8229300000000002,0
Cc1n[nH]c(NC=O)n1,126.11899999999999,3,2,2,1,5,70.67,-0.31858000000000025,0
Cc1nc(N)c(C=O)o1,126.11499999999998,4,1,1,1,4,69.12,0.37772000000000006,0
N=c1[nH]c(=O)[nH]c(=O)o1,129.075,4,3,0,1,6,102.71,-1.8643299999999998,0
CN=C1NC(=O)OC1=O,128.087,4,1,0,1,5,67.75999999999999,-0.7189000000000001,0
Nc1[nH]cnc1C=O,111.10399999999998,3,2,1,1,4,71.77000000000001,-0.19559999999999994,0
COC(=O)c1c[nH]nn1,127.10300000000001,4,1,1,1,5,67.87,-0.40870000000000023,0
COc1onnc1C=N,127.103,5,1,2,1,5,72.0,0.07586999999999994,0
O=CC1=C(O)NOCC1,129.11499999999998,4,2,1,1,4,58.56,-0.1202000000000003,0
CCC1=NC(N)=NC1=O,125.131,3,1,1,1,4,67.81,-0.30770000000000003,0
COC(=O)C1=NNC1=O,128.08700000000002,4,1,1,1,5,67.75999999999999,-1.3548000000000002,0
CC(=O)OC1NC1=NO,130.103,4,2,1,1,5,80.83,-0.7335000000000003,1
Cc1nc(OC=O)n[nH]1,127.10299999999998,4,1,2,1,5,67.87,-0.35168000000000016,0
Nc1cn[n-]c1CO,112.112,3,2,1,1,4,73.24,-0.8867,0
O=C1NCOC(=O)CN1,130.103,3,2,0,1,5,67.42999999999999,-1.2001,0
N=C1C=C(N)N=C1N,110.12000000000002,4,3,0,1,4,88.25,-0.8229300000000002,0
C#Cc1nonc1N,109.08800000000001,4,1,0,1,4,64.94,-0.36689999999999995,0
COc1c(N)c1=NC=O,126.115,3,1,2,1,4,64.68,-0.7899000000000003,0
CN=C1OC=NC1=O,112.088,3,0,0,1,4,51.02,-0.4002000000000001,0
Nc1cc(N)n(C=O)n1,126.11900000000001,5,2,1,1,5,86.92999999999999,-0.9142000000000001,0
N=CN1CC(=N)OC(=O)O1,143.10199999999998,5,2,1,1,6,86.47000000000001,-0.04546,0
COC1=NC(=O)N=C1N,127.10300000000001,3,1,0,1,5,77.03999999999999,-0.47789999999999994,0
N=CN1CC(=O)OCO1,130.10299999999998,4,1,1,1,5,62.620000000000005,-0.65863,0
CN=C1C=NN=C1N,110.12,4,1,0,1,4,63.099999999999994,-0.5862,0
N=C1C=C(N)OC1=N,111.104,4,3,0,1,4,82.95000000000002,-0.18625999999999998,0
COc1n[nH]nc1C=N,126.11899999999999,4,2,2,1,5,74.65,-0.1890300000000002,0
NC1=CN=C1COCO,128.131,4,2,3,1,4,67.84,-0.7925000000000002,0
N=C1C=NCOC(=N)N1,126.119,4,3,0,1,5,81.32,-0.45346000000000014,0
NC(=O)C1=C(O)N=N1,113.076,4,2,1,1,5,88.04,-0.3354,0
N=c1[nH]c(CO)nn1N,129.12300000000002,5,4,1,1,6,103.71,-2.1032299999999995,0
N=Cc1oncc1N,111.104,4,2,1,1,4,75.9,0.25447000000000003,0
N=C1CNC(=NCO)O1,129.119,4,3,1,1,5,77.7,-1.1107300000000002,0
CN=C1N=C(N)C(=O)O1,127.103,4,1,0,1,5,77.04,-1.1138,0
CN1OC(=N)COC1=O,130.103,4,1,0,1,5,62.62,-0.02272999999999986,0
N#CCc1nn[nH]c1O,124.103,4,2,1,1,5,85.59,-0.4236200000000002,0
COC1=NN=C1CO,114.10399999999998,4,1,1,1,4,54.18000000000001,-0.6068,0
N=C1NCC(=O)NCO1,129.119,3,3,0,1,5,74.21000000000001,-1.3853300000000002,0
Nc1cnoc1NC=O,127.10299999999998,4,2,2,1,5,81.15,-0.1749,0
N=CC1=C(O)N=C1N,111.104,4,3,1,1,4,82.46,-0.22362999999999988,0
N=C1NC(C=O)CN1C=O,141.13,3,2,2,1,5,73.26,-1.4497300000000004,1
NC1=NC(=O)C(C=O)=N1,125.08699999999997,4,1,1,1,5,84.88,-1.5188,0
Cc1n[nH]c(=O)oc1=O,128.087,4,1,0,1,5,75.96000000000001,-0.96848,0
O=C1N=CN=C1O,98.06099999999998,2,1,0,1,4,62.019999999999996,-0.4886,0
CC(O)C1=NNC1=O,114.104,3,2,1,1,4,61.690000000000005,-1.1470000000000002,1
N=c1cc(N)nc(CO)o1,141.13,5,3,1,1,5,96.13000000000001,-0.7714300000000001,0
N=c1nnc(CN)co1,126.119,5,2,1,1,5,88.79,-0.99223,0
CC1=NC(=O)C(N)=N1,111.104,3,1,0,1,4,67.81,-0.6978,0
COC1=NNC(=O)C1=N,127.10299999999998,4,2,0,1,5,74.53999999999999,-0.9041300000000001,0
CC(NC1CO1)C(=N)N,129.163,3,3,3,1,4,74.42999999999999,-0.7432299999999996,2
N=CN1C=NC(=N)CO1,126.11899999999999,3,2,1,1,5,72.53,-0.15376000000000006,0
N=CN1OC(=N)OC1C=O,143.10199999999998,5,2,2,1,6,86.47,-0.6829600000000002,1
N=C1C=C(N)C(=O)O1,112.088,4,2,0,1,4,76.17,-0.6369300000000002,0
NC(=O)c1ncoc1N,127.103,4,2,1,1,5,95.14,-0.6443000000000003,0
COC1=NC(C=N)=C1O,126.11499999999998,4,2,1,1,4,65.67,0.46407,0
Nc1nncc(CO)n1,126.11899999999999,5,2,1,1,5,84.92,-1.0539000000000003,0
N=Cc1n[nH]cc1C=O,123.11499999999997,3,2,2,1,4,69.6,0.21987,0
N=COC1NCNC1=O,129.119,4,3,2,1,5,74.21000000000001,-1.38693,1
C#CCc1noc(=N)o1,124.09899999999999,4,1,1,1,4,63.02,-0.07722999999999997,0
CCC1=NC(O)=NC1=N,125.13099999999999,2,2,1,1,4,68.80000000000001,0.74227,0
NC1=CN=C(N)C1=O,111.104,4,2,0,1,4,81.47,-1.2735999999999998,0
N=C1COC(=N)OCO1,130.103,5,2,0,1,5,75.39,-0.08066000000000012,0
O=Cc1n[nH]n1C=O,113.07599999999998,4,1,2,1,5,67.75,-0.9380000000000002,0
NC(=O)c1cnc(O)o1,128.087,4,2,1,1,5,89.35000000000001,-0.5209,0
N=C1CNC(=N)OCO1,129.119,4,3,0,1,5,78.19000000000001,-0.5076600000000004,0
N=C1N=C(N)C1=CO,111.10399999999998,3,3,0,1,4,82.46000000000001,-0.22362999999999983,0
N=C1NC=CNC(=O)O1,127.103,3,3,0,1,5,74.21000000000001,-0.27823000000000014,0
NC(=O)C1N=CN=N1,112.092,4,1,1,1,5,80.17,-0.7081000000000002,1
CNC1=NC(=O)OCO1,130.10299999999998,4,1,0,1,5,59.92,-0.31390000000000007,0
C#CC(=O)n1cncn1,121.09899999999999,4,0,0,1,4,47.78,-0.4484999999999999,0
CNc1n[nH]c(=O)n1C=O,142.118,5,2,2,1,6,79.78,-1.3485999999999998,0
COC1=NC(O)=NC1=N,127.103,3,2,0,1,5,78.03,-0.06383000000000016,0
N=C1NC(=O)N1C=O,113.076,3,2,1,1,5,73.26,-0.89723,0
N=CN1OC(N)OC1=N,130.107,5,3,1,1,6,95.42000000000002,-0.9656600000000002,1
N=C1COC(C=O)CO1,129.11499999999998,4,1,1,1,4,59.379999999999995,-0.4220300000000001,1
N=COC1=NCNC1=O,127.103,4,2,1,1,5,74.53999999999999,-0.9041300000000003,0
N=C1ON=C1C=NCO,127.10299999999998,5,2,2,1,5,78.03,-0.6295300000000001,0
N=C(N)OC1NCC1=O,129.119,4,3,1,1,5,88.20000000000002,-1.6051300000000004,1
Cc1nc(N)nc(F)n1,128.11,4,1,0,1,5,64.69,-0.09867999999999999,0
N=C1COCC(=NO)O1,130.103,5,2,0,1,5,74.9,-0.20183000000000012,0
N#COC1=C(N)C=NC1=N,136.114,4,2,1,1,5,95.25,-0.2839500000000001,0
N=CC1OCON1C=N,129.119,4,2,2,1,5,69.4,-0.2095599999999999,1
CC(N)C1=NOC1=NCO,143.14600000000002,5,2,2,1,5,80.2,-0.9319000000000002,1
COC1=NC(=N)N=C1C=O,139.114,3,1,1,1,5,74.87,-0.38043000000000005,0
N=C1C=C(O)N=C1N,111.104,4,3,0,1,4,82.46,-0.22362999999999988,0
N=CC1OC(=N)C(=O)O1,128.087,5,2,1,1,5,83.23,-0.48725999999999997,1
CC1=C(N)N=NC1=N,110.12,3,2,0,1,4,74.59,0.6196700000000002,0
C#Cc1nnc(N)n1N,123.11900000000001,5,2,0,1,5,82.75,-1.4446000000000003,0
Cc1cnc(=O)[nH][n+]1[O-],127.103,3,1,0,1,5,72.69,-1.2882800000000003,0
N=CN1COC(=N)CO1,129.119,4,2,1,1,5,69.4,-0.2079600000000001,0
N=C1N=COCC(=O)O1,128.087,4,1,0,1,5,71.74,-0.47713000000000005,0
CC1=NC(=N)C(=N)O1,111.10399999999998,3,2,0,1,4,69.29,0.38954,0
CCc1nnc(N)n1C=O,140.146,5,1,2,1,5,73.8,-0.5390000000000001,0
COC(=O)c1ncn[nH]1,127.10300000000001,4,1,1,1,5,67.87,-0.4087,0
N=Nc1cnc[nH]c1=O,124.10299999999998,4,2,1,1,5,81.96000000000001,0.4323699999999999,0
N#COCc1nocc1N,139.11399999999998,5,1,2,1,5,85.07,0.25448000000000004,0
O=CC1NC(=O)NC1=O,128.087,3,2,1,1,5,75.27000000000001,-1.6067,1
N#CC(O)C1=NN=C1,109.08800000000001,4,1,1,1,4,68.74,-0.68872,1
Nc1c[nH]c(=O)c(N)n1,126.11900000000001,4,3,0,1,5,97.79,-1.0656999999999999,0
Cc1nc(=N)[nH]n1C=O,126.11899999999999,4,2,1,1,5,74.53,-0.9626100000000002,0
N=C(N)C1=NOC1=O,113.076,4,2,1,1,5,88.53,-1.16483,0
O=c1ccoc(=O)o1,114.056,4,0,0,1,4,60.42,-0.40700000000000003,0
N=C1C=C(N)N1C=O,111.104,3,2,1,1,4,70.18,-0.7642300000000002,0
Nc1nocc1OCO,130.103,5,2,2,1,5,81.51,-0.4146,0
CN=C1N=C(O)N=C1O,127.10299999999998,2,2,0,1,5,77.54,-0.10119999999999985,0
N=CC(N)c1conn1,126.119,5,2,2,1,5,88.79,-0.28103000000000006,1
N=C1COC(=O)C(=N)O1,128.087,5,2,0,1,5,83.23,-0.48566000000000015,0
N=C1NC(=O)C(=O)O1,114.05999999999999,4,2,0,1,5,79.25000000000001,-1.4058300000000001,0
N=C1NC(=O)C(=O)O1,114.05999999999999,4,2,0,1,5,79.25000000000001,-1.4058300000000001,0
CN1C=NC(C=N)=NO1,126.11899999999999,5,1,1,1,5,61.040000000000006,-0.14523000000000014,0
CC1NC(=O)OC1=O,115.08799999999998,3,1,0,1,4,55.4,-0.35869999999999996,1
CC1(O)C(=O)N=NC1=O,128.08700000000002,3,1,0,1,5,79.09,-0.7436000000000003,0
N#CCOc1conc1N,139.11399999999998,5,1,2,1,5,85.07,0.15918,0
N=C1N=NC=C1O,97.07699999999998,3,2,0,1,4,68.8,0.82887,0
N=C1NCNC1C=O,113.11999999999998,3,3,1,1,4,64.98,-1.3185300000000004,1
N=CC1=NN=CC1=O,109.08799999999998,4,1,1,1,4,65.64,-0.35453,0
NC1=CN=C(N)C1=O,111.104,4,2,0,1,4,81.47,-1.2735999999999998,0
CN=C1NC(=N)C(=O)O1,127.10299999999998,4,2,0,1,5,74.54,-0.9041300000000003,0
CNC1=C(N)C(=O)OCN1,143.14600000000002,5,3,1,1,5,76.38,-1.5624999999999996,0
N=c1nccc(O)n1N,126.119,5,3,0,1,5,87.92,-1.2180300000000002,0
CN=c1[nH]c(C=N)no1,126.11899999999999,4,2,1,1,5,78.03,-0.46913000000000044,0
N=C1NC(C=O)NC1=O,127.103,3,3,1,1,5,82.05000000000001,-1.7919299999999998,1
O=C1NC(=O)C(CO)O1,131.087,4,2,1,1,5,75.63000000000001,-1.3863,1
NC1=NC(=O)COCO1,130.10299999999998,4,1,0,1,5,73.91,-1.1680000000000001,0
N=c1occ(CO)c(=N)o1,142.114,5,3,1,1,5,94.21,-0.6761599999999999,0
N=C1NC=CNC(=O)N1,126.119,2,4,0,1,5,77.01,-0.7052300000000002,0
N=C1OCC(=O)C(=N)O1,128.087,5,2,0,1,5,83.23,-0.48566000000000015,0
N=CN1CC(=O)NCO1,129.119,3,2,1,1,5,65.42,-1.0856299999999999,0
N=C1N=C(N)N=C1C=O,124.103,4,2,1,1,5,91.66,-1.06813,0
NC1(C=O)C(=O)C1=NO,128.087,5,2,1,1,5,92.75000000000001,-1.7043000000000001,1
N=c1onc[nH]c1=O,113.07599999999998,4,2,0,1,5,82.74000000000001,-1.15763,0
CN=C1C=NC(N)=N1,110.12,3,1,0,1,4,63.099999999999994,-0.5862,0
CNC1=NC(=N)OC1=O,127.10299999999998,4,2,0,1,5,74.53999999999999,-0.9041300000000003,0
CN=C1ON=C1OCO,130.103,5,1,1,1,5,63.41000000000001,-0.6752,0
Nc1oc(O)nc1C=O,128.087,5,2,1,1,5,89.35,-0.2250999999999999,0
CC(N)C1=NC(=O)N1,113.11999999999999,2,2,1,1,4,67.47999999999999,-0.5447,1
CC1(O)N=C(N)C1=O,114.104,4,2,0,1,4,75.68,-1.3652000000000002,1
N=c1ncnc(CO)[nH]1,126.11899999999999,4,3,1,1,5,85.65,-1.22353,0
N=C1N=CC(N)=C1N,110.12000000000002,3,3,0,1,4,88.25,-0.8229300000000002,0
COC1=NN=C1C=O,112.08799999999998,4,0,1,1,4,51.02,-0.4002000000000001,0
N=c1cncc(N)n1N,125.13500000000002,5,3,0,1,5,93.71,-1.34143,0
N=C1NC(=O)C(=N)O1,113.076,4,3,0,1,5,86.03000000000002,-0.9551600000000002,0
CC(=O)C1N=NNC1=O,127.103,4,1,1,1,5,70.89,-0.5590000000000002,1
CC1=NC(=O)C(=N)O1,112.08799999999998,3,1,0,1,4,62.510000000000005,-0.06112999999999996,0
NC(=O)n1ccnc1N,126.119,4,2,0,1,5,86.93,-0.6079000000000001,0
N=COC(=N)C1COC1=N,141.13,5,3,2,1,5,90.00999999999999,0.21101000000000003,1
CN=C1C=NN=C1N,110.12,4,1,0,1,4,63.099999999999994,-0.5862,0
NC1=C(N)C(=O)C=N1,111.10399999999998,4,2,0,1,4,81.47,-1.2736000000000003,0
N=CN1C=CNC(=O)C1O,141.13,3,3,1,1,5,76.42,-1.1851300000000005,1
N=C1OCNC(C=O)O1,130.10299999999998,5,2,1,1,5,71.41,-0.9599300000000004,1
CN=C1C=NC(N)=[N+]1[O-],126.119,4,1,0,1,5,76.80999999999999,-1.0758999999999999,0
N=CN1C=CNC(=O)N1,126.11899999999999,2,3,1,1,5,68.22,-0.4055300000000001,0
Nc1c[n+]([O-])c(C=O)o1,128.087,4,1,1,1,5,83.17,-0.6922999999999997,0
COC(=N)C1=NC(=O)O1,128.087,4,1,1,1,5,71.74,0.15876999999999997,0
NC(=O)C1=NC(N)=N1,112.09200000000001,4,2,1,1,5,93.83,-1.8014999999999999,0
CN=C1N=C(N)OC1=N,126.119,4,2,0,1,5,83.82,-0.66313,0
N=CN=C1N=CN=C1O,124.10299999999998,2,2,1,1,5,81.16,-0.009630000000000083,0
N#CCc1nnoc1O,125.08699999999999,5,1,1,1,5,82.94,-0.15872000000000014,0
Nc1ncc(N)c(=O)o1,127.103,5,2,0,1,5,95.14,-0.8008,0
N#CCc1nonc1N,124.10300000000001,5,1,1,1,5,88.73,-0.28212000000000004,0
N=C1C=NC(CO)=C1N,125.131,4,3,1,1,4,82.46,-0.7468300000000001,0
Cn1ncnc1C(N)=O,126.119,4,1,1,1,5,73.80000000000001,-1.0860000000000003,0
N=CC1=NC=NC1=O,109.088,3,1,1,1,4,65.64,-0.35453,0
CNC1=NC(=O)OCC1=N,141.13,4,2,0,1,5,74.53999999999999,-0.22573000000000015,0
Cn1c(N)cnnc1=N,125.13499999999999,5,2,0,1,5,80.58000000000001,-1.12323,0
N=C(N)C1=NC=NC1=O,124.103,3,2,1,1,5,91.66,-1.06813,0
N=C1OC(C(=O)O)C1=O,129.071,4,2,1,1,5,87.44999999999999,-0.9838300000000002,1
Cc1nc(N)noc1=O,127.103,5,1,0,1,5,82.00999999999999,-0.6795800000000001,0
NCC1=NNC1=NC=O,126.11899999999997,3,2,2,1,5,79.84,-1.5407999999999995,0
Cc1nc(N)nn1C=N,125.135,5,2,1,1,5,80.58,-0.3761100000000001,0
N=c1nc[nH]c(C=O)n1,124.10299999999998,4,2,1,1,5,82.49,-0.90333,0
COC1=NN=C1NCC=N,140.146,5,2,2,1,5,69.83000000000001,-0.40243000000000023,0
CC1=NC(=N)NC1=O,111.10399999999998,2,2,0,1,4,65.31,-0.4881300000000001,0
CNC(=O)C1NC(=O)O1,130.10299999999998,3,2,1,1,5,67.43,-1.2017000000000002,1
N=C(N)C1=NC=NC1=N,123.119,3,3,1,1,5,98.44,-0.6174600000000001,0
N=C1NCNC(=O)O1,115.09199999999998,3,3,0,1,5,74.21000000000001,-0.79193,0
N=C1OCNC(=O)CO1,130.10299999999998,4,2,0,1,5,71.41,-0.9583300000000003,0
N=C1C(N)=CN=C1N,110.12,4,3,0,1,4,88.25,-0.8229300000000002,0
N#CC1OC(=N)OC1=N,125.08699999999999,5,2,0,1,5,89.94999999999999,-0.16258000000000006,1
N=C1OC(=N)C(CO)O1,130.10299999999998,5,3,1,1,5,86.39,-0.6938600000000001,1
C#CC1NN=NN=C1N,123.11900000000001,5,2,0,1,5,75.13,-0.7692000000000001,1
O=CNC1=NN=CC1=O,125.08699999999999,4,1,1,1,5,70.89,-1.3006000000000002,0
N=C1OCC(=O)OC1=N,128.087,5,2,0,1,5,83.22999999999999,-0.48566000000000015,0
N=C1OC=NC1NC=O,127.10299999999998,4,2,2,1,5,74.53999999999999,-0.9057300000000001,1
COc1cnnc([O-])n1,126.095,5,0,1,1,5,70.96000000000001,-1.0462000000000002,0
N=Cc1conc1N,111.10400000000001,4,2,1,1,4,75.9,0.25447000000000014,0
CC(O)C1=NC(=N)N1,113.12,2,3,1,1,4,68.47,-0.6963300000000001,1
COC1=NC(=N)N=C1N,126.11900000000001,3,2,0,1,5,83.82,-0.66313,0
N=C1OC(=O)NC1C=O,128.087,4,2,1,1,5,79.25,-0.7290300000000003,1
COC1=NC(=O)NC1=N,127.103,3,2,0,1,5,74.53999999999999,-0.2682300000000001,0
N=C1C=NC(O)=C1N,111.104,4,3,0,1,4,82.46,-0.22362999999999988,0
NC1=NC(=O)C(N)=N1,112.092,4,2,0,1,5,93.83,-1.8014999999999999,0
N=C1OC(C=O)OC1=O,129.071,5,1,1,1,5,76.44999999999999,-0.9379300000000002,1
N=C1NC(=O)OC1=NO,129.07500000000002,5,3,0,1,6,94.77000000000001,-0.5088300000000001,0
N=COc1nc(F)n[nH]1,130.08200000000002,4,2,2,1,6,74.65,-0.07033000000000011,0
N=C1C=C(N)C(C=O)=N1,123.115,3,2,1,1,4,79.3,-0.5402300000000002,0
N=C1OCNC(C=O)O1,130.10299999999998,5,2,1,1,5,71.41,-0.9599300000000004,1
N=C1CNC(=N)OCO1,129.119,4,3,0,1,5,78.19000000000001,-0.5076600000000004,0
CN=C1OC(=O)N=C1O,128.087,3,1,0,1,5,71.25,0.12140000000000001,0
N=C1N=CNCC(=O)O1,127.10299999999998,4,2,0,1,5,74.54,-0.9041300000000001,0
CC(=O)c1n[nH]c(O)n1,127.103,4,2,1,1,5,78.87,-0.2871,0
N=C1COC(=N)C(=O)N1,127.103,4,3,0,1,5,86.03,-0.9126600000000002,0
N=C1C=NN=C1NC=O,124.10299999999998,4,2,1,1,5,77.67,-0.8499300000000003,0
O=Cc1[nH]nnc1CO,127.103,4,2,2,1,5,78.87,-0.8905000000000001,0
N#CN=c1cnonc1N,137.10199999999998,6,1,0,1,6,101.08999999999999,-0.9664200000000001,0
Cc1nc(N)noc1=N,126.119,5,2,0,1,5,88.78999999999999,-0.5603100000000001,0
Nc1noc(C=O)c1N,127.103,5,2,1,1,5,95.14,-0.3485000000000002,0
NC1=C(NC=O)C(=O)O1,128.087,4,2,2,1,5,81.42,-1.5830000000000004,0
C#CC1=NC(=N)N=N1,106.08800000000001,2,1,0,1,4,60.93,0.4186700000000001,0
Cc1n[nH]c(NC=O)n1,126.11899999999999,3,2,2,1,5,70.67,-0.31858000000000025,0
N=C1N=C(N)C=C1N,110.12,3,3,0,1,4,88.25,-0.8229299999999997,0
N=CC1N=CC(=NO)O1,127.10299999999998,5,2,1,1,5,78.03,-0.14922999999999992,1
NCCc1cnnc(N)n1,139.162,5,2,2,1,5,90.71,-1.0450000000000002,0
COC1=NC(=O)C(C=O)=N1,140.09799999999998,4,0,1,1,5,68.09,-0.8311000000000002,0
COc1n[nH]c(=N)n1C=O,142.118,5,2,2,1,6,83.75999999999999,-1.26243,0
N=C1N=NC=C1CN,110.12,3,2,1,1,4,74.59,0.27207000000000015,0
N=C1CNC(=N)C(=O)O1,127.10299999999998,4,3,0,1,5,86.03000000000002,-0.9126600000000005,0
CNc1cnoc(=N)n1,126.119,5,2,1,1,5,74.80000000000001,-0.40923000000000037,0
N=C1N=C(N)N=C1C=O,124.103,4,2,1,1,5,91.66,-1.06813,0
N=CCC1=NN=C1N,110.12000000000002,4,2,2,1,4,74.59,-0.24712999999999996,0
CCC(=O)C1=NOC1=N,126.115,4,1,2,1,4,62.51,0.32897000000000004,0
N=C1NC(=N)C(=O)O1,113.076,4,3,0,1,5,86.03000000000002,-0.95516,0
N=C1COC(=O)OC1=N,128.087,5,2,0,1,5,83.22999999999999,0.15023999999999993,0
COC1=NC(=O)C(N)=N1,127.10300000000001,4,1,0,1,5,77.03999999999999,-1.1138000000000003,0
COc1cnoc1N,114.104,4,1,1,1,4,61.28,0.26539999999999997,0
CC(=O)n1ncnc1N,126.119,5,1,0,1,5,73.8,-0.47959999999999997,0
N=CN1CC(=O)OC1=N,127.10299999999998,4,2,1,1,5,77.24000000000001,-0.61296,0
N=Cc1ncc(=O)[nH]n1,124.103,4,2,1,1,5,82.49,-0.8374300000000001,0
N#CC1=NC(O)=NC1=N,122.08699999999999,3,2,0,1,5,92.59,-0.14415,0
O=NNC1C=NC=N1,112.092,4,1,2,1,5,66.18,-0.30380000000000007,1
CN=C1ON=C1NC=O,127.10299999999998,4,1,1,1,5,63.050000000000004,-0.8956000000000002,0
N=C1OC=NCC(=O)O1,128.087,5,1,0,1,5,71.74,-0.47713000000000005,0
N=C1NC=NC1C(N)=O,126.119,3,3,1,1,5,91.33000000000001,-1.5509300000000004,1
N=C1OC1C(=O)OC=O,129.071,5,1,2,1,5,79.75,-0.9379300000000002,1
CC(O)C1=NN=C1N,113.12000000000002,4,2,1,1,4,70.97,-0.9060000000000001,1
COc1ncc(=N)[nH]n1,126.119,4,2,1,1,5,74.65,-0.7072300000000002,0
N=C1OCNC(=O)C(=O)O1,144.08599999999998,5,2,0,1,6,88.48,-1.4317300000000004,0
COC1=NC(=O)N=C1N,127.10300000000001,3,1,0,1,5,77.03999999999999,-0.47789999999999994,0
N=C1NC(=N)C(=O)OCO1,143.102,5,3,0,1,6,95.26000000000002,-0.98106,0
N=c1ccnc(O)n1N,126.119,5,3,0,1,5,87.92,-1.2180300000000002,0
CC(=O)C1=NN=C1N,111.10400000000001,4,1,1,1,4,67.81,-0.6978,0
NC1=NC(=O)C(C=O)=N1,125.08699999999997,4,1,1,1,5,84.88,-1.5188,0
Nc1ncc(=O)oc1N,127.103,5,2,0,1,5,95.14,-0.8008000000000002,0
N=CC1=NC=NC1=N,108.104,3,2,1,1,4,72.42,0.09614,0
N#CCc1nc(O)n[nH]1,124.103,4,2,1,1,5,85.59,-0.42362000000000005,0
N=C1NC(C=O)C(=O)O1,128.087,4,2,1,1,5,79.25000000000001,-1.3649300000000002,1
CN=C1N=C(CO)N1N,128.135,3,2,1,1,5,74.21000000000001,-1.4476999999999998,0
N=CNn1occc1=O,127.10299999999997,4,2,2,1,5,71.02000000000001,-0.4081300000000001,0
O=C(O)c1cn[nH]n1,113.07600000000001,3,2,1,1,5,78.86999999999999,-0.49710000000000004,0
CNC(=O)C1=CC(=N)O1,126.11499999999998,3,2,1,1,4,62.18000000000001,-0.37623,0
N=c1nc(CN)n(C=O)[nH]1,141.13400000000001,5,3,2,1,6,100.54999999999998,-1.8123299999999993,0
COc1nnc(=N)[nH]n1,127.107,5,2,1,1,6,87.54,-1.3122300000000002,0
CC(=O)C1=NOC1=N,112.088,4,1,1,1,4,62.51,-0.06112999999999996,0
N=C1OCC(=O)C(=N)O1,128.087,5,2,0,1,5,83.23,-0.48566000000000015,0
N=C1OCC(=O)C(=N)O1,128.087,5,2,0,1,5,83.23,-0.48566000000000015,0
NC1=C(CO)N=C1C=O,126.11499999999998,4,2,2,1,4,75.68,-1.1975000000000002,0
N=Cc1ncn(O)c1N,126.119,5,3,1,1,5,87.92,-0.2997300000000002,0
COC1=NC(=O)C(N)=N1,127.10300000000001,4,1,0,1,5,77.03999999999999,-1.1138000000000003,0
N=C1N=CC(C(N)=O)=N1,124.10300000000001,2,2,1,1,5,91.66000000000001,-1.06813,0
N=C1OCN=CNC1=CN,140.14599999999996,5,3,0,1,5,83.49,-0.6306300000000002,0
N=C1OCC=NOC1=N,127.103,5,2,0,1,5,78.52000000000001,-0.026460000000000095,0
N=COCN1C(=O)C=C1N,141.12999999999997,4,2,3,1,5,79.41,-0.7901300000000002,0
CC(=N)n1cnoc1=N,126.11899999999999,5,2,0,1,5,78.66,-0.19915999999999995,0
CC(=O)c1conc1O,127.09899999999998,4,1,1,1,4,63.33,0.5828,0
CC1(C(=N)NO)CO1,116.11999999999999,3,3,1,1,4,68.64,-0.26863000000000015,1
N=Cn1c(=NO)c1=NO,128.09099999999998,6,3,1,1,6,93.96000000000001,-1.60133,0
N=C1N=C(N)C=C1N,110.12,3,3,0,1,4,88.25,-0.8229299999999997,0
NC1=NN=CC1=CO,111.10399999999997,4,2,0,1,4,70.97,-0.21510000000000012,0
CN=C1NC(=O)NCO1,129.119,3,2,0,1,5,62.72,-0.7409000000000001,0
N=C1OC(=N)C(=O)O1,114.05999999999999,5,2,0,1,5,83.23,-0.5281600000000002,0
N=c1c(CN)conc1N,140.146,5,3,1,1,5,101.92,-0.8050300000000001,0
N=CC1=NC(=N)NC1=O,124.103,3,3,1,1,5,89.16,-0.8584600000000002,0
N=C1N=CC(N)=C1N,110.12000000000002,3,3,0,1,4,88.25,-0.8229300000000002,0
CNC1=NC(=N)OC1=O,127.10299999999998,4,2,0,1,5,74.53999999999999,-0.9041300000000003,0
N=c1[nH]c(=O)[nH]c(=O)o1,129.075,4,3,0,1,6,102.71,-1.8643299999999998,0
COc1n[nH]nc1C=O,127.10299999999998,4,1,2,1,5,67.87,-0.37420000000000025,0
C#CC(=O)NN1CO1,112.088,3,1,1,1,4,44.64,-1.1445,1
COC1=NN=C(N)C1=O,127.103,5,1,0,1,5,77.03999999999999,-1.1138000000000001,0
N=C1COCNC(=N)O1,129.119,4,3,0,1,5,78.19000000000001,-0.5076600000000004,0
NC1=NC=NNC1=CO,126.11899999999997,5,3,0,1,5,83.0,-0.7105000000000001,0
N=c1[nH]cnnc1CN,125.13500000000002,4,3,1,1,5,91.44,-1.2571299999999999,0
NC1=NC(=O)C(C=O)=N1,125.08699999999997,4,1,1,1,5,84.88,-1.5188,0
N=C(N)C1(N)COCO1,131.13500000000002,4,3,1,1,5,94.35000000000001,-1.41833,1
COC(=N)C1=NC(N)=N1,126.11900000000001,5,2,1,1,5,83.82,-0.6631300000000002,0
CCn1cnc(=O)nc1,125.13099999999999,4,0,1,1,4,47.78,-0.3418000000000001,0
N=CNC1=CN1C(=N)O,126.11899999999999,2,4,2,1,5,82.97,-0.20966,0
Cc1nc(N)nc(=O)o1,127.103,5,1,0,1,5,82.01,-0.6795800000000001,0
O=CC(O)c1c[nH]nn1,127.10300000000001,4,2,2,1,5,78.86999999999999,-0.9630000000000003,1
COC1=NC(=N)C(N)=N1,126.11900000000001,4,2,0,1,5,83.82,-0.6631300000000002,0
N=C1NCC(=O)C(O)CO1,144.12999999999997,4,3,0,1,5,82.41000000000001,-1.5290300000000003,1
N=C1NCC(=O)N=CO1,127.103,3,2,0,1,5,74.54,-0.9041300000000001,0
N=C1OC(=N)C(=O)O1,114.05999999999999,5,2,0,1,5,83.23,-0.5281600000000002,0
N=C1C(=NCO)C1CN,127.14699999999999,4,3,2,1,4,82.46,-1.0145300000000004,1
CC1(N=O)OCC(=N)C1=N,141.13,5,2,1,1,5,86.36,0.53874,1
N#CC1=NC(N)(C=N)N1,123.119,5,3,1,1,5,98.05000000000001,-1.22625,1
Cn1nc(N)nc1C=O,126.119,5,1,1,1,5,73.80000000000001,-0.7902,0
N=C1C=NC(N)=C1N,110.12000000000002,4,3,0,1,4,88.25,-0.8229300000000002,0
COC1=NC(=O)C(N)=N1,127.10300000000001,4,1,0,1,5,77.03999999999999,-1.1138000000000003,0
N=C1N=CNC(=O)CO1,127.10299999999998,3,2,0,1,5,74.54,-0.9041300000000001,0
N=C1NC=CNC(=N)O1,126.119,3,4,0,1,5,80.99000000000001,-0.46346000000000037,0
N=CNC1CONC1=O,129.119,3,3,2,1,5,74.21000000000001,-1.3869300000000002,1
N=CC1=NC=NC1=O,109.088,3,1,1,1,4,65.64,-0.35453,0
CCC(=N)n1ncc(N)n1,139.162,5,2,1,1,5,80.58,0.09567000000000009,0
Cc1nc(O)noc1=N,127.10299999999998,5,2,0,1,5,83.0,-0.4369100000000001,0
N=COC1=NC(=N)N=C1,124.103,3,2,1,1,5,81.64999999999999,0.027739999999999987,0
N=Cc1cnc(=N)on1,124.103,5,2,1,1,5,86.62,-0.45325999999999994,0
O=Cc1nnc(CO)[nH]1,127.10299999999998,4,2,2,1,5,78.87,-0.8905000000000001,0
COc1c[nH]c(=O)c(=O)o1,143.09799999999998,4,1,1,1,5,72.30000000000001,-0.6633,0
CN=c1cc(O)[nH]nn1,126.119,4,2,0,1,5,74.16,-0.9592000000000003,0
CN=C1N=CN=C1C=N,122.13099999999999,3,1,1,1,4,60.93,0.14717000000000008,0
N=C1C=NC(N)=C1N,110.12000000000002,4,3,0,1,4,88.25,-0.8229300000000002,0
N=CCN1N=CC1=N,110.11999999999999,3,2,2,1,4,63.300000000000004,-0.08536000000000005,0
N#Cn1c(CO)noc1=N,140.102,6,2,1,1,6,98.83000000000001,-1.22295,0
COc1cnc([O-])c(=N)o1,141.106,5,1,1,1,5,82.17,-0.76373,0
C#CC1=NC(=N)N=N1,106.08800000000001,2,1,0,1,4,60.93,0.4186700000000001,0
COC1=NN=C1C=N,111.10399999999998,4,1,1,1,4,57.800000000000004,0.05046999999999996,0
Nc1cnc(C=O)n1N,126.119,5,2,1,1,5,86.92999999999999,-1.0084,0
Cc1noc(=N)nc1CO,141.13000000000002,5,2,1,1,5,83.0,-0.6502100000000002,0
C#Cc1cc(N)nn1C=N,134.14200000000002,4,2,1,1,4,67.69,-0.09823000000000015,0
Nc1oncc1C=O,112.08799999999998,4,1,1,1,4,69.12,0.06930000000000003,0
CN=C1C=NN=C1N,110.12,4,1,0,1,4,63.099999999999994,-0.5862,0
N=CCc1nnoc1N,126.11900000000001,5,2,2,1,5,88.79,-0.15613,0
CC(=O)n1cnn1C,113.12,4,0,0,1,4,39.82,-0.11829999999999996,0
NC1=C(OC=O)C(=O)N1,128.087,4,2,2,1,5,81.42,-1.5830000000000004,0
N=C1N=C(C(=N)N)O1,112.092,3,3,1,1,5,95.31,-0.7141600000000001,0
N=C1N=CN=C1O,97.07699999999998,2,2,0,1,4,68.8,-0.03793000000000002,0
Nc1coc(=O)n1CO,130.103,5,2,1,1,5,81.39,-1.0267000000000002,0
CC1OC(=N)OC(=N)O1,130.10299999999998,5,2,0,1,5,75.39,0.2653399999999999,0
CN=C1C=NOC1=N,111.10399999999998,4,1,0,1,4,57.800000000000004,0.05046999999999996,0
CC1=NC(=N)NC1=O,111.10399999999998,2,2,0,1,4,65.31,-0.4881300000000001,0
N=C1OCNC1=NC=O,127.10299999999998,3,2,1,1,5,74.53999999999999,-0.9041300000000003,0
CNC(=O)C1=NNC1=O,127.103,3,2,1,1,5,70.56,-1.7817999999999996,0
CN=C1N=C(CO)OC1=N,141.13,4,2,1,1,5,78.03,-0.5870300000000002,0
CN=c1ncoc(=N)o1,127.10299999999998,5,1,0,1,5,75.38,-0.7224300000000003,0
Cc1nc(O)n[nH]c1=O,127.10299999999998,4,2,0,1,5,78.87,-0.8210800000000003,0
N=C1OC(=O)OC=NC1N,143.10199999999998,6,2,0,1,6,97.75999999999999,-0.5564300000000002,1
N=c1nc(C=O)cn[nH]1,124.10299999999998,4,2,1,1,5,82.49000000000001,-0.9033300000000002,0
CNC(=O)C1=NC(=N)O1,127.103,3,2,1,1,5,74.54,-0.9041300000000001,0
N=CN1C(=O)CNC1=O,127.10299999999998,3,2,1,1,5,73.26,-0.85473,0
N=COc1[nH]nnc1C=N,139.118,5,3,3,1,6,98.5,-0.2117599999999999,0
COC1=[N+]([O-])C(=N)N=C1,127.103,3,1,0,1,5,71.50999999999999,-0.43923000000000023,0
N=CN1OCC=NC1=N,126.119,3,2,1,1,5,72.53,-0.15376000000000006,0
Nc1noc(C=O)c1N,127.103,5,2,1,1,5,95.14,-0.3485000000000002,0
O=c1nc[nH]c(=O)n1O,129.075,5,2,0,1,6,87.98,-1.8311000000000002,0
CC(=O)C1=NOC1=O,113.07199999999999,4,0,1,1,4,55.73,-0.5118,0
N=CNC1C(=O)CNC1=O,141.13,3,3,2,1,5,82.05000000000001,-1.7494299999999996,1
N=C1OCOC1CO,117.10399999999998,4,2,1,1,4,62.540000000000006,-0.67113,1
O=CC(O)c1cnon1,128.087,5,1,2,1,5,76.22,-0.6981000000000002,1
N=C1NC(C=NO)CO1,129.119,4,3,1,1,5,77.7,-0.63043,1
Cc1n[nH]c(=O)nc1N,126.119,4,2,0,1,5,84.66,-0.9444800000000002,0
N=CN1C=NC1C(=O)O,127.10299999999997,3,2,2,1,5,76.75,-0.6519299999999999,1
CC1=NC(=O)C(N)=N1,111.104,3,1,0,1,4,67.81,-0.6978,0
N=c1cc(CO)nn[nH]1,126.119,4,3,1,1,5,85.65,-1.2235300000000002,0
NC1=C(O)N=CC1=O,112.088,4,2,0,1,4,75.68,-0.6743000000000001,0
CC1(NC=O)NC1=N,113.12,2,3,2,1,4,74.89000000000001,-0.9709300000000001,1
N=C1N=CC(O)N=CO1,127.10299999999998,4,2,0,1,5,78.03,-0.6311300000000002,1
CC(=O)c1n[nH]c(N)n1,126.11900000000001,4,2,1,1,5,84.66,-0.41050000000000003,0
N=C(C=O)NC1=CN=N1,124.103,4,2,2,1,5,77.67,0.01687000000000005,0
N=C1NC(C=O)=C1N,111.104,3,3,1,1,4,78.97,-1.0639300000000003,0
CN=C1NN=C1CN,112.13600000000001,3,2,1,1,4,62.769999999999996,-1.0674,0
CN=NC1C(=N)OC1=O,127.103,5,1,1,1,5,74.87,-0.028930000000000067,1
N=C1OC(=N)C(=NO)O1,129.075,6,3,0,1,6,98.75,-0.26705999999999996,0
Nc1nc(C=O)c(N)o1,127.10299999999998,5,2,1,1,5,95.14,-0.3485,0
CC(=O)c1cnon1,112.088,4,0,1,1,4,55.99,0.2722,0
N=C1NC(=O)C(N)CO1,129.119,4,3,0,1,5,88.2,-1.6051300000000004,1
O=Cc1nncc(O)n1,125.08699999999997,5,1,1,1,5,75.97,-0.6103000000000001,0
Cc1nc(N)noc1=N,126.119,5,2,0,1,5,88.78999999999999,-0.5603100000000001,0
NC1=CC(=O)C(O)=N1,112.088,3,2,0,1,4,75.68,-0.6743000000000001,0
CC(=N)NC1=NC(=O)O1,127.103,3,2,0,1,5,74.54,0.07937000000000005,0
Nc1cnc(C=O)n1N,126.119,5,2,1,1,5,86.92999999999999,-1.0084,0
CC1=NCN=COC1=O,126.11499999999997,4,0,0,1,4,51.02,-0.010099999999999998,0
Cc1nnc(CO)nc1N,140.146,5,2,1,1,5,84.92,-0.7454800000000001,0
N=CC1=NC(=O)C(N)=N1,124.10300000000001,4,2,1,1,5,91.66,-1.06813,0
N=Cc1cnnc(N)n1,123.11900000000001,5,2,1,1,5,88.54,-0.5485300000000002,0
Nc1c[nH]c(OC=O)c1,126.11499999999998,3,2,2,1,4,68.11000000000001,0.13210000000000022,0
O=Cc1ncc(=O)on1,126.07099999999998,5,0,1,1,5,73.06,-0.7577,0
Cc1nnc(=O)oc1N,127.103,5,1,0,1,5,82.01,-0.6795800000000001,0
CN=C1NC(=O)N=C1O,127.10299999999998,2,2,0,1,5,74.05,-0.3055999999999999,0
CN=C1N=CN=C1O,111.10399999999998,2,1,0,1,4,57.31,0.013100000000000056,0
C#Cc1nonc1N,109.08800000000001,4,1,0,1,4,64.94,-0.36689999999999995,0
COc1coc(=O)n1N,130.10299999999998,5,1,1,1,5,70.39,-0.8363,0
N=C1C=C(N)OC1=O,112.088,4,2,0,1,4,76.17000000000002,-0.6369300000000002,0
NC1=NCC(=O)N1C=O,127.10299999999998,4,1,1,1,5,75.75999999999999,-1.7002999999999997,0
N=CN1C(=N)OC1=O,113.07599999999998,4,2,1,1,5,77.24000000000001,-0.01955999999999991,0
NC1=NC=NC(=O)C1=O,125.08699999999997,4,1,0,1,5,84.88,-1.5188,0
CNC1=NC(N)=CC1=O,125.13099999999999,4,2,0,1,4,67.47999999999999,-1.0129,0
COC1=NOC(=N)C1=O,128.087,5,1,0,1,5,71.74000000000001,-0.47713,0
Cn1nc[nH]c1=NCO,128.135,4,2,1,1,5,66.2,-1.4013,0
Nn1c(C=O)cnc1CO,141.13,5,2,2,1,5,81.14,-1.0983000000000005,0
N=C1NC(=N)OC(=O)CO1,143.102,5,3,0,1,6,95.26,-0.98106,0
CC1(C#N)C=NN=N1,108.10400000000001,4,0,0,1,4,60.87,0.72028,1
N=CN=c1occnc1O,139.11399999999998,4,2,1,1,5,82.47,-0.11202999999999996,0
CN=C1OC(F)=NC1=O,130.078,3,0,0,1,5,51.02,-0.10300000000000004,0
N=c1[nH]nncc1C=O,124.10299999999998,4,2,1,1,5,82.49000000000001,-0.9033300000000004,0
COC1=NC(=N)N=C1N,126.11900000000001,3,2,0,1,5,83.82,-0.66313,0
C#CCc1nnoc1N,123.11500000000001,4,1,1,1,4,64.94,-0.1725,0
CC(=O)C1=NNC1=N,111.104,3,2,1,1,4,65.31,-0.4881300000000001,0
COC1=NC(=O)N=C1O,128.087,2,1,0,1,5,71.25,0.12140000000000001,0
N=C1CNC(=O)C(=O)N1,127.10299999999998,3,3,0,1,5,82.05000000000001,-1.79033,0
N=C(N)C1COC(=O)N1,129.119,3,3,1,1,5,88.20000000000002,-0.9692300000000003,1
CN=c1nc(N)ccn1O,140.14600000000002,5,2,0,1,5,76.42999999999999,-0.7669000000000004,0
N=C1N=C(CN)C(=N)O1,126.119,4,3,1,1,5,95.31000000000002,-0.6716600000000001,0
CN=C1N=C(N)N1C=N,125.135,3,2,1,1,5,77.83,-0.7904299999999997,0
CN=C1N=CN=C1N,110.12,3,1,0,1,4,63.099999999999994,-0.5861999999999998,0
O=c1cn[nH]c(=O)o1,114.05999999999999,4,1,0,1,5,75.96000000000001,-1.2769000000000001,0
N=CN1C(=N)NC1C=O,126.11899999999997,3,3,2,1,5,80.04,-1.0415600000000003,1
Nc1[nH]cnc(=O)c1CO,141.13,4,3,1,1,5,92.00000000000001,-1.1556,0
CC1(O)NCC(=N)O1,116.12,4,3,0,1,4,65.34,-0.7505300000000001,1
COc1nn[nH]c1N=O,128.091,5,1,2,1,6,80.23,0.21119999999999978,0
COC1=NN=C1C=N,111.10399999999998,4,1,1,1,4,57.800000000000004,0.05046999999999996,0
Nc1ncnc(C=O)n1,124.10299999999998,5,1,1,1,5,81.76,-0.7337,0
CNc1nc(C=N)no1,126.11899999999999,5,2,2,1,5,74.80000000000001,0.1089699999999999,0
N=C(O)C1=NC(=O)C=N1,125.08699999999999,3,2,1,1,5,85.86999999999999,-0.4688300000000001,0
N=C1COCC(N=O)O1,130.103,5,1,1,1,5,71.74,0.10297,1
N=C1OCC(=N)C(=N)O1,127.103,5,3,0,1,5,90.01,-0.034989999999999966,0
N=C(N)C1=NNC1=O,112.092,3,3,1,1,5,91.33000000000001,-1.5918300000000003,0
N=C1NN=C1C(N)C=O,126.11899999999999,4,3,2,1,5,91.33000000000001,-1.5509300000000004,1
N=C1OC(=O)NC1=O,114.05999999999999,4,2,0,1,5,79.25,-0.7699300000000002,0
CN=NC1C(=O)C1=O,112.088,4,0,1,1,4,58.86,-0.4112,0
CC1=NC(=O)N=C1N,111.104,2,1,0,1,4,67.81,-0.061899999999999844,0
N#Cc1nn[nH]c1C=N,121.10299999999998,4,2,1,1,5,89.21000000000001,-0.32595000000000013,0
N=CN1CC(=O)OC1=N,127.10299999999998,4,2,1,1,5,77.24000000000001,-0.61296,0
CN=C(N)C1=NC(=O)O1,127.10299999999998,3,1,1,1,5,77.04,-0.47789999999999994,0
CN=c1nc(N)c1=O,111.104,4,1,0,1,4,68.34,-1.5698999999999999,0
CC(=N)n1ncc(=O)o1,127.10299999999998,5,1,0,1,5,71.88,-0.31842999999999994,0
N=C1C=NC(N)=C1C=O,123.115,4,2,1,1,4,79.30000000000001,-0.5402300000000002,0
N=C1COC(=N)NCO1,129.119,4,3,0,1,5,78.19,-0.5076600000000002,0
CN=C1ON=C1C=N,111.10399999999998,4,1,1,1,4,57.800000000000004,0.05047000000000007,0
N=CC1=NC(N)=NC1=N,123.11900000000001,4,3,1,1,5,98.44,-0.6174600000000001,0
N=C1OC(CO)=C1N,114.104,4,3,1,1,4,79.33,-0.8435300000000001,0
N=C1COCC(=NO)N1,129.119,4,3,0,1,5,77.7,-0.6288300000000002,0
Cc1n[nH]nc1NC=O,126.11899999999999,3,2,2,1,5,70.67,-0.31858000000000025,0
N=C1C=C(N)NC1=N,110.12,3,4,0,1,4,85.75,-0.6132600000000001,0
N=C1OCNC(=O)CO1,130.10299999999998,4,2,0,1,5,71.41,-0.9583300000000003,0
N=C1OC(C=O)OC1=O,129.071,5,1,1,1,5,76.44999999999999,-0.9379300000000002,1
COC1=CC(=N)N=C1N,125.13100000000001,3,2,1,1,4,71.46,-0.13522999999999985,0
Cc1nc(OC#N)no1,125.08699999999999,5,0,1,1,5,71.94,0.23789999999999994,0
C#CCn1nnc(N)n1,123.11900000000001,5,1,1,1,5,69.62,-1.1115000000000002,0
NC(=O)C1NC(C=O)O1,130.10299999999998,4,2,2,1,5,81.42,-2.0573999999999995,2
NC1=NC(=O)C(=O)N1,113.07599999999998,3,2,0,1,5,84.55,-2.0425000000000004,0
CNC1=NC(=O)C(N)=N1,126.119,4,2,0,1,5,79.84,-1.540799999999999,0
CC(O)C1=NNC1=O,114.104,3,2,1,1,4,61.690000000000005,-1.1470000000000002,1
CN=c1[nH]nncc1N,125.135,4,2,0,1,5,79.95,-1.0826,0
COC1=NC(=O)C(N)=N1,127.10300000000001,4,1,0,1,5,77.03999999999999,-1.1138000000000003,0
CCc1cc(=O)[nH]nn1,125.131,3,1,1,1,4,58.64,-0.2727000000000001,0
N=Cn1cc(C(=N)O)o1,127.10299999999998,4,3,2,1,5,86.0,0.41964000000000007,0
Nc1cnc(C=O)c(N)n1,138.13,5,2,1,1,5,94.89,-0.5465,0
O=C1ON=C(CO)C1=O,129.071,5,1,1,1,5,75.96000000000001,-1.5394,0
N=CN1COC(=O)NC1=N,142.118,4,3,1,1,6,89.27000000000001,-0.47246000000000005,0
CC(=O)c1nn[nH]c1O,127.103,4,2,1,1,5,78.87,-0.2871,0
N=CN1C=NCOC1=O,127.10299999999998,4,1,1,1,5,65.75,0.03146999999999994,0
O=C1CN=NC(=O)NC1,127.103,3,1,0,1,5,70.89,-0.2691000000000001,0
N=CN1C(=O)N=C1N,112.092,3,2,1,1,5,82.54,-0.6562300000000001,0
N=CN1OC(=O)C1=O,114.05999999999999,4,1,1,1,5,70.46000000000001,-1.10613,0
CN=c1cc(N)cno1,125.131,4,1,0,1,4,64.41,-0.21270000000000006,0
Nc1cc(NC=O)cnn1,138.13,4,2,2,1,5,80.89999999999999,-0.37290000000000023,0
N=C1OCC(=O)NC1=O,128.087,4,2,0,1,5,79.25,-1.36333,0
N=Cc1nncoc1=N,124.10299999999998,5,2,1,1,5,86.62,-0.45326000000000016,0
N=C1C=NC(CO)=N1,111.104,3,2,1,1,4,68.8,-0.5611300000000001,0
CC(=O)C1=NC(=N)O1,112.088,3,1,1,1,4,62.510000000000005,-0.06112999999999996,0
N=C1OCC(=O)C1=NO,128.087,5,2,0,1,5,82.74,-0.60683,0
N=C1CNC(N)C1=O,113.11999999999999,4,3,0,1,4,78.97,-1.5367300000000006,1
O=C1CNC(=O)OCN1,130.103,3,2,0,1,5,67.43,-1.2001,0
N=C1CONC(=O)CO1,130.10299999999998,4,2,0,1,5,71.41,-0.9583300000000003,0
NC(=O)NC1=NC=N1,112.092,3,2,0,1,5,79.84,-0.9474,0
N=c1cc(N)nno1,112.09200000000001,5,2,0,1,5,88.79,-0.8687300000000002,0
COC1=NC(=N)N=N1,112.09200000000001,3,1,0,1,5,70.16,0.38937,0
CN=C1C=NC(N)=N1,110.12,3,1,0,1,4,63.099999999999994,-0.5862,0
CN=C1N=C(O)OC1=O,128.087,3,1,0,1,5,71.25,-0.5145,0
CC(=O)C1=NC(=O)C=N1,124.09899999999999,3,0,1,1,4,58.86,-0.4151,0
N=COCC1=CN=C1N,125.131,4,2,3,1,4,71.46,-0.13522999999999985,0
N=C1OC(O)C1=NC=O,128.087,4,2,1,1,5,82.74000000000001,-1.0903300000000002,1
N=C1NC(=N)C(=O)CO1,127.103,4,3,0,1,5,86.03000000000002,-0.91266,0
N=CC1=NN(O)C=NN1,127.10699999999999,6,3,1,1,6,84.07000000000001,-0.8128300000000002,0
CNc1cnoc1N=O,127.103,5,1,2,1,5,67.49000000000001,1.1141999999999999,0
NC1=NC(=O)C(O)=N1,113.07599999999998,3,2,0,1,5,88.03999999999999,-1.2022000000000002,0
N=C1CC(=O)OC(=O)N1,128.087,4,2,0,1,5,79.25,-0.37983000000000006,0
O=C1N=COC(=O)CN1,128.087,3,1,0,1,5,67.75999999999999,-0.7188999999999999,0
N=C1C=C(N)C=[N+]1[O-],111.104,3,2,0,1,4,75.94,-0.59903,0
CN=C(N)c1cnno1,126.11899999999999,4,1,1,1,5,77.3,-0.5953000000000004,0
N=COC1=NC(=N)CO1,127.103,4,2,1,1,5,78.52,-0.026460000000000095,0
N=C1N=NN=C1CCO,126.11899999999999,4,2,2,1,5,81.16,0.16787000000000007,0
C#Cc1nn[nH]c(=N)n1,121.103,4,2,0,1,5,78.31,-1.33953,0
N=C1CC(=O)OC(=O)O1,129.07099999999997,5,1,0,1,5,76.45,0.047170000000000045,0
Cc1noc(=O)[nH]c1=O,128.087,4,1,0,1,5,75.96000000000001,-0.96848,0
Cc1nnc(CO)n1N,128.135,5,2,1,1,5,76.96000000000001,-1.2073800000000001,0
CC(=O)c1n[nH]c(N)n1,126.11900000000001,4,2,1,1,5,84.66,-0.41050000000000003,0
CC(=O)n1nc(O)[nH]1,115.09199999999998,4,2,0,1,5,70.91,-0.4231000000000002,0
N=C1NC(=O)C(=N)O1,113.076,4,3,0,1,5,86.03000000000002,-0.9551600000000002,0
COC1=NC(=N)C(=N)O1,127.103,4,2,0,1,5,78.52,-0.02646000000000004,0
O=C1OC(=O)C(=O)O1,116.02799999999998,5,0,0,1,5,69.67,-0.7936000000000001,0
N=C(N)c1coc(=N)o1,127.10299999999998,4,3,1,1,5,100.00000000000001,-0.3638599999999998,0
Cc1onnc1CO,114.10399999999998,4,1,1,1,4,59.150000000000006,-0.12968000000000007,0
NC(=O)C1=NC=NC1=O,125.08699999999999,3,1,1,1,5,84.88,-1.5188,0
C#CCC1=NC(=N)N=N1,120.11500000000001,2,1,1,1,4,60.93,0.80877,0
CN=C1OC(=O)N=C1O,128.087,3,1,0,1,5,71.25,0.12140000000000001,0
Cn1nc(N)nc1C=O,126.119,5,1,1,1,5,73.80000000000001,-0.7902,0
N=C1NCOC(C=O)O1,130.10299999999998,4,2,1,1,5,71.41,-0.9599300000000002,1
CC(=O)C1=NC(=O)O1,113.07199999999999,3,0,1,1,4,55.730000000000004,0.12410000000000004,0
C#Cc1[nH]nnc1CO,123.115,3,2,1,1,4,61.8,-0.7217,0
CC1(NO)OC(=N)C1=O,130.103,5,3,1,1,5,82.41,-0.7420300000000002,1
CC(=O)C1=C(O)N=N1,112.088,4,1,1,1,4,62.019999999999996,0.7683,0
C#CCc1nn[nH]c1N,122.13100000000001,3,2,1,1,4,67.59,-0.4374000000000002,0
Nc1[nH]nc(C=O)[n+]1[O-],128.09099999999998,4,2,1,1,6,98.71000000000001,-1.5622,0
N#CCNC1COC=[N+]1[O-],141.13,4,1,2,1,5,71.11999999999999,-1.0055200000000002,1
CN=C(O)N1C=NC1=O,127.103,2,1,0,1,5,65.26,-0.00589999999999985,0
NC(=O)C1NC=NC1=O,127.10299999999998,3,2,1,1,5,84.55000000000001,-2.0016,1
N=C1NC(=O)C(=O)CO1,128.087,4,2,0,1,5,79.25000000000001,-1.36333,0
N=C1N=CN=C1NC=O,124.10299999999998,3,2,1,1,5,77.67,-0.8499300000000003,0
N=Cc1nncc(N)n1,123.119,5,2,1,1,5,88.54,-0.5485300000000002,0
N=C1COCNC(=N)O1,129.119,4,3,0,1,5,78.19000000000001,-0.5076600000000004,0
NC(=O)C1=NC(=O)C=N1,125.08699999999999,3,1,1,1,5,84.88000000000001,-1.5188,0
CN=C1N=C(N)C(=O)N1,126.119,3,2,0,1,5,79.84,-1.540799999999999,0
N=CN=C1NCC(=O)O1,127.10299999999998,3,2,1,1,5,74.54,-0.9041300000000001,0
CC1(C=N)COC(=N)O1,128.131,4,2,1,1,4,66.16,0.37624,1
N=C(ON)OC1NC1=O,131.09099999999998,5,3,1,1,6,107.34,-1.7160299999999997,1
N=C1OCN(C=O)CO1,130.10299999999998,4,1,1,1,5,62.620000000000005,-0.6586300000000003,0
NC1=CN=C(N)C1=O,111.104,4,2,0,1,4,81.47,-1.2735999999999998,0
N=C1C=NC(CO)=C1N,125.131,4,3,1,1,4,82.46,-0.7468300000000001,0
N=C(O)C1NCC(C=O)N1,143.146,4,4,2,1,5,85.21000000000001,-1.3919300000000003,2
C#CC(O)C1=NN=C1N,123.11500000000002,4,2,1,1,4,70.97,-1.2927,1
CCC1=NN=C(N)C1=O,125.13099999999999,4,1,1,1,4,67.81,-0.30770000000000003,0
O=CC1NC(=O)C(=O)O1,129.071,4,1,1,1,5,72.47,-1.8155999999999999,1
CC1=NNC(O)=NN1C=N,141.134,4,3,1,1,6,84.07000000000001,-0.3389299999999999,0
CN=C1N=NC(CN)=N1,125.135,3,1,1,1,5,75.46,-0.20479999999999998,0
CC1=NC(N)=NC1=O,111.104,3,1,0,1,4,67.81,-0.6978,0
N=C1NC(=O)OCC1=O,128.087,4,2,0,1,5,79.25,-0.72743,0
Nc1nc[nH]c1C=O,111.10399999999997,3,2,1,1,4,71.77,-0.19559999999999994,0
N=Cc1c(N)ocnc1=O,139.114,5,2,1,1,5,92.97,-0.38532999999999995,0
C#Cc1cn[nH]c(=O)n1,121.09899999999999,3,1,0,1,4,58.64,-0.8538000000000001,0
N=C1COC(=N)OCO1,130.103,5,2,0,1,5,75.39,-0.08066000000000012,0
N=C1N=COC(=O)CO1,128.087,4,1,0,1,5,71.74,-0.47713000000000005,0
Nc1cnc(C=O)c(N)n1,138.13,5,2,1,1,5,94.89,-0.5465,0
CC1=NC(=O)C(N)=N1,111.104,3,1,0,1,4,67.81,-0.6978,0
N=CNC1C(=O)N1C=N,126.119,3,3,3,1,5,79.81,-1.0415600000000003,1
CC(=O)C1=NC(N)=N1,111.10400000000001,4,1,1,1,4,67.81,-0.6978,0
NC(=O)C1=NC(N)=N1,112.09200000000001,4,2,1,1,5,93.83,-1.8014999999999999,0
CNC(=O)n1cnc(N)n1,141.13400000000001,5,2,0,1,6,85.83,-0.9521999999999999,0
N=c1cnc(C=O)n[nH]1,124.103,4,2,1,1,5,82.49000000000001,-0.9033300000000002,0
N=Cn1on(C=O)c1=N,128.09099999999998,6,2,2,1,6,87.77000000000001,-1.14446,0
N=C1N=COC(=O)CO1,128.087,4,1,0,1,5,71.74,-0.47713000000000005,0
N=CN1CC(C=O)OC1=O,142.11399999999998,4,1,2,1,5,70.46000000000001,-0.38683,1
N#CCc1nonc1N,124.10300000000001,5,1,1,1,5,88.73,-0.28212000000000004,0
N=CC1NC(=N)OC1=N,126.119,4,4,1,1,5,92.81,-0.46359000000000034,1
CC(=O)n1cnc(O)n1,127.103,5,1,0,1,5,68.01,-0.3562,0
O=CC1=CN=NC1=O,110.07199999999999,3,0,1,1,4,58.86,0.06159999999999996,0
N=C1OCNC(=O)CO1,130.10299999999998,4,2,0,1,5,71.41,-0.9583300000000003,0
N=COC1=NC(=N)C=N1,124.103,4,2,1,1,5,81.64999999999999,0.027739999999999987,0
N=C1OCOCOC(=N)O1,146.102,6,2,0,1,6,84.62000000000002,-0.14905999999999991,0
NC(=O)c1cnc(N)o1,127.103,4,2,1,1,5,95.14,-0.6443000000000001,0
N=C1CCOC(=N)C(=N)O1,141.13,5,3,0,1,5,90.01,0.3551099999999999,0
N=c1nc(N)onc1O,128.091,6,3,0,1,6,109.02000000000001,-1.1631300000000002,0
N=CC(O)c1cn[nH]n1,126.11900000000001,4,3,2,1,5,85.64999999999999,-0.5123300000000002,1
N=C1C=C(N)C(=N)O1,111.104,4,3,0,1,4,82.95,-0.18625999999999998,0
N=C1COC(=N)CO1,114.104,4,2,0,1,4,66.16,-0.012260000000000104,0
N=C1OC(=O)NC1=O,114.05999999999999,4,2,0,1,5,79.25,-0.7699300000000002,0
NC1=NOC=C(C=O)N=C1,139.114,5,1,1,1,5,77.04,-0.6001000000000001,0
N#CCOc1conn1,125.08699999999999,5,0,2,1,5,71.94,-0.028020000000000045,0
Cn1cnc(NC=O)n1,126.11899999999999,4,1,2,1,5,59.81,-0.6166000000000003,0
Nc1ncc(C=O)nn1,124.103,5,1,1,1,5,81.76,-0.7337000000000002,0
Cc1nocc(O)c1=N,126.11499999999998,4,2,0,1,4,70.11000000000001,0.16808999999999996,0
N=C1OCC(C(N)=O)O1,130.103,4,2,1,1,5,85.39999999999999,-1.1781300000000001,1
Cn1cc(N)nnc1=O,126.11900000000001,5,1,0,1,5,73.80000000000001,-1.2425000000000004,0
N=C1COC(=N)OCCO1,144.13,5,2,0,1,5,75.39,-0.038160000000000194,0
Nn1c(CO)coc1=O,130.10299999999998,5,2,1,1,5,81.38999999999999,-1.3526000000000002,0
CC1(O)NC(=O)C(=N)O1,130.103,4,3,0,1,5,82.41000000000001,-1.2239300000000004,1
COC1=NC(=O)C(N)=N1,127.10300000000001,4,1,0,1,5,77.03999999999999,-1.1138000000000003,0
COC1=NN=C1NC=N,126.11899999999999,4,2,1,1,5,69.83000000000001,-0.4449300000000002,0
N=c1onnc(N)c1C=O,140.102,6,2,1,1,6,105.86000000000001,-1.05623,0
COC1=CC(=N)N=C1N,125.13100000000001,3,2,1,1,4,71.46,-0.13522999999999985,0
NC1=C(N)C(=O)N=C1,111.10399999999998,3,2,0,1,4,81.47,-1.2736000000000003,0
N=CC1NC(=N)C(=N)O1,126.119,4,4,1,1,5,92.81000000000002,-0.46359000000000034,1
COc1nn[nH]c1C=N,126.11899999999999,4,2,2,1,5,74.65,-0.1890300000000002,0
N=CN1OC(=O)OC1O,132.075,5,2,1,1,6,82.85000000000001,-0.7468300000000001,1
Nc1nn[nH]c1C=NC=O,139.11799999999997,4,2,2,1,6,97.02000000000001,-1.0378000000000005,0
N=C1COC(=N)OCO1,130.103,5,2,0,1,5,75.39,-0.08066000000000012,0
N=c1[nH]ncc(=O)o1,113.07599999999998,4,2,0,1,5,82.74,-1.15763,0
CC(=O)C1=CC(=O)N1,111.09999999999998,2,1,1,1,3,46.17,-0.4109,0
NC1=CC(=O)C(N)=N1,111.10400000000001,4,2,0,1,4,81.47,-1.2735999999999998,0
Nc1cc[n+]([O-])oc1=O,128.087,4,1,0,1,5,83.16999999999999,-1.1445999999999998,0
CC1(C(=N)O)OC1=N,114.10399999999998,3,3,1,1,4,80.46000000000001,0.28784000000000004,1
N=C1NC(=O)COC1=N,127.103,4,3,0,1,5,86.03,-0.9126600000000002,0
N=c1ncc(N)nn1O,127.10700000000001,6,3,0,1,6,100.81000000000002,-1.42293,0
N#COCC1=NNC1=O,125.087,4,1,2,1,5,74.47999999999999,-1.0301200000000001,0
N=c1[nH]c(=O)nco1,113.076,4,2,0,1,5,82.74,-1.15763,0
NC1=C(N)C(=O)N=C1,111.10399999999998,3,2,0,1,4,81.47,-1.2736000000000003,0
COc1nnc(N)n1C,128.135,5,1,1,1,5,65.96000000000001,-0.5941000000000003,0
N=CN1C=COC(=O)N1,127.10299999999998,3,2,1,1,5,65.42,0.021469999999999934,0
N=C1CNC(=N)N1C=O,126.11899999999999,3,3,1,1,5,80.04,-1.0399600000000004,0
O=CN1CNC(=O)CN1,129.119,3,2,1,1,5,61.440000000000005,-1.9632999999999994,0
COC1=NN=C1CO,114.10399999999998,4,1,1,1,4,54.18000000000001,-0.6068,0
Cc1n[nH]c(=N)n1CO,128.135,4,3,1,1,5,77.69,-1.0511100000000002,0
N=C1NC(=N)OC(=O)CO1,143.102,5,3,0,1,6,95.26,-0.98106,0
Nc1cnoc(=O)c1N,127.103,5,2,0,1,5,95.14,-0.8008,0
N=C1NC(=O)N=CCO1,127.103,3,2,0,1,5,74.54,-0.26822999999999997,0
N=c1cc(N)oc(=O)o1,128.087,5,2,0,1,5,93.22000000000001,-0.70553,0
COC1=NC(=O)N1C=N,127.103,3,1,1,1,5,65.75,0.031470000000000053,0
CC(=O)c1nn[nH]n1,112.09200000000001,4,1,1,1,5,71.53,-0.5977000000000001,0
N=C1CONC(=O)CO1,130.10299999999998,4,2,0,1,5,71.41,-0.9583300000000003,0
CC1(O)COC(=N)CO1,131.131,4,2,0,1,4,62.540000000000006,-0.2810300000000001,1
O=CC(=O)C1=NNC1=O,126.071,4,1,2,1,5,75.6,-1.7598,0
Nc1nc[nH]c(=O)c1O,127.10299999999997,4,3,0,1,5,92.0,-0.9423000000000001,0
NC1=NN=C1C=NC=O,124.10299999999998,4,1,2,1,5,80.16999999999999,-1.0596,0
NC1=C(O)N=CC1=O,112.088,4,2,0,1,4,75.68,-0.6743000000000001,0
N=CN1CC(=O)OCO1,130.10299999999998,4,1,1,1,5,62.620000000000005,-0.65863,0
NC(=O)C1=NC(N)=N1,112.09200000000001,4,2,1,1,5,93.83,-1.8014999999999999,0
Nc1cnc(N)n1C=O,126.119,5,2,1,1,5,86.92999999999998,-0.9142000000000001,0
N=C(N)C1=NN=C1C=O,124.103,4,2,2,1,5,91.66,-1.06813,0
N=C1CC(=O)NC(=O)O1,128.087,4,2,0,1,5,79.25000000000001,-0.37983000000000006,0
N=C1N=CC(N)=NC1=O,124.10300000000001,3,2,0,1,5,91.66,-1.0681300000000002,0
N=C1NC(C=O)NCO1,129.119,4,3,1,1,5,74.21000000000001,-1.38693,1
CC(N)C1=NN=C1N,112.13600000000001,4,2,1,1,4,76.75999999999999,-0.9396,1
NC1=CC(=O)N=C1O,112.088,2,2,0,1,4,75.68,-0.6742999999999999,0
N=C1C=NC(C=O)=N1,109.088,3,1,1,1,4,65.64,-0.35453,0
N=C1C=NC(F)=NC1=N,126.09400000000001,3,2,0,1,5,72.42,0.39334,0
N=C1N=CN=C1CN,110.12,3,2,1,1,4,74.59,-0.59473,0
Nc1cnc(NC=O)o1,127.10299999999998,4,2,2,1,5,81.14999999999999,-0.17490000000000022,0
COC1=NN=C1NC#N,124.103,5,1,0,1,5,69.77000000000001,-0.5709200000000001,0
N=CC1=NC(N)=C1N,110.12000000000002,4,3,1,1,4,88.25,-0.8229300000000002,0
N=C1OCOC(N)C1=O,130.103,5,2,0,1,5,85.4,-1.1781300000000001,1
Cn1cnc(NC=O)c1,125.13099999999997,3,1,2,1,4,46.92,-0.01160000000000011,0
N=C1NCC(=O)N1C=O,127.103,3,2,1,1,5,73.26,-1.4906300000000001,0
CN=C1OCC1C(N)=O,128.131,3,1,1,1,4,64.68,-0.8536000000000001,1
CN1C(=N)OC1=NC=O,127.10299999999998,3,1,1,1,5,65.75,-0.6044300000000002,0
NC1=CC(=O)N=C1N,111.10400000000001,3,2,0,1,4,81.47,-1.2736000000000003,0
Cn1ncc(=N)n1C=O,126.119,5,1,1,1,5,63.67,-1.2606300000000001,0
N#CCC1=NC(=N)N=N1,121.10300000000001,3,1,1,1,5,84.72,0.69915,0
N=C1NC(C(=N)O)CO1,129.119,3,4,1,1,5,89.19000000000001,-0.5551600000000001,1
N=C1COC(=N)OCO1,130.103,5,2,0,1,5,75.39,-0.08066000000000012,0
NC(=O)C1=NC=NC1=O,125.08699999999999,3,1,1,1,5,84.88,-1.5188,0
N=C1OC=C(O)NCO1,130.103,5,3,0,1,5,74.57000000000001,-0.12803000000000003,0
COC1=NC(=O)C(N)=N1,127.10300000000001,4,1,0,1,5,77.03999999999999,-1.1138000000000003,0
CC(O)C1=NC(=N)O1,114.104,3,2,1,1,4,65.67,-0.26933000000000007,1
CN=c1[nH]cnc(=O)o1,127.10299999999998,4,1,0,1,5,71.25,-1.1066000000000003,0
COC1(O)OC(=N)C1=O,131.087,5,2,1,1,5,79.61,-1.14453,1
N=C1CC(=O)C(O)CO1,129.11499999999998,4,2,0,1,4,70.38000000000001,-0.6860300000000001,1
CC1OC(=O)NC1=O,115.08799999999998,3,1,0,1,4,55.4,-0.35869999999999996,1
N=C1OCC(=N)C(=O)O1,128.087,5,2,0,1,5,83.23,-0.48566000000000015,0
N=C1COC(=N)OCO1,130.103,5,2,0,1,5,75.39,-0.08066000000000012,0
CC1=NC(=N)C(O)=N1,111.10399999999998,2,2,0,1,4,68.8,0.35217,0
N=C1COC(=N)C(=O)N1,127.103,4,3,0,1,5,86.03,-0.9126600000000002,0
NC1=CC(OC=O)=N1,112.088,4,1,1,1,4,64.68,-0.6284000000000001,0
N#Cc1nc(CO)no1,125.08699999999999,5,1,1,1,5,82.94,-0.5664200000000001,0
CN=c1nc(C=N)cno1,138.13,5,1,1,1,5,75.13,-0.40223000000000053,0
N=C1NC(CO)=[N+]1[O-],115.092,3,3,1,1,5,82.17999999999999,-1.5745299999999998,0
CN=C1OC(CO)=NC1=N,141.13,4,2,1,1,5,78.03,-0.5870300000000002,0
CN=C1N=CN(N)C1=O,126.119,3,1,0,1,5,71.05000000000001,-1.2411,0
COC1=NC(=N)OC1=O,128.087,4,1,0,1,5,71.74000000000001,-0.47713,0
C#CC(N)C1=NOC1=O,124.09899999999999,4,1,1,1,4,64.68,-1.1403,1
NC(=O)OC1=NCOC1,130.103,4,1,0,1,5,73.91000000000001,-0.5321,0
N=C1OC=NC(C=O)O1,128.087,5,1,1,1,5,71.74,-0.4787300000000001,1
N=C1COC(=O)NCO1,130.103,4,2,0,1,5,71.41,-0.3224300000000002,0
N#COc1cc(N)on1,125.087,5,1,1,1,5,85.07,0.11668000000000006,0
CC1=NC(=O)C(N)=N1,111.104,3,1,0,1,4,67.81,-0.6978,0
N=C1OC(C=O)OC1=N,128.087,5,2,1,1,5,83.22999999999999,-0.48725999999999997,0
CN=C1NC(=O)C(=O)O1,128.087,4,1,0,1,5,67.76,-1.3548000000000002,0
CN=C1N=CN=C1N,110.12,3,1,0,1,4,63.099999999999994,-0.5861999999999998,0
CN=c1ncoc(=N)o1,127.10299999999998,5,1,0,1,5,75.38,-0.7224300000000003,0
NC1=CC(CO)=NC1=O,126.115,3,2,1,1,4,75.68,-1.1975,0
CC(=N)NC1=NC=N1,110.12,3,2,0,1,4,60.6,-0.02893000000000001,0
N=CN1C(=N)NC1=O,112.09199999999998,3,3,1,1,5,80.04,-0.44656,0
N=C1OCC(=O)OC1=N,128.087,5,2,0,1,5,83.22999999999999,-0.48566000000000015,0
NC=C1N=C(N)C=NN1,125.135,5,3,0,1,5,88.78999999999999,-1.3097999999999994,0
N=C1NC(=N)C(O)CO1,129.119,4,4,0,1,5,89.19000000000001,-1.1208600000000002,1
NC(=O)c1cnn[nH]1,112.092,3,2,1,1,5,84.66,-1.0964000000000003,0
COc1nn[nH]c1N=O,128.091,5,1,2,1,6,80.23,0.21119999999999978,0
Cc1nonc1C=O,112.08799999999998,4,0,1,1,4,55.99,0.19051999999999997,0
CC1=C(N)N=NC1=N,110.12,3,2,0,1,4,74.59,0.6196700000000002,0
N=CC1=NC(=N)N=C1O,124.103,2,3,1,1,5,92.65,-0.018159999999999954,0
N=c1nc(CO)nco1,127.10299999999998,5,2,1,1,5,83.0,-0.9586300000000001,0
COc1cn[nH]c(=O)n1,127.103,4,1,1,1,5,67.87,-0.8265,0
NC(=O)C1CN(C=O)O1,130.103,3,1,2,1,5,72.63000000000001,-1.7560999999999996,1
N=C1OCC(O)C(=O)O1,131.087,5,2,0,1,5,79.61,-1.1445300000000003,1
CC(=O)C1=NC(=O)N1,112.088,2,1,1,1,4,58.53,-0.3028999999999999,0
N#CC(N)C1=NN=C1N,123.11900000000001,5,2,1,1,5,100.55,-1.4359200000000003,1
N=C1OCC(=O)OC1=N,128.087,5,2,0,1,5,83.22999999999999,-0.48566000000000015,0
CC1=NNC(=N)C1=N,110.11999999999999,3,3,0,1,4,72.09,-0.03745999999999988,0
N=Cc1nnc(C=O)[nH]1,124.10299999999998,4,2,2,1,5,82.49000000000001,-0.38513000000000014,0
CN=c1nc(N)cno1,126.119,5,1,0,1,5,77.3,-0.8177000000000003,0
NCC1=NC(N)=NC1=O,126.119,4,2,1,1,5,93.82999999999998,-1.7589999999999995,0
CC1=NC(=O)C(N)=N1,111.104,3,1,0,1,4,67.81,-0.6978,0
CC(=O)n1nc[nH]c1=N,126.11899999999999,4,2,0,1,5,74.53,-0.6492300000000002,0
N=C1COC(=N)C(=O)O1,128.087,5,2,0,1,5,83.23,-0.48566000000000015,0
N=C1C(C=O)=CN=C1O,124.09899999999999,3,2,1,1,4,73.51,0.059069999999999956,0
C#CCN1OCNC1=N,125.13099999999999,2,2,1,1,4,48.35,-0.65133,0
N=C1OCC(=N)C(=N)O1,127.103,5,3,0,1,5,90.01,-0.034989999999999966,0
CN=C1N=CN=C1N,110.12,3,1,0,1,4,63.099999999999994,-0.5861999999999998,0
C#CC(=O)c1ncn[nH]1,121.099,3,1,1,1,4,58.64,-0.3794000000000001,0
N=C1OCC(=O)C(=N)O1,128.087,5,2,0,1,5,83.23,-0.48566000000000015,0
CC(=O)n1ncc(N)n1,126.119,5,1,0,1,5,73.8,-0.47959999999999997,0
Nc1cncc(=O)nn1,124.103,5,1,0,1,5,81.76,-1.1860000000000002,0
CCn1nnc(C#N)n1,123.119,5,0,1,1,5,67.39,-0.43531999999999993,0
N=c1nc[nH]c(=N)o1,112.09199999999998,4,3,0,1,5,89.52,-1.03836,0
NNc1cnc(C=O)nn1,139.118,6,2,2,1,6,93.78999999999999,-1.0303,0
N=C1OCOC(N)CC1=O,144.13,5,2,0,1,5,85.4,-0.7880299999999998,1
Cn1cc(NC=O)nn1,126.119,4,1,2,1,5,59.81,-0.6166000000000003,0
CC(=O)n1cnnc1N,126.11900000000001,5,1,0,1,5,73.8,-0.47959999999999997,0
NC1=CC(=O)C(O)=N1,112.088,3,2,0,1,4,75.68,-0.6743000000000001,0
CC1=NN=C(NC=O)C1=N,138.13,4,2,1,1,5,77.67,-0.4598300000000001,0
COC1=[N+]([O-])C=NC1=N,127.103,3,1,0,1,5,71.50999999999999,-0.4392300000000002,0
N=C(O)c1c[nH]c(=N)o1,127.10299999999998,3,4,1,1,5,96.86,-0.029460000000000153,0
NC1=NC(=O)C(C=O)=N1,125.08699999999997,4,1,1,1,5,84.88,-1.5188,0
COC1=NC(=N)N=C1C=O,139.114,3,1,1,1,5,74.87,-0.38043000000000005,0
N=C1CN(C=O)N=CN1,126.11899999999999,3,2,1,1,5,68.55,-1.03143,0
CC1OCC(=O)OC(=N)O1,145.11399999999998,5,1,0,1,5,68.61,-0.14282999999999996,1
O=CC(=O)n1cn[nH]1,113.076,4,1,1,1,5,67.75,-0.9497000000000002,0
N=C1CC(=O)NN(C=O)O1,143.10199999999998,4,2,1,1,6,82.49000000000001,-1.2114300000000002,0
N=COc1ncc(N)o1,127.103,5,2,2,1,5,85.13,0.24267,0
O=CC(=O)NC1COC1,129.11499999999998,3,1,2,1,4,55.400000000000006,-1.2996999999999999,0
N=C1CC(=O)OC(O)N1,130.10299999999998,4,3,0,1,5,82.41000000000001,-1.22393,1
Cc1nnc(=N)oc1N,126.119,5,2,0,1,5,88.79,-0.5603100000000001,0
COC1=NC(=N)N1CO,129.11900000000003,3,2,1,1,5,68.91,-0.8110299999999999,0
O=CC1=NC(=O)N=N1,111.06,3,0,1,1,5,71.22,0.16959999999999997,0
CC1=NC(N)=NC1=O,111.104,3,1,0,1,4,67.81,-0.6978,0
CNC1=NN=C1C=N,110.11999999999999,4,2,1,1,4,60.6,-0.3765300000000002,0
O=Cc1n[nH]nc1CO,127.10299999999998,4,2,2,1,5,78.87,-0.8905000000000001,0
N=C1CNC(=O)OCN1,129.119,3,3,0,1,5,74.21000000000001,-0.7494300000000003,0
Nc1cnc(N)n1C=O,126.119,5,2,1,1,5,86.92999999999998,-0.9142000000000001,0
CN=C(O)c1nc1=N,111.104,3,2,1,1,4,69.33000000000001,-0.6289299999999998,0
N=C1NC(C=O)NCO1,129.119,4,3,1,1,5,74.21000000000001,-1.38693,1
COC1N=C(O)OC1=N,130.10299999999998,4,2,1,1,5,74.9,-0.1196299999999999,1
N=CC1=NC(=N)N1C=O,124.103,3,2,2,1,5,80.37,-0.5587600000000001,0
N=C([NH3+])c1ncoc1N,127.127,4,3,1,1,5,103.53999999999999,-1.1759300000000004,0
O=c1cnoc(CO)n1,128.087,5,1,1,1,5,76.22,-1.0779,0
Nc1cnc(C=O)cn1,123.11499999999998,4,1,1,1,4,68.87,-0.12869999999999998,0
N=C1N=CC(O)=C1NC=O,139.11399999999998,3,3,2,1,5,85.53999999999999,-0.4363300000000001,0
NCCC1=[N+]([O-])C(C=O)=N1,141.12999999999997,4,1,3,1,5,81.52,-1.1449999999999998,0
CNC1=NN=C1C=N,110.11999999999999,4,2,1,1,4,60.6,-0.3765300000000002,0
Nc1coc(=O)nc1N,127.10300000000001,5,2,0,1,5,95.14,-0.8008,0
N=C1COC(=N)C(=N)O1,127.103,5,3,0,1,5,90.01,-0.034989999999999966,0
N=C1OCC(=O)OC1=N,128.087,5,2,0,1,5,83.22999999999999,-0.48566000000000015,0
COC1=NN=C1NC#N,124.103,5,1,0,1,5,69.77000000000001,-0.5709200000000001,0
N=C1COC(=O)N=CO1,128.087,4,1,0,1,5,71.74,0.15877000000000002,0
CC(=O)C1=NC(O)=N1,112.088,3,1,1,1,4,62.019999999999996,-0.09849999999999998,0
N#CC(C=O)N1COC1,126.11500000000001,4,0,2,1,4,53.33,-0.6753200000000001,1
COC1=C(N)C(=O)C=N1,126.115,4,1,1,1,4,64.68,-0.5859000000000001,0
N=C1NCCOC(=O)O1,130.103,4,2,0,1,5,71.41,-0.32243,0
O=C(O)C1=CNC1=O,113.07199999999999,2,2,1,1,4,66.4,-0.9153,0
CNC1=NC(=O)C(=N)O1,127.10299999999998,4,2,0,1,5,74.54,-0.9041300000000001,0
Cc1nc(N)nn1C=N,125.135,5,2,1,1,5,80.58,-0.3761100000000001,0
Cn1[nH]n(C=N)c1=O,114.10799999999999,4,2,1,1,5,66.57,-1.02993,0
N=CC1N=NC1C=NO,126.11899999999999,5,2,2,1,5,81.16,0.29896999999999996,2
NC1=NN=C1NC=CO,126.11899999999997,5,3,1,1,5,83.0,-0.7105000000000001,0
N=C1OCOC1=NC=O,128.087,4,1,1,1,5,71.74000000000001,-0.47713000000000005,0
NC1=NC(=O)NC1=O,113.07599999999998,3,2,0,1,5,84.54999999999998,-1.4066,0
C#Cc1nc(O)nn1CO,139.114,5,2,1,1,5,71.17,-1.0852000000000002,0
N#CCc1n[nH]nc1O,124.103,4,2,1,1,5,85.59,-0.4236200000000002,0
N=C1CN=COC(=O)O1,128.087,5,1,0,1,5,71.74,0.15876999999999997,0
N=C1CNC(=N)OCO1,129.119,4,3,0,1,5,78.19000000000001,-0.5076600000000004,0
N=C1N=CN=C1CO,111.10399999999998,3,2,1,1,4,68.8,-0.5611300000000001,0
N=CN1CC(=N)NC1=O,126.11899999999999,3,3,1,1,5,80.04,-0.40406000000000003,0
N=C1C(N)=CN=C1N,110.12,4,3,0,1,4,88.25,-0.8229300000000002,0
N#CCC1=CN=NC1=N,120.115,3,1,1,1,4,72.36,1.2270499999999998,0
COC1=NC(=O)C(N)=N1,127.10300000000001,4,1,0,1,5,77.03999999999999,-1.1138000000000003,0
COC1=NC(=N)C(O)=N1,127.103,3,2,0,1,5,78.03,-0.06383000000000005,0
COCn1cnoc1=N,129.119,5,1,2,1,5,64.03999999999999,-0.4405299999999998,0
N#CCNC1=NC=NC1=O,136.114,4,1,1,1,5,77.61,-0.9334200000000001,0
CNC(=O)C1=NC(=O)N1,127.103,2,2,1,1,5,70.56,-1.1459000000000001,0
N=C1N=CN=C1NC=O,124.10299999999998,3,2,1,1,5,77.67,-0.8499300000000003,0
CC(=O)n1[nH]nc1N,114.108,4,2,0,1,5,76.7,-0.5465000000000002,0
CN=C1C=NN=C1N,110.12,4,1,0,1,4,63.099999999999994,-0.5862,0
N=C1COC(=O)OC1=N,128.087,5,2,0,1,5,83.22999999999999,0.15023999999999993,0
N=C1OC=NC(N)C1=O,127.103,5,2,0,1,5,88.53,-1.12393,1
N=CN1C=CNC(=O)O1,127.10299999999998,3,2,1,1,5,65.42,0.021469999999999934,0
O=c1occ(O)c(=O)o1,130.05499999999998,5,1,0,1,5,80.64999999999999,-0.7014,0
COC1=NC(N)=NC1=O,127.10300000000001,4,1,0,1,5,77.03999999999999,-1.1138000000000001,0
N=C1C=NC(CO)=[N+]1[O-],127.103,4,2,1,1,5,82.50999999999999,-1.0508300000000002,0
O=Cc1ncc(F)nn1,127.078,4,0,1,1,5,55.74,-0.17680000000000007,0
COC1=CN=C(O)C1=O,127.09899999999998,3,1,1,1,4,58.89,0.013400000000000023,0
N=CC1OC(CO)C1=N,128.131,4,3,2,1,4,77.16,-0.5845600000000004,2
N#CC1N=CN=C1N,108.104,4,1,0,1,4,74.53,-0.7223199999999999,1
O=Cc1nc(CO)n[nH]1,127.103,4,2,2,1,5,78.87,-0.8905000000000003,0
NC1=C(N)C(=O)N=C1,111.10399999999998,3,2,0,1,4,81.47,-1.2736000000000003,0
NC(=O)C1=CC(=O)O1,113.07199999999997,3,1,1,1,4,69.39,-1.0876000000000001,0
N=C1COCC(=NO)O1,130.103,5,2,0,1,5,74.9,-0.20183000000000012,0
COC1=NC(N)=NC1=O,127.10300000000001,4,1,0,1,5,77.03999999999999,-1.1138000000000001,0
Cn1ncnc1C=NCO,140.14600000000002,5,1,2,1,5,63.3,-0.8162,0
N=C1OCC(=O)C(=N)O1,128.087,5,2,0,1,5,83.23,-0.48566000000000015,0
CC1=NC=NC1=NCO,125.13099999999999,3,1,1,1,4,57.31,-0.16249999999999992,0
O=Cn1nc[nH]c1=O,113.07599999999998,4,1,1,1,5,67.75,-1.3903,0
N=C1OC(CO)=NC1=O,128.087,4,2,1,1,5,82.74000000000001,-1.0887300000000002,0
CNC(=N)C1=NC(N)=N1,125.13500000000002,4,3,1,1,5,86.62,-1.0901299999999996,0
N=C1COC(=N)OCO1,130.103,5,2,0,1,5,75.39,-0.08066000000000012,0
N=C1C=C(N)C(CO)=N1,125.131,3,3,1,1,4,82.46000000000001,-0.7468300000000001,0
N=CC1=NC(O)=C1N,111.104,4,3,1,1,4,82.46,-0.22362999999999988,0
O=CC(=O)c1cnon1,126.071,5,0,2,1,5,73.06,-0.5488000000000002,0
N=C(N)c1cncn1N,125.135,4,3,1,1,5,93.71,-1.11903,0
COc1cn[nH]c(=O)n1,127.103,4,1,1,1,5,67.87,-0.8265,0
NC1COC(=O)C(=O)O1,131.087,5,1,0,1,5,78.62,-1.6288000000000002,1
NCc1ncnc(=O)[nH]1,126.11899999999999,4,2,1,1,5,84.66,-1.3764000000000005,0
CN=C1N=CN=C1C=N,122.13099999999999,3,1,1,1,4,60.93,0.14717000000000008,0
COc1nn[nH]c1NC=O,142.118,4,2,3,1,6,79.9,-0.6184000000000005,0
N=C1NC(=O)OC1C=O,128.087,4,2,1,1,5,79.25,-0.7290300000000001,1
Cc1nc(O)nc(=O)[nH]1,127.10299999999998,4,2,0,1,5,78.87,-0.8210800000000003,0
N#COCc1ncc(N)o1,139.114,5,1,2,1,5,85.07,0.25448000000000004,0
N=CN1NC(=O)C1=O,113.07599999999998,3,2,1,1,5,73.26,-1.53313,0
COc1nn[nH]c1C#N,124.103,4,1,1,1,5,74.59,-0.31502000000000013,0
NC(=O)C1=NC(O)=N1,113.076,3,2,1,1,5,88.04,-1.2022000000000002,0
N=C1OC(N)=NC1=O,113.07600000000001,4,2,0,1,5,88.53,-1.1648300000000003,0
N=CCc1n[nH]nc1N,125.13500000000002,4,3,2,1,5,91.44,-0.4210300000000002,0
N=C1COC(C(N)=O)O1,130.103,4,2,1,1,5,85.39999999999999,-1.1781300000000001,1
N=CC1OCON1C=N,129.119,4,2,2,1,5,69.4,-0.2095599999999999,1
N=C1N=C(N)N=C1C=O,124.103,4,2,1,1,5,91.66,-1.06813,0
N=C1NC(=N)OC(=O)CO1,143.102,5,3,0,1,6,95.26,-0.98106,0
N=Cc1oc([NH3+])nc1N,127.12700000000002,4,3,1,1,5,103.53999999999999,-0.8721300000000005,0
COC1=NC(=N)C(N)=N1,126.11900000000001,4,2,0,1,5,83.82,-0.6631300000000002,0
N=C1C(=O)ON=C1CO,128.087,5,2,1,1,5,82.74000000000001,-1.08873,0
COC1=NN=C1OC=N,127.10299999999998,5,1,1,1,5,67.03,-0.017930000000000057,0
N=C1COC(=N)C(=N)N1,126.119,4,4,0,1,5,92.81,-0.46199000000000007,0
N=C1N=COC(C=O)O1,128.087,4,1,1,1,5,71.74,-0.4787300000000001,1
N=Cc1cnnnc1N,123.11900000000001,5,2,1,1,5,88.54,-0.5485300000000002,0
CC(=O)c1n[nH]nc1N,126.11900000000001,4,2,1,1,5,84.66,-0.41050000000000003,0
N=C1N=CN=C1C=O,109.08799999999998,3,1,1,1,4,65.64,-0.35453,0
NCC1=CC(N)=NC1=O,125.131,3,2,1,1,4,81.47,-1.2310999999999999,0
N=C1COC(=N)C(=N)O1,127.103,5,3,0,1,5,90.01,-0.034989999999999966,0
N=C1OC(=O)C(=O)O1,115.04399999999998,5,1,0,1,5,76.45,-0.9788300000000001,0
N=C1COC(=N)OCO1,130.103,5,2,0,1,5,75.39,-0.08066000000000012,0
CN=C1CNC(=O)OCO1,144.12999999999997,4,1,0,1,5,59.92,-0.2714000000000001,0
Nc1ncc(C=O)n1N,126.119,5,2,1,1,5,86.92999999999999,-1.0084000000000004,0
NC1COC(=O)N=C1O,130.103,3,2,0,1,5,84.91000000000001,-0.5795999999999999,1
C#CC(=N)n1nc(O)o1,125.08699999999999,5,2,0,1,5,75.04,-0.35973,0
N=C1CNC(=O)OCO1,130.10299999999998,4,2,0,1,5,71.41000000000001,-0.3224300000000002,0
CN=C1OC=NC1=O,112.088,3,0,0,1,4,51.02,-0.4002000000000001,0
COc1cn[nH]c(=O)n1,127.103,4,1,1,1,5,67.87,-0.8265,0
COC1=NC(N)=NC1=O,127.10300000000001,4,1,0,1,5,77.03999999999999,-1.1138000000000001,0
COc1nc(=N)cno1,127.103,5,1,1,1,5,72.0,-0.4423299999999999,0
N=C1NC(=N)C(=O)CO1,127.103,4,3,0,1,5,86.03000000000002,-0.91266,0
COC1=NN=C1NC=N,126.11899999999999,4,2,1,1,5,69.83000000000001,-0.4449300000000002,0
Cn1cc(OC#N)nn1,124.10300000000001,5,0,1,1,5,63.730000000000004,-0.3250200000000001,0
COc1nn[nH]c1C#N,124.103,4,1,1,1,5,74.59,-0.31502000000000013,0
N=CNC1=NC(=O)N=C1,124.103,2,2,1,1,5,77.67,-0.2140299999999999,0
N=C1COC(=N)N=CO1,127.103,4,2,0,1,5,78.52,-0.026460000000000095,0
COC(=N)C1=NC(=O)O1,128.087,4,1,1,1,5,71.74,0.15876999999999997,0
N=C1OC=NCOC1=N,127.103,5,2,0,1,5,78.52000000000001,-0.026460000000000095,0
N=C1OC(=O)NC1=O,114.05999999999999,4,2,0,1,5,79.25,-0.7699300000000002,0
CN=c1nc(O)n(N)o1,130.107,6,2,0,1,6,89.57000000000001,-1.5739999999999998,0
Cc1nnc(N)n1C=O,126.119,5,1,1,1,5,73.8,-0.7929800000000002,0
NC1=NC(=O)OC1=O,114.05999999999997,4,1,0,1,5,81.75,-0.9796,0
Nc1n[nH]c(C=O)n1,112.09199999999998,4,2,1,1,5,84.66,-0.8006000000000004,0
N=C1NC(=N)C(=O)OCO1,143.102,5,3,0,1,6,95.26000000000002,-0.98106,0
NC1=NN=C1C=NC=O,124.10299999999998,4,1,2,1,5,80.16999999999999,-1.0596,0
COc1cnc(N)nc1O,141.13000000000002,5,2,1,1,5,81.26,-0.22700000000000015,0
N=C1COC(=N)C(=N)O1,127.103,5,3,0,1,5,90.01,-0.034989999999999966,0
CN=C1C=NC(CO)=N1,125.13099999999999,3,1,1,1,4,57.31,-0.5101000000000002,0
N=C(O)c1coc(=N)o1,128.087,4,3,1,1,5,94.21,0.23544000000000004,0
CC1=NN=C(N)C1=N,110.12,4,2,0,1,4,74.59,-0.24712999999999996,0
N#CC(=O)N1NCCO1,127.103,4,1,0,1,5,65.36,-1.2116200000000001,0
N=c1ncoc(=O)o1,114.05999999999999,5,1,0,1,5,80.09,-0.89273,0
N=C(OC1CO1)C(N)=O,130.103,4,2,1,1,5,88.69999999999999,-1.1781300000000001,1
N#Cc1ncnn1C=N,121.103,5,1,1,1,5,78.35,-0.39505000000000007,0
NC(=O)C1C=NC(N)=N1,126.11900000000001,4,2,1,1,5,93.83,-1.7605999999999993,1
NC1=NC(C=O)=NC1=O,125.08699999999997,4,1,1,1,5,84.88,-1.5188,0
N=CC1=NC(O)=NC1=N,124.103,3,3,1,1,5,92.65,-0.018159999999999954,0
N=C1CC(=N)OC(=O)O1,128.087,5,2,0,1,5,83.23,0.49784,0
Nc1ncc(=O)oc1N,127.103,5,2,0,1,5,95.14,-0.8008000000000002,0
C#Cc1nc(N)nn1C,122.13100000000001,4,1,0,1,4,56.73,-0.6214000000000002,0
N=C(N)C1NC(=O)CO1,129.119,3,3,1,1,5,88.2,-1.6051299999999995,1
O=C1CN=CNC(=O)N1,127.10299999999998,3,2,0,1,5,70.56,-1.1459,0
COC1=NC(N)=NC1=O,127.10300000000001,4,1,0,1,5,77.03999999999999,-1.1138000000000001,0
O=C1NCOC(=O)CN1,130.103,3,2,0,1,5,67.42999999999999,-1.2001,0
COC1=NC(=N)C(N)=N1,126.11900000000001,4,2,0,1,5,83.82,-0.6631300000000002,0
N=C1CONC(=O)CO1,130.10299999999998,4,2,0,1,5,71.41,-0.9583300000000003,0
NCC1=NC(=O)N=C1O,127.10299999999998,2,2,1,1,5,88.04,-0.5238,0
N=CN1OC(=N)COC1=O,143.102,5,2,1,1,6,86.47,-0.04546,0
CN=C1NC(=N)OC1=O,127.10299999999998,4,2,0,1,5,74.53999999999999,-0.9041300000000003,0
Cc1nonc(N)c1=O,127.103,5,1,0,1,5,82.00999999999999,-0.6795800000000001,0
N=C1CNC(=N)OCO1,129.119,4,3,0,1,5,78.19000000000001,-0.5076600000000004,0
N=C1N=C(CO)N=C1N,126.119,4,3,1,1,5,94.82,-1.2747300000000001,0
Cc1[nH]nnc1NC=N,125.13499999999999,3,3,2,1,5,77.45,0.13208999999999999,0
N=C1C=C(N)C(N)=N1,110.12000000000002,3,3,0,1,4,88.25,-0.8229299999999997,0
N=CC1=NC=NC1=N,108.104,3,2,1,1,4,72.42,0.09614,0
N=CN1COC(=N)CO1,129.119,4,2,1,1,5,69.4,-0.2079600000000001,0
CN=C1C=NC(=N)O1,111.10399999999998,3,1,0,1,4,57.8,0.05046999999999996,0
CN=c1ncc(=N)oo1,127.10299999999998,5,1,0,1,5,75.38,-0.7224300000000001,0
N=C1OCOC(=N)C(=N)O1,143.102,6,3,0,1,6,99.24,-0.10338999999999998,0
CC(=O)n1cnc(=N)[nH]1,126.119,4,2,0,1,5,74.53,-0.6492300000000002,0
N=C1OCC(C(=N)O)C1=N,141.13,4,4,1,1,5,101.00999999999999,0.16511000000000015,1
N=C1N=CC(CO)=C1O,126.11499999999998,3,3,1,1,4,76.67,-0.14752999999999994,0
CN=C1C=COC1=O,111.09999999999998,3,0,0,1,3,38.66,0.12769999999999998,0
N#CC(N)C1=NC(O)=N1,124.103,4,2,1,1,5,94.76,-0.8366199999999999,1
Cn1nc(N)ncc1=O,126.119,5,1,0,1,5,73.80000000000001,-1.2425000000000004,0
NC(=O)c1ncc(O)o1,128.087,4,2,1,1,5,89.35000000000001,-0.5209000000000003,0
N=C1OC(=O)OC1=N,114.05999999999999,5,2,0,1,5,83.22999999999999,0.10774,0
CC(O)C1=NN=C1N,113.12000000000002,4,2,1,1,4,70.97,-0.9060000000000001,1
N=CN1C(=N)NC1=O,112.09199999999998,3,3,1,1,5,80.04,-0.44656,0
N#CC(=N)N1COCO1,127.103,4,1,0,1,5,69.34,-0.33394999999999997,0
N=C1OCC(=N)C(=N)O1,127.103,5,3,0,1,5,90.01,-0.034989999999999966,0
CN=C1N=CN=C1N,110.12,3,1,0,1,4,63.099999999999994,-0.5861999999999998,0
Cc1n[nH]c(=N)n1CO,128.135,4,3,1,1,5,77.69,-1.0511100000000002,0
O=Cc1coc(CO)n1,127.09899999999999,4,1,2,1,4,63.33,-0.02059999999999995,0
N#CC1=NN=C1OC=N,122.08699999999997,5,1,1,1,5,81.59,-0.09825,0
Cc1noc(=N)nc1N,126.11900000000001,5,2,0,1,5,88.79,-0.5603100000000001,0
N=C1OC=NCN1C=O,127.103,4,1,1,1,5,65.75,-0.6044300000000002,0
CN=c1oc(=N)c1=NO,127.103,5,2,0,1,5,81.94,-1.5449299999999992,0
N=C1NC(=O)C(=O)CO1,128.087,4,2,0,1,5,79.25000000000001,-1.36333,0
C#Cc1n[nH]nc1N,108.104,3,2,0,1,4,67.59,-0.6318000000000001,0
N=C1C(=O)NC1C=O,112.08799999999998,3,2,1,1,4,70.02000000000001,-1.2965300000000002,1
COC1=NC(=N)C(N)=N1,126.11900000000001,4,2,0,1,5,83.82,-0.6631300000000002,0
CC(=O)C1=NN=C1N,111.10400000000001,4,1,1,1,4,67.81,-0.6978,0
N=C1COCC(=O)OC1=N,142.114,5,2,0,1,5,83.22999999999999,-0.44316000000000016,0
Nn1c(C=O)c[nH]c1=O,127.10299999999998,4,2,1,1,5,80.88,-1.2973000000000003,0
COC1=NC(=O)N=C1N,127.10300000000001,3,1,0,1,5,77.03999999999999,-0.47789999999999994,0
N=C1N=CCOC(=O)O1,128.087,4,1,0,1,5,71.74,0.15876999999999997,0
Cc1nc(N)nn1C=N,125.135,5,2,1,1,5,80.58,-0.3761100000000001,0
N=C1NC(=O)OC1=NO,129.07500000000002,5,3,0,1,6,94.77000000000001,-0.5088300000000001,0
N=C1OCC(=N)C(=O)O1,128.087,5,2,0,1,5,83.23,-0.48566000000000015,0
CNC(=N)c1n[nH]n1C,127.15100000000001,3,3,1,1,5,69.49000000000001,-0.7070300000000005,0
N=C1COCC(=O)O1,115.088,4,1,0,1,4,59.379999999999995,-0.46293000000000006,0
Nc1cnc(CO)n1O,129.119,5,3,1,1,5,84.3,-0.8051000000000001,0
Cn1[nH]c(=O)n1NC=N,129.123,4,3,2,1,6,78.6,-1.3345299999999993,0
CC(=O)C1=NC(=N)N=N1,124.10300000000001,3,1,1,1,5,78.0,0.3744700000000001,0
N=CC1=NC(N)=NC1=O,124.10300000000001,4,2,1,1,5,91.66,-1.0681300000000002,0
CC(=O)n1nc[nH]c1=N,126.11899999999999,4,2,0,1,5,74.53,-0.6492300000000002,0
N=C1N=CC(N)=NC1=O,124.10300000000001,3,2,0,1,5,91.66,-1.0681300000000002,0
NC(=O)C1=NC(O)=N1,113.076,3,2,1,1,5,88.04,-1.2022000000000002,0
N=C1OCNC(=O)CO1,130.10299999999998,4,2,0,1,5,71.41,-0.9583300000000003,0
N=C1COC(=N)OCO1,130.103,5,2,0,1,5,75.39,-0.08066000000000012,0
N=Cn1oc(=O)oc1=N,129.075,6,2,1,1,6,95.97999999999999,-1.0310599999999999,0
NC1=NC(=O)C(O)=N1,113.07599999999998,3,2,0,1,5,88.03999999999999,-1.2022000000000002,0
N=c1o[nH]c(=O)oc1=N,129.075,5,3,0,1,6,106.84,-1.4801599999999997,0
Nc1ocnc1NC=O,127.10299999999998,4,2,2,1,5,81.15,-0.1749,0
COc1cc(NC=O)no1,142.114,4,1,3,1,5,64.36,0.2514999999999999,0
O=Cc1n[nH]c(CO)n1,127.10299999999998,4,2,2,1,5,78.87,-0.8905000000000001,0
C#CC(O)N1OC1=N,112.088,3,2,1,1,4,59.620000000000005,-0.8800300000000001,1
N=C(O)C1=NC(N)=N1,112.09200000000001,4,3,1,1,5,94.82,-0.75153,0
NC1=C(N)C(C=O)=N1,111.10399999999998,4,2,1,1,4,81.47,-1.2735999999999998,0
N=C1NCC(=O)N1CO,129.11900000000003,3,3,1,1,5,76.42,-1.6972299999999998,0
CC(=O)C1=CC(=N)O1,111.09999999999998,3,1,1,1,3,50.150000000000006,0.46676999999999996,0
N=C1COC(=N)OCO1,130.103,5,2,0,1,5,75.39,-0.08066000000000012,0
O=C1C=NC(F)=NC1=O,128.062,3,0,0,1,5,58.86,-0.508,0
N=C1N=C(N)N=C1C=O,124.103,4,2,1,1,5,91.66,-1.06813,0
Nc1cn(N)nc1C=O,126.119,5,2,1,1,5,86.93,-1.0084000000000004,0
N=C1CNCOC(=N)O1,129.119,5,3,0,1,5,78.19000000000001,-0.5076600000000004,0
N=CC1=NC(=O)N=C1N,124.10300000000001,3,2,1,1,5,91.66,-0.43223000000000006,0
N=C1COC(O)N=CO1,130.10299999999998,5,2,0,1,5,74.9,-0.68533,1
N=C1OC=NC(O)CO1,130.10299999999998,5,2,0,1,5,74.9,-0.68533,1
N=C1N=C(CO)N=C1N,126.119,4,3,1,1,5,94.82,-1.2747300000000001,0
NC1=CC(=O)C(N)=N1,111.10400000000001,4,2,0,1,4,81.47,-1.2735999999999998,0
CN=c1nc[nH]c(=O)o1,127.10299999999998,4,1,0,1,5,71.25,-1.1066000000000003,0
N#CC(=N)N1COC=N1,124.103,4,1,0,1,5,72.47,-0.27974999999999994,0
COC1=NC(=O)C(=N)N1,127.103,3,2,0,1,5,74.53999999999999,-0.9041300000000001,0
NC1=NC(=O)C(=O)N1,113.07599999999998,3,2,0,1,5,84.55,-2.0425000000000004,0
CN=C1C(=O)OC1N,114.10399999999998,4,1,0,1,4,64.67999999999999,-1.1012000000000004,1
N=C1C(=O)OC=NC1N,127.103,5,2,0,1,5,88.53,-1.12393,1
Cn1c(CO)n[nH]c1=N,128.135,4,3,1,1,5,77.69,-1.2800300000000002,0
N=C(N)C1=NC(=O)O1,113.076,3,2,1,1,5,88.53000000000002,-0.5289299999999999,0
O=Cc1nc[nH]c(=O)n1,125.08699999999999,4,1,1,1,5,75.71000000000001,-1.0226,0
CC1=NC(=N)N=C1C=O,123.11499999999998,2,1,1,1,4,65.64,0.035569999999999935,0
COC1=NC(=N)C(O)=N1,127.103,3,2,0,1,5,78.03,-0.06383000000000005,0
N=c1oc(=N)oc(=O)o1,130.059,6,2,0,1,6,104.19000000000001,-1.21526,0
CN=C1N=C(CO)C(=O)O1,142.11399999999998,4,1,1,1,5,71.25,-1.0377,0
N=C1OCCOC(=N)O1,130.103,5,2,0,1,5,75.39,-0.0806599999999999,0
N=C(N)c1cnoc1N,126.119,4,3,1,1,5,101.92,-0.45912999999999976,0
N=Cc1n[nH]c(C=O)n1,124.10299999999998,4,2,2,1,5,82.49,-0.3851300000000002,0
O=CC1N=COC(=O)O1,129.07099999999997,5,0,1,1,5,64.96,-0.29349999999999987,1
CC1=NC(=O)C(O)=N1,112.08799999999998,2,1,0,1,4,62.019999999999996,-0.09849999999999998,0
NC1=C(N)C(=O)C=N1,111.10399999999998,4,2,0,1,4,81.47,-1.2736000000000003,0
N=CC1=NC(=N)N=C1N,123.11900000000001,3,3,1,1,5,98.44,-0.6174600000000001,0
NC1=C(NC=O)C=C1O,126.11499999999997,3,3,2,1,4,75.35,-0.6417999999999999,0
N=C1NCNC(=O)O1,115.09199999999998,3,3,0,1,5,74.21000000000001,-0.79193,0
N#CC1OC=NN1C=N,124.103,4,1,1,1,5,72.47,-0.28135000000000004,1
CN(C)C1=NN=C1N,112.13600000000001,4,1,0,1,4,53.980000000000004,-0.7677,0
NC1NCC(=O)NC1=O,129.119,4,3,0,1,5,84.22,-2.4828,1
N=COC1=CC(=O)CN1,126.11499999999998,4,2,2,1,4,62.18,-0.37623,0
CNC1OC(=N)C(=O)O1,130.103,5,2,1,1,5,71.41,-0.9599300000000002,1
N=Cc1ncnoc1=N,124.103,5,2,1,1,5,86.62,-0.45326000000000016,0
N=Cn1c(N)cnc1N,125.135,5,3,1,1,5,93.71,-0.49733,0
CN1C(=O)CN=CNC1=O,141.13,3,1,0,1,5,61.77,-0.8037000000000003,0
CN=C1N=COC1=N,111.10399999999998,3,1,0,1,4,57.800000000000004,0.05047000000000007,0
CNC(=O)N1N=C1CO,129.11900000000003,3,2,1,1,5,64.7,-1.0528000000000002,0
NC1=NC(=O)N=C1N,112.092,3,2,0,1,5,93.83,-1.1656,0
NC(=O)C1=NC(O)=N1,113.076,3,2,1,1,5,88.04,-1.2022000000000002,0
N=CNC1=NCNC1=O,126.119,3,3,1,1,5,77.34,-1.3311300000000004,0
N=c1ncoc(=N)o1,113.076,5,2,0,1,5,86.87,-0.77346,0
CC(O)c1nnn[nH]1,114.10800000000002,4,2,1,1,5,74.69,-0.7470000000000003,1
N#CNC1=NC(C=O)=N1,122.08699999999999,5,1,1,1,5,77.61,-0.9759200000000001,0
N=C1COC(=N)OCO1,130.103,5,2,0,1,5,75.39,-0.08066000000000012,0
CCc1nnc(=N)[nH]n1,125.13499999999999,4,2,1,1,5,78.31,-0.7584300000000004,0
Nc1cc(N)n(C=O)n1,126.11900000000001,5,2,1,1,5,86.92999999999999,-0.9142000000000001,0
N=CN1N=COC1C=O,127.10299999999997,4,1,2,1,5,65.75,-0.6060300000000001,1
NC(=O)n1ccnc1,111.10399999999998,3,1,0,1,4,60.910000000000004,-0.19009999999999994,0
Nc1nc(C=O)c(N)[nH]1,126.11899999999999,4,3,1,1,5,97.78999999999999,-0.6134000000000002,0
COc1c(O)cnn1N,129.119,5,2,1,1,5,73.3,-0.6889000000000003,0
N=C1ON=C(N)C1=NCO,142.11800000000002,6,3,1,1,6,104.05,-1.34313,0
CC(O)C1=C(N)NC1=N,127.147,3,4,1,1,4,82.13,-0.8820299999999999,1
N=C1OC(=O)OC1=O,115.04399999999998,5,1,0,1,5,76.44999999999999,-0.34293,0
N=c1nccc(N)n1C=O,138.13,5,2,1,1,5,84.75999999999999,-1.0169300000000001,0
Nc1nc(C=O)oc1N,127.10299999999998,5,2,1,1,5,95.14,-0.3485,0
O=C1C=C(O)OC1=O,114.05599999999998,4,1,0,1,4,63.6,-0.4883,0
N=CN1CC(=O)OCO1,130.10299999999998,4,1,1,1,5,62.620000000000005,-0.65863,0
N=C1N=CN=C1NC=O,124.10299999999998,3,2,1,1,5,77.67,-0.8499300000000003,0
N=C1OC(=N)C(C=O)O1,128.087,5,2,1,1,5,83.23,-0.48726000000000025,1
CCNC(=O)N1OC1=O,130.10299999999998,3,1,1,1,5,61.71,0.08310000000000023,0
O=Cc1n[nH]c(CO)n1,127.10299999999998,4,2,2,1,5,78.87,-0.8905000000000001,0
N=C1C=NC(=O)N=C1O,125.08699999999999,2,2,0,1,5,85.87,0.16707000000000005,0
CN=C1C=NC(O)=[N+]1[O-],127.10299999999998,3,1,0,1,5,71.02,-0.47659999999999997,0
CC(=O)c1cnon1,112.088,4,0,1,1,4,55.99,0.2722,0
N=C1CNC(=N)OCO1,129.119,4,3,0,1,5,78.19000000000001,-0.5076600000000004,0
N=C(C=O)N1CNC1=O,127.103,3,2,1,1,5,73.26,-0.85473,0
N=C1OC=NC(CO)C1=O,142.11399999999998,5,2,1,1,5,82.74000000000001,-1.04783,1
N=C1CC(=N)C(=O)N1,111.10399999999998,3,3,0,1,4,76.80000000000001,-0.49666000000000005,0
N=C1OCNC(=O)CO1,130.10299999999998,4,2,0,1,5,71.41,-0.9583300000000003,0
N=C1NC(C=O)NCO1,129.119,4,3,1,1,5,74.21000000000001,-1.38693,1
Cn1cnc(=O)nc1N,126.119,5,1,0,1,5,73.8,-1.2425000000000004,0
N=C1CNNC(=O)O1,115.09199999999998,4,3,0,1,5,74.21000000000001,-0.7919300000000005,0
CN=C1C=NC(O)=C1N,125.13099999999999,4,2,0,1,4,70.97,-0.17259999999999998,0
CN=c1nc1C(=N)O,111.10399999999998,3,2,1,1,4,69.33,-0.6289300000000002,0
N#CCN1C=NCOC1=O,139.11399999999998,4,0,1,1,5,65.69,-0.052019999999999955,0
Cn1cnnc1NC=N,125.13499999999999,4,2,2,1,5,66.59,-0.16593000000000052,0
N=CN1CC(=O)C(=O)N1,127.10299999999998,3,2,1,1,5,73.26,-1.4906300000000001,0
N=CN1C=NC(O)CO1,129.11899999999997,4,2,1,1,5,68.91000000000001,-0.8126300000000002,1
N=C1N=C(F)N=C1C=O,127.07799999999999,3,1,1,1,5,65.64,-0.05732999999999999,0
N=CN1COC=NC1=N,126.11899999999999,3,2,1,1,5,72.53,-0.15376000000000006,0
CN=c1onc(N)n1C=O,142.118,6,1,1,1,6,86.41,-1.3729,0
N=CN1C=NC(C=O)O1,127.10299999999997,4,1,2,1,5,65.75,-0.6060300000000001,1
N=CN1NCCOC1=O,129.119,4,2,1,1,5,65.42000000000002,-0.44972999999999996,0
CC1=NC(N)=NC1=N,110.12,3,2,0,1,4,74.59,-0.24712999999999996,0
N=C1C=NN=C1C=O,109.08799999999998,4,1,1,1,4,65.64,-0.35453,0
COc1ncnc([O-])n1,126.095,5,0,1,1,5,70.96000000000001,-1.0462000000000002,0
CC(=O)OC1=NC=C1N,126.11500000000001,4,1,0,1,4,64.67999999999999,-0.23829999999999985,0
N=CN1OCCOC1=O,130.103,4,1,1,1,5,62.62000000000001,-0.022729999999999917,0
N=C1NC(=O)N1CC=O,127.103,3,2,2,1,5,73.26,-0.85473,0
N=NC1=C(C=O)OC1=N,125.08699999999997,5,2,2,1,5,86.36000000000001,0.43534,0
N=C(N)C1=CN=C1N,110.12,3,3,1,1,4,88.25,-0.8229299999999997,0
NC1=C(CO)C=NC1=O,126.11499999999998,3,2,1,1,4,75.68,-1.1975000000000002,0
N=C1NC=NC1OCO,129.119,4,3,2,1,5,77.7,-1.11233,1
Cc1nc([NH3+])noc1=N,127.127,4,2,0,1,5,90.41,-1.2691099999999995,0
N=Cc1cnc(N)c(=O)[nH]1,138.13,4,3,1,1,5,95.62,-0.6502300000000003,0
COC1=NC(=O)N=C1N,127.10300000000001,3,1,0,1,5,77.03999999999999,-0.47789999999999994,0
CC1(C=N)ONC(=O)O1,130.103,4,2,1,1,5,71.41,0.02356999999999998,1
N=c1[nH]nc(CN)n1C=O,141.13400000000001,5,3,2,1,6,100.54999999999998,-1.8123299999999996,0
CC(=N)c1noc(=N)o1,127.103,5,2,1,1,5,86.87,0.13484000000000007,0
N=C1ON=C(N)C1=N,112.092,5,3,0,1,5,95.31,-0.7141600000000001,0
C=C1N=NOC(=O)CC1=N,139.11399999999998,5,1,0,1,5,74.87,0.8339699999999999,0
NC1=COC(=O)C1=O,113.07199999999999,4,1,0,1,4,69.39,-1.0876000000000001,0
N=C1N=CN=C1CO,111.10399999999998,3,2,1,1,4,68.8,-0.5611300000000001,0
COc1ncc(=N)on1,127.103,5,1,1,1,5,72.0,-0.44233000000000006,0
N=C1CN=NCC(=O)O1,127.10299999999998,5,1,0,1,5,74.87,-0.027330000000000076,0
N=c1c(CN)nc1=O,111.104,4,2,1,1,4,79.83000000000001,-1.7444300000000004,0
NC(=O)C1=NN=C1O,113.076,3,2,1,1,5,88.04,-1.2022,0
COC1=NC(C=N)=NC1=O,139.114,4,1,1,1,5,74.87,-0.38043,0
CC(=O)C1=NC(F)=N1,114.07900000000001,3,0,1,1,4,41.79,0.31300000000000006,0
CN=c1nc[nH]c(=O)o1,127.10299999999998,4,1,0,1,5,71.25,-1.1066000000000003,0
N=C1NC(C=O)OC1=N,127.103,4,3,1,1,5,86.03,-0.9142600000000001,1
COC1=NC(N)=CC1=O,126.115,4,1,0,1,4,64.68,-0.5859000000000001,0
Nc1ncc(C=O)n1N,126.119,5,2,1,1,5,86.92999999999999,-1.0084000000000004,0
N=Cc1n[nH]nc1C=O,124.10299999999998,4,2,2,1,5,82.49000000000001,-0.38513,0
N=CN1COCC1=NO,129.119,4,2,1,1,5,68.91000000000001,-0.3291300000000003,0
N=c1[nH]n(C=O)c(=N)o1,128.09099999999998,5,3,1,1,6,98.63000000000001,-1.5935600000000003,0
CC(=O)N1N=C1OC=N,127.10299999999998,4,1,1,1,5,65.52000000000001,-0.25682999999999995,0
N=C1N=NC(N)=C1C=O,124.103,4,2,1,1,5,91.66,-0.20132999999999995,0
N=C1OC=NC(CO)O1,130.10299999999998,5,2,1,1,5,74.9,-0.68533,1
N=C1N=C(N)C(N)O1,114.108,4,3,0,1,5,97.48,-1.40663,1
N=C1N=C(N)N=C1C=O,124.103,4,2,1,1,5,91.66,-1.06813,0
CN=C1N=C(N)C(=O)O1,127.103,4,1,0,1,5,77.04,-1.1138,0
NC(=O)C1=NC(O)=N1,113.076,3,2,1,1,5,88.04,-1.2022000000000002,0
N=C1OCNC(=O)C1=O,128.087,4,2,0,1,5,79.25,-1.3633300000000004,0
NC1=CN=C(CO)C1=O,126.11499999999998,4,2,1,1,4,75.68,-1.1975000000000002,0
N#Cn1c(N)n[nH]c1=N,124.10700000000001,5,3,0,1,6,107.26999999999998,-1.3979500000000002,0
N=C1CC(N)C(=O)OCO1,144.12999999999997,5,2,0,1,5,85.4,-0.7880300000000002,1
NC(=O)C1=NC(O)=N1,113.076,3,2,1,1,5,88.04,-1.2022000000000002,0
N=C1N=C(N)C(CN)=N1,125.13500000000002,3,3,1,1,5,100.61,-1.3083299999999998,0
Cc1c(CN)nnn1C=O,140.14600000000002,5,1,2,1,5,73.8,-0.91648,0
N=Cc1ncnc(N)n1,123.11900000000001,5,2,1,1,5,88.54,-0.5485300000000002,0
N=C1N=COC(=N)C1=N,124.103,4,3,0,1,5,93.13999999999999,0.01921000000000006,0
N=CC1=NN=C(N)C1=O,124.103,5,2,1,1,5,91.66,-1.06813,0
N#CC1CON(C=N)C=N1,138.13,4,1,1,1,5,72.47,-0.23885000000000017,1
N=CN=C1N=NC=C1N,123.119,3,2,1,1,5,86.95,0.2578700000000001,0
N=C1NC(=O)OC1=NO,129.07500000000002,5,3,0,1,6,94.77000000000001,-0.5088300000000001,0
N=CN1OC(=O)CC1=O,128.087,4,1,1,1,5,70.46000000000001,-0.7160300000000002,0
N=COCC1=NOC1=O,128.087,5,1,3,1,5,71.74000000000001,-0.47713000000000005,0
N=C1NC(=N)C(=O)O1,113.076,4,3,0,1,5,86.03000000000002,-0.95516,0
CN=C1N=C(N)OC1=O,127.103,4,1,0,1,5,77.03999999999999,-1.1138,0
N=C1COC(=O)C(=N)O1,128.087,5,2,0,1,5,83.23,-0.48566000000000015,0
CC1=NN=C1OC=N,111.10399999999998,4,1,1,1,4,57.800000000000004,0.39807000000000003,0
N=C1N=C(F)C=[N+]1[O-],115.067,2,1,0,1,5,62.28,-0.11613000000000001,0
CC(=O)c1n[nH]c(=O)o1,128.087,4,1,1,1,5,75.96000000000001,-0.43450000000000005,0
N=c1nc(CO)c(N)co1,141.13,5,3,1,1,5,96.13,-0.7714300000000001,0
Nc1nc(CC=O)n[nH]1,126.11899999999999,4,2,2,1,5,84.66,-0.8717000000000004,0
N=C1C=C(O)N=C1N,111.104,4,3,0,1,4,82.46,-0.22362999999999988,0
N=C1N=C(F)OC1=O,116.05099999999999,3,1,0,1,5,62.51,-0.15403,0
N=C1N=C(N)C(N)=N1,111.10800000000002,3,3,0,1,5,100.61,-1.3508299999999998,0
Nc1nnc(C=O)[nH]1,112.09199999999998,4,2,1,1,5,84.66,-0.8006000000000004,0
COC1=NN=C1NC=C=N,138.13,5,2,1,1,5,69.83000000000001,-0.2898300000000002,0
N=c1cc(N)c(N)no1,126.11900000000001,5,3,0,1,5,101.92,-0.68153,0
NC(C=O)c1nc1=O,112.088,4,1,2,1,4,73.05000000000001,-1.4839000000000002,1
NC1(OC=O)NCC1=O,130.103,5,2,2,1,5,81.41999999999999,-2.0557999999999996,1
N=C1NC(=O)OC1=O,114.05999999999999,4,2,0,1,5,79.25,-0.76993,0
N=C1CNC(=O)N=CO1,127.10299999999998,3,2,0,1,5,74.54,-0.26823000000000013,0
CNC1=C(N)N=C1C=O,125.131,4,2,2,1,4,67.47999999999999,-1.0129,0
COc1n[nH]c(=N)n1C,128.135,4,2,1,1,5,66.69,-0.7637300000000002,0
CNC1=NN=C1CC#N,122.131,4,1,1,1,4,60.54,-0.11242000000000002,0
N=C1CC(=O)N=CO1,112.08799999999998,3,1,0,1,4,62.510000000000005,-0.06112999999999996,0
N#CCC1=NC(=N)N=N1,121.10300000000001,3,1,1,1,5,84.72,0.69915,0
O=CC(=O)N1COCO1,131.087,4,0,1,1,5,55.84,-1.1093000000000002,0
N=c1o[nH]c(=O)c[n+]1[O-],129.075,4,2,0,1,6,96.78999999999999,-1.91923,0
N=C1COC(=NO)OC1=O,144.08599999999998,6,2,0,1,6,91.97,-0.6752300000000002,0
NC1=CC(=O)N=C1N,111.10400000000001,3,2,0,1,4,81.47,-1.2736000000000003,0
N=C1OC=NCNC1=O,127.103,4,2,0,1,5,74.53999999999999,-0.9041300000000003,0
N=CN1C=NC1COC=O,141.12999999999997,4,1,4,1,5,65.75,-0.5635300000000001,1
COC1=NC(=O)NCO1,130.103,3,1,0,1,5,59.92,-0.31390000000000007,0
N=CC1=NC=C(CN)C1=N,136.15800000000002,4,3,2,1,4,86.08000000000001,-0.047059999999999935,0
CCOC1=NC(=N)N=N1,126.11900000000001,3,1,1,1,5,70.16,0.7794700000000001,0
N=C1NC(=O)NCC1C=O,141.13,3,3,1,1,5,82.05000000000001,-0.9084300000000001,1
NC1=C(O)C(=O)N=C1,112.088,3,2,0,1,4,75.68,-0.6742999999999999,0
CC1=NC(=N)N=C1N,110.12,2,2,0,1,4,74.59,-0.24712999999999996,0
COC1=NC(N)=C1N,113.12000000000002,4,2,0,1,4,73.63,-0.8686,0
Nc1cnc(=O)[nH]n1,112.092,4,2,0,1,5,84.66,-1.2529000000000001,0
N=C1C(O)=CN=C1N,111.10400000000001,4,3,0,1,4,82.46,-0.22362999999999988,0
N=C1COC(=N)OCN1,129.119,4,3,0,1,5,78.19,-0.5076600000000002,0
CC1=NC(=O)N=C1N,111.104,2,1,0,1,4,67.81,-0.061899999999999844,0
N=C1CN=COC(=N)O1,127.10299999999998,5,2,0,1,5,78.52,-0.026460000000000095,0
CN=C1N=NC(=N)N1,111.10799999999999,2,2,0,1,5,72.96,-0.03762999999999994,0
N=c1oc(=N)n(CO)o1,131.091,6,3,1,1,6,99.14000000000001,-1.4171600000000002,0
N=C1OC(=O)N=C1CO,128.087,4,2,1,1,5,82.74,-0.45282999999999995,0
CC1=C(O)C(=N)N=N1,111.10400000000001,3,2,0,1,4,68.8,1.21897,0
Cc1nnc(N)n1C=O,126.119,5,1,1,1,5,73.8,-0.7929800000000002,0
O=C1NCCOC(=O)O1,131.087,4,1,0,1,5,64.63,-0.1372,0
N#CCC1C(=O)N=CN1N,138.13,4,1,1,1,5,82.48,-0.98712,1
C#CC1N=NC(N)=N1,108.10400000000001,4,1,0,1,4,63.099999999999994,-0.27379999999999993,1
COc1cnn[nH]c1=N,126.119,4,2,1,1,5,74.65,-0.70723,0
N=c1nccc(N)n1O,126.119,5,3,0,1,5,87.92,-0.81793,0
N=Cn1c(N)cnc1C=O,138.13,5,2,2,1,5,84.75999999999999,-0.2670299999999999,0
NC1=C(N)C(=O)C=N1,111.10399999999998,4,2,0,1,4,81.47,-1.2736000000000003,0
Cn1oc(=N)oc1=O,116.076,5,1,0,1,5,72.13,-0.9492299999999998,0
N=C1N=C(C(N)C=O)O1,127.10299999999998,4,2,2,1,5,88.53000000000002,-1.12393,1
Cn1nc(CO)nc1N,128.135,5,2,1,1,5,76.96,-1.1104,0
N=C1OC(=N)C(C=O)O1,128.087,5,2,1,1,5,83.23,-0.48726000000000025,1
CN=c1cnoc(N)n1,126.119,5,1,0,1,5,77.3,-0.8177000000000001,0
N=COC1NCOC1=N,129.119,5,3,2,1,5,78.19,-0.5092600000000003,1
N#Cc1nonc1C=O,123.07099999999998,5,0,1,1,5,79.78,-0.24622,0
N=C1N=CN=C1C=CO,123.11499999999997,3,2,1,1,4,68.8,0.51827,0
CN=C1C=NC(=O)N1O,127.10299999999998,3,1,0,1,5,65.26,-0.08969999999999995,0
COc1cnn[nH]c1=N,126.119,4,2,1,1,5,74.65,-0.70723,0
N=C1N=NC(C=O)=C1O,125.08699999999997,4,2,1,1,5,85.87,0.39796999999999993,0
N#CC1N=COC(=N)O1,125.08699999999997,5,1,0,1,5,78.46,-0.15405000000000008,1
C#CC(=O)N1CON1,112.088,3,1,0,1,4,41.57,-1.1445,0
N=C1OCN(C=O)C1N,129.11899999999997,4,2,1,1,5,79.41,-1.30543,1
N=Cc1nnc(N)n1CO,141.13400000000001,6,3,2,1,6,100.81000000000002,-1.1922300000000001,0
CNc1ncc(=O)[nH]n1,126.11899999999999,4,2,1,1,5,70.67,-0.7934000000000003,0
N=COC1=C(O)C(=O)N1,128.087,4,3,2,1,5,82.41,-0.5330300000000001,0
N=COC1=NCN1C=O,127.103,4,1,2,1,5,65.75,-0.6044300000000002,0
O=C1N=CN=C1CO,112.08799999999998,3,1,1,1,4,62.019999999999996,-1.0118,0
N=CN=C1N=CN=C1N,123.119,3,2,1,1,5,86.95,-0.60893,0
N=COC1C(=N)OC1=N,127.103,5,3,2,1,5,90.00999999999999,-0.03658999999999979,0
COC(=O)c1conn1,128.087,5,0,1,1,5,65.22,-0.14380000000000015,0
COc1cn[nH]c(=O)c1,126.11499999999998,3,1,1,1,4,54.98,-0.22149999999999997,0
Nc1cnc(N)n1C=O,126.119,5,2,1,1,5,86.92999999999998,-0.9142000000000001,0
N=C1N=CC(NC=O)=N1,124.103,2,2,1,1,5,77.67,-0.8499300000000001,0
N=C1C=NC(N)=C1OC=O,139.114,5,2,2,1,5,88.53,-0.6086300000000002,0
N=CN1C=COC(=N)O1,127.10299999999998,4,2,1,1,5,69.4,0.26324000000000003,0
NC1=CC(=O)N=C1N,111.10400000000001,3,2,0,1,4,81.47,-1.2736000000000003,0
CC(O)C1=NC(=N)N1O,129.11900000000003,3,3,1,1,5,79.91000000000001,-0.5947300000000002,1
Cc1n[nH]c(=N)n1CO,128.135,4,3,1,1,5,77.69,-1.0511100000000002,0
Nc1nocc(O)c1=O,128.087,5,2,0,1,5,89.35,-0.6774,0
CC1(CC(N)=O)OCO1,131.131,3,1,2,1,4,61.55000000000001,-0.4177000000000002,0
Nc1nc(C=O)oc1N,127.10299999999998,5,2,1,1,5,95.14,-0.3485,0
N=c1occ(N)n1C=O,127.10300000000001,5,2,1,1,5,85.00999999999999,-0.8189300000000002,0
COC(=O)c1cn[nH]n1,127.10300000000001,4,1,1,1,5,67.87,-0.40870000000000023,0
N=Cn1cnc(=O)o1,113.07599999999998,5,1,1,1,5,71.88,-0.7085299999999999,0
N=C[c-]1nncc1N,109.112,4,2,1,1,4,75.65,-0.22463,0
N=Cn1[nH]c(=N)oc1=O,128.09099999999998,5,3,1,1,6,98.63,-1.2959600000000002,0
N=C1COC(=NO)CO1,130.103,5,2,0,1,5,74.9,-0.20183000000000012,0
N=C1NC(C=O)OCO1,130.103,4,2,1,1,5,71.41000000000001,-0.9599300000000002,1
CNC(=O)C1=NC(O)=N1,127.103,3,2,1,1,5,74.05,-0.9415,0
N=CC1OCOC(=N)C1=O,142.114,5,2,1,1,5,83.22999999999999,-0.44476,1
CNC1=NC(=O)N=C1N,126.119,3,2,0,1,5,79.84,-0.9049,0
COC1=C(N)C(=N)N=C1,125.131,3,2,1,1,4,71.46000000000001,-0.13522999999999985,0
N=C1OC=NCNC1=O,127.103,4,2,0,1,5,74.53999999999999,-0.9041300000000003,0
N=CN1OCCOC1=N,129.119,4,2,1,1,5,69.4,-0.2079600000000001,0
O=CNC1C(=O)NC1=O,128.087,3,2,2,1,5,75.27000000000001,-2.2426000000000004,0
N=C1N=NC=C1CN,110.12,3,2,1,1,4,74.59,0.27207000000000015,0
N=C1OCNC(=O)CO1,130.10299999999998,4,2,0,1,5,71.41,-0.9583300000000003,0
CN=c1nc(N)c1=O,111.104,4,1,0,1,4,68.34,-1.5698999999999999,0
CC(=O)C1=NC(O)=N1,112.088,3,1,1,1,4,62.019999999999996,-0.09849999999999998,0
N=C1N=CN=C1CO,111.10399999999998,3,2,1,1,4,68.8,-0.5611300000000001,0
C#CC(N)N1N=CC1=O,123.11499999999998,3,1,1,1,4,58.69,-1.2676,1
CC1=NC(=N)C(CO)=N1,125.13099999999999,3,2,1,1,4,68.8,-0.17103000000000002,0
N=C1COC(=NO)N1,115.092,4,3,0,1,5,77.7,-0.6713300000000002,0
Cc1nc(N)n[nH]c1=O,126.119,4,2,0,1,5,84.66,-0.94448,0
N=C1OCC(=O)C(=N)O1,128.087,5,2,0,1,5,83.23,-0.48566000000000015,0
CC1=NC(=N)C(CO)=N1,125.13099999999999,3,2,1,1,4,68.8,-0.17103000000000002,0
COc1n[nH]c(=O)n1C=N,142.118,5,2,2,1,6,83.75999999999999,-0.9648300000000001,0
N=CN1C(=O)C1C=O,112.08799999999997,3,1,2,1,4,61.0,-0.9968300000000001,1
CNC1=NC(CO)=NC1=O,141.13,4,2,1,1,5,74.05000000000001,-1.4647000000000003,0
NC(=O)C1=NC(N)=N1,112.09200000000001,4,2,1,1,5,93.83,-1.8014999999999999,0
N=CC1=NC(=N)C(=O)N1,124.103,3,3,1,1,5,89.16,-0.8584600000000002,0
N=C1OC(=O)N=C1CO,128.087,4,2,1,1,5,82.74,-0.45282999999999995,0
Cc1nn[nH]c(=N)c1C=O,138.12999999999997,4,2,1,1,5,82.49000000000001,-0.59491,0
N=C1OC=NCN1C=O,127.103,4,1,1,1,5,65.75,-0.6044300000000002,0
N=C1CC(=O)NC(N)O1,129.119,4,3,0,1,5,88.2,-1.2575300000000003,1
N=Cc1n[nH]nc1C=O,124.10299999999998,4,2,2,1,5,82.49000000000001,-0.38513,0
N=CN1CC(=O)NC1=O,127.10299999999998,3,2,1,1,5,73.26,-0.85473,0
CC(N)(N)C1=NOC1=N,128.135,5,3,1,1,5,97.48000000000002,-1.0165299999999995,0
N=C1C=NN=C1CN,110.12,4,2,1,1,4,74.59,-0.59473,0
N=C1NC(=O)NC1C=O,127.10299999999998,3,3,1,1,5,82.05000000000001,-1.15603,1
N=C1OCC(=O)C(=O)O1,129.071,5,1,0,1,5,76.45,-0.9363300000000001,0
N=C1NC(=O)N=C1CN,126.11900000000001,3,3,1,1,5,91.33,-0.91343,0
N=C1OCN=CNC1=O,127.10299999999998,4,2,0,1,5,74.53999999999999,-0.9041300000000003,0
CN1C=NC(=N)N(C=O)O1,142.118,4,1,1,1,6,68.99000000000001,-0.8001300000000002,0
N=C1N=C(CO)C=C1N,125.13099999999999,3,3,1,1,4,82.46,-0.7468300000000001,0
CC(=O)C1=NC(O)=N1,112.088,3,1,1,1,4,62.019999999999996,-0.09849999999999998,0
CC(=O)C1=CC(=N)N=N1,123.115,3,1,1,1,4,65.64,0.9023699999999999,0
N=Cc1noncc1=N,124.103,5,2,1,1,5,86.62,-0.45326000000000016,0
Cn1ncc(=N)c(=N)o1,126.119,5,2,0,1,5,78.66000000000001,-1.02796,0
N=C1OC(=N)N1CC=O,127.103,4,2,2,1,5,77.24000000000001,-0.6129600000000002,0
CC(=O)c1cnn[nH]1,111.104,3,1,1,1,4,58.64,0.007299999999999918,0
CN=C1ON=NC1=N,112.092,4,1,0,1,5,70.16,0.38937000000000005,0
C#CC1=NC(N)=NC1=O,121.099,3,1,0,1,4,67.81,-1.0845,0
N=C1OCNC(=O)CO1,130.10299999999998,4,2,0,1,5,71.41,-0.9583300000000003,0
CN=C1N=CC(=N)O1,111.10399999999998,3,1,0,1,4,57.8,0.05047000000000007,0
COC1=NC(=N)C(O)=N1,127.103,3,2,0,1,5,78.03,-0.06383000000000005,0
CN=C1N=C(N)C(=N)O1,126.119,4,2,0,1,5,83.82000000000001,-0.66313,0
N=C1OC=NC(=CN)O1,127.103,5,2,0,1,5,80.69,-0.24613000000000007,0
N=Cc1cn(O)c(N)n1,126.119,5,3,1,1,5,87.92,-0.2997300000000002,0
Nc1cc(NC=O)no1,127.103,4,2,2,1,5,81.14999999999999,-0.17490000000000022,0
N#CCc1cnoc1N,123.115,4,1,1,1,4,75.84,0.32288000000000006,0
O=CNC1=NC=NC1=O,125.08699999999999,3,1,1,1,5,70.89,-1.3006000000000002,0
CC(=O)C1=NC(O)=N1,112.088,3,1,1,1,4,62.019999999999996,-0.09849999999999998,0
COc1cnoc(=O)c1N,142.11399999999998,5,1,1,1,5,78.35000000000001,-0.3744,0
N=CC1=NN=CC1=N,108.10399999999998,4,2,1,1,4,72.42,0.09614,0
N=C1OC=C(N)C1=N,111.10400000000001,4,3,0,1,4,82.94999999999999,-0.18625999999999998,0
N=C1N=NCC(C=O)O1,127.10299999999998,4,1,1,1,5,74.87,-0.028930000000000122,1
NC1=NC(=O)OC1=NO,129.075,5,2,0,1,6,97.27,-0.7185000000000001,0
O=CC1=NC(=O)OCN1,128.087,4,1,1,1,5,67.76,-0.7189000000000001,0
N#CCc1n[nH]c(=N)o1,124.103,4,2,1,1,5,89.46,-0.45175000000000026,0
COC1=NNC(=O)C1=N,127.10299999999998,4,2,0,1,5,74.53999999999999,-0.9041300000000001,0
N=C1N=C(CO)N=C1N,126.119,4,3,1,1,5,94.82,-1.2747300000000001,0
Nc1ncc(N)c(O)n1,126.119,5,3,0,1,5,98.05,-0.6534000000000001,0
Nc1cnc(C=O)c(N)n1,138.13,5,2,1,1,5,94.89,-0.5465,0
NC1=CC(=O)C(=O)O1,113.07199999999999,4,1,0,1,4,69.39,-1.0876000000000001,0
N=C1N=CNC(=O)CO1,127.10299999999998,3,2,0,1,5,74.54,-0.9041300000000001,0
CC1=NN=C(O)C1=O,112.08799999999998,3,1,0,1,4,62.02,-0.09850000000000009,0
O=C1N=NC(O)=C1CO,128.087,4,2,1,1,5,82.25,-0.2593,0
CNC(=O)C1=C(O)N=N1,127.103,4,2,1,1,5,74.05,-0.07470000000000021,0
CNC1=NC(=O)C(O)=N1,127.10299999999998,3,2,0,1,5,74.05,-0.9415,0
CC(=O)C1=NC(=O)O1,113.07199999999999,3,0,1,1,4,55.730000000000004,0.12410000000000004,0
NC1=CC(=O)OC1=O,113.07199999999999,4,1,0,1,4,69.39000000000001,-1.0876000000000001,0
NC1=CN=C(O)C1=O,112.08799999999998,3,2,0,1,4,75.68,-0.6743000000000001,0
CNC(=O)c1ncn[nH]1,126.119,3,2,1,1,5,70.67,-0.8357000000000003,0
N=C1NC(=N)C(=O)CO1,127.103,4,3,0,1,5,86.03000000000002,-0.91266,0
CC(O)C1OCNC1=N,130.14700000000002,3,3,1,1,4,65.34,-0.7096300000000004,2
NC(=O)C1=CC(O)=N1,112.08799999999998,2,2,1,1,4,75.68,-0.6743000000000001,0
N=C1NC(CO)=C1N,113.12,3,4,1,1,4,82.13,-1.27053,0
CC(=O)c1conn1,112.088,4,0,1,1,4,55.99,0.2722,0
Cc1nc(N)nn1C=O,126.119,5,1,1,1,5,73.8,-0.7929800000000002,0
O=CN1C=NCOC1=NO,143.102,5,1,1,1,6,74.49000000000001,-0.794,0
COc1ncc(N)nn1,126.11900000000001,5,1,1,1,5,73.92,-0.5376000000000003,0
Nc1ncnc(C=O)n1,124.10299999999998,5,1,1,1,5,81.76,-0.7337,0
NC=C1N=C(N)C(=O)O1,127.103,5,2,0,1,5,90.7,-1.3419999999999999,0
CNC(=O)C1=NC(=N)O1,127.103,3,2,1,1,5,74.54,-0.9041300000000001,0
N=C1COC(=O)C(=O)O1,129.071,5,1,0,1,5,76.45,-0.9363300000000001,0
Cc1nc(=O)on1CO,130.103,5,1,1,1,5,68.26,-0.9054800000000001,0
CC1=NC(=O)C(=O)O1,113.07199999999997,3,0,0,1,4,55.730000000000004,-0.5118,0
CNC(=O)C1=NN=C1O,127.103,3,2,1,1,5,74.05,-0.9415000000000002,0
N=CNC1OC(=N)C1O,129.119,4,4,2,1,5,89.19000000000001,-1.1224600000000005,2
N=C1OCC(=O)C(=O)O1,129.071,5,1,0,1,5,76.45,-0.9363300000000001,0
CC1=NC(C#N)N=N1,108.10400000000001,4,0,0,1,4,60.87,0.72028,1
NC1=NC(CO)=NC1=O,127.10299999999998,4,2,1,1,5,88.03999999999999,-1.7254,0
CC1OC(=O)N(C=N)O1,130.10299999999998,4,1,1,1,5,62.620000000000005,0.32327,1
N=Cc1onnc1N,112.09200000000001,5,2,1,1,5,88.79,-0.3505300000000002,0
N=C1N=C(C=O)NC1=N,124.10299999999998,3,3,1,1,5,89.16,-0.8584600000000002,0
N=C1COC(=N)OCN1,129.119,4,3,0,1,5,78.19,-0.5076600000000002,0
CN=C1N=CN=C1O,111.10399999999998,2,1,0,1,4,57.31,0.013100000000000056,0
N=C1NC(=O)COC1=N,127.103,4,3,0,1,5,86.03,-0.9126600000000002,0
O=CN1C=NCC(=O)N1,127.103,3,1,1,1,5,61.77,-1.4820999999999998,0
Cc1n[nH]c(=O)nc1N,126.119,4,2,0,1,5,84.66,-0.9444800000000002,0
N=CN1CN=COC1=O,127.10299999999997,4,1,1,1,5,65.75,0.03146999999999994,0
CN=C1N=C(N)C(=O)O1,127.103,4,1,0,1,5,77.04,-1.1138,0
N=c1nc(N)oc(=O)o1,129.075,6,2,0,1,6,106.11,-1.3105300000000002,0
N=Cn1c(O)cnc1N,126.11899999999999,5,3,1,1,5,87.92,-0.37393000000000004,0
N=C1COC(=N)C(=N)O1,127.103,5,3,0,1,5,90.01,-0.034989999999999966,0
Nc1cn(O)c(C=O)n1,127.10299999999998,5,2,1,1,5,81.14,-0.48490000000000033,0
N=C1N=CC(C=O)=N1,109.088,2,1,1,1,4,65.64,-0.35453,0
CC(=O)c1cnc(N)o1,126.115,4,1,1,1,4,69.12,0.45940000000000014,0
N=C1OCNC(=O)CO1,130.10299999999998,4,2,0,1,5,71.41,-0.9583300000000003,0
COC1=NC(=O)N=C1O,128.087,2,1,0,1,5,71.25,0.12140000000000001,0
Cc1cnoc(=N)[n+]1[O-],127.103,4,1,0,1,5,76.82000000000001,-0.9041100000000002,0
N=C1CC(=O)NC(=N)O1,127.10299999999998,4,3,0,1,5,86.03000000000002,-0.5650600000000003,0
N=CN1C(=N)NC1=O,112.09199999999998,3,3,1,1,5,80.04,-0.44656,0
N=C1ON=C(N)C1=O,113.076,5,2,0,1,5,88.53,-1.16483,0
CC1=NC(O)=NC1=N,111.10399999999998,2,2,0,1,4,68.80000000000001,0.35217,0
N=C1NC(=O)OCO1,116.076,4,2,0,1,5,71.41000000000001,-0.36493,0
N=CN1C=C1OC(=N)O,127.10299999999998,3,3,2,1,5,80.17,0.2173400000000001,0
Nc1ncc(C=O)nn1,124.103,5,1,1,1,5,81.76,-0.7337000000000002,0
NC(=O)c1coc(N)n1,127.103,4,2,1,1,5,95.14,-0.6443000000000001,0
CC1COC(=O)C(=O)O1,130.099,4,0,0,1,4,52.60000000000001,-0.5251000000000001,1
N=C1C=NC(C(N)=O)=N1,124.10300000000001,3,2,1,1,5,91.66000000000001,-1.06813,0
COC1=C(O)OC1=NO,131.087,5,2,1,1,5,71.28,0.17779999999999996,0
N=C1NC=CNC(=O)O1,127.103,3,3,0,1,5,74.21000000000001,-0.27823000000000014,0
COC1=NC(=N)C(O)=N1,127.103,3,2,0,1,5,78.03,-0.06383000000000005,0
N#CCOC1=NC=NC1=O,137.09799999999998,4,0,1,1,5,74.81,-0.5064200000000001,0
N=C1NC(CO)=CC1=O,126.11499999999998,3,3,1,1,4,73.18,-0.9878300000000002,0
Cc1nnc(=N)[nH]c1O,126.11899999999999,4,3,0,1,5,85.65,-0.7018100000000002,0
N=CC1=NC=C(N)C1=O,123.115,4,2,1,1,4,79.30000000000001,-0.5402300000000002,0
COC1(C(=N)O)NC1=O,130.10299999999998,3,3,2,1,5,92.32,-1.0058299999999998,1
N=Cn1cnc(=N)o1,112.09199999999998,5,2,1,1,5,78.66000000000001,-0.5892600000000001,0
Nc1c[nH]nc1C(N)O,128.135,4,4,1,1,5,100.95,-1.0585,1
O=C1NC(=O)C(=O)N1,114.05999999999999,3,2,0,1,5,75.27,-1.6476000000000002,0
N=C1OCC(C(=N)N)O1,129.119,4,3,1,1,5,92.18,-0.72746,1
N=Cc1nc(N)no1,112.09200000000001,5,2,1,1,5,88.79,-0.3505300000000002,0
N#CCc1cnoc1O,124.09899999999998,4,1,1,1,4,70.05,0.44627999999999995,0
Nc1noc(=O)[nH]c1=O,129.075,5,2,0,1,6,101.97999999999999,-1.6947,0
N=c1nc(CN)cno1,126.119,5,2,1,1,5,88.79,-0.99223,0
CNC(=O)c1cn[nH]n1,126.119,3,2,1,1,5,70.67,-0.8357000000000003,0
N#Cc1n[nH]nc1C=O,122.08699999999997,4,1,1,1,5,82.43,-0.51112,0
O=CC1OC(=O)C1=NO,129.071,5,1,1,1,5,75.96000000000001,-1.0591,1
N#CC(N)c1ncno1,124.103,5,1,1,1,5,88.73,-0.40701999999999994,1
N=C(O)C1=NC=NC1=N,124.103,3,3,1,1,5,92.65,-0.018159999999999954,0
O=Cc1nc(CO)co1,127.09899999999998,4,1,2,1,4,63.33,-0.020600000000000007,0
N=CN1COC(=N)CO1,129.119,4,2,1,1,5,69.4,-0.2079600000000001,0
N=CN1CC(=O)OC1=N,127.10299999999998,4,2,1,1,5,77.24000000000001,-0.61296,0
NC(=O)C1=NNC1=O,113.076,3,2,1,1,5,84.55000000000001,-2.0425,0
N=C1N=COC(C=O)O1,128.087,4,1,1,1,5,71.74,-0.4787300000000001,1
Nc1cc(C=O)[n+]([O-])o1,128.087,4,1,1,1,5,83.17,-0.6922999999999999,0
CC(=O)c1nocc1N,126.115,4,1,1,1,4,69.12,0.45940000000000003,0
N=COC1=NC=NC1=N,124.103,4,2,1,1,5,81.65,0.027739999999999987,0
Cc1cnc(N)n1O,113.12,4,2,0,1,4,64.07,0.011019999999999974,0
N=CN1COC(=O)OC1,130.10299999999998,4,1,1,1,5,62.620000000000005,-0.02273000000000014,0
CNC(=N)C(O)C1=NO1,129.119,4,3,2,1,5,81.0,-1.1123300000000005,1
COC1=NN=C(N)C1=N,126.119,5,2,0,1,5,83.82,-0.66313,0
N=CC1NC(=O)OCC1=N,141.13,4,3,1,1,5,86.03,-0.23586000000000013,1
CC(=O)C1=NC(=N)O1,112.088,3,1,1,1,4,62.510000000000005,-0.06112999999999996,0
COC(=O)c1nc[nH]n1,127.10300000000001,4,1,1,1,5,67.87,-0.4087,0
N=C1NC(=N)C(=O)CO1,127.103,4,3,0,1,5,86.03000000000002,-0.91266,0
CNC1=NC(=N)OC1=O,127.10299999999998,4,2,0,1,5,74.53999999999999,-0.9041300000000003,0
NC1=C(C=O)C(C=O)=N1,124.09899999999999,4,1,2,1,4,72.52000000000001,-0.9909000000000001,0
CN1NCC(=O)OC1=N,129.119,4,2,0,1,5,65.42000000000002,-1.08563,0
CNC1=NC(CO)=NC1=N,140.146,4,3,1,1,5,80.83000000000001,-1.0140300000000002,0
Nc1cc(CO)cnn1,125.131,4,2,1,1,4,72.03,-0.4489000000000001,0
NC1=C(N)C(=O)N=C1,111.10399999999998,3,2,0,1,4,81.47,-1.2736000000000003,0
N=C1N=C(C(N)=O)O1,113.076,3,2,1,1,5,88.53000000000002,-1.1648300000000003,0
O=c1nccc(O)n1O,128.087,5,2,0,1,5,75.35,-0.8138000000000001,0
Nc1cc(N)c(=O)on1,127.10300000000001,5,2,0,1,5,95.14,-0.8008,0
COC1=NC(=N)N=C1N,126.11900000000001,3,2,0,1,5,83.82,-0.66313,0
C#Cc1nc(F)nn1N,126.09400000000002,4,1,0,1,5,56.730000000000004,-0.8876999999999999,0
N=C1NCOC(C=O)CO1,144.12999999999997,4,2,1,1,5,71.41,-0.91743,1
N=c1cnc(N)no1,112.09200000000001,5,2,0,1,5,88.79,-0.8687300000000002,0
Cc1n[nH]c(OCO)n1,129.11899999999997,4,2,2,1,5,71.03,-0.5582800000000001,0
Nc1coc(=O)oc1=O,129.071,5,1,0,1,5,86.44,-0.8247999999999998,0
N=C1C=NN=C1CCO,125.13099999999999,4,2,2,1,4,68.8,-0.17102999999999996,0
COC1=NC(=N)C(=O)N1,127.103,3,2,0,1,5,74.53999999999999,-0.9041300000000001,0
N=C1CC(=O)OC(=N)O1,128.087,5,2,0,1,5,83.23,-0.13806000000000002,0
O=C1CC(O)C(=O)N1,115.088,3,2,0,1,4,66.39999999999999,-1.6062,1
CN=C1NC(=O)N=C1O,127.10299999999998,2,2,0,1,5,74.05,-0.3055999999999999,0
N=C1OCC(=O)C(=O)O1,129.071,5,1,0,1,5,76.45,-0.9363300000000001,0
N=C1COC(=N)OCN1,129.119,4,3,0,1,5,78.19,-0.5076600000000002,0
N=C=CNC1=NOC1=N,124.103,5,3,1,1,5,81.32,-0.3408599999999999,0
N=CN1CN=C1C(=N)O,126.11899999999997,3,3,2,1,5,83.53,-0.19965999999999995,0
CC1=NC(=N)N=NC1=O,124.103,2,1,0,1,5,78.0,0.3744700000000001,0
N=C1OC=NC(=O)CO1,128.087,4,1,0,1,5,71.74,-0.47713000000000005,0
Nc1ncnc(C=O)n1,124.10299999999998,5,1,1,1,5,81.76,-0.7337,0
N=c1oc(=N)c1=NO,113.076,5,3,0,1,5,93.43,-1.5959600000000003,0
N=C1OC=NCNC1O,129.119,5,3,0,1,5,77.7,-1.1123300000000005,1
N=CC1=C(N)C(=O)N=N1,124.10300000000001,4,2,1,1,5,91.66,-0.20133000000000012,0
NC1=CC(=O)N=C1N,111.10400000000001,3,2,0,1,4,81.47,-1.2736000000000003,0
NC(=O)C1=NCOCN1,129.119,4,2,1,1,5,76.71000000000001,-1.5950000000000002,0
N=C1CC(=O)NC(=O)N1,127.10299999999998,3,3,0,1,5,82.05000000000001,-0.8068300000000002,0
NC(=O)OC1=NCOC1,130.103,4,1,0,1,5,73.91000000000001,-0.5321,0
CC(=O)c1noc(=N)[nH]1,127.103,4,2,1,1,5,82.74000000000001,-0.31523000000000007,0
N=CC1=NC(N)=NC1=O,124.10300000000001,4,2,1,1,5,91.66,-1.0681300000000002,0
COC1=NC(=N)C(=N)O1,127.103,4,2,0,1,5,78.52,-0.02646000000000004,0
N=C1OC=NC(=O)C1=O,126.07099999999998,4,1,0,1,5,79.58,-0.8821300000000001,0
Cc1nc(C=O)nn1N,126.119,5,1,1,1,5,73.8,-0.8871800000000001,0
N=CN1OC(=N)C1O,115.09199999999998,4,3,1,1,5,80.4,-0.8636600000000003,1
CC1=NCNC(=O)CO1,128.13099999999997,3,1,0,1,4,50.69,-0.49130000000000007,0
N#CCNC1=NOC1=O,125.08699999999999,5,1,1,1,5,74.47999999999999,-1.0301200000000001,0
COC1=NNC(=O)C1=N,127.10299999999998,4,2,0,1,5,74.53999999999999,-0.9041300000000001,0
CN=c1oc(=N)c1=O,112.088,4,1,0,1,4,66.42,-1.47463,0
Cn1ncc(=O)nc1N,126.11900000000001,5,1,0,1,5,73.8,-1.2425000000000004,0
Cc1c[nH]c(=N)oc1=O,126.115,3,2,0,1,4,69.85,-0.24420999999999993,0
Cc1noc(=N)nc1N,126.11900000000001,5,2,0,1,5,88.79,-0.5603100000000001,0
N=C(O)Oc1cnc[nH]1,127.103,3,3,1,1,5,81.99000000000001,0.28126999999999996,0
N=C1N=C(N)C(N)=N1,111.10800000000002,3,3,0,1,5,100.61,-1.3508299999999998,0
N=COC1COC(=O)C1=O,143.09799999999998,5,1,2,1,5,76.45,-0.8954300000000002,1
CNC(=O)C1OCOCO1,147.12999999999997,4,1,1,1,5,56.790000000000006,-0.9631000000000005,0
CNC1=NC=NC1=N,110.11999999999999,3,2,0,1,4,60.6,-0.3765300000000002,0
N=c1ncoc(=N)n1CO,142.11800000000002,6,3,1,1,6,98.89,-1.6151600000000002,0
N=C1OCC(=O)C(=N)O1,128.087,5,2,0,1,5,83.23,-0.48566000000000015,0
O=C1N=C(CO)OC1=O,129.07099999999997,4,1,1,1,5,75.96000000000001,-1.5394,0
N=C1N=C(N)C(=O)N1,112.092,3,3,0,1,5,91.33000000000001,-1.5918299999999999,0
COC1=NC(=O)C(N)=N1,127.10300000000001,4,1,0,1,5,77.03999999999999,-1.1138000000000003,0
COC1=NC(=N)N=N1,112.09200000000001,3,1,0,1,5,70.16,0.38937,0
N=Cn1on(C=N)c1=O,128.09099999999998,6,2,2,1,6,87.77000000000001,-0.8468600000000002,0
N=CC1=NC(O)=NC1=O,125.08699999999999,3,2,1,1,5,85.87,-0.46883000000000014,0
CNC(=O)c1nc[nH]n1,126.119,3,2,1,1,5,70.67,-0.8357000000000003,0
Nc1cnnc(C=O)n1,124.103,5,1,1,1,5,81.76,-0.7337,0
N=C1NC(=O)C(=O)O1,114.05999999999999,4,2,0,1,5,79.25000000000001,-1.4058300000000001,0
COC1=NC(N)=NC1=N,126.11900000000001,4,2,0,1,5,83.82,-0.66313,0
CC(=O)C1=NC(N)=N1,111.10400000000001,4,1,1,1,4,67.81,-0.6978,0
N=CC1=NC=NC1=N,108.104,3,2,1,1,4,72.42,0.09614,0
N#CC1NC(=O)COC1=O,140.09799999999998,4,1,0,1,5,79.19,-1.4484200000000003,1
CNC1=NC(=O)C(=N)O1,127.10299999999998,4,2,0,1,5,74.54,-0.9041300000000001,0
NC(=O)c1cnc(N)o1,127.103,4,2,1,1,5,95.14,-0.6443000000000001,0
N=CC1=NC(=O)C(N)=N1,124.10300000000001,4,2,1,1,5,91.66,-1.06813,0
CC1=NNC(=N)C1=O,111.10399999999998,3,2,0,1,4,65.31,-0.4881300000000001,0
COc1cn[nH]c(=N)n1,126.119,4,2,1,1,5,74.65,-0.70723,0
N=CC1=NC=NC1=N,108.104,3,2,1,1,4,72.42,0.09614,0
CC(O)C1=NC(=O)O1,115.088,3,1,1,1,4,58.89,-0.08410000000000006,1
N=C1COC(=N)C1=NO,127.103,5,3,0,1,5,89.52,-0.1561600000000002,0
N=C1OCC(=O)C(=N)O1,128.087,5,2,0,1,5,83.23,-0.48566000000000015,0
COC1=NN=C(N)C1=O,127.103,5,1,0,1,5,77.03999999999999,-1.1138000000000001,0
Cc1nnc(OC=O)o1,128.087,5,0,2,1,5,65.22,-0.08678000000000008,0
CNc1c[nH]nnc1=O,126.119,4,2,1,1,5,70.67,-0.7934000000000003,0
N=C1NCOC(=O)CO1,130.103,4,2,0,1,5,71.41,-0.9583300000000001,0
CN=C1NCOC(=N)CO1,143.146,4,2,0,1,5,66.7,-0.4566300000000003,0
N=C1OCOC(=N)C1=N,127.103,5,3,0,1,5,90.00999999999999,-0.034989999999999966,0
CC(=O)OC1=NNC1=O,128.08700000000002,4,1,0,1,5,67.75999999999999,-1.0072,0
COc1nc(=N)[nH]c[n+]1[O-],142.118,4,2,1,1,6,88.7,-1.4688299999999999,0
N=C1N=C(O)C(=N)O1,113.07599999999998,3,3,0,1,5,89.52,-0.11485999999999996,0
CC(=O)C1=NC(O)=N1,112.088,3,1,1,1,4,62.019999999999996,-0.09849999999999998,0
CC1=NC(OC=O)=C1O,127.09899999999996,4,1,2,1,4,58.89,0.36099999999999993,0
CC1=NC(=O)N=C1N,111.104,2,1,0,1,4,67.81,-0.061899999999999844,0
N=CNC1=NC=NC1=N,123.119,3,3,1,1,5,84.45,-0.3992599999999999,0
COC1=NC(=O)C(=N)N1,127.103,3,2,0,1,5,74.53999999999999,-0.9041300000000001,0
N=Cn1oc(=O)[nH]c1=O,129.075,5,2,1,1,6,91.85,-1.4152300000000002,0
N=C(N)C1=NOCCO1,129.119,4,2,1,1,5,80.69000000000001,-0.71733,0
NC(=O)C1=NC(O)=N1,113.076,3,2,1,1,5,88.04,-1.2022000000000002,0
NC1=C(CO)C(=O)C=N1,126.11499999999998,4,2,1,1,4,75.68,-1.1975000000000002,0
N=c1ncoc(=O)o1,114.05999999999999,5,1,0,1,5,80.09,-0.89273,0
N=C1COC(=O)NCN1,129.119,3,3,0,1,5,74.21,-0.7494300000000003,0
O=Cc1[nH]nnc1CO,127.103,4,2,2,1,5,78.87,-0.8905000000000001,0
CCc1nc(=O)[nH]n1N,128.135,4,2,1,1,5,76.7,-1.1523999999999996,0
NC1=NN=C1C=NC=O,124.10299999999998,4,1,2,1,5,80.16999999999999,-1.0596,0
CNC1=NOC(=N)C1=O,127.10299999999998,5,2,0,1,5,74.54,-0.9041300000000003,0
COc1cnc(=O)on1,128.087,5,0,1,1,5,65.22,-0.5616000000000001,0
N=c1cc(O)c(F)no1,130.078,4,2,0,1,5,70.11,-0.0012300000000000089,0
CNC(=O)C1=NN=C1O,127.103,3,2,1,1,5,74.05,-0.9415000000000002,0
N=C(O)C1=NC=NC1=N,124.103,3,3,1,1,5,92.65,-0.018159999999999954,0
N=C1COCOC(=N)O1,130.103,5,2,0,1,5,75.39,-0.0806599999999999,0
N#CC(N)c1ncon1,124.103,5,1,1,1,5,88.73,-0.40701999999999994,1
N=C1N=C(N)N=C1C=O,124.103,4,2,1,1,5,91.66,-1.06813,0
NC1=NC(=O)C(C=O)=N1,125.08699999999997,4,1,1,1,5,84.88,-1.5188,0
N=CN1C=NC(=O)OC1,127.10299999999998,3,1,1,1,5,65.75,0.031470000000000053,0
N=CC1=NCNOC1=O,127.103,5,2,1,1,5,74.53999999999999,-0.9041300000000003,0
N=COc1coc(N)n1,127.103,5,2,2,1,5,85.13,0.2426700000000001,0
N=CC1=NC(=N)C=N1,108.104,3,2,1,1,4,72.42,0.09614,0
N=C1N=C(F)C=C1N,113.095,2,2,0,1,4,62.230000000000004,0.18787000000000015,0
NCC1=NN=C1C=O,111.10399999999997,4,1,2,1,4,67.81,-1.0454,0
N=COc1noc(N)n1,128.091,6,2,2,1,6,98.02,-0.3623300000000002,0
N=C1N=NC=C1CCO,125.13099999999999,3,2,2,1,4,68.8,0.69577,0
COc1nc(OC=N)no1,143.102,6,1,3,1,6,81.23,0.0640699999999999,0
O=CC1=NC(CO)CO1,129.11499999999998,4,1,2,1,4,58.89,-1.0251000000000001,1
N=C1COC(=O)NC=N1,127.103,3,2,0,1,5,74.53999999999999,-0.26823000000000013,0
N=CN1OC(=N)C1=O,113.076,4,2,1,1,5,77.24000000000001,-0.6554600000000002,0
N=C1ON=C1CC=O,112.08799999999998,4,1,2,1,4,62.51,-0.06113000000000007,0
N=C1ON=C1COC=O,128.087,5,1,3,1,5,71.74000000000001,-0.47713000000000005,0
NC(=O)C1CNC(=O)O1,130.103,3,2,1,1,5,81.42,-1.4199000000000004,1
Cc1cnc(O)nc1N,125.131,4,2,0,1,4,72.03,0.07282000000000005,0
N=C1COC(O)N=CO1,130.10299999999998,5,2,0,1,5,74.9,-0.68533,1
N=C1NC(=N)C(=O)CO1,127.103,4,3,0,1,5,86.03000000000002,-0.91266,0
O=CNC1=NN=CC1=O,125.08699999999999,4,1,1,1,5,70.89,-1.3006000000000002,0
N=Cn1on(C=O)c1=N,128.09099999999998,6,2,2,1,6,87.77000000000001,-1.14446,0
O=CC1OCOC1=NO,131.08700000000002,5,1,1,1,5,68.12,-0.6541000000000001,1
CC(N)C1=NN=NC1=N,125.135,4,2,1,1,5,86.94999999999999,0.13267000000000023,1
N=C1CN(C=O)NCO1,129.119,4,2,1,1,5,65.42,-1.0856299999999999,0
CN=C1N=CN=C1N,110.12,3,1,0,1,4,63.099999999999994,-0.5861999999999998,0
Nc1cc(N)c(=O)on1,127.10300000000001,5,2,0,1,5,95.14,-0.8008,0
N#CCNC1=NC(=O)O1,125.08699999999999,4,1,1,1,5,74.48,-0.39421999999999996,0
N=C1NCC(=O)NCO1,129.119,3,3,0,1,5,74.21000000000001,-1.3853300000000002,0
CC1=NC(=O)N1CO,114.10399999999998,2,1,1,1,4,52.900000000000006,-0.20979999999999993,0
CNc1cc(=O)onn1,127.10300000000001,5,1,1,1,5,68.02000000000001,-0.5285000000000002,0
N=c1oc(=N)oc(=O)o1,130.059,6,2,0,1,6,104.19000000000001,-1.21526,0
N#CC1=NC(O)=C1CO,124.09899999999998,4,2,1,1,4,76.61,-0.27352,0
CC(O)C1=NOC1=N,114.104,4,2,1,1,4,65.67000000000002,-0.26933000000000007,1
CC(O)C1=NC(=N)N=N1,126.11900000000001,3,2,1,1,5,81.16000000000001,0.16626999999999992,1
CN=C1N=CN=C1N,110.12,3,1,0,1,4,63.099999999999994,-0.5861999999999998,0
N=C1OCNC(=O)CO1,130.10299999999998,4,2,0,1,5,71.41,-0.9583300000000003,0
N=C1OC(=O)N=C1O,114.05999999999999,3,2,0,1,5,82.74,0.07037000000000004,0
N=C1N=CCNC(=O)N1,126.119,2,3,0,1,5,77.34,-0.6952300000000002,0
O=CC1OC(=O)C1=NO,129.071,5,1,1,1,5,75.96000000000001,-1.0591,1
N=C1OC(=O)OC1=NO,130.059,6,2,0,1,6,91.97,-0.08182999999999996,0
Cc1noc(=N)n1CO,129.11900000000003,5,2,1,1,5,75.04,-0.7862100000000003,0
NC1=NN=C(C=O)C1=O,125.08699999999997,5,1,1,1,5,84.88,-1.5188,0
COc1nnc(N)n1C=O,142.118,6,1,2,1,6,83.03,-1.0928,0
N=C1N=CCOC(=N)N1,126.119,3,3,0,1,5,81.32,-0.45346000000000014,0
N=CC1NC(=N)OCO1,129.119,4,3,1,1,5,78.19000000000001,-0.5092600000000003,1
CN=C1C=NN=C1N,110.12,4,1,0,1,4,63.099999999999994,-0.5862,0
N=c1oc(N)coc1=O,128.087,5,2,0,1,5,93.22,-0.70553,0
NC1=C(C=O)COCN1,128.131,4,2,1,1,4,64.35000000000001,-1.0671000000000002,0
CN=C1N=CN=C1C=N,122.13099999999999,3,1,1,1,4,60.93,0.14717000000000008,0
N=C1N=C(C=O)N=C1O,125.08699999999997,3,2,1,1,5,85.87,-0.4688299999999999,0
O=C1N=C(CO)C(=O)O1,129.07099999999997,4,1,1,1,5,75.96,-0.9035,0
N=CN1COC(=O)C1O,130.10299999999998,4,2,1,1,5,73.62,-1.2718300000000005,1
N=C1COC(=O)N=CO1,128.087,4,1,0,1,5,71.74,0.15877000000000002,0
CC(=O)C1C=NN=C1O,126.115,3,1,1,1,4,62.019999999999996,0.14750000000000002,1
C#CCc1n[nH]n[n+]1[O-],124.10300000000001,3,1,1,1,5,68.51,-1.3862000000000003,0
Nc1n[nH]c(=O)n1C=O,128.09099999999998,5,2,1,1,6,93.76999999999998,-1.8081000000000003,0
CCc1nc(=O)on1N,129.119,5,1,1,1,5,74.05,-0.8875000000000002,0
CN=C1C(N)=NN=C1N,125.13500000000002,5,2,0,1,5,89.11999999999999,-1.2997999999999994,0
N=C1N=NC(CCO)=N1,126.119,3,2,2,1,5,81.16,0.16787000000000007,0
N=C1OCC(=O)N1CO,130.103,4,2,1,1,5,73.62,-1.2702300000000002,0
N=C1CN=COC(=N)N1,126.11899999999999,4,3,0,1,5,81.32,-0.45346000000000014,0
Nc1cnc(=O)[nH]c1O,127.10299999999998,4,3,0,1,5,92.0,-0.9423000000000001,0
N=C1N=C(CO)N=C1N,126.119,4,3,1,1,5,94.82,-1.2747300000000001,0
C#Cc1nc(N)n[nH]1,108.10400000000001,3,2,0,1,4,67.59,-0.6318000000000001,0
CN=C1NC(=O)N=C1N,126.119,3,2,0,1,5,79.84,-0.9049,0
COC1=NNC(=N)C1=O,127.10299999999998,4,2,0,1,5,74.53999999999999,-0.9041300000000003,0
CN=C1OC=NC1=N,111.104,3,1,0,1,4,57.800000000000004,0.05046999999999996,0
CC(=O)n1ncc(N)n1,126.119,5,1,0,1,5,73.8,-0.47959999999999997,0
Cn1cnc(=N)n1CO,128.135,5,2,1,1,5,66.83,-1.3491300000000002,0
N#CCc1ncnc(=O)o1,137.09799999999998,5,0,1,1,5,79.78,-0.5041200000000001,0
COc1[nH]nnc1C=O,127.103,4,1,2,1,5,67.87,-0.37420000000000025,0
CC(C)N1N=NC1=O,113.11999999999999,2,0,1,1,4,45.03,1.1976,0
CNC(=O)N1CC(=N)O1,129.119,3,2,0,1,5,65.42,-0.4497299999999999,0
N=C1N=C(CO)C(=N)O1,127.10299999999998,4,3,1,1,5,89.52,-0.6380600000000001,0
CC(=N)OC1=NN=N1,112.09200000000001,5,1,0,1,5,70.16,0.7369700000000001,0
N=C1C=C(N)N=C1C=O,123.115,4,2,1,1,4,79.30000000000001,-0.5402300000000002,0
CC1=NC(=O)N=C1N,111.104,2,1,0,1,4,67.81,-0.061899999999999844,0
CN=C1C=NOC1=N,111.10399999999998,4,1,0,1,4,57.800000000000004,0.05046999999999996,0
COc1cnoc(=N)n1,127.103,5,1,1,1,5,72.0,-0.44233000000000006,0
COc1cnc(=O)[nH]n1,127.103,4,1,1,1,5,67.87,-0.8265000000000002,0
N=C(N)C1COC=CN1,127.14699999999999,3,3,1,1,4,71.13000000000001,-0.6180300000000003,1
CN=NC1CNC(=O)C1=N,140.14600000000002,4,2,1,1,5,77.67,-0.4134299999999999,1
CC(=O)n1ncc(N)n1,126.119,5,1,0,1,5,73.8,-0.47959999999999997,0
NC(=O)NC1=COCO1,130.10299999999998,3,2,1,1,5,73.58000000000001,-0.5421,0
C#CC(C(=N)N)N1CO1,125.13100000000001,3,2,2,1,4,65.41,-0.87113,2
N=C1OC(=N)C(=N)O1,113.076,5,3,0,1,5,90.01,-0.07748999999999995,0
COC1=C(N)N=NC1=N,126.11900000000001,4,2,1,1,5,83.82,0.20367000000000007,0
CN=C1N=C(N)OC1=O,127.103,4,1,0,1,5,77.03999999999999,-1.1138,0
N=CN1NC(C=O)OC1=O,143.10199999999998,5,2,2,1,6,82.49000000000001,-0.9247299999999998,1
N=CN1C=CN(C=O)N1,126.11899999999999,3,2,2,1,5,59.43000000000001,-0.74173,0
Cc1n[nH]c(=O)oc1=N,127.10299999999998,4,2,0,1,5,82.74000000000001,-0.84921,0
COC1=NC(N)=NC1=N,126.11900000000001,4,2,0,1,5,83.82,-0.66313,0
Cc1n[nH]c(=O)nc1N,126.119,4,2,0,1,5,84.66,-0.9444800000000002,0
NC(=O)c1c[nH]c(=O)o1,128.087,3,2,1,1,5,89.09,-0.9332,0
N=C1NN=C1C=NCO,126.11899999999999,4,3,2,1,5,80.83,-1.0565300000000002,0
O=C1COC(=O)OCN1,131.087,4,1,0,1,5,64.63000000000001,-0.7730999999999999,0
N=C1COCOC(=N)N1,129.119,4,3,0,1,5,78.19,-0.50766,0
COc1cnc(=O)[nH]n1,127.103,4,1,1,1,5,67.87,-0.8265000000000002,0
CNC1=NN=C(N)C1=O,126.119,5,2,0,1,5,79.84,-1.5408,0
CN=C1C=NN=C1N,110.12,4,1,0,1,4,63.099999999999994,-0.5862,0
N=c1oncnc1N,112.092,5,2,0,1,5,88.79,-0.86873,0
N=C1OC=CNC(=O)O1,128.087,4,2,0,1,5,71.41,0.14876999999999996,0
N=C1N=CC(N)=C1NC=O,138.13,3,3,2,1,5,91.33000000000001,-1.0356300000000003,0
N=c1ncoc(N)[n+]1[O-],128.091,5,2,0,1,6,102.84,-1.6303299999999998,0
NC(=O)C(N)C1=NO1,115.092,4,2,2,1,5,94.0,-1.8573000000000004,1
CN=C1N=C(F)C(=O)O1,130.078,3,0,0,1,5,51.019999999999996,-0.10299999999999992,0
N=C1COC(=N)OCO1,130.103,5,2,0,1,5,75.39,-0.08066000000000012,0
N#CC(=O)n1cn[nH]1,110.076,4,1,0,1,5,74.47,-0.6250200000000001,0
COC1=NNC(=N)C1=N,126.11899999999999,4,3,0,1,5,81.32,-0.45346000000000036,0
N=CN1CN=COC1=N,126.11899999999997,4,2,1,1,5,72.53,-0.15376000000000006,0
CC(=O)n1cnc(O)n1,127.103,5,1,0,1,5,68.01,-0.3562,0
O=CC1=NC(O)COC1=O,143.09799999999998,5,1,1,1,5,75.96000000000001,-1.4985000000000002,1
CC(C#N)c1nnco1,123.115,4,0,1,1,4,62.71,0.69668,1
N=C1NC(=O)C(=O)O1,114.05999999999999,4,2,0,1,5,79.25000000000001,-1.4058300000000001,0
N=CC1=NC(=O)C=N1,109.088,3,1,1,1,4,65.64,-0.35453,0
COc1cnc(N)nn1,126.11900000000001,5,1,1,1,5,73.92,-0.5376000000000003,0
O=CC1=NC(C(=O)O)O1,129.07099999999997,4,1,2,1,5,75.96000000000001,-0.9753000000000003,1
C#CC(O)C1=NOCN1,126.11500000000001,4,2,1,1,4,53.85000000000001,-1.1287000000000003,1
COc1nc(CO)cn1N,143.146,5,2,2,1,5,73.3,-0.9022000000000001,0
N=C(O)C1=NN=C1N,112.09200000000001,4,3,1,1,5,94.82,-0.75153,0
Cn1[nH]c(=O)nc1N,114.108,4,2,0,1,5,76.7,-1.3093999999999995,0
CN1COC(=N)OC1=N,129.119,4,2,0,1,5,69.4,-0.20796000000000003,0
N=C1OC(=O)C=C1N,112.088,4,2,0,1,4,76.17,-0.63693,0
CN=C1N=CN=C1N,110.12,3,1,0,1,4,63.099999999999994,-0.5861999999999998,0
CN=C1N=NC(CO)=N1,126.11899999999999,3,1,1,1,5,69.67,-0.17119999999999996,0
Nc1ncc(C=O)n1O,127.10299999999998,5,2,1,1,5,81.14,-0.48490000000000005,0
Cn1ncc(NC=N)n1,125.135,4,2,2,1,5,66.59,-0.16593000000000008,0
N=C1N=C(O)C(O)=N1,113.07599999999998,1,3,0,1,5,89.03,-0.1522300000000002,0
NC(=O)C1=NN=C1N,112.09200000000001,4,2,1,1,5,93.83,-1.8014999999999999,0
COC1=NN=C(N)C1=O,127.103,5,1,0,1,5,77.03999999999999,-1.1138000000000001,0
N=C1N=CN=C1F,99.068,2,1,0,1,4,48.57,0.37357,0
N=C1C(N)=CN=C1O,111.10399999999998,3,3,0,1,4,82.46000000000001,-0.22363000000000027,0
N=C1C(CO)=CN=C1N,125.131,4,3,1,1,4,82.46,-0.7468300000000001,0
N=CN1OCC1C(=O)O,130.103,3,2,2,1,5,73.62,-0.7061299999999999,1
COc1n[nH]nc1C=N,126.11899999999999,4,2,2,1,5,74.65,-0.1890300000000002,0
CC1=NC(=O)C(N)=N1,111.104,3,1,0,1,4,67.81,-0.6978,0
N=C(O)c1coc(=N)o1,128.087,4,3,1,1,5,94.21,0.23544000000000004,0
NC(=O)C1=NC(O)=C1,112.08799999999998,3,2,1,1,4,75.68,-0.6742999999999999,0
Cn1cc(N)nc1N,112.13600000000002,4,2,0,1,4,69.86,-0.41550000000000015,0
NC(=O)C1=NC(O)=N1,113.076,3,2,1,1,5,88.04,-1.2022000000000002,0
CC(N)C1=NN=NC1=N,125.135,4,2,1,1,5,86.94999999999999,0.13267000000000023,1
CC1=NC(=O)C(CO)=N1,126.11499999999998,3,1,1,1,4,62.019999999999996,-0.6217000000000001,0
N=C1NC=NC(C=O)N1,126.11899999999999,3,3,1,1,5,77.34,-1.3327300000000004,1
N=C1N=COC(=O)CN1,127.103,3,2,0,1,5,74.53999999999999,-0.9041300000000001,0
N=C(O)C1(C=O)NCO1,130.10299999999998,4,3,2,1,5,82.41,-1.0058300000000002,1
N=C1CNC(=O)NOC1,129.11899999999997,3,3,0,1,5,74.21000000000001,-0.7494300000000003,0
N#CCc1ncnc(=N)o1,136.114,5,1,1,1,5,86.56,-0.3848500000000001,0
N=CN1CC(=O)OC1=N,127.10299999999998,4,2,1,1,5,77.24000000000001,-0.61296,0
N=CC1=NOC1CCO,128.131,4,2,3,1,4,65.67,-0.22683000000000003,1
Nc1cnc(=O)oc1N,127.103,5,2,0,1,5,95.14,-0.8008,0
CC1=NC(=N)C(=N)N=N1,123.119,3,2,0,1,5,84.78,0.82514,0
N=C1OCC(=O)C(=O)O1,129.071,5,1,0,1,5,76.45,-0.9363300000000001,0
CC(=O)C1=NC(=N)N=N1,124.10300000000001,3,1,1,1,5,78.0,0.3744700000000001,0
CNC1=NC(=O)N=C1N,126.119,3,2,0,1,5,79.84,-0.9049,0
CN=c1nc(O)c1=N,111.10399999999998,4,2,0,1,4,69.33000000000001,-1.3272300000000004,0
Nc1cnnc(N)c1,110.12,4,2,0,1,4,77.82,-0.35900000000000015,0
N=CN1C(=O)NCC1C=O,141.12999999999997,3,2,2,1,5,73.26,-0.8138300000000003,1
N#CC(N)C1=CN=[N+]1[O-],124.103,4,1,1,1,5,88.24000000000001,-0.3452199999999998,1
Nc1nc(C=O)oc1N,127.10299999999998,5,2,1,1,5,95.14,-0.3485,0
N=C1N=C(N)C(=N)O1,112.092,4,3,0,1,5,95.31000000000002,-0.7141600000000001,0
COC1=NNC(=O)C1=NO,143.102,5,2,0,1,6,83.28,-1.0937000000000003,0
COC1=NC(=O)C(N)=C1,126.115,3,1,0,1,4,64.67999999999999,-0.5859000000000001,0
CC(=O)C1=NOC1=N,112.088,4,1,1,1,4,62.51,-0.06112999999999996,0
N=C1N=NC(CO)=C1N,126.119,4,3,1,1,5,94.82,-0.40793000000000007,0
N=C1N=C(N)N=C1C=O,124.103,4,2,1,1,5,91.66,-1.06813,0
Nc1ocnc1C=O,112.08799999999998,4,1,1,1,4,69.12,0.06930000000000014,0
NC1=NC=C(C=O)C1=O,124.09899999999998,4,1,1,1,4,72.52,-0.9909000000000001,0
N=CN1C(=N)NC1=O,112.09199999999998,3,3,1,1,5,80.04,-0.44656,0
NC1=C(N)C(=O)C=N1,111.10399999999998,4,2,0,1,4,81.47,-1.2736000000000003,0
N=C1N=C(N)N=C1C=O,124.103,4,2,1,1,5,91.66,-1.06813,0
N=C1OCC(=O)OC1=N,128.087,5,2,0,1,5,83.22999999999999,-0.48566000000000015,0
CNc1n[nH]nc1C=N,125.13499999999999,4,3,2,1,5,77.45,-0.15593000000000046,0
O=C1C=NNCC(=O)N1,127.103,4,2,0,1,5,70.56,-1.7817999999999998,0
N=CN1CC(C=O)CO1,128.13099999999997,3,1,2,1,4,53.39,-0.34423000000000004,1
O=C1COC(=O)C(=O)CN1,143.09799999999998,4,1,0,1,5,72.47,-1.7714999999999999,0
N=C1N=C(C=O)NC1=N,124.10299999999998,3,3,1,1,5,89.16,-0.8584600000000002,0
O=Cc1nnc(CO)o1,128.087,5,1,2,1,5,76.22,-0.6255999999999999,0
COc1n[nH]c(=N)n1CO,144.13400000000001,5,3,2,1,6,86.92,-1.3509300000000004,0
N=c1nc1OC(N)=O,113.076,4,2,1,1,5,89.06,-1.1058299999999999,0
N=C1OCNC(=O)CO1,130.10299999999998,4,2,0,1,5,71.41,-0.9583300000000003,0
N=C1NC(=N)C(=N)CO1,126.119,4,4,0,1,5,92.81000000000002,-0.4619900000000001,0
CCN1C(=O)N=C1N,113.12,2,1,1,1,4,58.69,-0.24339999999999995,0
CNC1=NC(CN)=NC1=O,140.14600000000002,4,2,1,1,5,79.84,-1.4982999999999997,0
COc1cnoc(=N)n1,127.103,5,1,1,1,5,72.0,-0.44233000000000006,0
N=C1ON=C1COCO,130.103,5,2,3,1,5,74.9,-0.6837300000000002,0
Cc1nnn(C=O)c1N,126.11899999999999,5,1,1,1,5,73.8,-0.79298,0
N=C1COCNC(=O)O1,130.103,4,2,0,1,5,71.41,-0.32243000000000016,0
N=C1N=C(O)C(CN)=N1,126.119,2,3,1,1,5,94.82,-0.70903,0
N=C1NN=C(CCO)C1=O,141.13,4,3,2,1,5,85.53999999999999,-1.1256300000000004,0
N=C1OCOC=NC1=O,128.087,4,1,0,1,5,71.74000000000001,-0.47713000000000005,0
N#CCc1nnoc1N,124.10300000000001,5,1,1,1,5,88.73,-0.28212000000000004,0
N=C1NC(=O)OC1=N,113.076,4,3,0,1,5,86.03,-0.3192599999999998,0
N=COc1n[nH]ncc1=O,140.102,5,2,2,1,6,91.72,-0.8492300000000002,0
N=c1cnoc(=N)o1,113.076,5,2,0,1,5,86.87,-0.77346,0
N=C1OC=NC(=O)CO1,128.087,4,1,0,1,5,71.74,-0.47713000000000005,0
CN=c1nc(N)c1=N,110.12,4,2,0,1,4,75.12,-1.4506299999999994,0
N=C1CC(=N)OC(=O)O1,128.087,5,2,0,1,5,83.23,0.49784,0
NC(=O)n1cc[nH]c1=O,127.10299999999998,3,2,0,1,5,80.88,-0.8968,0
CN=C1N=NC(C=N)=N1,123.11899999999999,3,1,1,1,5,73.28999999999999,0.48607000000000006,0
N=C1CC(C(=N)O)CO1,128.131,3,3,1,1,4,77.16000000000001,0.5354399999999999,1
N=c1occ(N)n1C=O,127.10300000000001,5,2,1,1,5,85.00999999999999,-0.8189300000000002,0
COC1=NNC(=N)C1=O,127.10299999999998,4,2,0,1,5,74.53999999999999,-0.9041300000000003,0
N=C1OCNC(=O)CO1,130.10299999999998,4,2,0,1,5,71.41,-0.9583300000000003,0
N=C1OC(=O)N=C1N,113.07600000000001,4,2,0,1,5,88.53,-0.5289300000000001,0
CC1=NC(=N)NC1=O,111.10399999999998,2,2,0,1,4,65.31,-0.4881300000000001,0
CN=C1C=NC(CO)=N1,125.13099999999999,3,1,1,1,4,57.31,-0.5101000000000002,0
N#COCC1=NC=C1N,123.11500000000001,4,1,2,1,4,71.39999999999999,-0.2612199999999999,0
O=C1CC(=NO)C(=O)O1,129.071,5,1,0,1,5,75.96,-0.7099,0
CC1=NC(CO)=NC1=N,125.13099999999999,3,2,1,1,4,68.80000000000001,-0.17103000000000002,0
N=C1NCOC(=O)N1,115.092,3,3,0,1,5,74.21,-0.79193,0
CN1CC(=N)C(=N)NO1,128.135,4,3,0,1,5,72.2,-0.6349600000000002,0
Cc1nc(CO)n[nH]c1=O,141.13,4,2,1,1,5,78.87,-1.03438,0
N=C1COCC=NN=N1,126.11900000000001,4,1,0,1,5,70.16,0.4318699999999999,0
N#CCC1=NC(=N)O1,109.088,3,1,1,1,4,69.23,0.26355,0
CNC1=NC(=N)OC1=O,127.10299999999998,4,2,0,1,5,74.53999999999999,-0.9041300000000003,0
N=C1COCOC(=N)N1,129.119,4,3,0,1,5,78.19,-0.50766,0
Nc1nncnc1C=O,124.10299999999998,5,1,1,1,5,81.75999999999999,-0.7337000000000002,0
NC1=C(C=O)C(=O)N=N1,125.087,4,1,1,1,5,84.88000000000001,-0.6520000000000001,0
N=C1NC(CN)OC(=O)O1,145.11800000000002,5,3,1,1,6,97.43000000000002,-1.0376300000000003,1
Cn1cnnc1CO,113.11999999999999,4,1,1,1,4,50.94,-0.6926000000000001,0
COc1cn[nH]c(=O)c1,126.11499999999998,3,1,1,1,4,54.98,-0.22149999999999997,0
O=Cc1nc(CO)n[nH]1,127.103,4,2,2,1,5,78.87,-0.8905000000000003,0
N=C1OCC(N)C(=O)O1,130.103,5,2,0,1,5,85.39999999999999,-1.1781300000000001,1
N=C1NC(=O)C=NCO1,127.103,4,2,0,1,5,74.54,-0.9041300000000001,0
CN=C1NN=C(N)C1=N,125.135,4,3,0,1,5,86.62,-1.0901299999999996,0
CC(=O)c1n[nH]c(N)n1,126.11900000000001,4,2,1,1,5,84.66,-0.41050000000000003,0
N=C1OC(=O)C(CO)O1,131.087,5,2,1,1,5,79.61,-1.1445300000000003,1
N=C1NC(=O)C(=N)O1,113.076,4,3,0,1,5,86.03000000000002,-0.9551600000000002,0
CN=C1NC(=O)OC1=O,128.087,4,1,0,1,5,67.75999999999999,-0.7189000000000001,0
N=Cc1cnc(N)nn1,123.11900000000001,5,2,1,1,5,88.54,-0.5485300000000002,0
N=c1ncc(C=O)n[nH]1,124.103,4,2,1,1,5,82.49000000000001,-0.9033300000000002,0
CNC1=NC(=O)OC1=N,127.10299999999998,4,2,0,1,5,74.53999999999999,-0.2682300000000001,0
N=C1C=C(NC=O)N1O,127.10299999999998,3,3,2,1,5,76.42,-0.7441300000000002,0
N=C1COC(=O)NCO1,130.103,4,2,0,1,5,71.41,-0.3224300000000002,0
N=C(O)c1ncn[nH]1,112.092,3,3,1,1,5,85.65,-0.31193,0
N=C1COC(N)N=CO1,129.119,5,2,0,1,5,80.69,-0.7189300000000001,1
N=c1cnnc(N)n1C=O,139.118,6,2,1,1,6,97.65,-1.62193,0
N=C1OC(=N)C(CO)O1,130.10299999999998,5,3,1,1,5,86.39,-0.6938600000000001,1
Nn1c([O-])cnc1CO,128.111,5,2,1,1,5,87.13000000000001,-1.8372,0
Nc1ncc(OC=O)[nH]1,127.10299999999998,4,2,2,1,5,81.0,-0.47290000000000026,0
N=c1cnc(N)co1,111.104,4,2,0,1,4,75.9,-0.2637300000000002,0
CNC1=NC(=O)NC1=O,127.10299999999998,3,2,0,1,5,70.56,-1.1459000000000001,0
N=C1C=C(NC=O)N=N1,124.103,3,2,2,1,5,77.67,0.01686999999999983,0
COc1nn[nH]c1C=O,127.10299999999998,4,1,2,1,5,67.87,-0.37420000000000025,0
N=C1CNC(=O)N=CO1,127.10299999999998,3,2,0,1,5,74.54,-0.26823000000000013,0
N=CNN1C(=O)C=C1O,127.10299999999997,3,3,2,1,5,76.42,-0.6603300000000001,0
NC1=NC=C(C=O)C=NN1,138.13,5,2,1,1,5,79.84,-1.0271000000000001,0
N=C1NC(=O)C(=O)N1,113.076,3,3,0,1,5,82.05000000000001,-1.8328300000000004,0
CC1=NN=C(N)C1=N,110.12,4,2,0,1,4,74.59,-0.24712999999999996,0
N=C1N=NC=C1C(N)=O,124.103,3,2,1,1,5,91.66,-0.2013299999999999,0
Cc1nc(N)noc1=O,127.103,5,1,0,1,5,82.00999999999999,-0.6795800000000001,0
N=C1COCNC(=O)O1,130.103,4,2,0,1,5,71.41,-0.32243000000000016,0
Nc1ocnc1NC=O,127.10299999999998,4,2,2,1,5,81.15,-0.1749,0
N=C1COC(=N)OCO1,130.103,5,2,0,1,5,75.39,-0.08066000000000012,0
Cn1ncc(=N)[nH]c1=O,126.119,4,2,0,1,5,74.53,-1.4121299999999999,0
N=C1CON1CC(N)=O,129.119,3,2,2,1,5,79.41,-1.3038300000000003,0
N#CCc1nc(N)no1,124.10300000000001,5,1,1,1,5,88.73,-0.28212000000000004,0
CN=C1N=NC(C=N)O1,126.11899999999997,4,1,1,1,5,70.16,0.43027000000000004,1
O=C1N=C(CO)C(=O)O1,129.07099999999997,4,1,1,1,5,75.96,-0.9035,0
COC1=NC(=N)OC1=N,127.103,4,2,0,1,5,78.52000000000001,-0.02646000000000004,0
CC(=O)C1=NC(=N)O1,112.088,3,1,1,1,4,62.510000000000005,-0.06112999999999996,0
CC1=NC(=O)N=C1N,111.104,2,1,0,1,4,67.81,-0.061899999999999844,0
N=CN1C=CNC(=O)N1,126.11899999999999,2,3,1,1,5,68.22,-0.4055300000000001,0
N=CN1CC(=N)NC1=O,126.11899999999999,3,3,1,1,5,80.04,-0.40406000000000003,0
N=C(O)C1(N)OC1=O,116.076,4,3,1,1,5,99.69999999999999,-1.26653,1
N=CN1CC(=O)OCN1,129.119,4,2,1,1,5,65.42,-1.0856300000000003,0
CC(O)C1=NC(=N)N=N1,126.11900000000001,3,2,1,1,5,81.16000000000001,0.16626999999999992,1
Nc1ncnc(C=O)n1,124.10299999999998,5,1,1,1,5,81.76,-0.7337,0
N=C1N=CCOC(=N)O1,127.103,4,2,0,1,5,78.52,-0.026460000000000095,0
CN=C1CCOC(=O)N1,128.131,3,1,0,1,4,50.69,0.14460000000000012,0
CN=C1C=NNC1=N,110.11999999999999,3,2,0,1,4,60.6,-0.3765300000000002,0
N=C1N=C(CO)C(=N)O1,127.10299999999998,4,3,1,1,5,89.52,-0.6380600000000001,0
N=C1N=CN=C1C=O,109.08799999999998,3,1,1,1,4,65.64,-0.35453,0
NC(=O)C1C=NC(O)=N1,127.103,3,2,1,1,5,88.04,-1.1612999999999998,1
CC(O)C1=NOC1=N,114.104,4,2,1,1,4,65.67000000000002,-0.26933000000000007,1
N=C1CC(CO)OC1=N,128.131,4,3,1,1,4,77.16,-0.23536000000000012,1
N=CN1C=NCN1C=O,126.11899999999999,3,1,2,1,5,59.760000000000005,-0.7317300000000002,0
CN=C1N=NC(CO)=N1,126.11899999999999,3,1,1,1,5,69.67,-0.17119999999999996,0
NC1=NC(=O)N=C1CO,127.10299999999998,3,2,1,1,5,88.04,-1.0895000000000001,0
O=C1COC(=O)NCN1,130.103,3,2,0,1,5,67.43,-1.2001,0
COC(=N)C1=NC(O)=N1,127.103,4,2,1,1,5,78.03,-0.06383000000000005,0
N=C1NC(=O)OCN=CO1,143.102,5,2,0,1,6,83.77000000000001,-0.33663,0
COc1c[nH]c(C=O)n1,126.11499999999998,3,1,2,1,4,54.980000000000004,0.23079999999999995,0
N=C(O)C1=NNC1=O,113.076,3,3,1,1,5,85.53999999999999,-0.9925300000000001,0
CC(=O)C1=NN=C1N,111.10400000000001,4,1,1,1,4,67.81,-0.6978,0
NC=C1N=NC(CO)=N1,126.11899999999999,5,2,1,1,5,83.33,-0.3993999999999999,0
N=C1CNC(=O)C(=O)N1,127.10299999999998,3,3,0,1,5,82.05000000000001,-1.79033,0
N=CC1(N)NC(=O)O1,115.09199999999998,4,3,1,1,5,88.2,-1.0117299999999996,1
N#CC(=O)n1nco1,111.05999999999999,5,0,0,1,5,71.82,-0.36012,0
CC(=O)C1=NC(=N)O1,112.088,3,1,1,1,4,62.510000000000005,-0.06112999999999996,0
CC(=O)c1nnc(N)o1,127.10300000000001,5,1,1,1,5,82.01,-0.14559999999999984,0
N=C1OCNC(=O)CO1,130.10299999999998,4,2,0,1,5,71.41,-0.9583300000000003,0
N#CCc1n[nH]c(O)n1,124.103,4,2,1,1,5,85.59,-0.4236200000000002,0
N=CNC1=NC=NC1=O,124.103,3,2,1,1,5,77.67,-0.8499300000000001,0
Nc1c(CO)cnn1N,128.135,5,3,1,1,5,90.08999999999999,-1.3286,0
CN=C1NC(=O)NC1=O,127.10299999999998,3,2,0,1,5,70.56,-1.1459000000000001,0
N=C1C(=O)ON1C=O,114.05999999999999,4,1,1,1,5,70.46000000000001,-1.10613,0
N=C1CC(=N)OC(=O)O1,128.087,5,2,0,1,5,83.23,0.49784,0
CC1(O)COCC(=N)O1,131.131,4,2,0,1,4,62.540000000000006,-0.28103000000000006,1
C#CC(N)(N)C1=NN1,110.12,4,3,1,1,4,86.34,-1.8499999999999996,0
N=COc1ncc(N)[nH]1,126.119,4,3,2,1,5,87.78,-0.022230000000000028,0
O=c1cnc(CO)c[nH]1,126.11499999999998,3,2,1,1,4,65.97999999999999,-0.7378,0
N=c1cnoc(=O)n1N,128.091,6,2,0,1,6,97.89999999999999,-1.9704300000000003,0
COC1=NC(=N)C(=O)O1,128.087,4,1,0,1,5,71.74,-0.47713,0
CN=C1C=NN=C1N,110.12,4,1,0,1,4,63.099999999999994,-0.5862,0
C#Cc1n[nH]c(=O)n1O,125.08699999999997,4,2,0,1,5,70.91,-1.2100000000000002,0
N=C1N=CC(CN)=[N+]1[O-],126.11900000000001,3,2,1,1,5,88.30000000000001,-1.08443,0
COC1=NC(=O)C(O)=N1,128.087,3,1,0,1,5,71.25,-0.5145,0
N=C(O)c1cc(N)no1,127.103,4,3,1,1,5,96.13,0.14016999999999996,0
N=C1C=C(N)N=C1N,110.12000000000002,4,3,0,1,4,88.25,-0.8229300000000002,0
COc1cnoc(=N)n1,127.103,5,1,1,1,5,72.0,-0.44233000000000006,0
CC1=NC(=N)N1CO,113.11999999999999,2,2,1,1,4,59.68000000000001,-0.39503,0
N=C1N=C(N)N=C1C=O,124.103,4,2,1,1,5,91.66,-1.06813,0
N=C1C=C(N)C(=O)O1,112.088,4,2,0,1,4,76.17,-0.6369300000000002,0
N=C1N=C(C(N)C=O)O1,127.10299999999998,4,2,2,1,5,88.53000000000002,-1.12393,1
CN1CC(=NC=O)C(O)O1,144.12999999999997,4,1,1,1,5,62.13000000000001,-1.2208000000000003,1
N#CCNC1=NC=NC1=O,136.114,4,1,1,1,5,77.61,-0.9334200000000001,0
NC1=CC(=O)N=C1N,111.10400000000001,3,2,0,1,4,81.47,-1.2736000000000003,0
CC(=O)n1[nH]cc1O,114.10399999999997,3,2,0,1,4,58.019999999999996,0.18189999999999995,0
N=C(N)OC1COC1=O,130.10299999999998,4,2,1,1,5,85.4,-1.1781300000000001,1
N=C1OCCC(=O)NC1=O,142.114,4,2,0,1,5,79.25,-0.9732300000000003,0
N=C1OC(=O)OC1=NO,130.059,6,2,0,1,6,91.97,-0.08182999999999996,0
NC=C(O)C1=NC=N1,111.104,4,2,1,1,4,70.97,-0.2150999999999999,0
CNC(=O)N1C=NC1=O,127.103,2,1,0,1,5,61.77,-0.21029999999999988,0
CC1=[N+]([O-])C(=N)N=C1,111.104,2,1,0,1,4,62.28,-0.02323000000000003,0
COC1=NC(=N)N=C1N,126.11900000000001,3,2,0,1,5,83.82,-0.66313,0
N=CN1CC(=O)NCO1,129.119,3,2,1,1,5,65.42,-1.0856299999999999,0
N=CN=C1NC=NC1=O,124.10299999999998,2,2,1,1,5,77.67,-0.8499300000000001,0
N=C1CNC(=O)COC1,128.13099999999997,3,2,0,1,4,62.18000000000001,-0.8474300000000001,0
N=CN1C=NC(=O)OC1,127.10299999999998,3,1,1,1,5,65.75,0.031470000000000053,0
N=C1OC(=N)C(=O)O1,114.05999999999999,5,2,0,1,5,83.23,-0.5281600000000002,0
N=C1CNC(=N)C(=O)NC1,140.146,3,4,0,1,5,88.83000000000001,-1.2971600000000003,0
N=C1COC(=N)OCO1,130.103,5,2,0,1,5,75.39,-0.08066000000000012,0
Cc1nnc(C=N)c(=N)o1,138.13,5,2,1,1,5,86.62,-0.14483999999999997,0
N=CN1OCOC1C=O,130.10299999999998,4,1,2,1,5,62.62000000000001,-0.6602300000000001,1
C[N+]1([O-])CNCC(=O)O1,132.119,4,1,0,1,5,61.39,-1.0503000000000005,1
NC(=O)C1=NN=C1C=O,125.08699999999999,4,1,2,1,5,84.88,-1.5188,0
COc1cn[nH]c(=N)n1,126.119,4,2,1,1,5,74.65,-0.70723,0
CC(=O)c1nc(N)no1,127.10300000000001,5,1,1,1,5,82.01,-0.14560000000000006,0
CC1(NC=O)ONC1=O,130.103,3,2,2,1,5,67.43,-1.4899999999999995,1
N=C1OCC(=O)C(=N)O1,128.087,5,2,0,1,5,83.23,-0.48566000000000015,0
Cc1nc(=O)on1CN,129.119,5,1,1,1,5,74.05,-0.9390799999999999,0
NC(=O)C1=NC(O)=N1,113.076,3,2,1,1,5,88.04,-1.2022000000000002,0
N=CN1C=NC(=O)OC1,127.10299999999998,3,1,1,1,5,65.75,0.031470000000000053,0
CC1=NC(N)=NC1=N,110.12,3,2,0,1,4,74.59,-0.24712999999999996,0
CNC(=O)C1=NNC1=O,127.103,3,2,1,1,5,70.56,-1.7817999999999996,0
N=C1NC(=N)C(=O)O1,113.076,4,3,0,1,5,86.03000000000002,-0.95516,0
N#CC(N)c1ncn[nH]1,123.119,4,2,1,1,5,91.38,-0.6719200000000001,1
N=C1NC(=O)OC=CO1,128.087,4,2,0,1,5,71.41000000000001,0.14877000000000018,0
N#CC1NC=NN1C=N,123.119,4,2,1,1,5,75.27000000000001,-0.70835,1
CC(=O)n1ncnc1N,126.119,5,1,0,1,5,73.8,-0.47959999999999997,0
Cc1noc(N)nc1=N,126.11900000000001,5,2,0,1,5,88.78999999999999,-0.5603100000000001,0
N=CN=C1NCC(=O)N1,126.11899999999999,2,3,1,1,5,77.34,-1.3311300000000004,0
N=C1COC(=N)OCO1,130.103,5,2,0,1,5,75.39,-0.08066000000000012,0
N=CNC(N)c1nc1=O,126.119,4,3,3,1,5,91.86000000000001,-1.52863,1
N=C1C=C(N)C(O)=[N+]1[O-],127.103,3,3,0,1,5,96.17000000000002,-0.7133299999999998,0
O=c1ncoc(=O)[nH]1,114.05999999999999,4,1,0,1,5,75.96000000000001,-1.2769,0
CC1=NC(CO)=NC1=O,126.11499999999998,3,1,1,1,4,62.02,-0.6217000000000001,0
Cc1nnc(N)c(=O)o1,127.103,5,1,0,1,5,82.01,-0.6795800000000001,0
CNC1=NC(=O)C(N)=N1,126.119,4,2,0,1,5,79.84,-1.540799999999999,0
NC1=NN=CC1=O,97.07699999999998,4,1,0,1,4,67.81,-1.0879,0
Cc1n[nH]nc1C=NCO,140.14600000000002,4,2,2,1,5,74.16,-0.5181800000000001,0
Cn1cnnc1CCO,127.14699999999999,4,1,2,1,4,50.94,-0.6501000000000001,0
CN=C1N=C(F)OC1=N,129.094,3,1,0,1,5,57.800000000000004,0.3476700000000001,0
O=CN1CCOC=NC1=O,142.114,3,0,1,1,5,58.970000000000006,-0.37670000000000003,0
N=CC1=NC(=O)NC1=O,125.08699999999999,3,2,1,1,5,82.38,-0.6732300000000002,0
CN=C1NC(=N)C(O)O1,129.11899999999997,4,3,0,1,5,77.7,-1.1123300000000005,1
N=CN1C(=N)NC1=O,112.09199999999998,3,3,1,1,5,80.04,-0.44656,0
Nc1cnc(C=O)nn1,124.103,5,1,1,1,5,81.76,-0.7337,0
CC(N)C1=NC(=O)O1,114.10399999999998,3,1,1,1,4,64.67999999999999,-0.1176999999999998,1
N=c1nc[nH]nc1CO,126.11899999999999,4,3,1,1,5,85.65,-1.22353,0
CC1=C(O)C(=N)N=N1,111.10400000000001,3,2,0,1,4,68.8,1.21897,0
COC1=NC=C(O)C1=N,126.11499999999998,4,2,0,1,4,65.67,0.46406999999999987,0
NC1=NC=NC1=CO,111.10399999999997,4,2,0,1,4,70.97,-0.21510000000000012,0
N=COc1cc(N)no1,127.103,5,2,2,1,5,85.13,0.2426700000000001,0
CC1=NC(NC=O)=NC1=O,139.11399999999998,3,1,1,1,5,70.89,-0.9105000000000003,0
CC(CO)C1=NC(N)=N1,127.14700000000002,4,2,2,1,4,70.97,-0.6584000000000001,1
CC(=O)C1=NC(=N)O1,112.088,3,1,1,1,4,62.510000000000005,-0.06112999999999996,0
Nc1nn[nH]c1C=O,112.09199999999997,4,2,1,1,5,84.66,-0.8006000000000004,0
CC(=O)c1n[nH]nc1N,126.11900000000001,4,2,1,1,5,84.66,-0.41050000000000003,0
N=C1N=CC(O)OC1=O,128.087,4,2,0,1,5,82.74000000000001,-1.0903300000000002,1
N#CCNc1ncon1,124.103,5,1,2,1,5,74.74000000000001,0.005080000000000029,0
N=CN1CC(=O)OC=N1,127.10299999999998,4,1,1,1,5,65.75,-0.60443,0
N=C1OCNCC(=O)O1,130.10299999999998,5,2,0,1,5,71.41,-0.9583300000000003,0
CC(=O)N1NC1=NO,115.09199999999998,3,2,0,1,5,74.61,-0.9017000000000002,0
N=C1C=C(O)N=C1N,111.104,4,3,0,1,4,82.46,-0.22362999999999988,0
CC(=O)C1=NC(N)=N1,111.10400000000001,4,1,1,1,4,67.81,-0.6978,0
N=CN1CC(=N)OCN1,128.135,4,3,1,1,5,72.2,-0.6349600000000002,0
NC(=O)C1=NNC1=O,113.076,3,2,1,1,5,84.55000000000001,-2.0425,0
N=C1C=CN=C(N)C1=O,123.115,4,2,0,1,4,79.30000000000001,-0.5402300000000002,0
N=C1OCC(=O)OC1=O,129.071,5,1,0,1,5,76.44999999999999,-0.9363300000000001,0
CC(=O)c1c[nH]nn1,111.104,3,1,1,1,4,58.64,0.007299999999999918,0
COC1=NC(=N)OC1=O,128.087,4,1,0,1,5,71.74000000000001,-0.47713,0
N=c1ocnnc1C=O,125.08699999999999,5,1,1,1,5,79.84,-0.6384300000000003,0
CNC1=NOC(=O)C1=O,128.087,5,1,0,1,5,67.76,-1.3548000000000002,0
Cc1ocnc(=N)c1N,125.131,4,2,0,1,4,75.9,0.04468999999999984,0
N=CN1CCOC(=O)C=N1,141.12999999999997,4,1,1,1,5,65.75,-0.5619300000000003,0
N=C1COC(=O)C(N)O1,130.103,5,2,0,1,5,85.4,-1.1781300000000001,1
N=C1N=CN=C1C=NC=O,136.11399999999998,3,1,2,1,5,78.0,-0.32623,0
CC1=NC(=N)N=C1N,110.12,2,2,0,1,4,74.59,-0.24712999999999996,0
O=CC1=C(O)OC1=O,114.05599999999997,4,1,1,1,4,63.6,-0.4883,0
NC1=C(F)N=CC1=O,114.079,3,1,0,1,4,55.449999999999996,-0.26279999999999987,0
NC(=O)C1=NC(N)=N1,112.09200000000001,4,2,1,1,5,93.83,-1.8014999999999999,0
N#CCC1=NC(=N)N=N1,121.10300000000001,3,1,1,1,5,84.72,0.69915,0
NC(=O)c1cnon1,113.076,4,1,1,1,5,82.01,-0.8315000000000001,0
N=C1NCC(N)C(=O)O1,129.119,4,3,0,1,5,88.2,-1.605129999999999,1
COC1=NC(=O)C(N)=N1,127.10300000000001,4,1,0,1,5,77.03999999999999,-1.1138000000000003,0
CN=C1C(=O)ON=C1N,127.103,5,1,0,1,5,77.03999999999999,-1.1138000000000001,0
N=C1OCNC(=O)CO1,130.10299999999998,4,2,0,1,5,71.41,-0.9583300000000003,0
O=C1CNC(=O)C(=O)N1,128.087,3,2,0,1,5,75.27,-2.2409999999999997,0
CC(N)C1=NC(=N)N=N1,125.135,3,2,1,1,5,86.95,0.13267000000000023,1
N=CC1=NC(=N)C(N)=N1,123.11900000000001,4,3,1,1,5,98.44,-0.6174600000000001,0
CNC1=NC(=N)OC1=O,127.10299999999998,4,2,0,1,5,74.53999999999999,-0.9041300000000003,0
N=C(O)C1=NC1C(N)=O,127.103,3,3,2,1,5,99.53,-1.16983,1
N=C1CC(=N)NC(=O)N1,126.11899999999999,3,4,0,1,5,88.83000000000001,-0.3561600000000002,0
CN=C1C=NC(=N)C=N1,122.13099999999999,2,1,0,1,4,60.93,0.14716999999999997,0
N=C1COC(C(=N)N)O1,129.119,4,3,1,1,5,92.18,-0.72746,1
CC1CC(=O)OC1=NO,129.115,4,1,0,1,4,58.89,0.35710000000000003,1
N=C1NC(C=O)C1N,113.12,3,3,1,1,4,78.97,-1.5383299999999995,2
N=c1[nH]nncc1CO,126.11899999999999,4,3,1,1,5,85.65,-1.2235300000000005,0
COC1=NC(=N)C(O)=N1,127.103,3,2,0,1,5,78.03,-0.06383000000000005,0
NN=Cc1[nH]nnc1C=O,139.118,5,2,2,1,6,97.02000000000001,-1.0902000000000005,0
N=c1oc(=O)oc(=O)o1,131.04299999999998,6,1,0,1,6,97.41000000000001,-1.33453,0
N=CN1OCNC1C=O,129.119,4,2,2,1,5,65.42000000000002,-1.0872300000000001,1
N=C(N)C1=NC=NC1=O,124.103,3,2,1,1,5,91.66,-1.06813,0
N=c1nccc(ON)o1,127.103,5,2,1,1,5,85.13,-0.5934299999999999,0
CNC1=NCC(=O)C(=O)O1,142.11399999999998,5,1,0,1,5,67.76,-1.3123000000000005,0
N=C1COC(=N)C(=O)OC1,142.11399999999998,5,2,0,1,5,83.23,-0.4431600000000002,0
N#CCc1nc(N)no1,124.10300000000001,5,1,1,1,5,88.73,-0.28212000000000004,0
N=C1N=C(N)N=C1CO,126.119,4,3,1,1,5,94.82000000000001,-1.27473,0
N=C1COC(=N)OCO1,130.103,5,2,0,1,5,75.39,-0.08066000000000012,0
N=C1OC(=N)C(=O)O1,114.05999999999999,5,2,0,1,5,83.23,-0.5281600000000002,0
N=C1COCNC(=N)OC1,143.146,4,3,0,1,5,78.19000000000001,-0.46516000000000046,0
N=CC1(N)NCOC(=O)O1,145.118,6,3,1,1,6,97.43000000000002,-1.0376300000000003,1
N=C1C=C(O)OC1=N,112.08799999999998,4,3,0,1,4,77.16,0.41304,0
N=C1CNC(C(N)=O)CO1,143.146,4,3,1,1,5,88.2,-1.56263,1
CNC1=NNC(=O)C1=N,126.11899999999999,4,3,0,1,5,77.34,-1.3311299999999993,0
O=C1CC(=O)C(=O)N1,113.07199999999999,3,1,0,1,4,63.24,-1.3980000000000001,0
NC1COC(=O)NCO1,132.119,4,2,0,1,5,73.58,-1.0149000000000001,1
N=CNC1N=COCO1,129.119,4,2,2,1,5,66.7,-0.5007300000000001,1
N=CN1COC(=O)CO1,130.10299999999998,4,1,1,1,5,62.620000000000005,-0.6586300000000003,0
NC(=O)C1=CC(=O)O1,113.07199999999997,3,1,1,1,4,69.39,-1.0876000000000001,0
COC1=NN=C1NC=O,127.10299999999998,4,1,1,1,5,63.050000000000004,-0.8956000000000002,0
CC1(C(N)=O)OC(=N)O1,130.10299999999998,4,2,1,1,5,85.40000000000002,-0.8305300000000002,0
CN=C1C=NC(N)=[N+]1[O-],126.119,4,1,0,1,5,76.80999999999999,-1.0758999999999999,0
Nc1cc(CC=O)no1,126.115,4,1,2,1,4,69.12,-0.0017999999999999683,0
NC1=NNC(=O)C1=O,113.07599999999998,4,2,0,1,5,84.54999999999998,-2.0425,0
CNc1n[nH]c(C=O)n1,126.11899999999999,4,2,2,1,5,70.67,-0.3411000000000001,0
CC1(C(=O)O)NCN1,116.12,3,3,1,1,4,61.36,-1.0624999999999996,0
N#CC(N)C1=NNC1=O,124.103,4,2,1,1,5,91.27000000000001,-1.67692,1
CNC(=O)OC1=NC=N1,127.103,4,1,0,1,5,63.05,-0.2597,0
N=CN1COC(=O)CN1,129.119,4,2,1,1,5,65.42,-1.0856300000000003,0
Nc1cnn(N)c1C=O,126.119,5,2,1,1,5,86.93,-1.0084000000000004,0
N=C1COC(=N)OCO1,130.103,5,2,0,1,5,75.39,-0.08066000000000012,0
N#CCn1ncc(O)n1,124.10299999999998,5,1,1,1,5,74.73,-0.49272,0
CC(=O)C1=NC(N)=N1,111.10400000000001,4,1,1,1,4,67.81,-0.6978,0
N=C1C=C(C=O)C(=N)N1,123.11499999999998,3,3,1,1,4,76.80000000000001,-0.33056000000000013,0
CC1OC(=N)OC(=N)O1,130.10299999999998,5,2,0,1,5,75.39,0.2653399999999999,0
CC1(O)NC(=N)COC1=O,144.13,4,3,0,1,5,82.41,-1.1814300000000002,1
N=C1CNC=NC1=O,111.10399999999998,3,2,0,1,4,65.31,-0.8357300000000003,0
N=CC1N=C(N)N=CO1,126.119,5,2,1,1,5,83.82000000000001,-0.66473,1
CC(=O)n1ncnc1N,126.119,5,1,0,1,5,73.8,-0.47959999999999997,0
N=C1N=C(N)N=C1C=O,124.103,4,2,1,1,5,91.66,-1.06813,0
N=C1NC(C(=O)C=O)O1,128.087,4,2,2,1,5,79.25000000000001,-1.3649300000000002,1
CC1=NC(=O)NC1=O,112.08799999999998,2,1,0,1,4,58.53,-0.3028999999999999,0
CC(N)n1cc(N)nn1,127.15100000000001,5,2,1,1,5,82.75,-0.6625000000000005,1
N=CN1CC(=O)OC1=N,127.10299999999998,4,2,1,1,5,77.24000000000001,-0.61296,0
N=C1NCC(O)C(=N)O1,129.119,4,4,0,1,5,89.19000000000001,-1.1208600000000002,1
NCC(=O)c1ncno1,127.103,5,1,2,1,5,82.01,-0.7890000000000004,0
N=C1C=C(N)C(N)=N1,110.12000000000002,3,3,0,1,4,88.25,-0.8229299999999997,0
Cc1n[n+]([O-])cnc1N,126.119,4,1,0,1,5,78.74,-0.9993800000000002,0
O=Cc1noc(C=O)n1,126.07099999999998,5,0,2,1,5,73.06,-0.3054,0
NC1=CNC(=O)N=CO1,127.103,3,2,0,1,5,76.71,-0.4879,0
CC1=NC(N)=NC1=O,111.104,3,1,0,1,4,67.81,-0.6978,0
N#Cc1nc(=N)cn[nH]1,121.103,4,2,0,1,5,89.21000000000001,-0.8441500000000002,0
NCC1=NC(F)=C1O,116.09499999999998,3,2,1,1,4,58.61,0.09630000000000005,0
O=C1N=C([O-])C(O)=N1,113.05199999999998,2,1,0,1,5,85.08,-1.1647,0
N=CN1CC(=O)OCN1,129.119,4,2,1,1,5,65.42,-1.0856300000000003,0
O=CC1=NCN1CO,114.104,4,1,2,1,4,52.900000000000006,-1.1933,0
N=C1OCC(=O)N=C1O,128.087,3,2,0,1,5,82.74,-0.5230299999999999,0
N=C1CN=NC(O)CO1,129.11899999999997,5,2,0,1,5,78.03,-0.23552999999999996,1
N=c1[nH]c(=O)cc(N)o1,127.103,4,3,0,1,5,95.87,-0.9704300000000003,0
N=c1nc[nH]nc1C=O,124.10299999999998,4,2,1,1,5,82.49000000000001,-0.90333,0
COc1cnoc1C#N,124.09899999999999,4,0,1,1,4,59.050000000000004,0.5548799999999999,0
CC1=C(N)C(=O)N=N1,111.104,3,1,0,1,4,67.81,0.16900000000000015,0
N=C1C=NC(N)=NC1=N,123.11900000000001,4,3,0,1,5,98.44,-0.6174600000000001,0
O=C1CC(C(=O)O)N1,115.088,2,2,1,1,4,66.4,-1.0405,1
N=C1N=COC(=O)CO1,128.087,4,1,0,1,5,71.74,-0.47713000000000005,0
N=CN1OCOC1C=O,130.10299999999998,4,1,2,1,5,62.62000000000001,-0.6602300000000001,1
Nc1cc(O)oc1N=O,128.087,5,2,1,1,5,88.82,0.9652999999999998,0
N=C1CNC(=N)OCO1,129.119,4,3,0,1,5,78.19000000000001,-0.5076600000000004,0
N=C1COC(=N)C(=O)N1,127.103,4,3,0,1,5,86.03,-0.9126600000000002,0
CC(=O)C1=NN=CC1=N,123.115,4,1,1,1,4,65.64,0.035570000000000046,0
C#CC(=N)n1cnnn1,121.10300000000001,5,1,0,1,5,67.45,-0.8683300000000003,0
N=Cc1nncc(O)n1,124.10299999999998,5,2,1,1,5,82.75,-0.4251300000000001,0
Cc1n[nH]c(=O)n1C=O,127.10299999999998,4,1,1,1,5,67.75,-1.0818800000000002,0
N=C1C=NC(N)=C1O,111.104,4,3,0,1,4,82.46000000000001,-0.22363000000000027,0
N=CN1CC(O)C(=N)O1,129.11899999999997,4,3,1,1,5,80.40000000000002,-0.8211600000000003,1
N=C1C(N)=CN=C1N,110.12,4,3,0,1,4,88.25,-0.8229300000000002,0
N=C1NC(C(N)C=O)C1=O,141.13,4,3,2,1,5,96.03999999999999,-1.9692300000000007,2
CC(O)C1=NC(=N)O1,114.104,3,2,1,1,4,65.67,-0.26933000000000007,1
COC1=NC(N)=NC1=O,127.10300000000001,4,1,0,1,5,77.03999999999999,-1.1138000000000001,0
N=Cc1nncoc1=O,125.08699999999997,5,1,1,1,5,79.84,-0.57253,0
O=c1nnc(CO)c[nH]1,127.10299999999998,4,2,1,1,5,78.87,-1.3428000000000004,0
CC1N=NC(=O)C(=O)O1,128.087,4,0,0,1,5,68.09,-0.132,1
N=C1N=CN=C1CN,110.12,3,2,1,1,4,74.59,-0.59473,0
N=CN1C(=N)N=C1CO,126.11899999999999,3,3,2,1,5,83.53,-0.76536,0
O=Cc1nn[nH]c1C=O,125.08699999999997,4,1,2,1,5,75.71000000000001,-0.5703000000000003,0
CNc1nc(C=O)cn1O,141.13,5,2,2,1,5,67.15,-0.025399999999999978,0
N=C1C=C(C=O)N=C1N,123.115,4,2,1,1,4,79.3,-0.5402300000000002,0
Nc1ncc(CO)nn1,126.119,5,2,1,1,5,84.92,-1.0539000000000003,0
COC1=CN=NC1=O,112.088,3,0,1,1,4,51.02,0.4666,0
CC1=NN=C(CO)C1=O,126.11499999999998,4,1,1,1,4,62.02,-0.6216999999999999,0
COC1(C=N)OC(=O)O1,131.087,5,1,2,1,5,68.61,0.10297000000000006,0
O=Cc1cn[nH]c(=O)n1,125.08699999999999,4,1,1,1,5,75.71000000000001,-1.0226,0
N=C1NC(=O)C(=N)O1,113.076,4,3,0,1,5,86.03000000000002,-0.9551600000000002,0
Nc1coc(NC=O)c1,126.11499999999998,3,2,2,1,4,68.25999999999999,0.4301,0
Cn1cnc(=O)[nH]c1=O,127.10299999999998,4,1,0,1,5,67.75,-1.5314000000000003,0
N=CNC1N=C1NC=O,126.11899999999999,3,3,3,1,5,77.34,-1.3327300000000002,1
Cc1nnc(C=O)c(N)n1,138.13,5,1,1,1,5,81.76,-0.42528000000000005,0
Cn1nc(C=N)nc1N,125.135,5,2,1,1,5,80.58,-0.6050300000000002,0
C#CCc1nonc1N,123.11500000000001,4,1,1,1,4,64.94,-0.1725,0
CC(O)C1=NC=NC1=N,125.131,3,2,1,1,4,68.80000000000001,-0.17263,1
NC1=NC=NC(O)CO1,129.11899999999997,5,2,0,1,5,80.2,-1.322,1
N=C1N=CN=C1C=O,109.08799999999998,3,1,1,1,4,65.64,-0.35453,0
CN=C1ON=C(N)C1=O,127.103,5,1,0,1,5,77.03999999999999,-1.1138,0
Cn1cn[nH]c(=N)c1=O,126.11899999999999,4,2,0,1,5,74.53,-1.4121299999999999,0
CC1=NC(=N)N=C1O,111.10399999999998,1,2,0,1,4,68.8,0.3521700000000001,0
Nc1ncc(C=O)nn1,124.103,5,1,1,1,5,81.76,-0.7337000000000002,0
NC1=NN=C1NC=O,112.09199999999998,4,2,1,1,5,79.84,-1.5833000000000002,0
N=C1COCOC(=N)O1,130.103,5,2,0,1,5,75.39,-0.0806599999999999,0
N#CC1NC(=N)OCC1=O,139.114,4,2,0,1,5,85.97,-0.9977500000000004,1
N=Cn1oc(=N)[nH]c1=O,128.091,5,3,1,1,6,98.63,-1.2959600000000002,0
N=C1OCC(O)C(=N)O1,130.10299999999998,5,3,0,1,5,86.39,-0.6938600000000001,1
NC1=NC(=O)C(O)=C1,112.08799999999997,3,2,0,1,4,75.67999999999999,-0.6742999999999999,0
N=C1CC(=O)OC(=O)O1,129.07099999999997,5,1,0,1,5,76.45,0.047170000000000045,0
N=C1NC(=N)C(=O)OCO1,143.102,5,3,0,1,6,95.26000000000002,-0.98106,0
N=c1cnc(CO)n[nH]1,126.119,4,3,1,1,5,85.65,-1.2235300000000005,0
NCC1=NC(N)=NC1=O,126.119,4,2,1,1,5,93.82999999999998,-1.7589999999999995,0
COC1=NC(=N)C(N)=N1,126.11900000000001,4,2,0,1,5,83.82,-0.6631300000000002,0
N=C1CNC(=N)OCO1,129.119,4,3,0,1,5,78.19000000000001,-0.5076600000000004,0
N=COC1COC(=N)N1,129.119,4,3,2,1,5,78.19,-0.5092600000000003,1
N=C1N=CNC1=NC=O,124.10299999999998,2,2,1,1,5,77.67,-0.8499300000000001,0
N=c1nc[nH]c(=O)n1O,128.09099999999998,5,3,0,1,6,94.76,-1.71183,0
N=C1OCC(N)OC1=O,130.103,5,2,0,1,5,85.4,-1.1781300000000001,1
N=C1CON=CNC1=N,126.11899999999999,4,3,0,1,5,81.32,-0.45346000000000036,0
N=C1NC=CNC(=O)N1,126.119,2,4,0,1,5,77.01,-0.7052300000000002,0
O=CN1CC(=O)NC1=O,128.087,3,1,1,1,5,66.48,-1.3054000000000001,0
N=C(O)C1=NN=C1N,112.09200000000001,4,3,1,1,5,94.82,-0.75153,0
COc1cnnc(N)n1,126.11900000000001,5,1,1,1,5,73.92,-0.5376000000000003,0
Cn1c(CO)n[nH]c1=N,128.135,4,3,1,1,5,77.69,-1.2800300000000002,0
C#CC(=N)NC1=NO1,109.088,3,2,0,1,4,60.77,-0.5123300000000002,0
CN=C1NC(=O)N=C1N,126.119,3,2,0,1,5,79.84,-0.9049,0
N#CC(=O)C1=NOC1=O,124.05499999999999,5,0,1,1,5,79.52000000000001,-1.0081200000000001,0
COC1=NC(=N)C(O)=N1,127.103,3,2,0,1,5,78.03,-0.06383000000000005,0
CC(=O)c1nnc(N)o1,127.10300000000001,5,1,1,1,5,82.01,-0.14559999999999984,0
COc1nn[nH]c1N=O,128.091,5,1,2,1,6,80.23,0.21119999999999978,0
Cn1cnc(=N)nc1O,126.11899999999999,5,2,0,1,5,74.79,-0.9998300000000002,0
N=C1NC=COC(=N)N1,126.119,3,4,0,1,5,80.99000000000001,-0.46346000000000015,0
N=C1N=NN=C1CCO,126.11899999999999,4,2,2,1,5,81.16,0.16787000000000007,0
CC1=NC(=O)N=C1CO,126.11499999999998,2,1,1,1,4,62.019999999999996,0.014200000000000046,0
N=C1CN=CNC(=N)O1,126.11899999999999,4,3,0,1,5,81.32000000000001,-0.45346000000000036,0
Nc1cc(OC=O)no1,128.087,5,1,2,1,5,78.35000000000001,-0.20800000000000013,0
N=CN1C=NCC(=O)N1,126.11899999999999,3,2,1,1,5,68.55,-1.0314300000000003,0
CN=C1OC(=N)N=C1O,127.103,3,2,0,1,5,78.03,-0.06383000000000005,0
Nc1nc(C=O)cn1N,126.11899999999999,5,2,1,1,5,86.92999999999999,-1.0084,0
N=c1oc(N)cn1C=O,127.103,5,2,1,1,5,85.00999999999999,-0.8189299999999999,0
Cn1c(N)nnc1C#N,123.119,5,1,0,1,5,80.52000000000001,-0.73102,0
CN=C1N=CN=C1N,110.12,3,1,0,1,4,63.099999999999994,-0.5861999999999998,0
N=C1NC(=N)C(C=O)N1,126.11899999999999,3,4,1,1,5,88.83000000000001,-1.3412600000000001,1
N=C(O)N1C=NC1=N,112.092,2,3,0,1,5,83.53,-0.24215999999999988,0
COc1cn[nH]c(=O)n1,127.103,4,1,1,1,5,67.87,-0.8265,0
N=C1OCCNC(=O)O1,130.103,4,2,0,1,5,71.41,-0.32243000000000016,0
N=Cc1noncc1=N,124.103,5,2,1,1,5,86.62,-0.45326000000000016,0
Nc1onnc1CC=O,127.10299999999998,5,1,2,1,5,82.00999999999999,-0.6068000000000002,0
CN=C1N=CN=C1N,110.12,3,1,0,1,4,63.099999999999994,-0.5861999999999998,0
N=C1CNC=NC(=O)N1,126.11899999999999,3,3,0,1,5,77.34,-0.6952300000000002,0
N=C1OCCNC1=NC=O,141.13,3,2,1,1,5,74.53999999999999,-0.8616300000000003,0
O=C1OCC(=NO)CO1,131.087,5,1,0,1,5,68.12,-0.016600000000000004,0
N=C1CNC(=O)NCO1,129.119,3,3,0,1,5,74.21000000000001,-0.7494300000000003,0
N=C1NC=C1OC(=O)O,128.087,3,3,1,1,5,82.41,0.10287000000000002,0
N=C1COCNC(=N)O1,129.119,4,3,0,1,5,78.19000000000001,-0.5076600000000004,0
C#CC(=O)n1cn[nH]1,109.088,3,1,0,1,4,50.68,-0.5154000000000001,0
Cc1n[nH]c(=N)n1C=O,126.11899999999999,4,2,1,1,5,74.53,-0.9626100000000002,0
Cn1ncnc1NC=O,126.11899999999999,4,1,2,1,5,59.81,-0.6166,0
CCn1nc(N)c[n+]1[O-],128.135,4,1,1,1,5,70.78,-0.8814000000000002,0
N=C1OCCC(=O)CO1,129.115,4,1,0,1,4,59.379999999999995,-0.07283000000000017,0
Nc1cnnc([NH+]O)n1,127.107,6,3,1,1,6,100.52000000000001,-2.1763000000000003,0
N=CNC1=[N+]([O-])C(CN)=N1,141.13400000000001,4,3,2,1,6,100.33,-1.5798299999999994,0
N=C1N=NC(CN)=N1,111.10800000000002,3,2,1,1,5,86.95,-0.2558299999999999,0
N=C1N=NC(N)=C1C=O,124.103,4,2,1,1,5,91.66,-0.20132999999999995,0
C#CCn1ncc(N)n1,122.131,4,1,1,1,4,56.730000000000004,-0.5065000000000002,0
N=C(N)C1=NC=[N+]1[O-],112.092,3,2,1,1,5,88.30000000000001,-1.12693,0
N=C1C=C(N)C(C=O)=N1,123.115,3,2,1,1,4,79.3,-0.5402300000000002,0
N=CN1C=NC(=O)NC1,126.11899999999999,2,2,1,1,5,68.55,-0.39553000000000016,0
CC(=O)Oc1nc[nH]n1,127.10300000000001,4,1,1,1,5,67.87,-0.2700000000000002,0
CNc1nc(=O)[nH]c(=O)o1,143.10199999999998,5,2,1,1,6,87.99,-1.2352000000000005,0
COC1(C(=N)O)OC1=O,131.087,4,2,2,1,5,82.91,-0.57883,1
CC1=C(N)N=NC1=O,111.104,3,1,0,1,4,67.81,0.16900000000000015,0
CNC1=NC=NC1=N,110.11999999999999,3,2,0,1,4,60.6,-0.3765300000000002,0
N=c1ocnnc1N,112.09200000000001,5,2,0,1,5,88.79,-0.8687300000000002,0
NC(=O)OC1=NCOC1,130.103,4,1,0,1,5,73.91000000000001,-0.5321,0
Cc1n[nH]nc1C=N,110.11999999999999,3,2,1,1,4,65.42,0.11078999999999994,0
N#CC1(N)COCOC1=N,141.13,5,2,0,1,5,92.12,-0.8109500000000001,1
N=C1OC=NC1CO,114.10399999999998,4,2,1,1,4,65.67,-0.61693,1
N=C1COC(=O)N=CO1,128.087,4,1,0,1,5,71.74,0.15877000000000002,0
N=COc1coc(=N)[nH]1,127.10299999999998,4,3,2,1,5,85.85999999999999,0.07303999999999988,0
CC1=NC(=O)N=C1N,111.104,2,1,0,1,4,67.81,-0.061899999999999844,0
N=C1NCOC(=N)C1=O,127.103,4,3,0,1,5,86.03,-0.91266,0
N=C1OC(=O)OC1=N,114.05999999999999,5,2,0,1,5,83.22999999999999,0.10774,0
CC(N)C1=NOC1=N,113.11999999999999,4,2,1,1,4,71.46000000000001,-0.30292999999999987,1
N=C1COC(=N)OCN1,129.119,4,3,0,1,5,78.19,-0.5076600000000002,0
N=CCOC1=NC=NC1=N,138.13,4,2,2,1,5,81.65,0.07023999999999991,0
N=C1C=NCNC(=O)O1,127.103,4,2,0,1,5,74.54,-0.26823000000000013,0
CN=C1N=C(N)OC1=N,126.119,4,2,0,1,5,83.82,-0.66313,0
CN=C1OCNC(=O)O1,130.103,4,1,0,1,5,59.92,-0.3139,0
N=C1COC(=N)OCO1,130.103,5,2,0,1,5,75.39,-0.08066000000000012,0
N=C1NC(=O)CCOC1=N,141.13,4,3,0,1,5,86.03,-0.5225600000000004,0
CC1CN=NC(=O)OC1=O,142.11399999999998,4,0,0,1,5,68.09,0.7515000000000001,1
NC1=NN=C1C(=O)O,113.07599999999998,4,2,1,1,5,88.04,-1.2022,0
O=CC1=NCNC(=O)O1,128.087,4,1,1,1,5,67.76,-0.7189000000000001,0
NC1=NN=C(C=O)C1=O,125.08699999999997,5,1,1,1,5,84.88,-1.5188,0
COC1=NNC(=O)C1=O,128.087,4,1,0,1,5,67.75999999999999,-1.3548000000000002,0
CC(=O)Cc1n[nH]n1N,128.13500000000002,4,2,2,1,5,76.7,-0.9435000000000002,0
CNC1=NN=C(CO)C1=N,140.146,5,3,1,1,5,80.83000000000001,-1.0140300000000002,0
N=C(N)OC(=O)C1CO1,130.10299999999998,4,2,1,1,5,88.70000000000002,-1.1781300000000001,1
COC1=NC=C(N)C1=N,125.131,4,2,0,1,4,71.46000000000001,-0.13522999999999985,0
CC1=NC(=N)OC1=O,112.08799999999998,3,1,0,1,4,62.51,-0.06112999999999996,0
Nc1n[nH]c(C=O)[n+]1[O-],128.09099999999998,4,2,1,1,6,98.71,-1.5622,0
COC1=NC(=N)C(O)=N1,127.103,3,2,0,1,5,78.03,-0.06383000000000005,0
Cc1nnc(N)c[n+]1[O-],126.119,4,1,0,1,5,78.74,-0.9993799999999999,0
CC(=N)C1=NC=NC1=O,123.115,3,1,1,1,4,65.64,0.035569999999999935,0
N=C1OCOCNC1C=O,144.13,5,2,1,1,5,71.41,-0.9174300000000004,1
N=C1CNC(=O)OCO1,130.10299999999998,4,2,0,1,5,71.41000000000001,-0.3224300000000002,0
COc1nnc(=O)oc1N,143.10199999999998,6,1,1,1,6,91.24,-0.9794,0
Cn1cnc(NC=O)n1,126.11899999999999,4,1,2,1,5,59.81,-0.6166000000000003,0
NC=C1NN=NC1=O,112.092,4,2,0,1,5,79.84,-0.7165000000000001,0
N=C1COC(=N)OCO1,130.103,5,2,0,1,5,75.39,-0.08066000000000012,0
NC1CC(=O)C(=O)NO1,130.10299999999998,4,2,0,1,5,81.42,-1.7082,1
O=Cc1nc(O)cn1O,128.087,5,2,1,1,5,75.35,-0.3615000000000001,0
N=C1CNCC(=O)NC1=O,141.13,4,3,0,1,5,82.05000000000001,-1.7478299999999998,0
N=c1cc(N)n(C=O)[nH]1,126.119,4,3,1,1,5,87.66,-1.0838300000000003,0
CN=C1OC(=O)NC1=N,127.103,4,2,0,1,5,74.53999999999999,-0.2682300000000001,0
N=CC1NC(=O)OC1=O,128.087,4,2,1,1,5,79.25,-0.7290300000000001,1
NC1=NC(=O)C(CO)=N1,127.10299999999998,4,2,1,1,5,88.03999999999999,-1.7253999999999996,0
N#CC1N=CN(C=N)O1,124.10299999999998,4,1,1,1,5,72.47,-0.28135000000000004,1
O=CC1C(=O)NOC1=NO,144.086,5,2,1,1,6,87.99000000000001,-1.3494000000000002,1
N=C1OC(N)=NC1=O,113.07600000000001,4,2,0,1,5,88.53,-1.1648300000000003,0
NCc1cc(O)n[nH]c1=O,141.13,4,3,1,1,5,92.0,-1.0658000000000003,0
N=C1OCOC(=O)C(=N)O1,144.08599999999998,6,2,0,1,6,92.46000000000001,-0.5540600000000002,0
N=C1NC(=O)OCC1=O,128.087,4,2,0,1,5,79.25,-0.72743,0
COc1nc(O)cn1N,129.119,5,2,1,1,5,73.3,-0.6889000000000003,0
CNC1=NC=C(N)C1=N,124.14699999999999,4,3,0,1,4,74.25999999999999,-0.56223,0
N=C1CNC(=O)N=CO1,127.10299999999998,3,2,0,1,5,74.54,-0.26823000000000013,0
CC1=NN=C(N)C1=O,111.104,4,1,0,1,4,67.81,-0.6978,0
N=C1NC(=O)C(=O)O1,114.05999999999999,4,2,0,1,5,79.25000000000001,-1.4058300000000001,0
N=c1[nH]cnoc1=O,113.076,4,2,0,1,5,82.74000000000001,-1.15763,0
Nc1coc(=O)c(N)n1,127.10300000000001,5,2,0,1,5,95.14,-0.8008,0
N=c1oc(N)cc(=O)o1,128.087,5,2,0,1,5,93.22000000000001,-0.7055299999999998,0
NC(=O)c1c[nH]nn1,112.092,3,2,1,1,5,84.66000000000001,-1.0964000000000003,0
CC(=NO)c1cocn1,126.11499999999998,4,1,1,1,4,58.620000000000005,0.8728,0
O=CC1OC(=O)NC1=O,129.071,4,1,1,1,5,72.47,-1.1797000000000002,1
N=C1N=NC(CN)=C1N,125.13500000000002,4,3,1,1,5,100.61,-0.44153000000000014,0
N=C1NC(=O)N=C1N,112.09200000000001,3,3,0,1,5,91.33,-0.95593,0
N=C1COC(=N)C(=O)N1,127.103,4,3,0,1,5,86.03,-0.9126600000000002,0
N=CN1C=C(N)COC1=N,140.14600000000002,4,3,1,1,5,86.19,-0.33946000000000026,0
CC(O)c1nncn1N,128.13500000000002,5,2,1,1,5,76.96000000000001,-0.9548000000000001,1
N#CCN1OCOC1=N,127.10299999999998,4,1,1,1,5,69.34,-0.33395000000000014,0
N=C1COC(=N)N=CO1,127.103,4,2,0,1,5,78.52,-0.026460000000000095,0
N=C(O)c1cnn[nH]1,112.092,3,3,1,1,5,85.65,-0.3119300000000002,0
COc1nc(=O)nc[nH]1,127.103,4,1,1,1,5,67.87,-0.8265000000000002,0
N=C1NC(=O)C(=O)CO1,128.087,4,2,0,1,5,79.25000000000001,-1.36333,0
COC1=C(NC#N)N=N1,124.10300000000001,5,1,2,1,5,69.77,0.29588,0
Nc1nnoc1CCO,129.119,5,2,2,1,5,85.17,-0.8134000000000001,0
N=C1OCC(=O)C(=N)O1,128.087,5,2,0,1,5,83.23,-0.48566000000000015,0
N=Cn1cc(CO)oc1=N,141.13,5,3,2,1,5,86.0,-0.4919600000000001,0
CC1=NC(=O)C(=O)O1,113.07199999999997,3,0,0,1,4,55.730000000000004,-0.5118,0
N#CC(=N)n1cn[nH]1,109.092,4,2,0,1,5,81.25,-0.43985,0
O=Cc1nn[nH]c1CO,127.10299999999998,4,2,2,1,5,78.87,-0.8905000000000001,0
CC(C#N)C1=NOC1=O,124.09899999999999,4,0,1,1,4,62.449999999999996,0.05888000000000004,1
N=C1CC1C(=O)CO,113.11599999999999,3,2,2,1,3,61.150000000000006,-0.41253,1
N=C1NC(=N)C(=O)OCO1,143.102,5,3,0,1,6,95.26000000000002,-0.98106,0
COc1nn[nH]c1C=N,126.11899999999999,4,2,2,1,5,74.65,-0.1890300000000002,0
N#CCNC1=NC=NC1=O,136.114,4,1,1,1,5,77.61,-0.9334200000000001,0
CN=C1N=C(N)N1C=O,126.119,3,1,1,1,5,71.05,-1.2411,0
NC1=C(N)C(=O)N=C1,111.10399999999998,3,2,0,1,4,81.47,-1.2736000000000003,0
N=C1C=CN=C(N)C1=O,123.115,4,2,0,1,4,79.30000000000001,-0.5402300000000002,0
N=C1C=C(N)OC1=O,112.088,4,2,0,1,4,76.17000000000002,-0.6369300000000002,0
NC1=NC(=O)C(CO)=N1,127.10299999999998,4,2,1,1,5,88.03999999999999,-1.7253999999999996,0
NC1=CC(=O)C(N)=C1O,126.115,4,3,0,1,4,89.34,-0.8599999999999997,0
CNC1=NN=C1C=N,110.11999999999999,4,2,1,1,4,60.6,-0.3765300000000002,0
N=C1NCOC(C=O)N1,129.119,3,3,1,1,5,74.21,-1.3869300000000004,1
CC(O)C1=NN=C1N,113.12000000000002,4,2,1,1,4,70.97,-0.9060000000000001,1
N#CCc1n[nH]nc1N,123.11900000000001,4,2,1,1,5,91.38,-0.5470200000000003,0
CC(N)C1=NN=C1O,113.11999999999999,3,2,1,1,4,70.97,-0.3403000000000001,1
Cc1[nH]nnc1C=NCO,140.14600000000002,4,2,2,1,5,74.16,-0.5181800000000001,0
NC1=NC(=O)C(N)=N1,112.092,4,2,0,1,5,93.83,-1.8014999999999999,0
CC1=NC(=NO)C=[N+]1[O-],127.10299999999998,3,1,0,1,5,71.02,-0.21280000000000004,0
N=CN=C1N=C(O)N1,112.09199999999998,1,3,1,1,5,80.83,-0.5333300000000001,0
N=CC1NC(=O)N=CO1,127.103,3,2,1,1,5,74.54,-0.26982999999999996,1
N=c1ncc(N)c(O)o1,127.103,5,3,0,1,5,96.13000000000001,-0.5581300000000001,0
Nc1cnnc(C=O)n1,124.103,5,1,1,1,5,81.76,-0.7337,0
N#CCC1=NN=C1O,109.088,3,1,1,1,4,68.74,0.22618,0
Cc1n[nH]c(=N)n1C=O,126.11899999999999,4,2,1,1,5,74.53,-0.9626100000000002,0
N=C1N=CNC(=N)C1=O,124.10299999999998,3,3,0,1,5,89.16,-0.85846,0
CNC(=O)C1=NC(O)=N1,127.103,3,2,1,1,5,74.05,-0.9415,0
CC1(N)COC(=O)CO1,131.131,4,1,0,1,4,61.55,-0.7653000000000001,1
COc1nc(N)cc(=N)[nH]1,140.14600000000002,4,3,1,1,5,87.78,-0.5200300000000002,0
NC1=NC(CO)C(=O)O1,130.10299999999998,5,2,1,1,5,84.91000000000001,-1.7812000000000003,1
NC(=O)c1cn[nH]c1,111.10399999999998,2,2,1,1,4,71.77000000000001,-0.4914000000000003,0
Nc1cnc(=O)oc1N,127.103,5,2,0,1,5,95.14,-0.8008,0
Nc1coc(=O)nc1N,127.10300000000001,5,2,0,1,5,95.14,-0.8008,0
CCOc1cnoc1N,128.131,4,1,2,1,4,61.28,0.6555,0
N=C1COC(=N)OC(=N)O1,143.102,6,3,0,1,6,99.24,-0.10338999999999998,0
COC1=NC(=N)NC1=O,127.103,3,2,0,1,5,74.53999999999999,-0.9041300000000003,0
N=CN1CC(=O)NCN1,128.135,3,3,1,1,5,68.22,-1.5126299999999993,0
CC(=O)c1n[nH]c(N)n1,126.11900000000001,4,2,1,1,5,84.66,-0.41050000000000003,0
N=COc1cnc(N)[nH]1,126.119,4,3,2,1,5,87.78,-0.022230000000000028,0
N=C1C=NC(=N)N1O,112.092,3,3,0,1,5,83.53,-0.32595999999999997,0
NC1=NC(=O)C=N1,97.07699999999998,3,1,0,1,4,67.81,-1.0879,0
N=C1NC(=O)C(=N)CCO1,141.13,4,3,0,1,5,86.03000000000002,-0.5225600000000004,0
N=C1N=C(C=O)N=C1N,124.103,4,2,1,1,5,91.66,-1.06813,0
N=C1OC(=O)N=C1N,113.07600000000001,4,2,0,1,5,88.53,-0.5289300000000001,0
CN=C1N=CN=C1N,110.12,3,1,0,1,4,63.099999999999994,-0.5861999999999998,0
N=CCn1ocnc1=N,126.11899999999999,5,2,2,1,5,78.66,-0.39485999999999993,0
Cc1nnc(N)n1C=O,126.119,5,1,1,1,5,73.8,-0.7929800000000002,0
N=CC1=C(O)C(N)=N1,111.104,4,3,1,1,4,82.46,-0.22362999999999988,0
N=C1NCC(=O)OC=CO1,142.11399999999998,4,2,0,1,5,71.41000000000001,-0.4446300000000001,0
CC1=NC(=N)C(=O)N1,111.10399999999998,2,2,0,1,4,65.31,-0.4881300000000001,0
CC(O)C1=NN=C1N,113.12000000000002,4,2,1,1,4,70.97,-0.9060000000000001,1
Cc1n[nH]c(=N)oc1=O,127.10299999999998,4,2,0,1,5,82.74000000000001,-0.84921,0
N=C1OC(N)=C1NC=O,127.103,4,3,2,1,5,88.19999999999999,-1.1323300000000003,0
COc1cnoc1N=N,127.103,5,1,2,1,5,71.47,1.34567,0
NC1=CC(N)=NC1=O,111.10400000000001,3,2,0,1,4,81.47,-1.2736000000000003,0
COC1=NC(=N)C(N)=N1,126.11900000000001,4,2,0,1,5,83.82,-0.6631300000000002,0
CN=C1NC(=O)NC1=O,127.10299999999998,3,2,0,1,5,70.56,-1.1459000000000001,0
N=C1NN=C(CO)C1=O,127.10299999999998,4,3,1,1,5,85.53999999999999,-1.5157300000000002,0
N=CC1=NN=C1C(N)=O,124.103,4,2,2,1,5,91.66,-1.0681300000000002,0
CC(=N)N1N=CC=NO1,126.11899999999999,4,1,0,1,5,61.040000000000006,0.20237,0
CC1(C(=N)O)OCC1O,131.131,3,3,1,1,4,73.54,-0.3285300000000002,2
NC(=O)NC1=NC=N1,112.092,3,2,0,1,5,79.84,-0.9474,0
N=CC1=NC(=O)N=C1N,124.10300000000001,3,2,1,1,5,91.66,-0.43223000000000006,0
N#CCNc1cnon1,124.103,5,1,2,1,5,74.74000000000001,0.005079999999999807,0
NC(=O)NC1=COC1=O,128.087,3,2,1,1,5,81.42000000000002,-0.9471,0
NC1=NC(=O)C(CO)=N1,127.10299999999998,4,2,1,1,5,88.03999999999999,-1.7253999999999996,0
COC1=NC(=N)C(N)=N1,126.11900000000001,4,2,0,1,5,83.82,-0.6631300000000002,0
NC1=C(N)C(=O)N=C1,111.10399999999998,3,2,0,1,4,81.47,-1.2736000000000003,0
CN1N=C(N)C1=N,98.10900000000001,3,2,0,1,4,65.47,-0.8187300000000002,0
CC(O)C1=NN=NC1=N,126.11900000000001,4,2,1,1,5,81.16,0.16626999999999992,1
N=C1OCC(=O)NC1=O,128.087,4,2,0,1,5,79.25,-1.36333,0
N=C1COC(=N)C(=O)O1,128.087,5,2,0,1,5,83.23,-0.48566000000000015,0
N=C1CNC(=N)C1=NO,126.11899999999999,4,4,0,1,5,92.32000000000001,-0.5831600000000003,0
N=C1OCC(=O)NC1=O,128.087,4,2,0,1,5,79.25,-1.36333,0
N=Cn1c(N)cnc1N,125.135,5,3,1,1,5,93.71,-0.49733,0
N=C1OC(C=O)=C1N,112.088,4,2,1,1,4,76.17,-0.63693,0
NC1=NC=C1[N+](=O)[O-],113.076,4,1,1,1,5,81.52,-0.5246999999999999,0
N=c1oc(=N)oc(=O)o1,130.059,6,2,0,1,6,104.19000000000001,-1.21526,0
CC(O)C1=NOC1=N,114.104,4,2,1,1,4,65.67000000000002,-0.26933000000000007,1
COC1=NC(=N)C(O)=N1,127.103,3,2,0,1,5,78.03,-0.06383000000000005,0
NC(=O)CC1=NN=C1N,126.11900000000001,4,2,2,1,5,93.83,-1.4114,0
CN=C1C=NN=C1N,110.12,4,1,0,1,4,63.099999999999994,-0.5862,0
N=C1OCC(=O)C(=O)O1,129.071,5,1,0,1,5,76.45,-0.9363300000000001,0
CN(C)n1cnc(N)n1,127.15100000000001,5,1,1,1,5,59.97,-0.9421000000000004,0
Cc1ncnc(C=N)n1,122.13099999999999,4,1,1,1,4,62.52,0.17768999999999996,0
CN=C1N=NC(C=O)=N1,124.10299999999998,3,0,1,1,5,66.50999999999999,0.0354000000000001,0
COc1cnoc1N,114.104,4,1,1,1,4,61.28,0.26539999999999997,0
N=CCN1C=NC1=O,111.10399999999998,2,1,2,1,4,56.52,0.09986999999999996,0
CN=C1ON=C1F,102.068,3,0,0,1,4,33.95,0.3279000000000001,0
NCc1ncnc(N)n1,125.135,5,2,1,1,5,90.71,-1.0875000000000001,0
N=C1OC=NCC(=O)O1,128.087,5,1,0,1,5,71.74,-0.47713000000000005,0
N=Cc1c[nH]c(C=O)n1,123.11499999999998,3,2,2,1,4,69.6,0.2198699999999999,0
N=COC1C(=N)OC1=O,128.087,5,2,2,1,5,83.22999999999999,-0.48725999999999997,1
O=CNc1cn[nH]c1C=O,139.11399999999998,3,2,3,1,5,74.85,-0.20950000000000019,0
N=Cc1nncc(N)n1,123.119,5,2,1,1,5,88.54,-0.5485300000000002,0
N=CN1C=C1OC=O,112.08799999999998,3,1,3,1,4,53.160000000000004,-0.11902999999999991,0
CC1=C(N)C(N)=[N+]1[O-],113.12,3,2,0,1,4,78.11,-0.9422999999999999,0
NC1=NC(F)=NC1=O,115.067,3,1,0,1,5,67.81,-0.7907000000000002,0
O=C1OC=NC(O)C1O,131.087,5,2,0,1,5,79.12,-1.7492000000000003,2
COC1=NC(N)=C1N,113.12000000000002,4,2,0,1,4,73.63,-0.8686,0
N=C1NCCOC(=O)N1,129.119,3,3,0,1,5,74.21,-0.74943,0
N=c1nc(O)oc(=N)o1,129.075,6,3,0,1,6,107.10000000000001,-1.0678600000000003,0
N=c1ncc(CN)no1,126.11900000000001,5,2,1,1,5,88.79,-0.99223,0
CCOC1=NOC1=O,115.088,4,0,1,1,4,47.89,-0.1068,0
Nc1ncc(C=O)nn1,124.103,5,1,1,1,5,81.76,-0.7337000000000002,0
CC1=NC(=O)N=C1N,111.104,2,1,0,1,4,67.81,-0.061899999999999844,0
NC(=O)C1=NC(N)=N1,112.09200000000001,4,2,1,1,5,93.83,-1.8014999999999999,0
NC1=CC(=O)[N+]([O-])=N1,113.07600000000001,4,1,0,1,5,81.52,-0.7107999999999999,0
CC1=NC(CN)=NC1=N,124.147,3,2,1,1,4,74.59,-0.20462999999999998,0
N=C1N=C(CO)N=C1O,127.10299999999998,3,3,1,1,5,89.03,-0.67543,0
CN=C1C(=O)ON=C1N,127.103,5,1,0,1,5,77.03999999999999,-1.1138000000000001,0
N=C1OC(=O)OC1=N,114.05999999999999,5,2,0,1,5,83.22999999999999,0.10774,0
CCN=C1C=NC(N)=N1,124.147,3,1,1,1,4,63.099999999999994,-0.19609999999999983,0
CNC(=O)C1=NC(=O)O1,128.087,3,1,1,1,5,67.76,-0.7189000000000001,0
NC1=C(N)C(=O)C=N1,111.10399999999998,4,2,0,1,4,81.47,-1.2736000000000003,0
N=C1ON=C1C=NCO,127.10299999999998,5,2,2,1,5,78.03,-0.6295300000000001,0
Nc1ncoc1COC=O,142.11399999999998,5,1,3,1,5,78.35,-0.07020000000000004,0
CN=C1NC(=O)N=C1O,127.10299999999998,2,2,0,1,5,74.05,-0.3055999999999999,0
N=C1C=NN=C1C(N)=O,124.103,4,2,1,1,5,91.66,-1.0681300000000002,0
N=C1N=CN=C(N)C1=N,123.119,4,3,0,1,5,98.44,-0.6174600000000001,0
Cn1nncc1C=N,110.11999999999998,4,1,1,1,4,54.56,-0.18723000000000017,0
N=C(O)C1N=CNC(N)=N1,141.134,5,4,1,1,6,106.85,-1.2060299999999997,1
N=C1OCC(=O)C(=N)O1,128.087,5,2,0,1,5,83.23,-0.48566000000000015,0
N=CN1CC(=O)OCO1,130.10299999999998,4,1,1,1,5,62.620000000000005,-0.65863,0
Cn1nc(CO)oc1=N,129.119,5,2,1,1,5,75.03999999999999,-1.0151299999999999,0
N=CN=C1NCC(=O)N1,126.11899999999999,2,3,1,1,5,77.34,-1.3311300000000004,0
NC1=CC(=O)N=C1N,111.10400000000001,3,2,0,1,4,81.47,-1.2736000000000003,0
N#Cc1cnnoc1=N,122.08699999999999,5,1,0,1,5,86.56,-0.57925,0
NC1=NC(C(=O)O)=N1,113.07599999999998,4,2,1,1,5,88.03999999999999,-1.2022000000000002,0
CN=C1N=CNC1=O,111.10399999999998,2,1,0,1,4,53.82,-0.8272000000000002,0
N=c1[nH]cnnc1C=O,124.103,4,2,1,1,5,82.49000000000001,-0.90333,0
CC1=NC(=N)C(C=N)=N1,122.13099999999999,3,2,1,1,4,72.42,0.48624,0
N=C1CC(O)C(=O)CN1,128.131,3,3,0,1,4,73.17999999999999,-1.1130300000000002,1
N#CNc1nncc(=N)o1,137.102,6,2,1,1,6,98.59,-0.55795,0
N=C1C=C(C(N)=O)O1,112.088,3,2,1,1,4,76.17,-0.6369300000000002,0
N=C1N=C(N)C(CO)=N1,126.119,3,3,1,1,5,94.82000000000001,-1.2747300000000001,0
N=C1OCNC(C=O)O1,130.10299999999998,5,2,1,1,5,71.41,-0.9599300000000004,1
N=C1N=C(O)N=C1C=O,125.08699999999997,3,2,1,1,5,85.87,-0.4688300000000001,0
N=C1CN=NOCC1=N,126.11899999999999,5,2,0,1,5,81.65,0.42334000000000005,0
NCOC1=C(N)N=NC1=O,142.11800000000002,5,2,2,1,6,103.06,-0.9605999999999999,0
N=CN1C(=O)OC1=O,114.05999999999997,4,1,1,1,5,70.46000000000001,0.16566999999999998,0
CC1=NC(=N)C(O)=N1,111.10399999999998,2,2,0,1,4,68.8,0.35217,0
N=C1NC(=O)C(=O)O1,114.05999999999999,4,2,0,1,5,79.25000000000001,-1.4058300000000001,0
N=CN1CC(=O)OC1=N,127.10299999999998,4,2,1,1,5,77.24000000000001,-0.61296,0
C#CCc1nnoc1O,124.09899999999999,4,1,1,1,4,59.150000000000006,-0.04910000000000009,0
COC1=NN=C(N)C1=N,126.119,5,2,0,1,5,83.82,-0.66313,0
COC(=N)N1N=C1CO,129.11900000000003,4,2,1,1,5,68.67999999999999,-0.8110299999999999,0
Nc1nocc1C=O,112.08799999999998,4,1,1,1,4,69.12,0.06930000000000003,0
N=C1NC(C=O)N=CO1,127.103,4,2,1,1,5,74.54,-0.9057300000000001,1
C#CCC1=NN=NC1=N,120.11500000000001,3,1,1,1,4,60.93,0.80877,0
N=CN1COC(=N)C(=N)O1,142.118,5,3,1,1,6,93.25000000000001,-0.23069000000000017,0
N=C1CNC(=O)C(O)O1,130.10299999999998,4,3,0,1,5,82.41000000000001,-1.5715300000000003,1
N=CC1=NC(N)=NC1=N,123.11900000000001,4,3,1,1,5,98.44,-0.6174600000000001,0
N=C1OC(=O)OCC1N,130.10299999999998,5,2,0,1,5,85.39999999999999,-0.54223,1
N=c1nc(C=O)cno1,125.08699999999997,5,1,1,1,5,79.84,-0.63843,0
N=c1nnc(N)c(O)[nH]1,127.107,5,4,0,1,6,111.67000000000002,-1.4280300000000001,0
N=C1CNC(=O)NC1=O,127.10299999999998,3,3,0,1,5,82.05000000000001,-1.15443,0
N=C1OCNC(=O)CO1,130.10299999999998,4,2,0,1,5,71.41,-0.9583300000000003,0
N=C1C(N)=NN=C1N,111.108,5,3,0,1,5,100.61,-1.3508300000000002,0
CC1OC(=O)N=C1C=N,126.11499999999998,3,1,1,1,4,62.51,0.6156699999999999,1
N=C1OC=NCN1CO,129.11900000000003,4,2,1,1,5,68.91,-0.8110299999999999,0
COC1=NCOC(=N)CO1,144.13,5,1,0,1,5,63.900000000000006,-0.02962999999999999,0
N=Cn1nc(O)cc1N,126.11899999999999,5,3,1,1,5,87.92,-0.37393000000000004,0
N=C1NC(=O)OCCO1,130.103,4,2,0,1,5,71.41000000000001,-0.32243,0
CNC(=O)C1=NN=N1,112.09200000000001,4,1,1,1,5,66.18,-0.4883000000000001,0
O=CN1CNC(=O)OC1,130.10299999999998,3,1,1,1,5,58.64,-0.9004000000000001,0
N=C1OC(=O)OCC1=O,129.071,5,1,0,1,5,76.44999999999999,-0.30043,0
CN=NC1COC(=O)O1,130.103,5,0,1,1,5,60.25,0.5613000000000001,1
Nc1nc(=O)c(N)no1,128.091,6,2,0,1,6,108.03,-1.4058000000000002,0
N=COC1=NCC(=O)O1,128.087,5,1,1,1,5,71.74,-0.47713000000000005,0
N=C1OC(C=NO)C1=N,127.103,5,3,1,1,5,89.52000000000001,-0.15776,1
CC(=O)n1[nH]c(=N)o1,115.09199999999998,4,2,0,1,5,74.78,-0.4512300000000002,0
Nc1cnc(N)c(=O)o1,127.103,5,2,0,1,5,95.14,-0.8008,0
N=CC1=NC(=N)C(N)=C1,122.131,3,3,1,1,4,86.08,-0.08955999999999997,0
Cc1n[nH]c(=N)n1CO,128.135,4,3,1,1,5,77.69,-1.0511100000000002,0
N=C(O)C1=NC(O)=N1,113.076,3,3,1,1,5,89.03,-0.1522300000000002,0
Nc1nocc1NC=O,127.10299999999998,4,2,2,1,5,81.15,-0.17490000000000022,0
N=C1CONCN=CO1,129.119,5,2,0,1,5,66.7,-0.4991300000000003,0
NC(=O)C1=NN=C1N,112.09200000000001,4,2,1,1,5,93.83,-1.8014999999999999,0
CC1=NN=C(N)C1=O,111.104,4,1,0,1,4,67.81,-0.6978,0
Cn1nc(O)nc1CO,129.119,5,2,1,1,5,71.17,-0.9870000000000003,0
CN=C1ON=C(N)C1=O,127.103,5,1,0,1,5,77.03999999999999,-1.1138,0
N=Cc1nc(N)oc1O,127.103,5,3,1,1,5,96.13000000000001,-0.03993000000000002,0
O=C1CN=COC(=O)N1,128.087,4,1,0,1,5,67.75999999999999,-0.7189000000000001,0
NC(=CO)C1=NC(N)=N1,126.11900000000003,5,3,1,1,5,96.99,-0.9286999999999994,0
CN=NC1OCC(=N)O1,129.119,5,1,1,1,5,67.03,0.37607000000000007,1
NC(=O)OC1COC=N1,130.10299999999998,4,1,1,1,5,73.91000000000001,-0.5337000000000001,1
COC1=NC(=O)NCO1,130.103,3,1,0,1,5,59.92,-0.31390000000000007,0
N=C1COC(=O)OCN1,130.103,4,2,0,1,5,71.41,-0.32243000000000016,0
CN=C1N=CN=C1C#N,120.115,3,0,0,1,4,60.87,0.021180000000000032,0
N=C1N=NC(CO)=C1N,126.119,4,3,1,1,5,94.82,-0.40793000000000007,0
CC(N)C1=NN=C1N,112.13600000000001,4,2,1,1,4,76.75999999999999,-0.9396,1
N=CC1=NC(CN)=NC1=N,137.14600000000002,4,3,2,1,5,98.44,-0.5749600000000001,0
N=c1[nH]ncc(N)[n+]1[O-],127.107,4,3,0,1,6,105.49,-1.8952299999999997,0
CC1=NC(N)=NC1=O,111.104,3,1,0,1,4,67.81,-0.6978,0
N=C1NC(=N)C(=O)N1,112.092,3,4,0,1,5,88.83000000000001,-1.3821599999999998,0
CC(=O)C1=NC(=N)N1,111.104,2,2,1,1,4,65.31,-0.4881300000000001,0
N=C1OCC(CO)C(=N)O1,144.13,5,3,1,1,5,86.39,-0.44626000000000027,1
O=CC(=O)c1ncn[nH]1,125.087,4,1,2,1,5,75.71000000000001,-0.8137000000000001,0
Nc1nn[nH]c1C=O,112.09199999999997,4,2,1,1,5,84.66,-0.8006000000000004,0
COC1=NOC(=O)C1=N,128.087,5,1,0,1,5,71.74000000000001,-0.47713,0
Nc1nonc1CCO,129.119,5,2,2,1,5,85.17,-0.8134000000000001,0
CC(=O)NC1=NC=N1,111.104,3,1,0,1,4,53.82,-0.4796,0
O=C1NCOC(=O)C1O,131.087,4,2,0,1,5,75.63,-2.0221999999999998,1
CC1=NC(=O)N=C1N,111.104,2,1,0,1,4,67.81,-0.061899999999999844,0
Nc1ncc(=O)[nH]c1N,126.119,4,3,0,1,5,97.78999999999999,-1.0657000000000003,0
CC(=O)c1cnnn1N,126.11900000000001,5,1,1,1,5,73.8,-0.8055000000000001,0
N=C1OCC(=O)NC1=O,128.087,4,2,0,1,5,79.25,-1.36333,0
N=C1OCC(=O)C(=O)O1,129.071,5,1,0,1,5,76.45,-0.9363300000000001,0
N=C1NC(=O)OC1=N,113.076,4,3,0,1,5,86.03,-0.3192599999999998,0
NC1=NC(=O)C(=O)N1,113.07599999999998,3,2,0,1,5,84.55,-2.0425000000000004,0
CC(=O)C1=NN=C1N,111.10400000000001,4,1,1,1,4,67.81,-0.6978,0
N=C1COC(=O)CO1,115.088,4,1,0,1,4,59.379999999999995,-0.46293000000000006,0
CCc1nonc1N,113.12,4,1,1,1,4,64.94,0.21420000000000006,0
N=C1NCOC(=O)CO1,130.103,4,2,0,1,5,71.41,-0.9583300000000001,0
CNC1=NC(=O)N=C1N,126.119,3,2,0,1,5,79.84,-0.9049,0
N=C1OC(=O)C=C1N,112.088,4,2,0,1,4,76.17,-0.63693,0
N=c1occ(C(N)=O)o1,128.08700000000002,4,2,1,1,5,93.22000000000001,-0.5490299999999999,0
COC1=NN=C1NC=N,126.11899999999999,4,2,1,1,5,69.83000000000001,-0.4449300000000002,0
COC1=C(F)N=NC1=O,130.078,3,0,1,1,5,51.02,0.7638,0
NCC(=O)c1cn[nH]n1,126.119,4,2,2,1,5,84.66000000000001,-1.0539000000000003,0
COc1ncc(=N)on1,127.103,5,1,1,1,5,72.0,-0.44233000000000006,0
N=c1ocnnc1N,112.09200000000001,5,2,0,1,5,88.79,-0.8687300000000002,0
COC1=NN=C(N)C1=O,127.103,5,1,0,1,5,77.03999999999999,-1.1138000000000001,0
N#CC(O)C1=NN=C1N,124.10300000000002,5,2,1,1,5,94.75999999999999,-1.4023200000000002,1
Cn1nc(N)nc1C=O,126.119,5,1,1,1,5,73.80000000000001,-0.7902,0
CC(O)C1=NN=C1N,113.12000000000002,4,2,1,1,4,70.97,-0.9060000000000001,1
NC1=C(N)C(=O)N=N1,112.092,4,2,0,1,5,93.83,-0.9347000000000003,0
NC(=O)c1cc(O)no1,128.087,4,2,1,1,5,89.35000000000001,-0.5209,0
N=CN1CC(=N)N1C=O,126.11899999999999,3,2,2,1,5,71.25,-0.7402600000000001,0
N#CCC1=NOC1=N,109.088,4,1,1,1,4,69.22999999999999,0.26355,0
CC1=NC(=N)N=C1O,111.10399999999998,1,2,0,1,4,68.8,0.3521700000000001,0
N=C1N=C(N)N=C1C=O,124.103,4,2,1,1,5,91.66,-1.06813,0
Cn1ncc(CO)n1,113.12,4,1,1,1,4,50.94,-0.6926000000000001,0
N=C1NC(=O)C=C1N,111.104,3,3,0,1,4,78.97,-1.0639300000000003,0
CCN1NCC(=O)C1=O,128.131,3,1,1,1,4,49.410000000000004,-1.0778000000000003,0
Nc1nc(CC=O)c(N)o1,141.13,5,2,2,1,5,95.14,-0.41960000000000014,0
CC1(C(=O)N=N)CO1,114.104,3,1,1,1,4,65.81,0.33286999999999994,1
CCn1cnc(N)[n+]1[O-],128.13500000000002,4,1,1,1,5,70.78,-0.8813999999999997,0
CC1=NC(CO)=NC1=O,126.11499999999998,3,1,1,1,4,62.02,-0.6217000000000001,0
O=CC1NC(=O)N1C=O,128.087,3,1,2,1,5,66.48,-1.3070000000000002,1
N=C1C=NC(=O)NC1=N,124.103,3,3,0,1,5,89.16,-0.22255999999999998,0
Cn1nc(N)c(CO)n1,128.135,5,2,1,1,5,76.96000000000001,-1.1104,0
N=C1NC(C=O)C1=NO,127.103,4,3,1,1,5,85.54,-1.0354300000000003,1
C#CCc1nonc1N,123.11500000000001,4,1,1,1,4,64.94,-0.1725,0
N=C1N=C(C=O)N=C1O,125.08699999999997,3,2,1,1,5,85.87,-0.4688299999999999,0
N#CCNC1CN=CN1,124.14699999999999,4,2,2,1,4,60.21,-0.9428200000000002,1
N=COc1coc(=N)[nH]1,127.10299999999998,4,3,2,1,5,85.85999999999999,0.07303999999999988,0
Cn1nc(N)c(=O)o1,115.092,5,1,0,1,5,74.05000000000001,-1.0445,0
C#Cc1nn[nH]c1N,108.104,3,2,0,1,4,67.59,-0.6318000000000001,0
CC(=O)C1=NC(O)=N1,112.088,3,1,1,1,4,62.019999999999996,-0.09849999999999998,0
N=Cc1nnc(CO)o1,127.10299999999998,5,2,2,1,5,83.0,-0.44043000000000004,0
N=C1CC(N)C(=O)NO1,129.119,4,3,0,1,5,88.2,-1.2575300000000003,1
N=Cn1cnc(=O)o1,113.07599999999998,5,1,1,1,5,71.88,-0.7085299999999999,0
N=CNC1=NC(CN)CO1,142.162,4,3,2,1,5,83.49000000000001,-1.1034300000000004,1
Nc1ncc([O-])nc1N,125.111,5,2,0,1,5,100.88,-1.2854000000000003,0
N=C1OC(=N)C(C=O)O1,128.087,5,2,1,1,5,83.23,-0.48726000000000025,1
Nc1cnoc1NC=O,127.10299999999998,4,2,2,1,5,81.15,-0.1749,0
NC=Cc1nc(CN)no1,140.14600000000002,5,2,2,1,5,90.96,-0.5422999999999998,0
N#Cc1cnc(CO)[nH]1,123.11499999999998,3,2,1,1,4,72.69999999999999,-0.22632000000000008,0
COC1=C(N)N=C1C=O,126.115,4,1,2,1,4,64.68,-0.5859000000000001,0
N=CN1C(=O)OC1C=O,128.08699999999996,4,1,2,1,5,70.46000000000001,-0.42933,1
N=C1NC(=O)COC1=N,127.103,4,3,0,1,5,86.03,-0.9126600000000002,0
NC1CN=C(O)C(=O)O1,130.10299999999998,4,2,0,1,5,84.91000000000001,-1.2155000000000002,1
COc1nncc(N)n1,126.119,5,1,1,1,5,73.92,-0.5376000000000003,0
NC1=C(CO)N=NC1=O,127.103,4,2,1,1,5,88.03999999999999,-0.8586000000000003,0
COC1=CN=NC1=N,111.104,3,1,1,1,4,57.800000000000004,0.91727,0
NCC1=NNC(=O)C1=NO,142.118,5,3,1,1,6,100.07,-1.7388999999999992,0
NC(=O)n1cncn1,112.092,4,1,0,1,5,73.80000000000001,-0.7951000000000001,0
CNC(=O)C1=NN=C1O,127.103,3,2,1,1,5,74.05,-0.9415000000000002,0
Nc1cn(C=O)c(N)n1,126.119,5,2,1,1,5,86.92999999999999,-0.9142000000000001,0
Nc1cnc(N)c(=O)o1,127.103,5,2,0,1,5,95.14,-0.8008,0
N=C1NC(=O)C(=O)N1,113.076,3,3,0,1,5,82.05000000000001,-1.8328300000000004,0
CN=c1[nH]nc(N)n1C=O,141.13400000000001,5,2,1,1,6,89.06,-1.6377999999999997,0
N=C1C(N)=NN=C1N,111.108,5,3,0,1,5,100.61,-1.3508300000000002,0
NC1=CC(N)=NC1=O,111.10400000000001,3,2,0,1,4,81.47,-1.2736000000000003,0
N=C1NC(C=O)OCO1,130.103,4,2,1,1,5,71.41000000000001,-0.9599300000000002,1
CN=C1COC(=O)CN1,128.131,3,1,0,1,4,50.69,-0.8389,0
N=Cc1noc(=N)n1O,128.091,6,3,1,1,6,98.89,-0.8094600000000003,0
N=C1OC(=O)N=C1CO,128.087,4,2,1,1,5,82.74,-0.45282999999999995,0
N=C1CNC(=O)OC1=O,128.087,4,2,0,1,5,79.25,-0.7274300000000002,0
N#CC1OC(=O)OC1=N,126.07099999999998,5,1,0,1,5,83.16999999999999,0.022649999999999948,1
N=C1NC=NCC(=O)O1,127.103,4,2,0,1,5,74.54,-0.9041300000000001,0
N=C1COC(=O)OC1=N,128.087,5,2,0,1,5,83.22999999999999,0.15023999999999993,0
O=CN1C(=O)CN1CO,130.103,4,1,2,1,5,60.85000000000001,-1.8481999999999998,0
N=c1nconc1C=O,125.08699999999999,5,1,1,1,5,79.84,-0.6384299999999998,0
Cn1[nH]c(=O)c(=O)o1,116.07599999999998,4,1,0,1,5,68.0,-1.3334000000000001,0
NC1=C(CO)C(=O)C=N1,126.11499999999998,4,2,1,1,4,75.68,-1.1975000000000002,0
CC(=N)c1nnoc1N,126.11900000000001,5,2,1,1,5,88.79,0.03957000000000005,0
NC1=NC(=O)N=C1O,113.07599999999998,2,2,0,1,5,88.04,-0.5663,0
N=C1C=C(N)C(=O)O1,112.088,4,2,0,1,4,76.17,-0.6369300000000002,0
NC1=NC=C1C(=O)O,112.08799999999998,3,2,1,1,4,75.67999999999999,-0.6742999999999999,0
Nc1ncc(=O)[nH]c1O,127.10299999999998,4,3,0,1,5,92.0,-0.9423000000000001,0
N=C1N=CC(CN)=[N+]1[O-],126.11900000000001,3,2,1,1,5,88.30000000000001,-1.08443,0
CNC1NC(=O)C(=O)O1,130.10299999999998,4,2,1,1,5,67.42999999999999,-1.8375999999999992,1
COC1=NC(=O)C(N)=C1,126.115,3,1,0,1,4,64.67999999999999,-0.5859000000000001,0
COC1=C(C(N)=O)CN1,128.131,3,2,2,1,4,64.35,-1.0670999999999997,0
COC1=NN=C1C=N,111.10399999999998,4,1,1,1,4,57.800000000000004,0.05046999999999996,0
Cc1nn[nH]c(=O)c1N,126.11899999999999,4,2,0,1,5,84.66,-0.9444800000000002,0
C#CC(O)C1=NN=N1,109.08800000000002,4,1,1,1,4,57.31,-0.2402,1
CC(=O)c1noc(=N)o1,128.087,5,1,1,1,5,80.09,-0.05033000000000004,0
N=c1[nH]c(=O)oc(=N)o1,129.075,5,3,0,1,6,106.83999999999999,-1.4801599999999997,0
Nn1cncc1C=O,111.10399999999997,4,1,1,1,4,60.910000000000004,-0.5906000000000005,0
N=CN1CC(=O)OC1=N,127.10299999999998,4,2,1,1,5,77.24000000000001,-0.61296,0
N=C1C=CC(N)=[N+]1[O-],111.10400000000001,3,2,0,1,4,75.94,-0.59903,0
N#CCC(=O)n1cno1,125.08699999999999,5,0,1,1,5,71.82,0.029979999999999896,0
OCCc1nonc1CO,144.13000000000002,5,2,3,1,5,79.38000000000001,-0.9033000000000002,0
N=C1COC(=O)N1,100.077,3,2,0,1,4,62.18,-0.2965300000000001,0
CN=C1NC(=O)C(C#N)N1,138.13,3,2,0,1,5,77.28,-1.4162199999999996,1
N=C1COC(=N)OCO1,130.103,5,2,0,1,5,75.39,-0.08066000000000012,0
CN=C1N=C(O)C(O)=N1,127.10299999999998,1,2,0,1,5,77.54,-0.10120000000000007,0
N=C1NC(C=O)C1=NO,127.103,4,3,1,1,5,85.54,-1.0354300000000003,1
COC1=NC(O)=NC1=N,127.103,3,2,0,1,5,78.03,-0.06383000000000016,0
COC1=NCOC1=NO,130.103,5,1,0,1,5,63.41,-0.19329999999999997,0
N=CN1CC=NOC1=N,126.11899999999999,4,2,1,1,5,72.53,-0.15376000000000006,0
COC1=NN=CC1=O,112.08799999999998,4,0,0,1,4,51.02,-0.4002000000000001,0
CNC(=O)N1COC1=N,129.119,3,2,0,1,5,65.42000000000002,-0.4497299999999999,0
N#Cc1ncnc(N)n1,121.10300000000001,5,1,0,1,5,88.48,-0.6745200000000002,0
N=Cc1cc(N)ncn1,122.13100000000001,4,2,1,1,4,75.65,0.05647000000000013,0
CN=COC1=NC(=O)N1,127.103,3,1,1,1,5,63.050000000000004,-0.2597,0
CC(=O)C1=NC(=N)O1,112.088,3,1,1,1,4,62.510000000000005,-0.06112999999999996,0
CN=C1ON=C1NC=O,127.10299999999998,4,1,1,1,5,63.050000000000004,-0.8956000000000002,0
N=CC1C(=N)NCOC1=O,141.13,4,3,1,1,5,86.03,-0.6666600000000003,1
Nc1[nH]ncc1C=O,111.10399999999997,3,2,1,1,4,71.77000000000001,-0.19560000000000038,0
O=C1CC(O)C(=O)CO1,130.099,4,1,0,1,4,63.599999999999994,-1.1367,1
CC(O)C1=NN=NC1=N,126.11900000000001,4,2,1,1,5,81.16,0.16626999999999992,1
N=C1COC(=N)OC(=O)O1,144.08599999999998,6,2,0,1,6,92.46,0.08184000000000002,0
N=C1NC(=N)OCO1,115.092,4,3,0,1,5,78.19000000000001,-0.55016,0
N=C1C(C=O)N1CO,114.104,3,2,2,1,4,64.16,-1.20343,1
N=C1OC(N)=C1C=NO,127.103,5,3,1,1,5,91.69,-0.3758300000000003,0
CC(CO)c1nn[nH]n1,128.13500000000002,4,2,2,1,5,74.69,-0.7045000000000003,1
Nc1coc(=O)c(N)n1,127.10300000000001,5,2,0,1,5,95.14,-0.8008,0
N=c1occ(N)n1C=O,127.10300000000001,5,2,1,1,5,85.00999999999999,-0.8189300000000002,0
N#CC(N)N1N=CC1=N,123.11899999999999,4,2,1,1,5,89.25999999999999,-0.9265500000000002,1
N=C1N=CC(N)=C1C=O,123.115,3,2,1,1,4,79.30000000000001,-0.5402300000000002,0
N=C1OCNC(=O)CO1,130.10299999999998,4,2,0,1,5,71.41,-0.9583300000000003,0
N=C1CNC(C=O)CN1,127.14699999999998,3,3,1,1,4,64.98,-1.2760300000000004,1
N=C1COC(=O)N=CN1,127.103,3,2,0,1,5,74.53999999999999,-0.26823000000000013,0
N=C1COC(=N)OCO1,130.103,5,2,0,1,5,75.39,-0.08066000000000012,0
O=CC1=NC(=O)C(O)=N1,126.07099999999998,3,1,1,1,5,79.09,-0.9195000000000002,0
N=C1OC(=N)C(C=O)O1,128.087,5,2,1,1,5,83.23,-0.48726000000000025,1
CN=C1N=NC(=N)O1,112.09199999999998,3,1,0,1,5,70.16,0.38937000000000005,0
NCC1=CC(=O)N=N1,111.104,3,1,1,1,4,67.81,-0.1786000000000001,0
N=C(N)n1ccnc1,110.11999999999998,3,2,0,1,4,67.69,-0.3753300000000004,0
CCC1=NN=C(N)C1=O,125.13099999999999,4,1,1,1,4,67.81,-0.30770000000000003,0
C#CCc1nnoc1N,123.11500000000001,4,1,1,1,4,64.94,-0.1725,0
Cn1ncc(=N)n1CO,128.13500000000002,5,2,1,1,5,66.83,-1.3491300000000002,0
CC(=O)C1=NC(N)=N1,111.10400000000001,4,1,1,1,4,67.81,-0.6978,0
O=CC(O)c1cnno1,128.08700000000002,5,1,2,1,5,76.22,-0.6981000000000002,1
N=C1N=CNC(O)=CO1,127.10299999999997,4,3,0,1,5,77.7,-0.07383000000000006,0
Cc1ncn(NC=O)n1,126.11899999999999,4,1,2,1,5,59.81,-0.7135800000000003,0
N=C1CC(=O)OC(=O)O1,129.07099999999997,5,1,0,1,5,76.45,0.047170000000000045,0
N=C1COC(=N)OCO1,130.103,5,2,0,1,5,75.39,-0.08066000000000012,0
N=C1C=NC(O)=C1N,111.104,4,3,0,1,4,82.46,-0.22362999999999988,0
N#CC1NC(=N)C(=N)O1,124.103,4,3,0,1,5,92.75000000000001,-0.5895800000000004,1
CC(N)(O)C1=NC(=O)O1,130.103,4,2,1,1,5,84.91000000000001,-0.7977000000000001,1
O=C1NCNCC1=NO,129.119,4,3,0,1,5,73.72,-1.5064999999999995,0
COC1=NC(N)=NC1=O,127.10300000000001,4,1,0,1,5,77.03999999999999,-1.1138000000000001,0
Cc1nc(NC=O)n[nH]1,126.11899999999999,3,2,2,1,5,70.67,-0.31858000000000025,0
C#CC1=NC(=N)[N+](=O)N1,123.095,2,2,0,1,5,68.32,-0.75003,0
CC(=O)C1=NC(=N)O1,112.088,3,1,1,1,4,62.510000000000005,-0.06112999999999996,0
CNc1nc(=N)c1=N,110.11999999999999,4,3,1,1,4,72.62,-1.0421600000000002,0
N=C1OC(=N)C(=O)O1,114.05999999999999,5,2,0,1,5,83.23,-0.5281600000000002,0
N=C1OCC(=O)C(=O)O1,129.071,5,1,0,1,5,76.45,-0.9363300000000001,0
N=C(CO)c1nc[nH]n1,126.119,4,3,2,1,5,85.64999999999999,-0.8351300000000001,0
CC1=NC(=O)N=C1N,111.104,2,1,0,1,4,67.81,-0.061899999999999844,0
CC1N=CNC(=O)C(=N)O1,141.13,4,2,0,1,5,74.54,-0.51563,1
Cc1n[nH]c(=N)c(=N)o1,126.11899999999999,4,3,0,1,5,89.52,-0.72994,0
N=C(O)n1ccc(=O)[nH]1,127.10299999999998,3,3,0,1,5,81.87,-0.48273000000000005,0
N=C1N=C(C=O)OC1N,127.10299999999998,4,2,1,1,5,88.53,-1.12393,1
N=C1OC(=O)CN1C=O,128.087,4,1,1,1,5,70.46000000000001,-1.06363,0
N#CC1=NOC(=N)C1=O,123.07099999999998,5,1,0,1,5,86.29999999999998,-0.55745,0
O=C1NC(=O)C(=O)N1,114.05999999999999,3,2,0,1,5,75.27,-1.6476000000000002,0
N=c1[nH]c(=N)oc(=N)o1,128.091,5,4,0,1,6,113.61999999999999,-1.3608900000000004,0
N=C1COC(=O)N=CO1,128.087,4,1,0,1,5,71.74,0.15877000000000002,0
Cc1n[nH]c(=O)nc1CN,140.146,4,2,1,1,5,84.66,-1.0679800000000002,0
N=C1OCC(=N)C(=N)O1,127.103,5,3,0,1,5,90.01,-0.034989999999999966,0
N=c1cncc(F)n1O,129.09400000000002,4,2,0,1,5,61.900000000000006,-0.26103000000000004,0
N=Cc1ncc(OC=O)o1,140.09799999999998,5,1,3,1,5,76.18,0.20746999999999988,0
N=C1N=CNC(=O)CO1,127.10299999999998,3,2,0,1,5,74.54,-0.9041300000000001,0
O=Cc1nc(CO)n[nH]1,127.103,4,2,2,1,5,78.87,-0.8905000000000003,0
NC=C1OC(=O)N=C1N,127.10300000000001,4,2,0,1,5,90.7,-0.7061,0
CNC(=O)C1=NC(N)=C1,125.131,3,2,1,1,4,67.48,-1.0129,0
CC1(NC=O)OCC(=N)O1,144.13,4,2,2,1,5,71.41,-0.5698300000000001,1
N=C1N=C(F)C(=O)O1,116.05099999999999,3,1,0,1,5,62.510000000000005,-0.15403,0
Cc1nc(N)nn1C=N,125.135,5,2,1,1,5,80.58,-0.3761100000000001,0
N=C1NC(=O)C(=N)O1,113.076,4,3,0,1,5,86.03000000000002,-0.9551600000000002,0
O=C1NOCCOC1=O,131.087,4,1,0,1,5,64.63,-1.4090000000000003,0
N=C1OCC(O)C(=N)O1,130.10299999999998,5,3,0,1,5,86.39,-0.6938600000000001,1
N=C1NCC(=O)OC1=O,128.087,4,2,0,1,5,79.25,-1.36333,0
N=C1COC(=O)N=CO1,128.087,4,1,0,1,5,71.74,0.15877000000000002,0
N=C1COC(=O)N=CO1,128.087,4,1,0,1,5,71.74,0.15877000000000002,0
COC1=NC(N)=NC1=N,126.11900000000001,4,2,0,1,5,83.82,-0.66313,0
CC1=CN=NC(=C=N)N1N,137.146,5,2,0,1,5,77.83,0.5790700000000002,0
N=C1NC(=O)C(=N)CO1,127.103,4,3,0,1,5,86.03000000000002,-0.9126600000000002,0
N=CN1COC(=O)CN1,129.119,4,2,1,1,5,65.42,-1.0856300000000003,0
N=C1NC(=N)C(C=O)N1,126.11899999999999,3,4,1,1,5,88.83000000000001,-1.3412600000000001,1
NC1=CN=C(N)C1=O,111.104,4,2,0,1,4,81.47,-1.2735999999999998,0
COC1=NN=C(N)C1=N,126.119,5,2,0,1,5,83.82,-0.66313,0
NC(=O)C1=NN=C1O,113.076,3,2,1,1,5,88.04,-1.2022,0
[N-]=[N+]=c1nn[nH]cc1N,124.107,3,2,0,1,6,103.99,-1.4826000000000004,0
N=C1N=C(N)C(O)=N1,112.092,2,3,0,1,5,94.82000000000001,-0.75153,0
N=C1NC(=O)OC1=N,113.076,4,3,0,1,5,86.03,-0.3192599999999998,0
N=C1ONC(=O)C1C=O,128.087,4,2,1,1,5,79.25,-1.1598300000000001,1
NC(=O)C1=NN=C1N,112.09200000000001,4,2,1,1,5,93.83,-1.8014999999999999,0
NC=C1OC=C(N)C1=O,126.115,4,2,0,1,4,78.34,-0.8141,0
CC(=O)C1=C(O)N=N1,112.088,4,1,1,1,4,62.019999999999996,0.7683,0
N=C1CNC(C=O)OC1=N,141.12999999999997,5,3,1,1,5,86.03,-0.8717600000000001,1
CC(=O)C1=NC(N)=N1,111.10400000000001,4,1,1,1,4,67.81,-0.6978,0
CNn1[nH]c(=O)nc1C,128.135,4,2,1,1,5,62.71,-0.9468800000000002,0
COC1C(=O)N=NC1=O,128.08700000000002,3,0,1,1,5,68.09,-0.4796,0
CC(=O)c1n[nH]c(N)n1,126.11900000000001,4,2,1,1,5,84.66,-0.41050000000000003,0
Nc1nc(C=O)n[nH]1,112.09199999999998,4,2,1,1,5,84.66,-0.8006000000000002,0
N=C1NC(O)C(=O)CO1,130.103,4,3,0,1,5,82.41000000000001,-1.5715299999999999,1
N=C1C(N)=NN=C1O,112.09199999999998,4,3,0,1,5,94.82000000000001,-0.7515300000000003,0
CN=c1cnc(=O)[nH]o1,127.10299999999998,4,1,0,1,5,71.25,-1.1066,0
CC(=O)C1=NNC1=N,111.104,3,2,1,1,4,65.31,-0.4881300000000001,0
N=C1OC(C=O)N=C1N,127.10300000000001,5,2,1,1,5,88.53,-1.12393,1
N=C1NCN=C(CO)O1,129.119,4,3,1,1,5,77.7,-1.1107300000000002,0
CN1COC(=O)OC1=N,130.10299999999998,4,1,0,1,5,62.62,-0.022729999999999972,0
N=COC1OCNC1=O,130.103,4,2,2,1,5,71.41,-0.9599300000000002,1
N=C1CNC(=N)C(=O)N1,126.11899999999999,3,4,0,1,5,88.83000000000001,-1.3396600000000005,0
CC(=O)C1=NN=C1N,111.10400000000001,4,1,1,1,4,67.81,-0.6978,0
O=Cc1nc(CO)c[nH]1,126.11499999999998,3,2,2,1,4,65.97999999999999,-0.28550000000000003,0
N#CC(N)n1cncn1,123.11899999999999,5,1,1,1,5,80.52,-0.7410200000000005,1
Cc1noc(N)nc1=O,127.10300000000001,5,1,0,1,5,82.00999999999999,-0.6795800000000001,0
Nc1coc(=O)c(N)n1,127.10300000000001,5,2,0,1,5,95.14,-0.8008,0
N=COC1OCNC1=N,129.119,4,3,2,1,5,78.19,-0.5092600000000003,1
COC1=NOC(=O)C1=N,128.087,5,1,0,1,5,71.74000000000001,-0.47713,0
N=C1ON=C(N)C1=O,113.076,5,2,0,1,5,88.53,-1.16483,0
N=CN1OCOC1C=O,130.10299999999998,4,1,2,1,5,62.62000000000001,-0.6602300000000001,1
NC1=NC(=O)C(O)=C1,112.08799999999997,3,2,0,1,4,75.67999999999999,-0.6742999999999999,0
CN1C(=N)COCOC1=O,144.13,4,1,0,1,5,62.62000000000001,0.01977000000000012,0
N=Cc1ncnc(=N)o1,124.103,5,2,1,1,5,86.62,-0.45325999999999994,0
N=C1COC(=N)NCO1,129.119,4,3,0,1,5,78.19,-0.5076600000000002,0
CC(=O)C1=NC(N)=N1,111.10400000000001,4,1,1,1,4,67.81,-0.6978,0
N=c1cnc(N)[n+]([O-])[nH]1,127.10700000000001,4,3,0,1,6,105.49000000000001,-1.8952299999999997,0
NC(=O)C1=NC(O)=N1,113.076,3,2,1,1,5,88.04,-1.2022000000000002,0
N=C1COC(=N)CON1,129.119,4,3,0,1,5,78.19,-0.5076600000000002,0
N=C1NC(=N)C(=O)CO1,127.103,4,3,0,1,5,86.03000000000002,-0.91266,0
CC(=O)n1ncnc1N,126.119,5,1,0,1,5,73.8,-0.47959999999999997,0
COC1=NC(=N)N=C1N,126.11900000000001,3,2,0,1,5,83.82,-0.66313,0
CNC(=O)c1c[nH]nn1,126.119,3,2,1,1,5,70.67,-0.8357000000000003,0
N=C1C=NC(N)=C1N,110.12000000000002,4,3,0,1,4,88.25,-0.8229300000000002,0
CNc1cnoc(=O)c1N,141.12999999999997,5,2,1,1,5,81.15,-0.3413000000000003,0
N=Cn1c(N)nnc1CO,141.13400000000001,6,3,2,1,6,100.81,-1.1922300000000001,0
Nc1ncc(O)c(=O)o1,128.087,5,2,0,1,5,89.35000000000001,-0.6774000000000002,0
O=C1OCC(=NO)CO1,131.087,5,1,0,1,5,68.12,-0.016600000000000004,0
CN=C1NC(=O)OC1=N,127.10299999999998,4,2,0,1,5,74.53999999999999,-0.2682300000000001,0
CC1=NC(=N)N=C1O,111.10399999999998,1,2,0,1,4,68.8,0.3521700000000001,0
N=C1NC(=O)OC1=N,113.076,4,3,0,1,5,86.03,-0.3192599999999998,0
N=C1COC(=N)N=CO1,127.103,4,2,0,1,5,78.52,-0.026460000000000095,0
N#CCc1nc(N)no1,124.10300000000001,5,1,1,1,5,88.73,-0.28212000000000004,0
COC1=NC(=N)C(O)=N1,127.103,3,2,0,1,5,78.03,-0.06383000000000005,0
O=Cn1c(CO)n[nH]c1=O,143.102,5,2,2,1,6,87.97999999999999,-1.8980000000000006,0
CC(N)C1=CN=NC1=O,125.13099999999999,3,1,1,1,4,67.81,0.2099000000000001,1
N=C1N=NNC1=CN,111.10799999999999,4,3,0,1,5,86.62,-0.2658299999999999,0
N=C(CO)C1=NC(N)=N1,126.11900000000001,5,3,2,1,5,94.82,-1.2747300000000001,0
NC(=O)c1nc[nH]c1N,126.119,3,3,1,1,5,97.79,-0.9092000000000005,0
N=Cc1cnc(N)nn1,123.11900000000001,5,2,1,1,5,88.54,-0.5485300000000002,0
C#Cc1nonc1N,109.08800000000001,4,1,0,1,4,64.94,-0.36689999999999995,0
CN=C1N=CC(N)=[N+]1[O-],126.119,3,1,0,1,5,76.80999999999999,-1.0758999999999999,0
N=Cc1nnc(N)nc1O,139.11800000000002,6,3,1,1,6,108.77000000000001,-0.8429300000000002,0
N=C1OCC(=N)C(=N)O1,127.103,5,3,0,1,5,90.01,-0.034989999999999966,0
N=C1N=C(C(O)C=O)O1,128.08699999999996,4,2,2,1,5,82.74,-1.0903300000000002,1
N=c1ncc(N)c(N)[n-]1,124.12700000000002,4,3,0,1,5,102.88,-1.3173300000000001,0
NC1=NC(=O)N=C1C=O,125.08699999999997,3,1,1,1,5,84.88,-0.8829,0
Nc1n[nH]c(C=O)c1N,126.11899999999999,4,3,1,1,5,97.78999999999999,-0.6134000000000004,0
N=C1OC(=N)N1C=O,113.076,4,2,1,1,5,77.24000000000001,-0.6554600000000002,0
N#CCC1=NN=C1N,108.10400000000001,4,1,1,1,4,74.53,-0.37311999999999984,0
CC1=C(CN)C(=O)N=N1,125.131,3,1,1,1,4,67.81,0.2114999999999999,0
N=C1N=CNC(C=O)N1,126.11899999999997,3,3,1,1,5,77.34,-1.3327300000000002,1
N=C1CC(=O)NOC1=N,127.10299999999998,4,3,0,1,5,86.03,-0.5650600000000003,0
COc1cnoc(=N)n1,127.103,5,1,1,1,5,72.0,-0.44233000000000006,0
N=C1CNC(=O)NCO1,129.119,3,3,0,1,5,74.21000000000001,-0.7494300000000003,0
NC(=O)c1cnc(O)o1,128.087,4,2,1,1,5,89.35000000000001,-0.5209,0
COC1=NC(=N)C(N)=N1,126.11900000000001,4,2,0,1,5,83.82,-0.6631300000000002,0
N=C1NC=COC(=N)O1,127.103,4,3,0,1,5,78.19000000000001,-0.03646000000000005,0
N=C1COC(=O)C(=N)O1,128.087,5,2,0,1,5,83.23,-0.48566000000000015,0
N=CN1C(=N)NC1C=O,126.11899999999997,3,3,2,1,5,80.04,-1.0415600000000003,1
N=C1C=C(N)N=C1N,110.12000000000002,4,3,0,1,4,88.25,-0.8229300000000002,0
NC1=NC(=O)C(C=O)=N1,125.08699999999997,4,1,1,1,5,84.88,-1.5188,0
COC1=NC(=O)C(N)=N1,127.10300000000001,4,1,0,1,5,77.03999999999999,-1.1138000000000003,0
N=C1N=CN=C1CN,110.12,3,2,1,1,4,74.59,-0.59473,0
N=Cc1cc(N)ncn1,122.13100000000001,4,2,1,1,4,75.65,0.05647000000000013,0
O=c1cc(O)[nH]nn1,113.07600000000001,4,2,0,1,5,78.86999999999999,-1.1295000000000004,0
N=CC1=NC(=N)C(=O)N1,124.103,3,3,1,1,5,89.16,-0.8584600000000002,0
N=C1COC(C(=N)N)O1,129.119,4,3,1,1,5,92.18,-0.72746,1
CN=C1ON=C(N)C1=O,127.103,5,1,0,1,5,77.03999999999999,-1.1138,0
N=c1[nH]c(=O)oc(=N)o1,129.075,5,3,0,1,6,106.83999999999999,-1.4801599999999997,0
N=C1COC(=N)C1=NO,127.103,5,3,0,1,5,89.52,-0.1561600000000002,0
N=C1NC(=O)COCO1,130.103,4,2,0,1,5,71.41000000000001,-0.9583300000000001,0
N#CCc1n[nH]c(=N)o1,124.103,4,2,1,1,5,89.46,-0.45175000000000026,0
CC1(C(=N)N=O)OC1=O,128.087,4,1,1,1,5,82.88,0.045569999999999944,1
NC1=CC(=O)N1CO,114.104,3,2,1,1,4,66.56,-1.4215000000000002,0
CC(=O)n1cc(O)o1,115.08799999999998,4,1,0,1,4,55.370000000000005,0.4467999999999999,0
N=C1N=C(N)N=C1O,112.092,3,3,0,1,5,94.82000000000001,-0.7515299999999998,0
CCc1noc(=N)n1C=O,141.13,5,1,2,1,5,71.88,-0.4437300000000002,0
NC1=NC(C=O)=C1N,111.10399999999998,4,2,1,1,4,81.47,-1.2736000000000003,0
CN=C1NCC(=O)C1N,127.14699999999999,3,2,0,1,4,67.48,-1.485699999999999,1
N=CC1OC(=N)C(=N)O1,127.103,5,3,1,1,5,90.01,-0.03659000000000001,0
